0 Figure Friends Boy Torso with Dark Turquoise Shirt with Bright Light Orange Collar and Reddish Orange Motorcycle Pattern
0 Name: 1006334p06.dat
0 Author: Philippe Hurbain [Philo]
0 !LDRAW_ORG Unofficial_Part
0 !LICENSE Licensed under CC BY 4.0 : see CAreadme.txt

0 BFC CERTIFY CCW

0 !CATEGORY Figure
0 !KEYWORDS Bricklink FTBpb156c01, Set 42691, Zac

1 16 0 0 0 1 0 0 0 1 0 0 0 1 s\1006030s01.dat
1 16 0 0 0 1 0 0 0 1 0 0 0 1 s\1006334s03.dat
1 16 0 0 0 1 0 0 0 1 0 0 0 1 s\1006334p06s01.dat
1 16 0 0 0 -1 0 0 0 1 0 0 0 1 s\1006334p06s01.dat

3 3 3.9079 12.5029 5.8531 4.144 14.301 5.9153 2.0803 12.5398 5.9039
3 3 4.1063 11.4277 5.8067 0 11.382 5.916 4.0581 7.8991 5.8828
3 3 4.0581 7.8991 5.8828 0 11.382 5.916 0 7.844 6.086
3 3 7.4413 7.8583 4.8902 4.1063 11.4277 5.8067 4.0581 7.8991 5.8828
4 3 -4.144 14.301 5.9153 -1.8492 13.082 5.9236 -1.0623 13.2533 5.9382 0 14.299 5.974
3 3 0 7.844 6.086 0 11.382 5.916 -4.0581 7.8991 5.8828
3 3 -4.1014 11.0722 5.8144 -4.1063 11.4277 5.8067 -4.6816 10.812 5.6486
3 3 -4.1063 11.4277 5.8067 -4.144 14.301 5.9153 -7.4113 11.4184 4.7397
3 3 -4.1063 11.4277 5.8067 -4.1014 11.0722 5.8144 -3.2816 11.4185 5.8287
3 3 -.5451 11.7659 5.9159 -2.2217 11.4067 5.8569 0 11.382 5.916
4 3 -4.3013 10.7598 5.7612 -4.7102 10.7049 5.6421 -7.4413 7.8583 4.8902 -4.0581 7.8991 5.8828
4 3 4.1189 12.3851 5.8429 1.4941 12.1252 5.904 0 11.382 5.916 4.1063 11.4277 5.8067
3 3 0 11.8827 5.926 -.5451 11.7659 5.9159 0 11.382 5.916
3 3 4.12 12.4688 5.8461 4.144 14.301 5.9153 3.9079 12.5029 5.8531
3 3 1.5927 12.5039 5.9157 2.0803 12.5398 5.9039 4.144 14.301 5.9153
3 3 4.144 14.301 5.9153 0 14.299 5.974 1.5927 12.5039 5.9157
4 3 1.0234 12.4619 5.923 .4662 13.0785 5.9431 0 12.9979 5.9481 0 12.3085 5.9344
4 3 .3644 13.1913 5.9468 .4662 13.0785 5.9431 1.5927 12.5039 5.9157 0 14.299 5.974
3 3 1.0234 12.4619 5.923 1.5927 12.5039 5.9157 .4662 13.0785 5.9431
3 3 0 13.2744 5.9536 .3644 13.1913 5.9468 0 14.299 5.974
4 3 4.12 12.4688 5.8461 4.174 12.3905 5.8253 7.4113 11.4184 4.7397 4.144 14.301 5.9153
4 3 4.1189 12.3851 5.8429 4.1063 11.4277 5.8067 7.4113 11.4184 4.7397 4.174 12.3905 5.8253
4 3 -2.1768 12.9153 5.9156 -4.144 14.301 5.9153 -4.1063 11.4277 5.8067 -2.2693 12.7157 5.9055
4 3 -2.6619 11.6616 5.8547 -1.7933 11.9472 5.8891 -1.9426 12.7503 5.9157 -2.2693 12.7157 5.9055
3 3 -1.0338 12.1102 5.9158 -1.9426 12.7503 5.9157 -1.7933 11.9472 5.8891
4 3 -2.6619 11.6616 5.8547 -2.2693 12.7157 5.9055 -4.1063 11.4277 5.8067 -3.2816 11.4185 5.8287
4 3 0 11.382 5.916 -2.2217 11.4067 5.8569 -4.0981 10.8257 5.8197 -4.0581 7.8991 5.8828
3 3 -4.144 14.301 5.9153 -2.1768 12.9153 5.9156 -1.8492 13.082 5.9236
3 3 0 13.2744 5.9536 0 14.299 5.974 -1.0623 13.2533 5.9382
3 3 .933 12.0392 5.9158 0 11.8827 5.926 0 11.382 5.916
3 3 -4.0981 10.8257 5.8197 -4.3013 10.7598 5.7612 -4.0581 7.8991 5.8828
3 3 -4.6816 10.812 5.6486 -7.4413 7.8583 4.8902 -4.7102 10.7049 5.6421
3 3 .933 12.0392 5.9158 0 11.382 5.916 1.4941 12.1252 5.904
3 3 -1.9426 12.7503 5.9157 -1.0338 12.1102 5.9158 -.6247 12.8899 5.9371
4 3 -1.0338 12.1102 5.9158 0 12.3085 5.9344 0 12.9979 5.9481 -.6247 12.8899 5.9371
3 272 -2.2693 12.7157 5.9055 -1.9426 12.7503 5.9157 -2.1768 12.9153 5.9156
4 272 -4.6816 10.812 5.6486 -4.3013 10.7598 5.7612 -4.0981 10.8257 5.8197 -4.1014 11.0722 5.8144
4 272 2.0803 12.5398 5.9039 1.4941 12.1252 5.904 4.1189 12.3851 5.8429 3.9079 12.5029 5.8531
4 272 -1.8492 13.082 5.9236 -1.9426 12.7503 5.9157 -.6247 12.8899 5.9371 -1.0623 13.2533 5.9382
4 272 -4.1014 11.0722 5.8144 -4.0981 10.8257 5.8197 -2.2217 11.4067 5.8569 -3.2816 11.4185 5.8287
4 272 -3.2816 11.4185 5.8287 -2.2217 11.4067 5.8569 -1.7933 11.9472 5.8891 -2.6619 11.6616 5.8547
4 272 -2.2217 11.4067 5.8569 -.5451 11.7659 5.9159 -1.0338 12.1102 5.9158 -1.7933 11.9472 5.8891
4 272 0 13.2744 5.9536 0 12.9979 5.9481 .4662 13.0785 5.9431 .3644 13.1913 5.9468
4 272 .933 12.0392 5.9158 1.0234 12.4619 5.923 0 12.3085 5.9344 0 11.8827 5.926
3 272 1.5927 12.5039 5.9157 1.0234 12.4619 5.923 .933 12.0392 5.9158
3 272 -4.6816 10.812 5.6486 -4.7102 10.7049 5.6421 -4.3013 10.7598 5.7612
4 272 .933 12.0392 5.9158 1.4941 12.1252 5.904 2.0803 12.5398 5.9039 1.5927 12.5039 5.9157
3 272 4.12 12.4688 5.8461 3.9079 12.5029 5.8531 4.1189 12.3851 5.8429
3 272 -2.1768 12.9153 5.9156 -1.9426 12.7503 5.9157 -1.8492 13.082 5.9236
4 272 0 12.9979 5.9481 0 13.2744 5.9536 -1.0623 13.2533 5.9382 -.6247 12.8899 5.9371
4 272 0 11.8827 5.926 0 12.3085 5.9344 -1.0338 12.1102 5.9158 -.5451 11.7659 5.9159
4 15 -6.0024 4.1429 -6.9428 -5.9834 5.7575 -7.0396 -3.7219 5.4126 -7.574 -5.3265 3.9498 -7.0974
3 15 -4.0201 13.352 -8.15 -3.9909 12.8362 -8.1257 -4.2902 12.9476 -8.024
4 15 -4.5854 14.2078 -7.9647 -4.0201 13.352 -8.15 -5.4016 13.3144 -7.5994 -6.2669 13.4784 -7.2632
3 15 -4.0201 13.352 -8.15 -3.8315 14.135 -8.1622 -3.1385 14.152 -8.2476
3 15 -4.0201 13.352 -8.15 -4.5854 14.2078 -7.9647 -4.0887 14.1598 -8.1301
3 15 6.3544 13.4833 -7.2287 7.3761 13.567 -6.4695 7.2885 12.1302 -6.4407
4 15 6.3775 14.5564 -7.2688 6.8369 14.5213 -6.9573 7.0113 14.481 -6.8376 6.3544 13.4833 -7.2287
4 15 -.6998 13.3041 -8.4762 -1.4362 12.3686 -8.354 -2.0427 12.1361 -8.2817 -3.1183 12.3501 -8.1865
3 15 6.9106 4.8767 -6.7622 6.755 4.8878 -6.8009 6.8685 5.1044 -6.7855
3 15 5.6883 10.8543 -7.3718 5.2839 10.8478 -7.5189 5.2374 11.5294 -7.5821
3 15 4.1214 14.545 -8.1206 3.8982 14.6028 -8.1473 4.1262 14.6007 -8.1192
3 15 -.66 12.6452 -8.4454 -.5637 12.3095 -8.4321 -.9733 12.3372 -8.3982
4 15 6.3712 11.7361 -7.1412 6.3796 10.8654 -7.0976 5.6883 10.8543 -7.3718 6.2179 11.7839 -7.2043
3 15 6.054 13.1828 -7.3341 5.9562 13.3301 -7.3798 6.3544 13.4833 -7.2287
4 15 .2693 4.2113 -7.5942 .143 4.0577 -7.5678 0 4.0316 -7.5684 .2608 4.341 -7.6213
3 15 -5.9834 5.7575 -7.0396 -4.6271 5.569 -7.3619 -3.7219 5.4126 -7.574
3 15 -4.0201 13.352 -8.15 -4.2902 12.9476 -8.024 -4.6923 13.1015 -7.8714
3 15 -5.4016 13.3144 -7.5994 -6.2737 13.371 -7.2556 -6.2669 13.4784 -7.2632
3 15 -4.0201 13.352 -8.15 -4.6923 13.1015 -7.8714 -5.4016 13.3144 -7.5994
3 15 -4.0201 13.352 -8.15 -4.0887 14.1598 -8.1301 -3.8315 14.135 -8.1622
4 15 -.6654 13.5901 -8.4835 -.6998 13.3041 -8.4762 -4.0201 13.352 -8.15 -3.1385 14.152 -8.2476
3 15 -3.1385 14.152 -8.2476 -.4745 14.2174 -8.5107 -.6654 13.5901 -8.4835
4 15 6.3544 13.4833 -7.2287 7.2885 12.1302 -6.4407 7.2775 11.9497 -6.4416 6.3648 12.3989 -7.1744
3 15 -.7438 12.9373 -8.4525 -.66 12.6452 -8.4454 -.9733 12.3372 -8.3982
4 15 -.6998 13.3041 -8.4762 -.7438 12.9373 -8.4525 -.9733 12.3372 -8.3982 -1.4362 12.3686 -8.354
4 15 -.6998 13.3041 -8.4762 -3.1183 12.3501 -8.1865 -3.9909 12.8362 -8.1257 -4.0201 13.352 -8.15
3 15 -2.0427 12.1361 -8.2817 -2.3521 11.7694 -8.2317 -3.1183 12.3501 -8.1865
4 15 6.3544 13.4833 -7.2287 7.0113 14.481 -6.8376 7.4261 14.385 -6.5161 7.3761 13.567 -6.4695
4 15 -3.7891 3.693 -7.2721 -4.7288 3.779 -7.1533 -5.3265 3.9498 -7.0974 -3.7219 5.4126 -7.574
4 15 4.7079 14.3931 -7.9245 4.8406 14.5941 -7.881 6.027 14.5831 -7.4092 4.8799 14.2065 -7.8476
4 15 6.3775 14.5564 -7.2688 6.3544 13.4833 -7.2287 5.7526 13.4495 -7.4662 6.027 14.5831 -7.4092
4 15 4.8799 14.2065 -7.8476 6.027 14.5831 -7.4092 5.7526 13.4495 -7.4662 5.4666 13.6172 -7.5875
3 15 5.4666 13.6172 -7.5875 4.5875 14.0084 -7.9547 4.7572 14.0709 -7.8902
3 15 5.4666 13.6172 -7.5875 4.7572 14.0709 -7.8902 4.8799 14.2065 -7.8476
4 15 5.6883 10.8543 -7.3718 5.2374 11.5294 -7.5821 5.2349 11.5655 -7.5848 6.2179 11.7839 -7.2043
3 15 5.2349 11.5655 -7.5848 5.0414 12.2553 -7.6936 6.2179 11.7839 -7.2043
3 15 6.3648 12.3989 -7.1744 4.86 13.1396 -7.8065 5.8498 13.0904 -7.411
3 15 6.3648 12.3989 -7.1744 5.8498 13.0904 -7.411 6.0603 13.12 -7.3288
3 15 5.9562 13.3301 -7.3798 5.7526 13.4495 -7.4662 6.3544 13.4833 -7.2287
4 15 6.3648 12.3989 -7.1744 6.0603 13.12 -7.3288 6.054 13.1828 -7.3341 6.3544 13.4833 -7.2287
3 15 0 4.0316 -7.5684 0 4.5827 -7.682 .2608 4.341 -7.6213
3 15 -5.9834 5.7575 -7.0396 -5.9819 5.8804 -7.0524 -4.6271 5.569 -7.3619
4 15 -.4737 5.0217 -7.7429 -.3165 4.876 -7.7292 -1.4731 3.8019 -7.4594 -1.1632 4.9944 -7.688
3 15 -1.1632 4.9944 -7.688 -1.4731 3.8019 -7.4594 -1.8388 5.1209 -7.6607
3 15 -3.7579 3.6901 -7.2738 -3.7891 3.693 -7.2721 -3.7219 5.4126 -7.574
4 15 -1.4731 3.8019 -7.4594 -3.7579 3.6901 -7.2738 -3.7219 5.4126 -7.574 -2.2132 5.3143 -7.6668
3 15 -2.2132 5.3143 -7.6668 -1.8388 5.1209 -7.6607 -1.4731 3.8019 -7.4594
4 15 7.0915 5.5301 -6.6241 7.1028 5.5516 -6.6155 7.5268 5.9617 -6.3059 7.5396 5.1118 -6.3296
3 15 7.0915 5.5301 -6.6241 7.5396 5.1118 -6.3296 6.8685 5.1044 -6.7855
4 15 6.8685 5.1044 -6.7855 7.5396 5.1118 -6.3296 7.5438 4.8317 -6.3332 6.9106 4.8767 -6.7622
3 15 -6.2669 13.4784 -7.2632 -6.2108 14.3646 -7.3262 -4.5854 14.2078 -7.9647
3 15 -2.4972 5.4608 -7.6641 -2.2132 5.3143 -7.6668 -3.7219 5.4126 -7.574
3 15 0 4.5827 -7.682 0 4.0316 -7.5684 -.3165 4.876 -7.7292
4 15 -1.4731 3.8019 -7.4594 -.3165 4.876 -7.7292 0 4.0316 -7.5684 -1.1794 3.8162 -7.4747
4 15 4.8406 14.5941 -7.881 4.7079 14.3931 -7.9245 4.1214 14.545 -8.1206 4.1262 14.6007 -8.1192
3 15 6.3796 10.8654 -7.0976 6.3712 11.7361 -7.1412 6.4664 10.8668 -7.0298
4 15 7.2201 10.8176 -6.4383 6.4664 10.8668 -7.0298 6.3712 11.7361 -7.1412 7.2219 11.4705 -6.4647
3 3 -10.529 -.1113 -4.6031 -10.194 2.6337 -4.5848 -7.439 2.024 -6.47
3 3 -10.529 -.1113 -4.6031 -7.439 2.024 -6.47 -7.956 -.599 -5.606
3 3 -6.3544 13.4833 -7.2287 -6.3556 13.3616 -7.2226 -6.4456 13.3512 -7.1518
3 3 -8.0837 12.5099 -5.8705 -8.3246 11.811 -5.6442 -8.5496 13.6631 -5.5976
3 3 -8.67 17 -5.85 -6.3544 13.4833 -7.2287 -8.5496 13.6631 -5.5976
3 3 -6.3544 13.4833 -7.2287 -8.67 17 -5.85 -6.43 17 -7.36
3 3 -10.194 2.6337 -4.5848 -6.7265 5.8709 -6.864 -7.439 2.024 -6.47
3 3 -6.7265 5.8709 -6.864 -10.194 2.6337 -4.5848 -9.073 6.5004 -5.2137
4 3 -6.0863 2.2967 -6.7085 -5.9258 3.4034 -6.9194 -4.089 2.8009 -7.0778 -4.3384 1.8093 -6.8738
4 3 7.8362 2.1119 -6.1982 10.194 2.6337 -4.5848 10.529 -.1113 -4.6031 7.8419 1.7456 -6.2266
4 3 10.529 -.1113 -4.6031 7.956 -.599 -5.606 7.7529 .4316 -5.9455 7.8623 .4528 -5.9029
3 3 7.4261 14.385 -6.5161 7.0113 14.481 -6.8376 8.67 17 -5.85
3 3 6.43 17 -7.36 6.027 14.5831 -7.4092 4.8406 14.5941 -7.881
3 3 6.8369 14.5213 -6.9573 6.3775 14.5564 -7.2688 6.43 17 -7.36
3 3 -8.267 10.7127 -5.6151 -8.1535 10.1689 -5.6808 -8.5813 10.2574 -5.35
4 3 8.6748 7.114 -5.4776 8.6503 7.5013 -5.4718 8.5813 10.2574 -5.35 9.073 6.5004 -5.2137
3 3 .6507 14.9361 -8.5031 .0292 14.6839 -8.5609 0 17 -8.595
3 3 8.5496 13.6631 -5.5976 8.5813 10.2574 -5.35 7.6583 11.5945 -6.1287
4 3 0 -3.0091 -5.0505 -.3823 -3.0228 -5.0158 -4.264 -1.234 -5.846 0 -1.561 -5.939
4 3 -8.5813 10.2574 -5.35 -8.1535 10.1689 -5.6808 -7.5302 9.0079 -6.2279 -9.073 6.5004 -5.2137
4 3 3.8982 14.6028 -8.1473 2.5263 14.7076 -8.3154 0 17 -8.595 4.33 17 -8.06
4 3 -3.1385 14.152 -8.2476 0 17 -8.595 0 14.6568 -8.5634 -.4745 14.2174 -8.5107
4 3 .4647 -1.1847 -6.0543 2.4199 -.9486 -6.0435 3.0917 -1.2742 -5.8899 0 -1.561 -5.939
3 3 3.8578 -1.2652 -5.8549 4.2502 -1.1354 -5.883 4.264 -1.234 -5.846
3 3 0 -1.2409 -6.0577 .4647 -1.1847 -6.0543 0 -1.561 -5.939
3 3 6.5925 9.5545 -6.9062 7.3897 8.1774 -6.3678 7.0028 8.3416 -6.6362
4 3 8.5921 7.0925 -5.5418 9.073 6.5004 -5.2137 7.5664 6.0962 -6.2733 7.7994 6.8863 -6.0993
4 3 -4.264 -1.234 -5.846 -2.8509 -1.1281 -5.9557 -.8597 -1.2917 -5.9952 0 -1.561 -5.939
3 3 6.4817 .1855 -6.0731 7.7529 .4316 -5.9455 7.956 -.599 -5.606
3 3 7.6583 11.5945 -6.1287 7.2775 11.9497 -6.4416 7.2885 12.1302 -6.4407
3 3 0 -1.2409 -6.0577 0 -1.561 -5.939 -.3661 -1.2646 -6.0299
4 3 -5.0589 6.3662 -7.3337 -6.0761 6.6907 -7.1105 -5.6871 7.1812 -7.2579 -5.0697 6.686 -7.3633
4 3 -8.5496 13.6631 -5.5976 -6.3544 13.4833 -7.2287 -6.4456 13.3512 -7.1518 -6.8735 13.3019 -6.8283
3 3 -8.3418 11.0707 -5.5827 -8.267 10.7127 -5.6151 -8.5813 10.2574 -5.35
3 3 -8.5496 13.6631 -5.5976 -6.8735 13.3019 -6.8283 -7.5636 13.0332 -6.2941
3 3 -8.5496 13.6631 -5.5976 -7.5636 13.0332 -6.2941 -8.0837 12.5099 -5.8705
4 3 -8.3418 11.0707 -5.5827 -8.5813 10.2574 -5.35 -8.5496 13.6631 -5.5976 -8.3246 11.811 -5.6442
3 3 -6.7265 5.8709 -6.864 -6.0761 6.6907 -7.1105 -6.0662 6.2637 -7.0698
4 3 -5.9834 5.7575 -7.0396 -6.7265 5.8709 -6.864 -6.0662 6.2637 -7.0698 -5.9819 5.8804 -7.0524
4 3 -5.9503 7.3924 -7.1663 -6.0761 6.6907 -7.1105 -6.7265 5.8709 -6.864 -6.5468 7.9699 -6.9603
3 3 -6.43 17 -7.36 -4.5854 14.2078 -7.9647 -6.2108 14.3646 -7.3262
4 3 -6.43 17 -7.36 -6.2108 14.3646 -7.3262 -6.2669 13.4784 -7.2632 -6.3544 13.4833 -7.2287
3 3 -7.956 -.599 -5.606 -6.4539 .2002 -6.0819 -6.4998 -.0476 -5.9875
3 3 -4.9764 -.7099 -5.9433 -4.2118 -.8603 -5.9863 -4.264 -1.234 -5.846
4 3 -4.264 -1.234 -5.846 -7.956 -.599 -5.606 -6.4998 -.0476 -5.9875 -4.9764 -.7099 -5.9433
3 3 -6.1531 1.8618 -6.625 -7.439 2.024 -6.47 -6.0863 2.2967 -6.7085
3 3 -7.439 2.024 -6.47 -5.9258 3.4034 -6.9194 -6.0863 2.2967 -6.7085
4 3 -4.3384 1.8093 -6.8738 -4.089 2.8009 -7.0778 -3.8258 2.7563 -7.1076 -3.8646 1.7636 -6.9333
3 3 7.8419 1.7456 -6.2266 10.529 -.1113 -4.6031 7.8623 .4528 -5.9029
4 3 8.67 17 -5.85 8.5496 13.6631 -5.5976 7.3761 13.567 -6.4695 7.4261 14.385 -6.5161
3 3 6.43 17 -7.36 6.3775 14.5564 -7.2688 6.027 14.5831 -7.4092
3 3 10.194 2.6337 -4.5848 7.8362 2.1119 -6.1982 7.8277 2.6514 -6.1914
4 3 7.6451 4.0742 -6.2821 7.7597 3.2792 -6.2229 7.2114 3.2528 -6.5959 7.2876 4.0259 -6.526
3 3 7.2114 3.2528 -6.5959 7.0677 4.0287 -6.6753 7.2876 4.0259 -6.526
3 3 10.194 2.6337 -4.5848 7.8277 2.6514 -6.1914 7.7597 3.2792 -6.2229
4 3 7.5438 4.8317 -6.3332 7.5396 5.1118 -6.3296 10.194 2.6337 -4.5848 7.6862 4.3056 -6.2488
4 3 7.6451 4.0742 -6.2821 7.6862 4.3056 -6.2488 10.194 2.6337 -4.5848 7.7597 3.2792 -6.2229
4 3 4.7691 -.8415 -5.9225 5.2008 -.43 -6.0151 6.4817 .1855 -6.0731 7.956 -.599 -5.606
4 3 7.956 -.599 -5.606 4.264 -1.234 -5.846 4.2502 -1.1354 -5.883 4.7691 -.8415 -5.9225
3 3 5.2008 -.43 -6.0151 5.528 .0008 -6.1278 6.4817 .1855 -6.0731
4 3 -6.7265 5.8709 -6.864 -9.073 6.5004 -5.2137 -7.2671 8.7239 -6.4459 -6.5468 7.9699 -6.9603
4 3 8.67 17 -5.85 7.0113 14.481 -6.8376 6.8369 14.5213 -6.9573 6.43 17 -7.36
4 3 6.3207 4.0384 -6.8589 7.0677 4.0287 -6.6753 7.2114 3.2528 -6.5959 6.2329 3.6924 -6.8607
3 3 7.2114 3.2528 -6.5959 6.2994 3.209 -6.8168 6.2329 3.6924 -6.8607
3 3 -7.439 2.024 -6.47 -6.1531 1.8618 -6.625 -6.1884 1.6325 -6.5511
4 3 -7.956 -.599 -5.606 -7.439 2.024 -6.47 -6.1884 1.6325 -6.5511 -6.4539 .2002 -6.0819
4 3 -4.0887 14.1598 -8.1301 -4.5854 14.2078 -7.9647 -6.43 17 -7.36 -4.33 17 -8.06
3 3 -6.0761 6.6907 -7.1105 -5.9503 7.3924 -7.1663 -5.6871 7.1812 -7.2579
3 3 4.264 -1.234 -5.846 .3823 -3.0228 -5.0158 3.8578 -1.2652 -5.8549
3 3 3.8578 -1.2652 -5.8549 .3823 -3.0228 -5.0158 3.4041 -1.2999 -5.8648
4 3 0 -3.0091 -5.0505 0 -1.561 -5.939 3.4041 -1.2999 -5.8648 .3823 -3.0228 -5.0158
3 3 8.303 7.4485 -5.7391 6.5925 9.5545 -6.9062 7.2202 9.5541 -6.4291
3 3 9.073 6.5004 -5.2137 8.5921 7.0925 -5.5418 8.6748 7.114 -5.4776
3 3 8.6503 7.5013 -5.4718 8.303 7.4485 -5.7391 8.5813 10.2574 -5.35
4 3 7.2202 9.9758 -6.4024 8.5813 10.2574 -5.35 8.303 7.4485 -5.7391 7.2202 9.5541 -6.4291
3 3 -6.7265 5.8709 -6.864 -5.9834 5.7575 -7.0396 -6.0024 4.1429 -6.9428
4 3 -5.9258 3.4034 -6.9194 -7.439 2.024 -6.47 -6.7265 5.8709 -6.864 -6.0024 4.1429 -6.9428
3 3 0 17 -8.595 2.5263 14.7076 -8.3154 2.0026 14.8894 -8.3694
3 3 0 17 -8.595 2.0026 14.8894 -8.3694 1.3302 14.9827 -8.4368
3 3 .0292 14.6839 -8.5609 0 14.6568 -8.5634 0 17 -8.595
3 3 0 17 -8.595 1.3302 14.9827 -8.4368 .6507 14.9361 -8.5031
4 3 7.3761 13.567 -6.4695 8.5496 13.6631 -5.5976 7.6583 11.5945 -6.1287 7.2885 12.1302 -6.4407
3 3 -7.5302 9.0079 -6.2279 -7.2671 8.7239 -6.4459 -9.073 6.5004 -5.2137
3 3 4.33 17 -8.06 4.1262 14.6007 -8.1192 3.8982 14.6028 -8.1473
3 3 3.0917 -1.2742 -5.8899 3.4041 -1.2999 -5.8648 0 -1.561 -5.939
3 3 0 17 -8.595 -3.1385 14.152 -8.2476 -4.33 17 -8.06
4 3 -4.0887 14.1598 -8.1301 -4.33 17 -8.06 -3.1385 14.152 -8.2476 -3.8315 14.135 -8.1622
4 3 -2.7882 2.5805 -7.1528 -3.6864 1.7464 -6.9433 -3.8646 1.7636 -6.9333 -3.8258 2.7563 -7.1076
3 3 10.194 2.6337 -4.5848 7.5396 5.1118 -6.3296 9.073 6.5004 -5.2137
4 3 7.5664 6.0962 -6.2733 9.073 6.5004 -5.2137 7.5396 5.1118 -6.3296 7.5268 5.9617 -6.3059
4 3 7.0028 8.3416 -6.6362 6.5165 8.324 -6.9766 6.4112 9.5546 -7.0331 6.5925 9.5545 -6.9062
4 3 7.3897 8.1774 -6.3678 8.303 7.4485 -5.7391 7.7145 7.359 -6.1521 7.4673 7.796 -6.3188
3 3 6.5925 9.5545 -6.9062 8.303 7.4485 -5.7391 7.3897 8.1774 -6.3678
3 3 -4.264 -1.234 -5.846 -4.2118 -.8603 -5.9863 -2.8509 -1.1281 -5.9557
3 3 -.8597 -1.2917 -5.9952 -.3661 -1.2646 -6.0299 0 -1.561 -5.939
4 3 -6.2669 13.4784 -7.2632 -6.2737 13.371 -7.2556 -6.3556 13.3616 -7.2226 -6.3544 13.4833 -7.2287
3 3 -3.6864 1.7464 -6.9433 -2.7882 2.5805 -7.1528 -3.3927 1.718 -6.9497
4 3 -2.038 1.9778 -7.0599 -2.1845 1.6772 -6.9919 -3.3927 1.718 -6.9497 -2.7882 2.5805 -7.1528
3 3 -2.7882 2.5805 -7.1528 -1.5926 2.3983 -7.1652 -2.038 1.9778 -7.0599
4 3 6.43 17 -7.36 4.8406 14.5941 -7.881 4.1262 14.6007 -8.1192 4.33 17 -8.06
3 3 6.4112 9.5546 -7.0331 6.5165 8.324 -6.9766 5.9762 8.3045 -7.1708
4 3 6.4112 9.5546 -7.0331 5.9762 8.3045 -7.1708 5.069 8.1182 -7.4945 4.7172 9.6417 -7.6441
4 3 5.069 8.1182 -7.4945 4.3838 8.9119 -7.7531 4.1533 9.2917 -7.8418 4.7172 9.6417 -7.6441
4 3 7.7042 11.4453 -6.0864 8.5813 10.2574 -5.35 7.2202 9.9758 -6.4024 7.2201 10.8176 -6.4383
3 3 7.2201 10.8176 -6.4383 7.2219 11.4705 -6.4647 7.7042 11.4453 -6.0864
3 3 7.7042 11.4453 -6.0864 7.6583 11.5945 -6.1287 8.5813 10.2574 -5.35
3 3 -5.0697 6.686 -7.3633 -4.0629 6.1819 -7.5658 -5.0589 6.3662 -7.3337
3 191 6.8389 2.5711 -6.6482 7.3303 2.611 -6.5301 7.439 2.024 -6.47
3 191 -6.4539 .2002 -6.0819 -6.1884 1.6325 -6.5511 -4.6368 1.1671 -6.6577
3 191 -5.9258 3.4034 -6.9194 -6.0024 4.1429 -6.9428 -5.3265 3.9498 -7.0974
3 191 6.4817 .1855 -6.0731 5.528 .0008 -6.1278 5.7067 .5978 -6.3187
4 191 -4.2118 -.8603 -5.9863 -4.9764 -.7099 -5.9433 -4.6368 1.1671 -6.6577 -4.3133 1.0701 -6.6639
3 191 2.153 -.5782 -6.1932 2.4199 -.9486 -6.0435 .4647 -1.1847 -6.0543
3 191 0 4.0316 -7.5684 .143 4.0577 -7.5678 0 3.4704 -7.4528
4 191 .3155 2.7843 -7.2982 .38 3.3557 -7.4133 .9964 3.3007 -7.3761 .7115 2.9624 -7.3184
4 191 7.5438 4.8317 -6.3332 7.6862 4.3056 -6.2488 7.6451 4.0742 -6.2821 7.2876 4.0259 -6.526
3 191 7.8362 2.1119 -6.1982 7.8419 1.7456 -6.2266 7.439 2.024 -6.47
4 191 -3.9471 1.0357 -6.6979 -2.9751 .1065 -6.4043 -2.8746 -.0675 -6.3453 -4.2118 -.8603 -5.9863
4 191 5.6943 1.8039 -6.6803 7.439 2.024 -6.47 6.4817 .1855 -6.0731 5.7683 1.2227 -6.4953
4 191 -2.1752 .831 -6.7127 -2.5882 .5346 -6.5814 -3.1324 .9752 -6.7164 -2.2036 1.0037 -6.7753
4 191 6.1577 2.5157 -6.7356 6.8389 2.5711 -6.6482 7.439 2.024 -6.47 5.6943 1.8039 -6.6803
3 191 5.6943 1.8039 -6.6803 5.6928 1.8153 -6.6825 6.1577 2.5157 -6.7356
4 191 6.9106 4.8767 -6.7622 7.0677 4.0287 -6.6753 6.3207 4.0384 -6.8589 6.755 4.8878 -6.8009
4 191 7.439 2.024 -6.47 7.8419 1.7456 -6.2266 7.8623 .4528 -5.9029 7.7529 .4316 -5.9455
4 191 -4.7288 3.779 -7.1533 -3.7891 3.693 -7.2721 -3.8258 2.7563 -7.1076 -4.089 2.8009 -7.0778
4 191 -5.3265 3.9498 -7.0974 -4.7288 3.779 -7.1533 -4.089 2.8009 -7.0778 -5.9258 3.4034 -6.9194
3 191 -3.9471 1.0357 -6.6979 -4.2118 -.8603 -5.9863 -4.3133 1.0701 -6.6639
4 191 -6.4998 -.0476 -5.9875 -6.4539 .2002 -6.0819 -4.6368 1.1671 -6.6577 -4.9764 -.7099 -5.9433
4 191 .4533 -.1501 -6.4385 1.9025 -.0206 -6.4112 2.153 -.5782 -6.1932 .4647 -1.1847 -6.0543
3 191 1.9025 -.0206 -6.4112 1.9234 -.0188 -6.4108 2.153 -.5782 -6.1932
4 191 .5961 3.8972 -7.5158 .7796 4.1326 -7.5566 1.0305 4.1523 -7.5502 1.1008 3.7233 -7.4588
4 191 .38 3.3557 -7.4133 .5961 3.8972 -7.5158 1.1008 3.7233 -7.4588 .9964 3.3007 -7.3761
3 191 -1.4731 3.8019 -7.4594 -2.7882 2.5805 -7.1528 -3.7579 3.6901 -7.2738
4 191 -3.7891 3.693 -7.2721 -3.7579 3.6901 -7.2738 -2.7882 2.5805 -7.1528 -3.8258 2.7563 -7.1076
4 191 .4533 -.1501 -6.4385 .4647 -1.1847 -6.0543 0 -1.2409 -6.0577 0 -.3312 -6.3949
4 191 7.0677 4.0287 -6.6753 6.9106 4.8767 -6.7622 7.5438 4.8317 -6.3332 7.2876 4.0259 -6.526
4 191 7.439 2.024 -6.47 7.3303 2.611 -6.5301 7.8277 2.6514 -6.1914 7.8362 2.1119 -6.1982
3 191 -3.1324 .9752 -6.7164 -2.5882 .5346 -6.5814 -2.9209 .2959 -6.4768
4 191 -.3661 -1.2646 -6.0299 -.8597 -1.2917 -5.9952 -2.8509 -1.1281 -5.9557 -2.1841 .2074 -6.4811
3 191 -2.1841 .2074 -6.4811 -2.8509 -1.1281 -5.9557 -2.6822 -.1018 -6.3423
4 191 -4.2118 -.8603 -5.9863 -2.8746 -.0675 -6.3453 -2.6822 -.1018 -6.3423 -2.8509 -1.1281 -5.9557
4 191 -3.9471 1.0357 -6.6979 -3.1324 .9752 -6.7164 -2.9209 .2959 -6.4768 -2.9751 .1065 -6.4043
3 191 0 4.0316 -7.5684 0 3.4704 -7.4528 -1.1794 3.8162 -7.4747
4 191 -1.0492 2.6384 -7.2374 -1.1794 3.8162 -7.4747 0 3.4704 -7.4528 -.1404 2.8941 -7.3282
3 191 -1.5926 2.3983 -7.1652 -2.7882 2.5805 -7.1528 -1.4731 3.8019 -7.4594
4 191 -.2592 2.6683 -7.2767 -.4729 2.5302 -7.2393 -1.0492 2.6384 -7.2374 -.1404 2.8941 -7.3282
4 191 -1.5926 2.3983 -7.1652 -1.4731 3.8019 -7.4594 -1.1794 3.8162 -7.4747 -1.0492 2.6384 -7.2374
3 191 6.4817 .1855 -6.0731 5.7067 .5978 -6.3187 5.7683 1.2227 -6.4953
3 191 7.439 2.024 -6.47 7.7529 .4316 -5.9455 6.4817 .1855 -6.0731
3 191 -2.1841 .2074 -6.4811 -1.9451 .3558 -6.5485 -1.4514 -.1125 -6.4006
4 191 -.8468 -.4095 -6.3219 0 -.3312 -6.3949 0 -1.2409 -6.0577 -.3661 -1.2646 -6.0299
4 191 -2.1841 .2074 -6.4811 -1.4514 -.1125 -6.4006 -.8468 -.4095 -6.3219 -.3661 -1.2646 -6.0299
3 272 0 9.432 -8.295 0 8.1438 -8.1463 -.6508 8.7291 -8.1689
3 272 -.6508 8.7291 -8.1689 -.5423 9.2255 -8.227 -.319 9.1232 -8.2367
4 272 5.6618 4.2727 -7.0337 6.2329 3.6924 -6.8607 6.2994 3.209 -6.8168 5.4969 4.1229 -7.0656
3 272 6.7265 5.8709 -6.864 6.5475 6.0966 -6.9318 6.7025 6.1517 -6.8769
3 272 4.0201 13.352 -8.15 4.1214 14.545 -8.1206 4.7079 14.3931 -7.9245
4 272 .0292 14.6839 -8.5609 .6507 14.9361 -8.5031 1.0647 14.2433 -8.453 .2557 13.9959 -8.5293
4 272 7.5664 6.0962 -6.2733 7.5268 5.9617 -6.3059 7.1028 5.5516 -6.6155 6.7265 5.8709 -6.864
4 272 -.0256 13.2944 -8.5425 -.0255 13.2689 -8.5412 -.7438 12.9373 -8.4525 -.6998 13.3041 -8.4762
4 272 -2.0427 12.1361 -8.2817 -2.434 10.9013 -8.1779 -2.7337 11.2203 -8.165 -2.3521 11.7694 -8.2317
4 272 -6.6128 9.5295 -6.8924 -6.43 9.3344 -7.0229 -6.5468 7.9699 -6.9603 -7.2671 8.7239 -6.4459
4 272 -5.6871 7.1812 -7.2579 -5.9503 7.3924 -7.1663 -5.6358 7.9779 -7.2884 -5.2714 7.7051 -7.4154
4 272 -5.8979 9.7563 -7.2208 -3.8054 9.5532 -7.971 -4.6039 8.5466 -7.6684 -5.6431 9.4368 -7.3077
3 272 4.1674 5.0065 -7.4417 3.7395 4.962 -7.4949 3.7219 5.4126 -7.574
3 272 3.9143 11.4806 -8.0618 3.9508 11.0939 -8.0223 3.8838 10.9399 -8.0363
4 272 -1.2872 8.546 -8.0949 -1.5842 8.1727 -8.0322 -1.8246 7.8984 -7.9842 -2.48 9.511 -8.0838
4 272 1.1859 13.6294 -8.4328 1.5849 13.6688 -8.394 1.9787 13.551 -8.3537 .9231 13.3073 -8.4543
4 272 -3.9472 12.0629 -8.0893 -4.6646 12.387 -7.8493 -4.2902 12.9476 -8.024 -3.9909 12.8362 -8.1257
4 272 -5.2455 11.5173 -7.5783 -4.1368 11.0903 -7.9541 -3.8054 9.5532 -7.971 -5.8979 9.7563 -7.2208
4 272 3.8606 1.8649 -6.9511 3.6614 1.7696 -6.9491 2.5665 3.0097 -7.243 2.9677 3.3906 -7.2796
3 272 -1.1102 11.7477 -8.3481 -1.5199 11.609 -8.3034 -.9733 12.3372 -8.3982
3 272 -3.2306 10.1182 -8.0577 -2.48 9.511 -8.0838 -3.8054 9.5532 -7.971
4 272 2.7751 .4532 -6.542 3.3848 .4121 -6.4964 3.0917 -1.2742 -5.8899 2.4199 -.9486 -6.0435
3 272 4.7079 14.3931 -7.9245 4.5875 14.0084 -7.9547 4.0201 13.352 -8.15
4 272 1.1959 5.2479 -7.7294 1.2664 5.4151 -7.7438 1.6264 5.7411 -7.7566 1.794 5.7075 -7.7412
4 272 .2608 4.341 -7.6213 .7796 4.1326 -7.5566 .5961 3.8972 -7.5158 .2693 4.2113 -7.5942
4 272 -5.0697 6.686 -7.3633 -4.5932 7.1973 -7.5349 -3.7501 6.8102 -7.708 -4.0629 6.1819 -7.5658
3 272 -4.5938 8.538 -7.6701 -3.8054 9.5532 -7.971 -3.7755 8.0695 -7.8287
4 272 .8008 1.3852 -6.9896 .7018 .62 -6.7111 .1318 .6112 -6.7374 .33 .9546 -6.8544
3 272 7.0915 5.5301 -6.6241 6.8685 5.1044 -6.7855 6.7265 5.8709 -6.864
3 272 3.8256 9.9099 -7.9878 3.8054 9.5532 -7.971 3.4687 9.8842 -8.0218
3 272 3.8252 12.9098 -8.146 4.0201 13.352 -8.15 3.9823 12.6827 -8.1185
4 272 -2.1841 .2074 -6.4811 -2.6822 -.1018 -6.3423 -2.9209 .2959 -6.4768 -2.5882 .5346 -6.5814
4 272 -6.3556 13.3616 -7.2226 -6.2737 13.371 -7.2556 -5.7979 12.702 -7.4136 -6.067 12.4546 -7.2953
4 272 -2.131 6.1483 -7.7688 -1.9719 6.6756 -7.8406 -1.5715 6.8805 -7.8919 -1.2824 6.4239 -7.8592
3 272 -.2592 2.6683 -7.2767 -.1404 2.8941 -7.3282 0 1.7824 -7.105
3 272 0 4.5827 -7.682 -.3165 4.876 -7.7292 0 5.17 -7.803
4 272 5.7683 1.2227 -6.4953 5.0295 1.2983 -6.6347 4.9725 1.5386 -6.7154 5.6943 1.8039 -6.6803
3 272 6.2002 6.868 -7.0685 6.261 6.4578 -7.0404 5.6679 7.2054 -7.2652
3 272 3.8054 9.5532 -7.971 4.1533 9.2917 -7.8418 4.3838 8.9119 -7.7531
4 272 6.3648 12.3989 -7.1744 7.2775 11.9497 -6.4416 7.2219 11.4705 -6.4647 6.3712 11.7361 -7.1412
4 272 0 -.3312 -6.3949 -.8468 -.4095 -6.3219 -.797 .3946 -6.6226 -.2737 .3758 -6.6428
4 272 -.7736 9.4566 -8.2291 -.7552 9.427 -8.2279 -.6508 8.7291 -8.1689 -1.485 9.4793 -8.1686
3 272 -.319 9.1232 -8.2367 -.3309 9.4425 -8.2668 0 9.432 -8.295
3 272 -.6508 8.7291 -8.1689 -.7552 9.427 -8.2279 -.5423 9.2255 -8.227
3 272 -.319 9.1232 -8.2367 0 9.432 -8.295 -.6508 8.7291 -8.1689
3 272 3.7219 5.4126 -7.574 5.3845 5.6662 -7.1811 5.1032 5.4104 -7.2354
4 272 4.1674 5.0065 -7.4417 3.7219 5.4126 -7.574 5.1032 5.4104 -7.2354 4.6165 5.0532 -7.3343
3 272 5.295 4.3211 -7.1263 4.8318 4.4008 -7.2444 5.1269 4.7607 -7.1926
3 272 4.6165 5.0532 -7.3343 5.1032 5.4104 -7.2354 5.0484 5.2107 -7.2375
4 272 4.8318 4.4008 -7.2444 5.4969 4.1229 -7.0656 6.2994 3.209 -6.8168 6.2742 3.0859 -6.816
3 272 4.8318 4.4008 -7.2444 5.295 4.3211 -7.1263 5.4969 4.1229 -7.0656
4 272 4.8318 4.4008 -7.2444 4.6165 5.0532 -7.3343 5.0484 5.2107 -7.2375 5.1269 4.7607 -7.1926
4 272 6.755 4.8878 -6.8009 6.3288 5.5949 -6.9457 6.7265 5.8709 -6.864 6.8685 5.1044 -6.7855
4 272 5.7702 5.725 -7.09 6.7265 5.8709 -6.864 6.3288 5.5949 -6.9457 6.0097 5.6228 -7.0255
4 272 6.3207 4.0384 -6.8589 5.6618 4.2727 -7.0337 6.3288 5.5949 -6.9457 6.755 4.8878 -6.8009
3 272 6.3207 4.0384 -6.8589 6.2329 3.6924 -6.8607 5.6618 4.2727 -7.0337
3 272 3.7219 5.4126 -7.574 2.4661 5.8961 -7.7165 2.4135 6.774 -7.8215
4 272 1.6815 6.0097 -7.7838 1.6082 5.8896 -7.775 1.0945 5.7279 -7.7918 .7689 6.0607 -7.8527
3 272 0 9.432 -8.295 3.7219 5.4126 -7.574 2.4135 6.774 -7.8215
4 272 .6096 7.4236 -8.0211 2.4135 6.774 -7.8215 1.6815 6.0097 -7.7838 .5978 7.0238 -7.9757
4 272 0 8.1438 -8.1463 0 9.432 -8.295 2.4135 6.774 -7.8215 .3988 7.7852 -8.0774
4 272 1.6815 6.0097 -7.7838 .7689 6.0607 -7.8527 .636 6.091 -7.8654 .5978 7.0238 -7.9757
4 272 .1131 5.9018 -7.8797 .2148 6.1853 -7.9054 .636 6.091 -7.8654 .5586 5.7937 -7.8364
3 272 .2541 5.4064 -7.8127 .4257 5.1977 -7.7768 0 5.17 -7.803
3 272 0 5.17 -7.803 0 5.8249 -7.8786 .2541 5.4064 -7.8127
4 272 .5586 5.7937 -7.8364 .2541 5.4064 -7.8127 0 5.8249 -7.8786 .1131 5.9018 -7.8797
4 272 .3264 6.7109 -7.9583 .2148 6.1853 -7.9054 0 6.2348 -7.9259 .1581 6.6517 -7.9631
3 272 0 6.2348 -7.9259 0 6.6773 -7.977 .1581 6.6517 -7.9631
3 272 .6096 7.4236 -8.0211 .3988 7.7852 -8.0774 2.4135 6.774 -7.8215
4 272 .5978 7.0238 -7.9757 .636 6.091 -7.8654 .2148 6.1853 -7.9054 .3264 6.7109 -7.9583
4 272 2.6393 8.0031 -7.9225 0 9.432 -8.295 1.4443 9.478 -8.172 2.0396 8.8461 -8.0578
4 272 2.6393 8.0031 -7.9225 2.0396 8.8461 -8.0578 2.2102 8.7916 -8.0374 2.46 8.3648 -7.9737
3 272 3.5931 5.584 -7.6021 3.7241 5.5197 -7.5843 3.7219 5.4126 -7.574
4 272 3.4762 5.9442 -7.6476 3.0936 7.1681 -7.8009 3.7202 6.7065 -7.7005 3.7293 6.5201 -7.6815
3 272 3.5931 5.584 -7.6021 3.7219 5.4126 -7.574 0 9.432 -8.295
3 272 3.4762 5.9442 -7.6476 3.5931 5.584 -7.6021 0 9.432 -8.295
3 272 2.6393 8.0031 -7.9225 3.0277 7.6891 -7.8576 3.0936 7.1681 -7.8009
4 272 3.8054 9.5532 -7.971 3.2151 9.0944 -7.9783 2.7624 9.2462 -8.0331 2.722 9.5187 -8.0632
3 272 3.8054 9.5532 -7.971 3.7861 8.5962 -7.8792 3.487 8.9286 -7.9381
4 272 2.7624 9.2462 -8.0331 3.2151 9.0944 -7.9783 2.9295 8.7133 -7.9663 2.7127 9.1127 -8.0244
4 272 2.2102 8.7916 -8.0374 2.3783 8.8308 -8.0264 2.9295 8.7133 -7.9663 2.46 8.3648 -7.9737
3 272 3.8054 9.5532 -7.971 3.487 8.9286 -7.9381 3.2151 9.0944 -7.9783
3 272 2.3783 8.8308 -8.0264 2.7127 9.1127 -8.0244 2.9295 8.7133 -7.9663
4 272 3.4762 5.9442 -7.6476 0 9.432 -8.295 2.6393 8.0031 -7.9225 3.0936 7.1681 -7.8009
4 272 6.5475 6.0966 -6.9318 6.7265 5.8709 -6.864 5.7702 5.725 -7.09 6.2262 6.0499 -7.008
4 272 4.5611 5.7532 -7.3972 4.7566 6.132 -7.3862 5.5517 5.8182 -7.1544 5.3845 5.6662 -7.1811
3 272 5.3845 5.6662 -7.1811 3.7219 5.4126 -7.574 4 5.5024 -7.5131
4 272 5.5517 5.8182 -7.1544 5.9601 6.1633 -7.0864 6.2262 6.0499 -7.008 5.7702 5.725 -7.09
3 272 3.7219 5.4126 -7.574 3.7241 5.5197 -7.5843 4 5.5024 -7.5131
3 272 5.3845 5.6662 -7.1811 4 5.5024 -7.5131 4.5611 5.7532 -7.3972
3 272 5.6679 7.2054 -7.2652 6.261 6.4578 -7.0404 5.451 6.8842 -7.2873
4 272 5.5517 5.8182 -7.1544 5.451 6.8842 -7.2873 6.261 6.4578 -7.0404 5.9601 6.1633 -7.0864
4 272 4.7567 7.0924 -7.4831 5.451 6.8842 -7.2873 5.5517 5.8182 -7.1544 4.7566 6.132 -7.3862
3 272 5.3209 7.4914 -7.3814 5.451 6.8842 -7.2873 4.7567 7.0924 -7.4831
4 272 4.4954 7.7002 -7.6103 4.0844 8.2647 -7.7707 3.8054 9.5532 -7.971 5.1976 7.7982 -7.4434
4 272 5.3209 7.4914 -7.3814 4.7567 7.0924 -7.4831 4.4954 7.7002 -7.6103 5.1976 7.7982 -7.4434
3 272 4.0844 8.2647 -7.7707 3.7861 8.5962 -7.8792 3.8054 9.5532 -7.971
4 272 3.9823 12.6827 -8.1185 4.0201 13.352 -8.15 5.2374 11.5294 -7.5821 4.2741 12.2606 -7.9833
4 272 4.5191 11.7181 -7.8571 5.2374 11.5294 -7.5821 5.2839 10.8478 -7.5189 4.6349 11.0494 -7.7695
4 272 5.0772 10.145 -7.5468 4.5623 10.5354 -7.7612 4.6349 11.0494 -7.7695 5.2839 10.8478 -7.5189
4 272 4.5623 10.5354 -7.7612 5.0772 10.145 -7.5468 4.7172 9.6417 -7.6441 4.4578 10.3324 -7.7856
4 272 3.8054 9.5532 -7.971 4.1503 10.0354 -7.8778 4.4578 10.3324 -7.7856 4.7172 9.6417 -7.6441
3 272 3.8054 9.5532 -7.971 3.8256 9.9099 -7.9878 4.1503 10.0354 -7.8778
3 272 4.5191 11.7181 -7.8571 4.2741 12.2606 -7.9833 5.2374 11.5294 -7.5821
4 272 5.8498 13.0904 -7.411 4.86 13.1396 -7.8065 4.0201 13.352 -8.15 5.7526 13.4495 -7.4662
4 272 5.7526 13.4495 -7.4662 5.9562 13.3301 -7.3798 6.054 13.1828 -7.3341 5.8498 13.0904 -7.411
3 272 6.054 13.1828 -7.3341 6.0603 13.12 -7.3288 5.8498 13.0904 -7.411
4 272 4.0201 13.352 -8.15 4.86 13.1396 -7.8065 6.3648 12.3989 -7.1744 5.0414 12.2553 -7.6936
4 272 6.3712 11.7361 -7.1412 6.2179 11.7839 -7.2043 5.0414 12.2553 -7.6936 6.3648 12.3989 -7.1744
4 272 4.0201 13.352 -8.15 5.0414 12.2553 -7.6936 5.2349 11.5655 -7.5848 5.2374 11.5294 -7.5821
4 272 4.1214 14.545 -8.1206 4.0201 13.352 -8.15 2.5263 14.7076 -8.3154 3.8982 14.6028 -8.1473
4 272 2.5263 14.7076 -8.3154 4.0201 13.352 -8.15 3.3358 13.3421 -8.2172 2.8662 13.757 -8.2691
4 272 2.0041 14.1763 -8.3596 1.1899 14.3094 -8.4416 1.3302 14.9827 -8.4368 2.0026 14.8894 -8.3694
3 272 0 13.6177 -8.5494 0 14.6568 -8.5634 .0241 13.6567 -8.5475
4 272 .0292 14.6839 -8.5609 .2557 13.9959 -8.5293 .0241 13.6567 -8.5475 0 14.6568 -8.5634
3 272 .2557 13.9959 -8.5293 .2219 13.694 -8.5285 .0241 13.6567 -8.5475
4 272 1.3302 14.9827 -8.4368 1.1899 14.3094 -8.4416 1.0647 14.2433 -8.453 .6507 14.9361 -8.5031
4 272 2.0026 14.8894 -8.3694 2.5263 14.7076 -8.3154 2.8662 13.757 -8.2691 2.0041 14.1763 -8.3596
3 272 1.0647 14.2433 -8.453 .9101 13.9992 -8.4649 .2557 13.9959 -8.5293
3 272 7.1028 5.5516 -6.6155 7.0915 5.5301 -6.6241 6.7265 5.8709 -6.864
3 272 -.0255 13.2689 -8.5412 -.66 12.6452 -8.4454 -.7438 12.9373 -8.4525
4 272 -2.7337 11.2203 -8.165 -3.9472 12.0629 -8.0893 -3.9909 12.8362 -8.1257 -3.1183 12.3501 -8.1865
3 272 -3.1183 12.3501 -8.1865 -2.3521 11.7694 -8.2317 -2.7337 11.2203 -8.165
4 272 -2.0427 12.1361 -8.2817 -1.4362 12.3686 -8.354 -.9733 12.3372 -8.3982 -2.434 10.9013 -8.1779
4 272 -3.3989 10.3521 -8.0534 -3.883 10.9255 -8.0357 -3.314 11.0452 -8.0983 -3.2962 10.5512 -8.074
4 272 -3.2962 10.5512 -8.074 -3.314 11.0452 -8.0983 -2.948 11.0397 -8.1343 -3.0157 10.6032 -8.1045
4 272 -3.0157 10.6032 -8.1045 -2.948 11.0397 -8.1343 -2.5285 10.8084 -8.1636 -2.8195 10.5223 -8.1197
3 272 -3.3015 10.1756 -8.0537 -3.2306 10.1182 -8.0577 -3.8054 9.5532 -7.971
4 272 -3.883 10.9255 -8.0357 -3.3989 10.3521 -8.0534 -3.3015 10.1756 -8.0537 -3.8054 9.5532 -7.971
4 272 -5.8888 8.7565 -7.209 -5.6358 7.9779 -7.2884 -5.9503 7.3924 -7.1663 -6.5468 7.9699 -6.9603
3 272 -6.5468 7.9699 -6.9603 -6.43 9.3344 -7.0229 -5.8888 8.7565 -7.209
4 272 -6.3556 13.3616 -7.2226 -6.3647 12.4101 -7.175 -7.1509 12.2924 -6.5551 -6.4456 13.3512 -7.1518
4 272 -7.2674 10.8349 -6.4021 -6.9162 10.4375 -6.6598 -6.8119 9.8913 -6.7182 -8.1535 10.1689 -5.6808
4 272 -7.3772 11.0651 -6.326 -7.2674 10.8349 -6.4021 -8.1535 10.1689 -5.6808 -8.267 10.7127 -5.6151
3 272 -8.267 10.7127 -5.6151 -6.4456 13.3512 -7.1518 -7.1509 12.2924 -6.5551
3 272 -7.2413 12.0812 -6.4754 -7.1327 11.5971 -6.5398 -7.353 11.2288 -6.3519
3 272 -8.267 10.7127 -5.6151 -7.1509 12.2924 -6.5551 -7.2413 12.0812 -6.4754
4 272 -7.3772 11.0651 -6.326 -8.267 10.7127 -5.6151 -7.2413 12.0812 -6.4754 -7.353 11.2288 -6.3519
3 272 -6.3735 11.4938 -7.1291 -6.3829 10.5218 -7.0804 -6.5692 10.901 -6.9509
4 272 -6.4906 11.4118 -7.034 -6.3735 11.4938 -7.1291 -6.5692 10.901 -6.9509 -6.5884 11.2003 -6.9486
4 272 5.5007 3.3307 -6.9674 4.903 4.1849 -7.1975 4.8318 4.4008 -7.2444 6.2742 3.0859 -6.816
3 272 5.6928 1.8153 -6.6825 5.6943 1.8039 -6.6803 4.8724 1.7002 -6.7794
3 272 5.5007 3.3307 -6.9674 6.2742 3.0859 -6.816 5.5387 2.9753 -6.9016
4 272 4.6756 2.0178 -6.8613 5.279 2.4894 -6.8558 5.6928 1.8153 -6.6825 4.8724 1.7002 -6.7794
4 272 6.1577 2.5157 -6.7356 5.6928 1.8153 -6.6825 5.279 2.4894 -6.8558 5.4526 2.643 -6.8573
4 272 6.2742 3.0859 -6.816 6.1577 2.5157 -6.7356 5.4526 2.643 -6.8573 5.5387 2.9753 -6.9016
4 272 4.9298 2.923 -6.9792 5.279 2.4894 -6.8558 4.6756 2.0178 -6.8613 4.4734 2.1582 -6.9139
4 272 3.794 3.5689 -7.2503 4.0344 3.5515 -7.2132 4.4734 2.1582 -6.9139 3.8606 1.8649 -6.9511
4 272 4.9298 2.923 -6.9792 4.4734 2.1582 -6.9139 4.0344 3.5515 -7.2132 4.5282 3.3032 -7.1008
4 272 8.303 7.4485 -5.7391 8.6503 7.5013 -5.4718 8.6748 7.114 -5.4776 8.5921 7.0925 -5.5418
4 272 -3.3536 7.828 -7.8424 -3.7755 8.0695 -7.8287 -3.8054 9.5532 -7.971 -2.48 9.511 -8.0838
4 272 -1.3268 7.9992 -8.038 -1.4849 8.1331 -8.0371 -1.2872 8.546 -8.0949 -1.0348 8.3145 -8.0945
4 272 -3.3536 7.828 -7.8424 -2.48 9.511 -8.0838 -2.2946 7.72 -7.9253 -2.8325 7.7185 -7.8777
3 272 -1.8246 7.8984 -7.9842 -2.2946 7.72 -7.9253 -2.48 9.511 -8.0838
3 272 -1.2872 8.546 -8.0949 -1.4849 8.1331 -8.0371 -1.5842 8.1727 -8.0322
3 272 -3.7356 6.0918 -7.6391 -3.7501 6.8102 -7.708 -3.7257 6.799 -7.7091
4 272 -3.7356 6.0918 -7.6391 -3.7257 6.799 -7.7091 -2.6464 6.574 -7.7823 -3.2236 5.9508 -7.6705
3 272 4.9201 1.0163 -6.5679 5.7067 .5978 -6.3187 5.528 .0008 -6.1278
4 272 4.9201 1.0163 -6.5679 5.528 .0008 -6.1278 5.2008 -.43 -6.0151 4.3781 .6686 -6.5121
4 272 4.0116 .574 -6.5246 4.3781 .6686 -6.5121 5.2008 -.43 -6.0151 4.7691 -.8415 -5.9225
3 272 4.7691 -.8415 -5.9225 4.2502 -1.1354 -5.883 4.0116 .574 -6.5246
3 272 2.3287 13.3276 -8.3162 .9231 13.3073 -8.4543 1.9787 13.551 -8.3537
3 272 .9231 13.3073 -8.4543 .9514 13.4513 -8.4535 1.1859 13.6294 -8.4328
4 272 0 12.9812 -8.5247 .1301 12.4886 -8.4815 .0394 10.8921 -8.3861 0 10.7903 -8.3829
4 272 .5317 11.7727 -8.4002 .2952 11.1288 -8.3791 .0394 10.8921 -8.3861 .1301 12.4886 -8.4815
4 272 .8774 11.8583 -8.3755 .758 11.3738 -8.3546 .2952 11.1288 -8.3791 .5317 11.7727 -8.4002
4 272 1.5854 11.6344 -8.2993 1.2342 12.0606 -8.3575 1.211 12.1035 -8.3623 1.6697 11.6526 -8.2931
4 272 1.2342 12.0606 -8.3575 1.5854 11.6344 -8.2993 .758 11.3738 -8.3546 .8774 11.8583 -8.3755
3 272 0 9.432 -8.295 0 10.3234 -8.3527 .1081 10.0635 -8.3265
3 272 0 9.432 -8.295 .1081 10.0635 -8.3265 .3836 9.8375 -8.2878
4 272 .6279 9.8182 -8.2652 1.4193 9.5045 -8.1759 1.4443 9.478 -8.172 0 9.432 -8.295
4 272 1.6459 11.1338 -8.2616 1.6672 10.3606 -8.2097 1.4682 10.0549 -8.2073 .9157 10.7661 -8.3015
4 272 .6246 10.3862 -8.3023 .9157 10.7661 -8.3015 1.4682 10.0549 -8.2073 1.2682 9.9715 -8.2193
4 272 .6246 10.3862 -8.3023 1.2682 9.9715 -8.2193 1.4193 9.5045 -8.1759 .6279 9.8182 -8.2652
3 272 0 9.432 -8.295 .3836 9.8375 -8.2878 .6279 9.8182 -8.2652
4 272 2.4009 10.7975 -8.174 2.093 10.7786 -8.1996 1.6459 11.1338 -8.2616 2.1426 11.1878 -8.2218
4 272 2.093 10.7786 -8.1996 1.9334 10.4922 -8.195 1.6672 10.3606 -8.2097 1.6459 11.1338 -8.2616
3 272 2.1426 11.1878 -8.2218 3.289 10.0609 -8.0489 2.5487 10.737 -8.1572
4 272 2.7079 10.3094 -8.1157 3.289 10.0609 -8.0489 3.3525 9.8838 -8.0319 2.6919 9.7213 -8.079
3 272 2.5487 10.737 -8.1572 3.289 10.0609 -8.0489 2.6411 10.6289 -8.1422
4 272 3.4687 9.8842 -8.0218 3.8054 9.5532 -7.971 2.722 9.5187 -8.0632 3.3525 9.8838 -8.0319
3 272 2.722 9.5187 -8.0632 2.6919 9.7213 -8.079 3.3525 9.8838 -8.0319
3 272 2.7079 10.3094 -8.1157 2.6411 10.6289 -8.1422 3.289 10.0609 -8.0489
3 272 2.1426 11.1878 -8.2218 2.5487 10.737 -8.1572 2.4009 10.7975 -8.174
3 272 -6.1826 10.1142 -7.1411 -5.2455 11.5173 -7.5783 -5.8979 9.7563 -7.2208
3 272 -4.1368 11.0903 -7.9541 -3.883 10.9255 -8.0357 -3.8054 9.5532 -7.971
4 272 -7.2671 8.7239 -6.4459 -7.5302 9.0079 -6.2279 -6.8119 9.8913 -6.7182 -6.6128 9.5295 -6.8924
3 272 -8.1535 10.1689 -5.6808 -6.8119 9.8913 -6.7182 -7.5302 9.0079 -6.2279
4 272 2.9677 3.3906 -7.2796 3.4825 3.5913 -7.2768 3.794 3.5689 -7.2503 3.8606 1.8649 -6.9511
3 272 3.6614 1.7696 -6.9491 2.4717 2.8745 -7.2266 2.5665 3.0097 -7.243
4 272 1.1959 5.2479 -7.7294 3.7219 5.4126 -7.574 3.7395 4.962 -7.4949 2.3788 5.0995 -7.6177
4 272 1.6736 4.8148 -7.6198 1.1544 5.1497 -7.7155 1.1959 5.2479 -7.7294 1.8027 5.0153 -7.6451
3 272 1.8027 5.0153 -7.6451 1.1959 5.2479 -7.7294 2.3788 5.0995 -7.6177
3 272 0 5.17 -7.803 .4257 5.1977 -7.7768 .6543 4.9198 -7.7122
4 272 2.0235 3.2907 -7.3311 0 5.17 -7.803 .6543 4.9198 -7.7122 1.7577 3.8455 -7.4463
3 272 .6543 4.9198 -7.7122 .7938 4.8617 -7.692 1.7577 3.8455 -7.4463
4 272 1.9248 3.879 -7.4399 2.1117 3.4506 -7.3523 2.0235 3.2907 -7.3311 1.7577 3.8455 -7.4463
4 272 2.8545 4.225 -7.432 2.1117 3.4506 -7.3523 1.9248 3.879 -7.4399 2.3187 4.1807 -7.4633
4 272 1.1544 5.1497 -7.7155 1.6736 4.8148 -7.6198 1.7577 3.8455 -7.4463 .7938 4.8617 -7.692
4 272 -.0265 13.5748 -8.5462 -.0256 13.2944 -8.5425 -.6998 13.3041 -8.4762 -.6654 13.5901 -8.4835
4 272 -.0265 13.5748 -8.5462 -.6654 13.5901 -8.4835 -.4745 14.2174 -8.5107 0 13.6177 -8.5494
3 272 -.4745 14.2174 -8.5107 0 14.6568 -8.5634 0 13.6177 -8.5494
4 272 -.5637 12.3095 -8.4321 -.66 12.6452 -8.4454 -.0255 13.2689 -8.5412 0 12.9812 -8.5247
4 272 -.5637 12.3095 -8.4321 0 12.9812 -8.5247 0 10.7903 -8.3829 -.5406 11.4495 -8.3785
3 272 -1.6497 11.4612 -8.2825 -1.6939 11.2748 -8.2666 -2.434 10.9013 -8.1779
4 272 -.9733 12.3372 -8.3982 -1.5199 11.609 -8.3034 -1.6497 11.4612 -8.2825 -2.434 10.9013 -8.1779
4 272 -.5406 11.4495 -8.3785 -.6656 11.6074 -8.3778 -.9733 12.3372 -8.3982 -.5637 12.3095 -8.4321
3 272 -.6656 11.6074 -8.3778 -1.1102 11.7477 -8.3481 -.9733 12.3372 -8.3982
4 272 -2.1515 10.6006 -8.183 -2.7578 10.4969 -8.1234 -2.8195 10.5223 -8.1197 -2.5285 10.8084 -8.1636
4 272 -1.6939 11.2748 -8.2666 -1.6277 11.0591 -8.2584 -2.1515 10.6006 -8.183 -2.434 10.9013 -8.1779
4 272 -1.5178 9.5088 -8.1676 -1.3121 10.3257 -8.2384 -.7736 9.4566 -8.2291 -1.485 9.4793 -8.1686
3 272 -1.5178 9.5088 -8.1676 -2.7578 10.4969 -8.1234 -2.1515 10.6006 -8.183
4 272 -1.5178 9.5088 -8.1676 -2.1515 10.6006 -8.183 -1.6277 11.0591 -8.2584 -1.3121 10.3257 -8.2384
4 272 -.0462 10.6709 -8.3712 -.5593 11.2474 -8.3637 -.5406 11.4495 -8.3785 0 10.7903 -8.3829
4 272 -1.0632 11.2049 -8.317 -1.0081 10.5226 -8.2777 -1.3121 10.3257 -8.2384 -1.6277 11.0591 -8.2584
4 272 -.037 10.4124 -8.3552 -.5129 10.4852 -8.3185 -.5593 11.2474 -8.3637 -.0462 10.6709 -8.3712
4 272 -1.0632 11.2049 -8.317 -.5593 11.2474 -8.3637 -.5129 10.4852 -8.3185 -1.0081 10.5226 -8.2777
4 272 -.3469 9.8724 -8.2933 -.5129 10.4852 -8.3185 -.037 10.4124 -8.3552 0 10.3234 -8.3527
4 272 -.3309 9.4425 -8.2668 -.3469 9.8724 -8.2933 0 10.3234 -8.3527 0 9.432 -8.295
3 272 -6.4456 13.3512 -7.1518 -8.267 10.7127 -5.6151 -6.8735 13.3019 -6.8283
4 272 -8.3418 11.0707 -5.5827 -7.5636 13.0332 -6.2941 -6.8735 13.3019 -6.8283 -8.267 10.7127 -5.6151
4 272 -8.0837 12.5099 -5.8705 -7.5636 13.0332 -6.2941 -8.3418 11.0707 -5.5827 -8.3246 11.811 -5.6442
4 272 2.7751 .4532 -6.542 1.9234 -.0188 -6.4108 1.9025 -.0206 -6.4112 2.5997 .5439 -6.5842
4 272 1.9234 -.0188 -6.4108 2.7751 .4532 -6.542 2.4199 -.9486 -6.0435 2.153 -.5782 -6.1932
4 272 4.0116 .574 -6.5246 4.2502 -1.1354 -5.883 3.8578 -1.2652 -5.8549 3.3848 .4121 -6.4964
4 272 3.0917 -1.2742 -5.8899 3.3848 .4121 -6.4964 3.8578 -1.2652 -5.8549 3.4041 -1.2999 -5.8648
4 272 4.5875 14.0084 -7.9547 4.7079 14.3931 -7.9245 4.8799 14.2065 -7.8476 4.7572 14.0709 -7.8902
4 272 5.7526 13.4495 -7.4662 4.0201 13.352 -8.15 4.5875 14.0084 -7.9547 5.4666 13.6172 -7.5875
4 272 2.4661 5.8961 -7.7165 3.7219 5.4126 -7.574 1.1959 5.2479 -7.7294 1.794 5.7075 -7.7412
4 272 1.6082 5.8896 -7.775 1.6264 5.7411 -7.7566 1.2664 5.4151 -7.7438 1.0945 5.7279 -7.7918
4 272 2.2481 2.5553 -7.1702 2.4717 2.8745 -7.2266 3.6614 1.7696 -6.9491 2.6211 1.6928 -6.9768
4 272 1.5024 1.4283 -6.9692 1.8125 1.7699 -7.0265 2.4935 1.5101 -6.9445 2.4948 1.4893 -6.9402
4 272 2.2481 2.5553 -7.1702 2.6211 1.6928 -6.9768 2.4935 1.5101 -6.9445 1.8125 1.7699 -7.0265
3 272 1.5024 1.4283 -6.9692 1.3547 1.6794 -7.0271 1.8125 1.7699 -7.0265
4 272 1.2376 2.5022 -7.2015 1.6785 2.3783 -7.1575 1.8125 1.7699 -7.0265 1.3547 1.6794 -7.0271
4 272 .3322 1.3564 -7.0033 .2662 1.5828 -7.0527 .5668 2.0007 -7.1262 .8008 1.3852 -6.9896
4 272 .3155 2.7843 -7.2982 .5668 2.0007 -7.1262 .2662 1.5828 -7.0527 0 1.7824 -7.105
4 272 .9964 3.3007 -7.3761 1.8103 2.9044 -7.2604 1.6785 2.3783 -7.1575 1.2376 2.5022 -7.2015
4 272 .3155 2.7843 -7.2982 .7115 2.9624 -7.3184 1.2376 2.5022 -7.2015 .5668 2.0007 -7.1262
3 272 .9964 3.3007 -7.3761 1.2376 2.5022 -7.2015 .7115 2.9624 -7.3184
4 272 1.8103 2.9044 -7.2604 .9964 3.3007 -7.3761 1.1008 3.7233 -7.4588 2.0235 3.2907 -7.3311
3 272 2.0235 3.2907 -7.3311 1.1008 3.7233 -7.4588 1.0305 4.1523 -7.5502
3 272 0 5.17 -7.803 2.0235 3.2907 -7.3311 1.0305 4.1523 -7.5502
4 272 .7796 4.1326 -7.5566 .2608 4.341 -7.6213 0 4.5827 -7.682 0 5.17 -7.803
4 272 .38 3.3557 -7.4133 0 3.4704 -7.4528 .143 4.0577 -7.5678 .5961 3.8972 -7.5158
3 272 .143 4.0577 -7.5678 .2693 4.2113 -7.5942 .5961 3.8972 -7.5158
3 272 0 5.17 -7.803 1.0305 4.1523 -7.5502 .7796 4.1326 -7.5566
4 272 0 1.7824 -7.105 0 3.4704 -7.4528 .38 3.3557 -7.4133 .3155 2.7843 -7.2982
3 272 -3.7501 6.8102 -7.708 -3.7356 6.0918 -7.6391 -4.0629 6.1819 -7.5658
4 272 -5.6871 7.1812 -7.2579 -5.2714 7.7051 -7.4154 -4.5932 7.1973 -7.5349 -5.0697 6.686 -7.3633
3 272 -4.5938 8.538 -7.6701 -4.6039 8.5466 -7.6684 -3.8054 9.5532 -7.971
3 272 0 5.17 -7.803 -.3165 4.876 -7.7292 -.4737 5.0217 -7.7429
4 272 -2.2132 5.3143 -7.6668 0 5.17 -7.803 -.4737 5.0217 -7.7429 -1.1632 4.9944 -7.688
3 272 -1.1632 4.9944 -7.688 -1.8388 5.1209 -7.6607 -2.2132 5.3143 -7.6668
3 272 1.5024 1.4283 -6.9692 2.4948 1.4893 -6.9402 1.8192 .8896 -6.753
4 272 1.8195 .7932 -6.7172 1.8192 .8896 -6.753 2.4948 1.4893 -6.9402 2.5997 .5439 -6.5842
4 272 .1318 .6112 -6.7374 .4533 -.1501 -6.4385 0 -.3312 -6.3949 0 .4907 -6.6996
4 272 1.5445 .6989 -6.6966 1.8195 .7932 -6.7172 2.5997 .5439 -6.5842 1.9025 -.0206 -6.4112
4 272 1.5445 .6989 -6.6966 1.9025 -.0206 -6.4112 .4533 -.1501 -6.4385 .7018 .62 -6.7111
3 272 .4533 -.1501 -6.4385 .1318 .6112 -6.7374 .7018 .62 -6.7111
3 272 .3322 1.3564 -7.0033 .8008 1.3852 -6.9896 .3586 1.2659 -6.9684
3 272 .3586 1.2659 -6.9684 .8008 1.3852 -6.9896 .33 .9546 -6.8544
4 272 2.3287 13.3276 -8.3162 2.5233 11.8367 -8.2183 1.6697 11.6526 -8.2931 1.211 12.1035 -8.3623
4 272 .8758 13.0672 -8.4463 2.3287 13.3276 -8.3162 1.211 12.1035 -8.3623 .9624 12.5641 -8.4112
3 272 .8758 13.0672 -8.4463 .9231 13.3073 -8.4543 2.3287 13.3276 -8.3162
3 272 2.3287 13.3276 -8.3162 2.9543 12.9283 -8.2332 2.5233 11.8367 -8.2183
4 272 2.5233 11.8367 -8.2183 2.9543 12.9283 -8.2332 3.397 12.5539 -8.1696 2.901 11.8349 -8.1808
3 272 3.397 12.5539 -8.1696 3.8836 11.8064 -8.082 2.901 11.8349 -8.1808
4 272 2.7526 11.4566 -8.1756 2.901 11.8349 -8.1808 3.8836 11.8064 -8.082 3.9143 11.4806 -8.0618
4 272 3.661 10.7132 -8.0464 3.0325 10.7753 -8.112 3.9143 11.4806 -8.0618 3.8838 10.9399 -8.0363
4 272 2.56 11.2331 -8.1829 2.7526 11.4566 -8.1756 3.9143 11.4806 -8.0618 3.0325 10.7753 -8.112
4 272 3.289 10.0609 -8.0489 2.1426 11.1878 -8.2218 2.56 11.2331 -8.1829 3.0325 10.7753 -8.112
3 272 3.8252 12.9098 -8.146 3.3358 13.3421 -8.2172 4.0201 13.352 -8.15
3 272 6.6459 6.8121 -6.9072 6.5571 7.8493 -6.9548 6.9794 6.8063 -6.674
4 272 7.4673 7.796 -6.3188 6.9794 6.8063 -6.674 6.5571 7.8493 -6.9548 7.0032 7.9164 -6.6418
3 272 7.4673 7.796 -6.3188 7.7145 7.359 -6.1521 6.9794 6.8063 -6.674
4 272 8.5921 7.0925 -5.5418 7.7994 6.8863 -6.0993 7.7145 7.359 -6.1521 8.303 7.4485 -5.7391
3 272 7.7994 6.8863 -6.0993 7.5664 6.0962 -6.2733 7.1715 6.5761 -6.5429
4 272 6.7265 5.8709 -6.864 7.0095 6.333 -6.6596 7.1715 6.5761 -6.5429 7.5664 6.0962 -6.2733
4 272 6.9794 6.8063 -6.674 7.7145 7.359 -6.1521 7.7994 6.8863 -6.0993 7.1715 6.5761 -6.5429
3 272 6.7265 5.8709 -6.864 6.7025 6.1517 -6.8769 7.0095 6.333 -6.6596
4 272 -2.9209 .2959 -6.4768 -2.6822 -.1018 -6.3423 -2.8746 -.0675 -6.3453 -2.9751 .1065 -6.4043
3 272 -6.3647 12.4101 -7.175 -6.3556 13.3616 -7.2226 -6.067 12.4546 -7.2953
3 272 -6.2737 13.371 -7.2556 -5.4016 13.3144 -7.5994 -5.7979 12.702 -7.4136
4 272 -4.6923 13.1015 -7.8714 -4.8369 12.4649 -7.7845 -5.7979 12.702 -7.4136 -5.4016 13.3144 -7.5994
4 272 -4.8369 12.4649 -7.7845 -4.6923 13.1015 -7.8714 -4.2902 12.9476 -8.024 -4.6646 12.387 -7.8493
3 272 -6.3829 10.5218 -7.0804 -6.3735 11.4938 -7.1291 -6.0408 11.6109 -7.2667
4 272 -6.1826 10.1142 -7.1411 -6.3829 10.5218 -7.0804 -6.0408 11.6109 -7.2667 -5.2455 11.5173 -7.5783
3 272 -1.3268 7.9992 -8.038 -1.0348 8.3145 -8.0945 -1.0795 7.7898 -8.0309
4 272 -.0476 7.4089 -8.0582 -1.0072 7.6405 -8.0186 -1.0795 7.7898 -8.0309 -1.0348 8.3145 -8.0945
4 272 -.2637 6.2955 -7.9147 -.012 6.6792 -7.9764 0 6.6773 -7.977 0 6.2348 -7.9259
4 272 -.012 6.6792 -7.9764 -.2637 6.2955 -7.9147 -.6378 6.6825 -7.9336 -.1671 6.8056 -7.9803
4 272 0 7.1376 -8.0301 -.1671 6.8056 -7.9803 -.6378 6.6825 -7.9336 -.0476 7.4089 -8.0582
4 272 -.6378 6.6825 -7.9336 -1.1613 7.2898 -7.9675 -1.0072 7.6405 -8.0186 -.0476 7.4089 -8.0582
4 272 -.7988 6.4217 -7.8923 -1.2824 6.4239 -7.8592 -1.1613 7.2898 -7.9675 -.6378 6.6825 -7.9336
3 272 -1.5715 6.8805 -7.8919 -1.1613 7.2898 -7.9675 -1.2824 6.4239 -7.8592
4 272 -1.2824 6.4239 -7.8592 -.8079 6.1323 -7.8583 -.6801 5.8586 -7.8355 -1.1475 5.7407 -7.7896
3 272 -.7988 6.4217 -7.8923 -.8079 6.1323 -7.8583 -1.2824 6.4239 -7.8592
4 272 -2.9756 5.8825 -7.6798 -2.6464 6.574 -7.7823 -2.615 6.5675 -7.7838 -2.131 6.1483 -7.7688
3 272 -2.131 6.1483 -7.7688 -2.615 6.5675 -7.7838 -1.9719 6.6756 -7.8406
3 272 -3.2236 5.9508 -7.6705 -2.6464 6.574 -7.7823 -2.9756 5.8825 -7.6798
3 272 -2.9756 5.8825 -7.6798 -2.131 6.1483 -7.7688 -2.4972 5.4608 -7.6641
4 272 -1.612 5.8 -7.7644 -2.2132 5.3143 -7.6668 -2.4972 5.4608 -7.6641 -2.131 6.1483 -7.7688
4 272 0 5.17 -7.803 -1.1475 5.7407 -7.7896 -.6801 5.8586 -7.8355 -.4314 5.7029 -7.8347
4 272 -1.612 5.8 -7.7644 -1.1475 5.7407 -7.7896 0 5.17 -7.803 -2.2132 5.3143 -7.6668
3 272 -.1299 5.7365 -7.8594 0 5.8249 -7.8786 0 5.17 -7.803
3 272 -.4314 5.7029 -7.8347 -.1299 5.7365 -7.8594 0 5.17 -7.803
4 272 -2.1845 1.6772 -6.9919 -1.3322 1.4839 -6.9877 -1.337 1.4182 -6.974 -2.1904 1.4706 -6.9491
4 272 -1.1329 1.7151 -7.0437 -1.3322 1.4839 -6.9877 -2.1845 1.6772 -6.9919 -2.038 1.9778 -7.0599
3 272 -2.038 1.9778 -7.0599 -1.5926 2.3983 -7.1652 -1.1329 1.7151 -7.0437
4 272 -.7375 1.7384 -7.065 -1.1329 1.7151 -7.0437 -1.5926 2.3983 -7.1652 -1.0492 2.6384 -7.2374
4 272 -.1814 1.7538 -7.0915 -.7375 1.7384 -7.065 -1.0492 2.6384 -7.2374 -.4729 2.5302 -7.2393
3 272 -.1814 1.7538 -7.0915 -.5346 1.5176 -7.028 -.7375 1.7384 -7.065
4 272 -.2592 2.6683 -7.2767 0 1.7824 -7.105 -.1814 1.7538 -7.0915 -.4729 2.5302 -7.2393
3 272 -.1404 2.8941 -7.3282 0 3.4704 -7.4528 0 1.7824 -7.105
4 272 5.7067 .5978 -6.3187 4.9201 1.0163 -6.5679 5.0295 1.2983 -6.6347 5.7683 1.2227 -6.4953
3 272 4.8724 1.7002 -6.7794 5.6943 1.8039 -6.6803 4.9725 1.5386 -6.7154
4 272 6.6459 6.8121 -6.9072 6.3022 6.9837 -7.0335 6.0551 7.6388 -7.1323 6.5571 7.8493 -6.9548
4 272 6.0551 7.6388 -7.1323 6.3022 6.9837 -7.0335 6.2002 6.868 -7.0685 5.6679 7.2054 -7.2652
3 272 3.8054 9.5532 -7.971 4.7172 9.6417 -7.6441 4.1533 9.2917 -7.8418
4 272 3.8054 9.5532 -7.971 4.3838 8.9119 -7.7531 5.069 8.1182 -7.4945 5.1976 7.7982 -7.4434
4 272 7.2775 11.9497 -6.4416 7.6583 11.5945 -6.1287 7.7042 11.4453 -6.0864 7.2219 11.4705 -6.4647
4 272 -1.9451 .3558 -6.5485 -2.1841 .2074 -6.4811 -2.5882 .5346 -6.5814 -2.1752 .831 -6.7127
4 272 -1.2449 .9711 -6.813 -2.1752 .831 -6.7127 -2.2036 1.0037 -6.7753 -1.3537 1.1863 -6.8872
4 272 -1.337 1.4182 -6.974 -1.3537 1.1863 -6.8872 -2.2036 1.0037 -6.7753 -2.1904 1.4706 -6.9491
4 272 -1.9451 .3558 -6.5485 -1.2449 .9711 -6.813 -.9623 .8829 -6.795 -.8856 .4716 -6.6465
3 272 -2.1752 .831 -6.7127 -1.2449 .9711 -6.813 -1.9451 .3558 -6.5485
4 272 -.797 .3946 -6.6226 -1.4514 -.1125 -6.4006 -1.9451 .3558 -6.5485 -.8856 .4716 -6.6465
3 272 -.8468 -.4095 -6.3219 -1.4514 -.1125 -6.4006 -.797 .3946 -6.6226
3 272 0 .4907 -6.6996 0 -.3312 -6.3949 -.2737 .3758 -6.6428
4 402 -3.872 1.574 -6.9 -3.3927 1.718 -6.9497 -2.1845 1.6772 -6.9919 -2.1904 1.4706 -6.9491
3 402 -3.872 1.574 -6.9 -3.8646 1.7636 -6.9333 -3.6864 1.7464 -6.9433
3 402 -6.3898 9.804 -7.0445 -6.43 9.3344 -7.0229 -6.6128 9.5295 -6.8924
3 402 -6.3898 9.804 -7.0445 -6.6128 9.5295 -6.8924 -6.8119 9.8913 -6.7182
3 402 0 13.294 -8.545 0 12.9812 -8.5247 -.0255 13.2689 -8.5412
3 402 0 13.294 -8.545 -.0255 13.2689 -8.5412 -.0256 13.2944 -8.5425
4 402 -6.1884 1.6325 -6.5511 -6.1531 1.8618 -6.625 -3.872 1.574 -6.9 -4.6368 1.1671 -6.6577
4 402 -3.9471 1.0357 -6.6979 -3.872 1.574 -6.9 -2.1904 1.4706 -6.9491 -3.1324 .9752 -6.7164
3 402 3.872 1.574 -6.9 3.6614 1.7696 -6.9491 3.8606 1.8649 -6.9511
3 402 6.3898 9.804 -7.0445 6.5925 9.5545 -6.9062 6.4112 9.5546 -7.0331
4 402 7.2202 9.5541 -6.4291 6.5925 9.5545 -6.9062 6.3898 9.804 -7.0445 7.2202 9.9758 -6.4024
3 402 0 13.294 -8.545 .8758 13.0672 -8.4463 .9624 12.5641 -8.4112
4 402 -2.7337 11.2203 -8.165 -3.314 11.0452 -8.0983 -3.883 10.9255 -8.0357 -3.9472 12.0629 -8.0893
4 402 -3.3989 10.3521 -8.0534 -3.2962 10.5512 -8.074 -3.0157 10.6032 -8.1045 -3.3015 10.1756 -8.0537
4 402 3.0936 7.1681 -7.8009 3.0277 7.6891 -7.8576 3.7861 8.5962 -7.8792 3.7202 6.7065 -7.7005
4 402 2.722 9.5187 -8.0632 2.3783 8.8308 -8.0264 2.2102 8.7916 -8.0374 2.0396 8.8461 -8.0578
3 402 4.1674 5.0065 -7.4417 4.6165 5.0532 -7.3343 4.8318 4.4008 -7.2444
4 402 6.2994 3.209 -6.8168 7.2114 3.2528 -6.5959 7.3303 2.611 -6.5301 6.8389 2.5711 -6.6482
4 402 -5.6358 7.9779 -7.2884 -5.8888 8.7565 -7.209 -5.6431 9.4368 -7.3077 -4.6039 8.5466 -7.6684
4 402 -6.8119 9.8913 -6.7182 -6.9162 10.4375 -6.6598 -6.5692 10.901 -6.9509 -6.3829 10.5218 -7.0804
3 402 6.8389 2.5711 -6.6482 6.1577 2.5157 -6.7356 6.2742 3.0859 -6.816
4 402 4.0116 .574 -6.5246 3.872 1.574 -6.9 4.9201 1.0163 -6.5679 4.3781 .6686 -6.5121
4 402 2.093 10.7786 -8.1996 2.4009 10.7975 -8.174 2.6411 10.6289 -8.1422 1.9334 10.4922 -8.195
3 402 3.4687 9.8842 -8.0218 3.3525 9.8838 -8.0319 3.289 10.0609 -8.0489
4 402 -6.1531 1.8618 -6.625 -4.3384 1.8093 -6.8738 -3.8646 1.7636 -6.9333 -3.872 1.574 -6.9
4 402 -4.6646 12.387 -7.8493 -3.9472 12.0629 -8.0893 -4.1368 11.0903 -7.9541 -5.2455 11.5173 -7.5783
3 402 -6.1826 10.1142 -7.1411 -5.8979 9.7563 -7.2208 -6.3898 9.804 -7.0445
3 402 5.6679 7.2054 -7.2652 5.3209 7.4914 -7.3814 5.1976 7.7982 -7.4434
3 402 5.3845 5.6662 -7.1811 5.5517 5.8182 -7.1544 5.7702 5.725 -7.09
4 402 0 13.6177 -8.5494 0 13.294 -8.545 -.0256 13.2944 -8.5425 -.0265 13.5748 -8.5462
3 402 -2.434 10.9013 -8.1779 -2.1515 10.6006 -8.183 -2.5285 10.8084 -8.1636
4 402 -2.8195 10.5223 -8.1197 -2.7578 10.4969 -8.1234 -2.48 9.511 -8.0838 -3.2306 10.1182 -8.0577
4 402 -.7736 9.4566 -8.2291 -1.0081 10.5226 -8.2777 -.5129 10.4852 -8.3185 -.3469 9.8724 -8.2933
4 402 -.0462 10.6709 -8.3712 0 10.7903 -8.3829 0 10.3234 -8.3527 -.037 10.4124 -8.3552
4 402 -.5593 11.2474 -8.3637 -1.0632 11.2049 -8.317 -1.1102 11.7477 -8.3481 -.6656 11.6074 -8.3778
3 402 5.6883 10.8543 -7.3718 6.3796 10.8654 -7.0976 6.3898 9.804 -7.0445
4 402 .3264 6.7109 -7.9583 .1581 6.6517 -7.9631 0 6.6773 -7.977 0 7.1376 -8.0301
4 402 .2148 6.1853 -7.9054 .1131 5.9018 -7.8797 0 5.8249 -7.8786 0 6.2348 -7.9259
4 402 .636 6.091 -7.8654 .7689 6.0607 -7.8527 1.0945 5.7279 -7.7918 .5586 5.7937 -7.8364
4 402 1.794 5.7075 -7.7412 1.6815 6.0097 -7.7838 2.4135 6.774 -7.8215 2.4661 5.8961 -7.7165
4 402 .33 .9546 -6.8544 .1318 .6112 -6.7374 0 .4907 -6.6996 0 1.336 -7.013
4 402 7.8277 2.6514 -6.1914 7.3303 2.611 -6.5301 7.2114 3.2528 -6.5959 7.7597 3.2792 -6.2229
4 402 2.7526 11.4566 -8.1756 2.56 11.2331 -8.1829 2.1426 11.1878 -8.2218 2.5233 11.8367 -8.2183
4 402 3.289 10.0609 -8.0489 3.661 10.7132 -8.0464 3.8838 10.9399 -8.0363 3.8256 9.9099 -7.9878
4 402 3.8252 12.9098 -8.146 3.397 12.5539 -8.1696 2.9543 12.9283 -8.2332 3.3358 13.3421 -8.2172
3 402 -6.3829 10.5218 -7.0804 -6.1826 10.1142 -7.1411 -6.3898 9.804 -7.0445
4 402 -.6508 8.7291 -8.1689 0 8.1438 -8.1463 -.0476 7.4089 -8.0582 -1.0348 8.3145 -8.0945
4 402 -1.3268 7.9992 -8.038 -1.9719 6.6756 -7.8406 -2.615 6.5675 -7.7838 -2.6464 6.574 -7.7823
4 402 -.5346 1.5176 -7.028 -.1814 1.7538 -7.0915 0 1.7824 -7.105 0 1.336 -7.013
4 402 6.261 6.4578 -7.0404 6.2002 6.868 -7.0685 6.3022 6.9837 -7.0335 6.6459 6.8121 -6.9072
4 402 5.069 8.1182 -7.4945 5.9762 8.3045 -7.1708 6.0551 7.6388 -7.1323 5.1976 7.7982 -7.4434
3 402 6.4112 9.5546 -7.0331 4.7172 9.6417 -7.6441 6.3898 9.804 -7.0445
4 402 7.2201 10.8176 -6.4383 7.2202 9.9758 -6.4024 6.3898 9.804 -7.0445 6.4664 10.8668 -7.0298
4 402 -.2737 .3758 -6.6428 -.9623 .8829 -6.795 -1.337 1.4182 -6.974 0 1.336 -7.013
3 402 -3.872 1.574 -6.9 -3.6864 1.7464 -6.9433 -3.3927 1.718 -6.9497
3 402 -2.1904 1.4706 -6.9491 -2.2036 1.0037 -6.7753 -3.1324 .9752 -6.7164
3 402 3.872 1.574 -6.9 2.4948 1.4893 -6.9402 3.6614 1.7696 -6.9491
4 402 2.4935 1.5101 -6.9445 2.6211 1.6928 -6.9768 3.6614 1.7696 -6.9491 2.4948 1.4893 -6.9402
3 402 1.211 12.1035 -8.3623 1.2342 12.0606 -8.3575 .8774 11.8583 -8.3755
4 402 1.211 12.1035 -8.3623 .8774 11.8583 -8.3755 .5317 11.7727 -8.4002 .1301 12.4886 -8.4815
4 402 0 13.294 -8.545 1.211 12.1035 -8.3623 .1301 12.4886 -8.4815 0 12.9812 -8.5247
3 402 0 13.294 -8.545 .9231 13.3073 -8.4543 .8758 13.0672 -8.4463
3 402 .9624 12.5641 -8.4112 1.211 12.1035 -8.3623 0 13.294 -8.545
4 402 2.4948 1.4893 -6.9402 3.872 1.574 -6.9 2.7751 .4532 -6.542 2.5997 .5439 -6.5842
4 402 2.7751 .4532 -6.542 3.872 1.574 -6.9 4.0116 .574 -6.5246 3.3848 .4121 -6.4964
3 402 4.9201 1.0163 -6.5679 3.872 1.574 -6.9 4.8724 1.7002 -6.7794
4 402 5.0295 1.2983 -6.6347 4.9201 1.0163 -6.5679 4.8724 1.7002 -6.7794 4.9725 1.5386 -6.7154
4 402 -2.434 10.9013 -8.1779 -2.5285 10.8084 -8.1636 -2.948 11.0397 -8.1343 -2.7337 11.2203 -8.165
3 402 -2.7337 11.2203 -8.165 -2.948 11.0397 -8.1343 -3.314 11.0452 -8.0983
4 402 -3.3015 10.1756 -8.0537 -3.0157 10.6032 -8.1045 -2.8195 10.5223 -8.1197 -3.2306 10.1182 -8.0577
4 402 3.7293 6.5201 -7.6815 3.7241 5.5197 -7.5843 3.5931 5.584 -7.6021 3.4762 5.9442 -7.6476
4 402 3.7861 8.5962 -7.8792 2.9295 8.7133 -7.9663 3.2151 9.0944 -7.9783 3.487 8.9286 -7.9381
4 402 3.0277 7.6891 -7.8576 2.6393 8.0031 -7.9225 2.46 8.3648 -7.9737 2.9295 8.7133 -7.9663
3 402 3.7861 8.5962 -7.8792 3.7241 5.5197 -7.5843 3.7293 6.5201 -7.6815
3 402 3.7861 8.5962 -7.8792 3.7293 6.5201 -7.6815 3.7202 6.7065 -7.7005
3 402 2.9295 8.7133 -7.9663 3.7861 8.5962 -7.8792 3.0277 7.6891 -7.8576
3 402 1.4443 9.478 -8.172 2.722 9.5187 -8.0632 2.0396 8.8461 -8.0578
4 402 2.7624 9.2462 -8.0331 2.7127 9.1127 -8.0244 2.3783 8.8308 -8.0264 2.722 9.5187 -8.0632
3 402 6.8389 2.5711 -6.6482 6.2742 3.0859 -6.816 6.2994 3.209 -6.8168
3 402 5.3845 5.6662 -7.1811 5.7702 5.725 -7.09 6.0097 5.6228 -7.0255
4 402 5.1269 4.7607 -7.1926 6.0097 5.6228 -7.0255 6.3288 5.5949 -6.9457 5.6618 4.2727 -7.0337
4 402 5.1269 4.7607 -7.1926 5.6618 4.2727 -7.0337 5.4969 4.1229 -7.0656 5.295 4.3211 -7.1263
4 402 5.3845 5.6662 -7.1811 6.0097 5.6228 -7.0255 5.1269 4.7607 -7.1926 5.0484 5.2107 -7.2375
3 402 5.0484 5.2107 -7.2375 5.1032 5.4104 -7.2354 5.3845 5.6662 -7.1811
3 402 -4.6039 8.5466 -7.6684 -5.2714 7.7051 -7.4154 -5.6358 7.9779 -7.2884
3 402 -5.8888 8.7565 -7.209 -6.43 9.3344 -7.0229 -5.6431 9.4368 -7.3077
4 402 -6.3898 9.804 -7.0445 -5.8979 9.7563 -7.2208 -5.6431 9.4368 -7.3077 -6.43 9.3344 -7.0229
3 402 -6.3898 9.804 -7.0445 -6.8119 9.8913 -6.7182 -6.3829 10.5218 -7.0804
4 402 -6.4906 11.4118 -7.034 -6.5884 11.2003 -6.9486 -7.353 11.2288 -6.3519 -7.1327 11.5971 -6.5398
4 402 -7.3772 11.0651 -6.326 -7.353 11.2288 -6.3519 -6.5884 11.2003 -6.9486 -7.2674 10.8349 -6.4021
3 402 -7.1327 11.5971 -6.5398 -7.2413 12.0812 -6.4754 -7.1509 12.2924 -6.5551
4 402 -7.1327 11.5971 -6.5398 -7.1509 12.2924 -6.5551 -6.3647 12.4101 -7.175 -6.4906 11.4118 -7.034
3 402 -6.3647 12.4101 -7.175 -6.3735 11.4938 -7.1291 -6.4906 11.4118 -7.034
4 402 -6.9162 10.4375 -6.6598 -7.2674 10.8349 -6.4021 -6.5884 11.2003 -6.9486 -6.5692 10.901 -6.9509
4 402 3.7395 4.962 -7.4949 4.1674 5.0065 -7.4417 4.8318 4.4008 -7.2444 4.0344 3.5515 -7.2132
4 402 4.5282 3.3032 -7.1008 4.0344 3.5515 -7.2132 4.8318 4.4008 -7.2444 4.903 4.1849 -7.1975
4 402 4.9298 2.923 -6.9792 4.5282 3.3032 -7.1008 4.903 4.1849 -7.1975 5.5007 3.3307 -6.9674
4 402 5.4526 2.643 -6.8573 4.9298 2.923 -6.9792 5.5007 3.3307 -6.9674 5.5387 2.9753 -6.9016
3 402 5.4526 2.643 -6.8573 5.279 2.4894 -6.8558 4.9298 2.923 -6.9792
3 402 3.794 3.5689 -7.2503 3.7395 4.962 -7.4949 4.0344 3.5515 -7.2132
3 402 3.872 1.574 -6.9 3.8606 1.8649 -6.9511 4.4734 2.1582 -6.9139
4 402 4.8724 1.7002 -6.7794 3.872 1.574 -6.9 4.4734 2.1582 -6.9139 4.6756 2.0178 -6.8613
4 402 3.9823 12.6827 -8.1185 4.2741 12.2606 -7.9833 4.5191 11.7181 -7.8571 3.9143 11.4806 -8.0618
4 402 3.9143 11.4806 -8.0618 4.5191 11.7181 -7.8571 4.6349 11.0494 -7.7695 3.9508 11.0939 -8.0223
4 402 4.4578 10.3324 -7.7856 3.8838 10.9399 -8.0363 4.6349 11.0494 -7.7695 4.5623 10.5354 -7.7612
3 402 4.6349 11.0494 -7.7695 3.8838 10.9399 -8.0363 3.9508 11.0939 -8.0223
4 402 3.8256 9.9099 -7.9878 3.8838 10.9399 -8.0363 4.4578 10.3324 -7.7856 4.1503 10.0354 -7.8778
4 402 5.6883 10.8543 -7.3718 6.3898 9.804 -7.0445 4.7172 9.6417 -7.6441 5.0772 10.145 -7.5468
3 402 5.0772 10.145 -7.5468 5.2839 10.8478 -7.5189 5.6883 10.8543 -7.3718
4 402 -.5423 9.2255 -8.227 -.7552 9.427 -8.2279 -.7736 9.4566 -8.2291 -.3309 9.4425 -8.2668
3 402 -.3309 9.4425 -8.2668 -.319 9.1232 -8.2367 -.5423 9.2255 -8.227
3 402 -2.48 9.511 -8.0838 -1.485 9.4793 -8.1686 -1.2872 8.546 -8.0949
4 402 -1.0348 8.3145 -8.0945 -1.2872 8.546 -8.0949 -1.485 9.4793 -8.1686 -.6508 8.7291 -8.1689
4 402 -3.7257 6.799 -7.7091 -3.7501 6.8102 -7.708 -3.7755 8.0695 -7.8287 -3.3536 7.828 -7.8424
4 402 -3.3536 7.828 -7.8424 -2.8325 7.7185 -7.8777 -2.6464 6.574 -7.7823 -3.7257 6.799 -7.7091
4 402 -2.2946 7.72 -7.9253 -1.8246 7.8984 -7.9842 -1.3268 7.9992 -8.038 -2.6464 6.574 -7.7823
4 402 -1.3268 7.9992 -8.038 -1.8246 7.8984 -7.9842 -1.5842 8.1727 -8.0322 -1.4849 8.1331 -8.0371
3 402 -2.8325 7.7185 -7.8777 -2.2946 7.72 -7.9253 -2.6464 6.574 -7.7823
3 402 -3.7356 6.0918 -7.6391 -3.2236 5.9508 -7.6705 -3.7219 5.4126 -7.574
4 402 .0241 13.6567 -8.5475 .2219 13.694 -8.5285 0 13.294 -8.545 0 13.6177 -8.5494
4 402 .9514 13.4513 -8.4535 .2219 13.694 -8.5285 .2557 13.9959 -8.5293 .9101 13.9992 -8.4649
4 402 0 13.294 -8.545 .2219 13.694 -8.5285 .9514 13.4513 -8.4535 .9231 13.3073 -8.4543
4 402 .9514 13.4513 -8.4535 .9101 13.9992 -8.4649 1.0647 14.2433 -8.453 1.1859 13.6294 -8.4328
4 402 1.5849 13.6688 -8.394 1.1859 13.6294 -8.4328 1.0647 14.2433 -8.453 1.1899 14.3094 -8.4416
4 402 1.9787 13.551 -8.3537 1.5849 13.6688 -8.394 1.1899 14.3094 -8.4416 2.0041 14.1763 -8.3596
4 402 2.3287 13.3276 -8.3162 1.9787 13.551 -8.3537 2.0041 14.1763 -8.3596 2.8662 13.757 -8.2691
3 402 2.8662 13.757 -8.2691 3.3358 13.3421 -8.2172 2.3287 13.3276 -8.3162
4 402 .0394 10.8921 -8.3861 .6246 10.3862 -8.3023 0 10.3234 -8.3527 0 10.7903 -8.3829
3 402 .2952 11.1288 -8.3791 .758 11.3738 -8.3546 .9157 10.7661 -8.3015
4 402 .9157 10.7661 -8.3015 .758 11.3738 -8.3546 1.5854 11.6344 -8.2993 1.6459 11.1338 -8.2616
4 402 2.1426 11.1878 -8.2218 1.6459 11.1338 -8.2616 1.5854 11.6344 -8.2993 1.6697 11.6526 -8.2931
4 402 .0394 10.8921 -8.3861 .2952 11.1288 -8.3791 .9157 10.7661 -8.3015 .6246 10.3862 -8.3023
4 402 .3836 9.8375 -8.2878 .1081 10.0635 -8.3265 0 10.3234 -8.3527 .6246 10.3862 -8.3023
3 402 .6279 9.8182 -8.2652 .3836 9.8375 -8.2878 .6246 10.3862 -8.3023
4 402 1.4682 10.0549 -8.2073 2.6919 9.7213 -8.079 2.722 9.5187 -8.0632 1.4443 9.478 -8.172
4 402 1.2682 9.9715 -8.2193 1.4682 10.0549 -8.2073 1.4443 9.478 -8.172 1.4193 9.5045 -8.1759
4 402 2.6919 9.7213 -8.079 1.4682 10.0549 -8.2073 1.6672 10.3606 -8.2097 1.9334 10.4922 -8.195
3 402 2.4009 10.7975 -8.174 2.5487 10.737 -8.1572 2.6411 10.6289 -8.1422
4 402 2.6919 9.7213 -8.079 1.9334 10.4922 -8.195 2.6411 10.6289 -8.1422 2.7079 10.3094 -8.1157
3 402 -6.1531 1.8618 -6.625 -6.0863 2.2967 -6.7085 -4.3384 1.8093 -6.8738
3 402 -3.9472 12.0629 -8.0893 -3.883 10.9255 -8.0357 -4.1368 11.0903 -7.9541
4 402 6.5475 6.0966 -6.9318 6.2262 6.0499 -7.008 5.9601 6.1633 -7.0864 6.261 6.4578 -7.0404
3 402 5.6679 7.2054 -7.2652 5.451 6.8842 -7.2873 5.3209 7.4914 -7.3814
3 402 3.7241 5.5197 -7.5843 3.7861 8.5962 -7.8792 4.0844 8.2647 -7.7707
4 402 4.7567 7.0924 -7.4831 3.7241 5.5197 -7.5843 4.0844 8.2647 -7.7707 4.4954 7.7002 -7.6103
3 402 3.7241 5.5197 -7.5843 4.7567 7.0924 -7.4831 4.7566 6.132 -7.3862
4 402 3.7241 5.5197 -7.5843 4.7566 6.132 -7.3862 4.5611 5.7532 -7.3972 4 5.5024 -7.5131
4 402 2.8545 4.225 -7.432 3.7395 4.962 -7.4949 3.794 3.5689 -7.2503 3.4825 3.5913 -7.2768
4 402 2.1117 3.4506 -7.3523 2.8545 4.225 -7.432 3.4825 3.5913 -7.2768 2.9677 3.3906 -7.2796
4 402 2.3187 4.1807 -7.4633 1.6736 4.8148 -7.6198 1.8027 5.0153 -7.6451 2.3788 5.0995 -7.6177
3 402 2.5665 3.0097 -7.243 2.4717 2.8745 -7.2266 2.0235 3.2907 -7.3311
4 402 3.7395 4.962 -7.4949 2.8545 4.225 -7.432 2.3187 4.1807 -7.4633 2.3788 5.0995 -7.6177
4 402 1.7577 3.8455 -7.4463 1.6736 4.8148 -7.6198 2.3187 4.1807 -7.4633 1.9248 3.879 -7.4399
4 402 2.9677 3.3906 -7.2796 2.5665 3.0097 -7.243 2.0235 3.2907 -7.3311 2.1117 3.4506 -7.3523
3 402 .4257 5.1977 -7.7768 1.1959 5.2479 -7.7294 1.1544 5.1497 -7.7155
4 402 .4257 5.1977 -7.7768 1.1544 5.1497 -7.7155 .7938 4.8617 -7.692 .6543 4.9198 -7.7122
4 402 -3.9471 1.0357 -6.6979 -4.3133 1.0701 -6.6639 -4.6368 1.1671 -6.6577 -3.872 1.574 -6.9
3 402 -2.7578 10.4969 -8.1234 -1.5178 9.5088 -8.1676 -2.48 9.511 -8.0838
3 402 -1.5178 9.5088 -8.1676 -1.485 9.4793 -8.1686 -2.48 9.511 -8.0838
3 402 -.3309 9.4425 -8.2668 -.7736 9.4566 -8.2291 -.3469 9.8724 -8.2933
3 402 -.7736 9.4566 -8.2291 -1.3121 10.3257 -8.2384 -1.0081 10.5226 -8.2777
3 402 -.5406 11.4495 -8.3785 -.5593 11.2474 -8.3637 -.6656 11.6074 -8.3778
4 402 -1.6497 11.4612 -8.2825 -1.0632 11.2049 -8.317 -1.6277 11.0591 -8.2584 -1.6939 11.2748 -8.2666
4 402 -1.1102 11.7477 -8.3481 -1.0632 11.2049 -8.317 -1.6497 11.4612 -8.2825 -1.5199 11.609 -8.3034
3 402 0 7.1376 -8.0301 0 8.1438 -8.1463 .3988 7.7852 -8.0774
4 402 .5978 7.0238 -7.9757 0 7.1376 -8.0301 .3988 7.7852 -8.0774 .6096 7.4236 -8.0211
3 402 .5978 7.0238 -7.9757 .3264 6.7109 -7.9583 0 7.1376 -8.0301
4 402 1.2664 5.4151 -7.7438 1.1959 5.2479 -7.7294 .4257 5.1977 -7.7768 1.0945 5.7279 -7.7918
4 402 1.0945 5.7279 -7.7918 .4257 5.1977 -7.7768 .2541 5.4064 -7.8127 .5586 5.7937 -7.8364
4 402 1.6264 5.7411 -7.7566 1.6082 5.8896 -7.775 1.6815 6.0097 -7.7838 1.794 5.7075 -7.7412
3 402 2.0235 3.2907 -7.3311 2.4717 2.8745 -7.2266 1.8103 2.9044 -7.2604
4 402 1.6785 2.3783 -7.1575 1.8103 2.9044 -7.2604 2.4717 2.8745 -7.2266 2.2481 2.5553 -7.1702
3 402 2.2481 2.5553 -7.1702 1.8125 1.7699 -7.0265 1.6785 2.3783 -7.1575
4 402 0 1.7824 -7.105 .2662 1.5828 -7.0527 .3322 1.3564 -7.0033 0 1.336 -7.013
3 402 1.5024 1.4283 -6.9692 .8008 1.3852 -6.9896 1.3547 1.6794 -7.0271
4 402 1.2376 2.5022 -7.2015 1.3547 1.6794 -7.0271 .8008 1.3852 -6.9896 .5668 2.0007 -7.1262
3 402 -3.7356 6.0918 -7.6391 -3.7219 5.4126 -7.574 -4.0629 6.1819 -7.5658
4 402 -5.0589 6.3662 -7.3337 -4.0629 6.1819 -7.5658 -3.7219 5.4126 -7.574 -4.6271 5.569 -7.3619
3 402 -4.6271 5.569 -7.3619 -5.9819 5.8804 -7.0524 -5.0589 6.3662 -7.3337
4 402 -6.0761 6.6907 -7.1105 -5.0589 6.3662 -7.3337 -5.9819 5.8804 -7.0524 -6.0662 6.2637 -7.0698
3 402 -3.7755 8.0695 -7.8287 -3.7501 6.8102 -7.708 -4.5932 7.1973 -7.5349
4 402 -3.7755 8.0695 -7.8287 -4.5932 7.1973 -7.5349 -5.2714 7.7051 -7.4154 -4.5938 8.538 -7.6701
3 402 -5.2714 7.7051 -7.4154 -4.6039 8.5466 -7.6684 -4.5938 8.538 -7.6701
4 402 .7018 .62 -6.7111 .8008 1.3852 -6.9896 1.5024 1.4283 -6.9692 1.5445 .6989 -6.6966
4 402 1.8195 .7932 -6.7172 1.5445 .6989 -6.6966 1.5024 1.4283 -6.9692 1.8192 .8896 -6.753
4 402 .3322 1.3564 -7.0033 .3586 1.2659 -6.9684 .33 .9546 -6.8544 0 1.336 -7.013
3 402 2.1426 11.1878 -8.2218 1.6697 11.6526 -8.2931 2.5233 11.8367 -8.2183
3 402 2.5233 11.8367 -8.2183 2.901 11.8349 -8.1808 2.7526 11.4566 -8.1756
3 402 3.4687 9.8842 -8.0218 3.289 10.0609 -8.0489 3.8256 9.9099 -7.9878
3 402 3.289 10.0609 -8.0489 3.0325 10.7753 -8.112 3.661 10.7132 -8.0464
3 402 3.9823 12.6827 -8.1185 3.9143 11.4806 -8.0618 3.8836 11.8064 -8.082
4 402 3.8252 12.9098 -8.146 3.9823 12.6827 -8.1185 3.8836 11.8064 -8.082 3.397 12.5539 -8.1696
3 402 2.9543 12.9283 -8.2332 2.3287 13.3276 -8.3162 3.3358 13.3421 -8.2172
4 402 7.0028 8.3416 -6.6362 7.0032 7.9164 -6.6418 6.5571 7.8493 -6.9548 6.5165 8.324 -6.9766
4 402 7.4673 7.796 -6.3188 7.0032 7.9164 -6.6418 7.0028 8.3416 -6.6362 7.3897 8.1774 -6.3678
3 402 6.7025 6.1517 -6.8769 6.6459 6.8121 -6.9072 7.0095 6.333 -6.6596
4 402 7.1715 6.5761 -6.5429 7.0095 6.333 -6.6596 6.6459 6.8121 -6.9072 6.9794 6.8063 -6.674
4 402 -6.067 12.4546 -7.2953 -6.0408 11.6109 -7.2667 -6.3735 11.4938 -7.1291 -6.3647 12.4101 -7.175
4 402 -6.0408 11.6109 -7.2667 -6.067 12.4546 -7.2953 -5.7979 12.702 -7.4136 -5.2455 11.5173 -7.5783
4 402 -4.6646 12.387 -7.8493 -5.2455 11.5173 -7.5783 -5.7979 12.702 -7.4136 -4.8369 12.4649 -7.7845
3 402 0 8.1438 -8.1463 0 7.1376 -8.0301 -.0476 7.4089 -8.0582
4 402 -1.0072 7.6405 -8.0186 -1.1613 7.2898 -7.9675 -1.3268 7.9992 -8.038 -1.0795 7.7898 -8.0309
4 402 -1.9719 6.6756 -7.8406 -1.3268 7.9992 -8.038 -1.1613 7.2898 -7.9675 -1.5715 6.8805 -7.8919
4 402 -3.2236 5.9508 -7.6705 -2.9756 5.8825 -7.6798 -2.4972 5.4608 -7.6641 -3.7219 5.4126 -7.574
4 402 -.1299 5.7365 -7.8594 -.2637 6.2955 -7.9147 0 6.2348 -7.9259 0 5.8249 -7.8786
3 402 -.1299 5.7365 -7.8594 -.4314 5.7029 -7.8347 -.2637 6.2955 -7.9147
4 402 -.8079 6.1323 -7.8583 -.2637 6.2955 -7.9147 -.4314 5.7029 -7.8347 -.6801 5.8586 -7.8355
4 402 -.6378 6.6825 -7.9336 -.2637 6.2955 -7.9147 -.8079 6.1323 -7.8583 -.7988 6.4217 -7.8923
4 402 -1.1475 5.7407 -7.7896 -1.612 5.8 -7.7644 -2.131 6.1483 -7.7688 -1.2824 6.4239 -7.8592
4 402 0 7.1376 -8.0301 0 6.6773 -7.977 -.012 6.6792 -7.9764 -.1671 6.8056 -7.9803
3 402 0 1.336 -7.013 -1.337 1.4182 -6.974 -.5346 1.5176 -7.028
4 402 -1.3322 1.4839 -6.9877 -1.1329 1.7151 -7.0437 -.5346 1.5176 -7.028 -1.337 1.4182 -6.974
3 402 -1.1329 1.7151 -7.0437 -.7375 1.7384 -7.065 -.5346 1.5176 -7.028
4 402 6.6459 6.8121 -6.9072 6.7025 6.1517 -6.8769 6.5475 6.0966 -6.9318 6.261 6.4578 -7.0404
4 402 6.0551 7.6388 -7.1323 5.9762 8.3045 -7.1708 6.5165 8.324 -6.9766 6.5571 7.8493 -6.9548
3 402 5.1976 7.7982 -7.4434 6.0551 7.6388 -7.1323 5.6679 7.2054 -7.2652
3 402 6.3898 9.804 -7.0445 6.3796 10.8654 -7.0976 6.4664 10.8668 -7.0298
3 402 0 1.336 -7.013 0 .4907 -6.6996 -.2737 .3758 -6.6428
4 402 -.8856 .4716 -6.6465 -.9623 .8829 -6.795 -.2737 .3758 -6.6428 -.797 .3946 -6.6226
4 402 -1.2449 .9711 -6.813 -1.3537 1.1863 -6.8872 -1.337 1.4182 -6.974 -.9623 .8829 -6.795
3 272 4.174 12.3905 5.8253 4.12 12.4688 5.8461 4.1189 12.3851 5.8429