0 Minifig Mask Crocodile
0 Name: 12551.dat
0 Author: Evert-Jan Boer [ejboer]
0 !LDRAW_ORG Unofficial_Part
0 !LICENSE Licensed under CC BY 4.0 : see CAreadme.txt

0 BFC CERTIFY CCW

0 !CATEGORY Minifig Headwear

0 !HISTORY 2013-08-14 {LEGO Digital Designer} Original part shape
0 !HISTORY 2023-12-30 [ejboer] File preparation for LDraw Parts Tracker

1 16 0 -4 0 1 0 0 0 -1 0 0 0 1 stud16.dat
1 16 0 -4 0 8 0 0 0 -1 0 0 0 8 4-4disc.dat
0 BFC INVERTNEXT
1 16 0 -2 0 2 0 0 0 -2 0 0 0 2 4-4con4.dat
0 BFC INVERTNEXT
1 16 0 -2 0 10 0 0 0 1.5 0 0 0 10 4-4cylo.dat
0 BFC INVERTNEXT
1 16 0 4 0 0 0 10 0 -15 0 10 0 0 t04o3000.dat
0 BFC INVERTNEXT
1 16 0 4 0 10 0 0 0 -15 0 0 0 -10 t04o3000.dat
0 BFC INVERTNEXT
1 16 0 4 0 0 0 -10 0 -15 0 -10 0 0 t04o3000.dat
0 BFC INVERTNEXT
1 16 0 4 0 -10 0 0 0 -15 0 0 0 10 t04o3000.dat

1 16 0 0 0 1 0 0 0 1 0 0 0 1 s\12551s01.dat
1 16 0 0 0 -1 0 0 0 1 0 0 0 1 s\12551s01.dat

5 24 0 9.339 -13.774 0 8.696 -13 -2.384 9.358 -13.747 2.384 9.358 -13.747
5 24 0 15.166 13 0 15.916 13.411 4.989 15.941 12.456 -4.989 15.941 12.456
5 24 0 10.474 -20.225 0 9.339 -13.774 2.384 9.358 -13.747 -2.384 9.358 -13.747
5 24 0 23.928 -33.676 0 12.882 -33.783 -3.489 15.897 -33.769 3.489 15.897 -33.769
5 24 0 -5.931 11.797 0 -8.027 6.483 -3.36 -7.783 6.375 3.36 -7.783 6.375
5 24 0 15.774 16.292 0 15.022 17.105 3.599 15.016 17 -3.599 15.016 17
5 24 0 7.095 -27.695 0 8.072 -34.25 2.596 8.126 -34.219 -2.596 8.126 -34.219
5 24 0 -7.815 -2.745 0 -6.732 -7.75 3.038 -6.568 -7.406 -3.038 -6.568 -7.406
5 24 0 12.882 -33.783 0 12.59 -32.11 -2.122 12.645 -32.3 2.122 12.645 -32.3
5 24 8 -4 0 7.391 -4 3.062 9.239 -2 3.827 0 -4 0
5 24 0 15.916 13.411 0 16.274 14.089 3.563 16.278 13.689 -3.563 16.278 13.689
5 24 0 11.854 -27.514 0 10.474 -20.225 -2.015 10.539 -20.189 2.015 10.539 -20.189
5 24 0 4.618 17.754 0 -1.619 16.101 -3.427 4.703 17.709 3.427 4.703 17.709
5 24 -7.3912 -4 3.0616 -8 -4 0 0 -4 0 -10 -2 0
5 24 0 4 13 0 15.166 13 -4.9751 15.4876 12.0107 4.9751 15.4876 12.0107
5 24 0 2.291 -20.511 0 5.626 -24.592 2.378 5.681 -24.552 -2.378 5.681 -24.552
5 24 0 .194 -16.706 0 1.11 -16.88 -2.836 1.185 -16.789 2.836 1.185 -16.789
5 24 0 17.529 -36.698 0 23.925 -36.556 -5.323 17.615 -36.382 5.323 17.615 -36.382
5 24 0 11.373 17.846 0 5.903 17.855 -3.427 5.785 17.778 3.427 5.785 17.778
5 24 0 1.11 -16.88 0 2.291 -20.511 -2.53 2.344 -20.383 2.53 2.344 -20.383
5 24 0 5.903 17.855 0 4.618 17.754 -3.427 4.703 17.709 3.427 4.703 17.709
5 24 0 8.072 -34.25 0 12.903 -37.825 -3.732 12.903 -37.667 3.732 12.903 -37.667
5 24 0 -8.027 6.483 0 -7.815 -2.745 -3.04 -7.592 -2.759 3.04 -7.592 -2.759
5 24 0 5.626 -24.592 0 7.095 -27.695 -2.483 7.201 -27.675 2.483 7.201 -27.675
5 24 0 -1.619 16.101 0 -5.931 11.797 3.446 -5.683 12.021 -3.446 -5.683 12.021
5 24 0 12.903 -37.825 0 17.529 -36.698 3.732 12.903 -37.667 -3.732 12.903 -37.667
5 24 0 -1.81 -14.05 0 .194 -16.706 -3.02 .228 -16.559 3.02 .228 -16.559
5 24 0 -6.732 -7.75 0 -1.81 -14.05 2.776 -1.944 -13.683 -2.776 -1.944 -13.683
5 24 0 15.022 17.105 0 11.373 17.846 -3.506 11.286 17.763 3.506 11.286 17.763
5 24 7.391 -4 -3.0614 8 -4 0 0 -4 0 10 -2 0
5 24 -8 -4 0 -7.3912 -4 -3.0616 -9.239 -2 -3.827 0 -4 0
5 24 0 8.696 -13 0 4 -13 4.9211 5.831 -12.0214 -4.9211 5.831 -12.0214
5 24 0 16.274 14.089 0 15.774 16.292 -3.563 16.278 13.689 3.563 16.278 13.689
