0 Tile  2 x  2 Round with Red Super Mario Capital Letter "M" Pattern
0 Name: 14769pz6.dat
0 Author: Gabriel Läufer [Dr.Bricktacular]
0 !LDRAW_ORG Unofficial_Part
0 !LICENSE Licensed under CC BY 4.0 : see CAreadme.txt

0 BFC CERTIFY CCW

0 !CATEGORY Tile
0 !KEYWORDS Bricklink 14769pb730, BrickOwl 73464, Brickset 110707
0 !KEYWORDS Interactive LEGO Mario & Standard Kart, Mario Kart
0 !KEYWORDS Rebrickable 14769pr9964, Set 72032, Set 72043, Standard Kart
0 !KEYWORDS Super Mario

0 // Pattern-Basepart
1 16 0 0 0 1 0 0 0 1 0 0 0 1 s\14769s01.dat

0 // Pattern
1 16 0 0 0 20 0 0 0 1 0 0 0 20 48\1-8chrd.dat
1 16 0 0 0 0 0 -20 0 1 0 20 0 0 48\1-8chrd.dat
1 16 0 0 0 -20 0 0 0 1 0 0 0 -20 48\1-8chrd.dat
1 16 0 0 0 0 0 20 0 1 0 -20 0 0 48\1-8chrd.dat
1 16 0 0 0 20 0 0 0 1 0 0 0 -20 48\1-8chrd.dat
1 16 0 0 0 0 0 -20 0 1 0 -20 0 0 48\1-8chrd.dat
1 16 0 0 0 -20 0 0 0 1 0 0 0 20 48\1-8chrd.dat
1 16 0 0 0 0 0 20 0 1 0 20 0 0 48\1-8chrd.dat
4 16 -7.6667 0 13.3333 0 0 5.8333 7.6667 0 13.3333 0 0 20
3 16 -6 0 4.8333 -11.1667 0 -9.3333 0 0 -2.1667
4 16 11.1667 0 -9.3333 0 0 -2.1667 -11.1667 0 -9.3333 0 0 -20
3 16 6 0 4.8333 0 0 -2.1667 11.1667 0 -9.3333
3 16 0 0 20 7.6667 0 13.3333 14.142 0 14.142
4 16 14.142 0 14.142 7.6667 0 13.3333 16.8333 0 -4.8333 20 0 0
3 16 20 0 0 16.8333 0 -4.8333 14.142 0 -14.142
4 16 16.8333 0 -4.8333 11.1667 0 -9.3333 0 0 -20 14.142 0 -14.142
3 16 -11.1667 0 -9.3333 -14.142 0 -14.142 0 0 -20
3 16 0 0 20 -14.142 0 14.142 -7.6667 0 13.3333
4 16 -7.6667 0 13.3333 -14.142 0 14.142 -20 0 0 -16.8333 0 -4.8333
3 16 -16.8333 0 -4.8333 -20 0 0 -14.142 0 -14.142
3 16 -16.8333 0 -4.8333 -14.142 0 -14.142 -11.1667 0 -9.3333
4 4 -7.6667 0 13.3333 -16.8333 0 -4.8333 -11.1667 0 -9.3333 -6 0 4.8333
4 4 0 0 5.8333 -7.6667 0 13.3333 -6 0 4.8333 0 0 -2.1667
4 4 0 0 5.8333 0 0 -2.1667 6 0 4.8333 7.6667 0 13.3333
4 4 16.8333 0 -4.8333 7.6667 0 13.3333 6 0 4.8333 11.1667 0 -9.3333