0 Slope Brick Curved  2 x  2 x  0.667 with SW Breathing Mask Pattern
0 Name: 15068pz2.dat
0 Author: Evert-Jan Boer [ejboer]
0 !LDRAW_ORG Unofficial_Part
0 !LICENSE Licensed under CC BY 4.0 : see CAreadme.txt

0 BFC CERTIFY CCW

0 !CATEGORY Slope
0 !KEYWORDS Bricklink 15068pb559, Clone Commander Cody, Set 40675

1 16 0 0 0 1 0 0 0 1 0 0 0 1 s\15068s01.dat

5 24 20 -4 -20 -20 -4 -20 20 -7.532 -14.436 20 24.972 -60
5 24 20 -7.532 -14.436 -20 -7.532 -14.436 20 -10.51 -8.284 20 -4 -20
5 24 20 -10.51 -8.284 -20 -10.51 -8.284 20 -12.883 -1.648 20 -7.532 -14.436
5 24 20 -12.883 -1.648 -20 -12.883 -1.648 20 -14.604 5.36 20 -10.51 -8.284
5 24 20 -14.604 5.36 -20 -14.604 5.36 20 -15.652 12.616 20 -12.883 -1.648
5 24 20 -15.652 12.616 -20 -15.652 12.616 20 -16 20 20 -14.604 5.36
5 24 20 -16 20 -20 -16 20 20 -15.652 27.384 20 -15.652 12.616

4 0 -6.5 -10.51 -8.284 -6.5 -10.115 -9.1 -2 -10.115 -9.1 -.8 -10.51 -8.284
4 0 -2 -9.389 -10.6 -.8 -9.873 -9.6 -.8 -10.51 -8.284 -2 -10.115 -9.1
4 0 -.8 -9.873 -9.6 -2 -9.389 -10.6 2 -9.389 -10.6 .8 -9.873 -9.6
4 0 .8 -10.51 -8.284 2 -10.115 -9.1 6.5 -10.115 -9.1 6.5 -10.51 -8.284
4 0 .8 -10.51 -8.284 .8 -9.873 -9.6 2 -9.389 -10.6 2 -10.115 -9.1
4 0 -3 -12.883 -1.648 -4.3 -12.883 -1.648 -4.3 -12.614 -2.4 -3.4 -12.292 -3.3
3 0 -3.4 -12.292 -3.3 -3 -12.757 -2 -3 -12.883 -1.648
3 0 3 -12.757 -2 -.8 -12.292 -3.3 .8 -12.292 -3.3
4 0 -2 -12.292 -3.3 -.8 -12.292 -3.3 3 -12.757 -2 -3 -12.757 -2
3 0 -3 -12.757 -2 -3.4 -12.292 -3.3 -2 -12.292 -3.3
4 0 -4.9 -11.934 -4.3 -3.4 -12.292 -3.3 -4.3 -12.614 -2.4 -5.8 -12.185 -3.6
4 0 -4.9 -11.934 -4.3 -5.8 -12.185 -3.6 -6.3 -11.934 -4.3 -5.2 -11.72 -4.9
4 0 -5.2 -11.72 -4.9 -6.3 -11.934 -4.3 -6.5 -11.684 -5 -5.2 -10.611 -8
3 0 -6.5 -10.51 -8.284 -5.2 -10.611 -8 -6.5 -11.684 -5
4 0 -2 -10.611 -8 -5.2 -10.611 -8 -6.5 -10.51 -8.284 -.8 -10.51 -8.284
4 0 -.8 -12.292 -3.3 -2 -12.292 -3.3 -2 -10.611 -8 -.8 -10.51 -8.284
4 0 4.3 -12.883 -1.648 3 -12.883 -1.648 3 -12.757 -2 3.4 -12.292 -3.3
3 0 3.4 -12.292 -3.3 4.3 -12.614 -2.4 4.3 -12.883 -1.648
3 0 3 -12.757 -2 .8 -12.292 -3.3 2 -12.292 -3.3
3 0 3 -12.757 -2 2 -12.292 -3.3 3.4 -12.292 -3.3
4 0 4.3 -12.614 -2.4 3.4 -12.292 -3.3 4.9 -11.934 -4.3 5.8 -12.185 -3.6
4 0 6.3 -11.934 -4.3 5.8 -12.185 -3.6 4.9 -11.934 -4.3 5.2 -11.72 -4.9
4 0 6.5 -11.684 -5 6.3 -11.934 -4.3 5.2 -11.72 -4.9 5.2 -10.611 -8
3 0 6.5 -10.51 -8.284 6.5 -11.684 -5 5.2 -10.611 -8
4 0 5.2 -10.611 -8 2 -10.611 -8 .8 -10.51 -8.284 6.5 -10.51 -8.284
4 0 2 -10.611 -8 2 -12.292 -3.3 .8 -12.292 -3.3 .8 -10.51 -8.284
3 0 -19 -14.343 4.3 -16.452 -14.604 5.36 -19 -14.604 5.36
4 0 -4.3 -14.196 3.7 -8.6 -14.196 3.7 -8.6 -13.852 2.3 -4.3 -13.852 2.3
4 0 -4.3 -13.459 .7 -8.6 -13.459 .7 -8.6 -13.115 -.7 -4.3 -13.115 -.7
3 0 -4.3 -13.115 -.7 -4.3 -12.883 -1.648 -3 -12.883 -1.648
3 0 -3 -12.883 -1.648 -4.3 -13.459 .7 -4.3 -13.115 -.7
3 0 -3 -12.883 -1.648 -4.3 -13.852 2.3 -4.3 -13.459 .7
4 0 -3 -14.604 5.36 -4.3 -14.196 3.7 -4.3 -13.852 2.3 -3 -12.883 -1.648
3 0 -3 -14.604 5.36 -4.3 -14.604 5.36 -4.3 -14.196 3.7
3 0 19 -14.343 4.3 19 -14.604 5.36 16.452 -14.604 5.36
4 0 8.6 -13.852 2.3 8.6 -14.196 3.7 4.3 -14.196 3.7 4.3 -13.852 2.3
4 0 8.6 -13.115 -.7 8.6 -13.459 .7 4.3 -13.459 .7 4.3 -13.115 -.7
3 0 4.3 -13.115 -.7 3 -12.883 -1.648 4.3 -12.883 -1.648
3 0 3 -12.883 -1.648 4.3 -13.115 -.7 4.3 -13.459 .7
3 0 3 -12.883 -1.648 4.3 -13.459 .7 4.3 -13.852 2.3
4 0 4.3 -13.852 2.3 4.3 -14.196 3.7 3 -14.604 5.36 3 -12.883 -1.648
3 0 3 -14.604 5.36 4.3 -14.196 3.7 4.3 -14.604 5.36
4 0 -17.8 -14.696 6 -17.8 -15.014 8.2 -19 -15.101 8.8 -19 -14.604 5.36
3 0 -15.8 -15.183 9.371 -19 -15.101 8.8 -17.8 -15.014 8.2
4 0 -15.8 -15.183 9.371 -15.8 -14.824 6.883 -13.6 -14.964 7.854 -13.6 -15.37 10.659
3 0 -11.4 -15.104 8.825 -8.8 -15.27 9.973 -8.8 -15.652 12.616
4 0 -3 -15.652 12.616 -6.7 -15.652 12.616 -6.7 -15.404 10.9 -5.4 -15.318 10.3
3 0 -5.4 -15.318 10.3 -3 -15.419 11 -3 -15.652 12.616
4 0 3 -15.419 11 -3 -15.419 11 -5.4 -15.318 10.3 5.4 -15.318 10.3
4 0 -13.6 -15.37 10.659 -11.4 -15.556 11.948 -12.863 -15.652 12.616 -19 -15.101 8.8
3 0 -13.6 -15.37 10.659 -19 -15.101 8.8 -15.8 -15.183 9.371
4 0 -16.452 -14.604 5.36 -15.8 -14.824 6.883 -17.8 -14.696 6 -19 -14.604 5.36
4 0 -6.5 -15.202 9.5 -13.6 -14.964 7.854 -15.8 -14.824 6.883 -16.452 -14.604 5.36
3 0 -6.5 -15.202 9.5 -11.4 -15.104 8.825 -13.6 -14.964 7.854
3 0 -8.8 -15.27 9.973 -11.4 -15.104 8.825 -6.5 -15.202 9.5
4 0 -6.7 -15.404 10.9 -8.8 -15.27 9.973 -6.5 -15.202 9.5 -5.4 -15.318 10.3
4 0 -5.4 -15.318 10.3 -6.5 -15.202 9.5 -4.3 -14.956 7.8 -3 -15.057 8.5
3 0 -3 -15.057 8.5 -4.3 -14.956 7.8 -4.3 -14.797 6.7
4 0 -4.3 -14.604 5.36 -4.3 -14.797 6.7 -8.6 -14.797 6.7 -8.6 -14.604 5.36
4 0 -3 -14.604 5.36 -3 -15.057 8.5 -4.3 -14.797 6.7 -4.3 -14.604 5.36
4 0 19 -15.101 8.8 17.8 -15.014 8.2 17.8 -14.696 6 19 -14.604 5.36
3 0 15.8 -15.183 9.371 17.8 -15.014 8.2 19 -15.101 8.8
4 0 13.6 -14.964 7.854 15.8 -14.824 6.883 15.8 -15.183 9.371 13.6 -15.37 10.659
4 0 11.4 -15.556 11.948 8.8 -15.652 12.616 8.8 -15.27 9.973 11.4 -15.104 8.825
4 0 6.7 -15.652 12.616 3 -15.652 12.616 3 -15.419 11 5.4 -15.318 10.3
3 0 5.4 -15.318 10.3 6.7 -15.404 10.9 6.7 -15.652 12.616
3 0 11.4 -15.556 11.948 13.6 -15.37 10.659 19 -15.101 8.8
3 0 13.6 -15.37 10.659 15.8 -15.183 9.371 19 -15.101 8.8
4 0 15.8 -14.824 6.883 13.6 -14.964 7.854 6.5 -15.202 9.5 16.452 -14.604 5.36
4 0 17.8 -14.696 6 15.8 -14.824 6.883 16.452 -14.604 5.36 19 -14.604 5.36
3 0 6.5 -15.202 9.5 13.6 -14.964 7.854 11.4 -15.104 8.825
3 0 8.8 -15.27 9.973 6.5 -15.202 9.5 11.4 -15.104 8.825
4 0 6.5 -15.202 9.5 8.8 -15.27 9.973 6.7 -15.404 10.9 5.4 -15.318 10.3
4 0 4.3 -14.956 7.8 6.5 -15.202 9.5 5.4 -15.318 10.3 3 -15.057 8.5
3 0 3 -15.057 8.5 4.3 -14.797 6.7 4.3 -14.956 7.8
4 0 8.6 -14.604 5.36 8.6 -14.797 6.7 4.3 -14.797 6.7 4.3 -14.604 5.36
4 0 4.3 -14.604 5.36 4.3 -14.797 6.7 3 -15.057 8.5 3 -14.604 5.36
3 0 -8.8 -15.693 13.47 -12.863 -15.652 12.616 -8.8 -15.652 12.616
3 0 -6.7 -15.751 14.7 -6.7 -15.652 12.616 -3 -15.652 12.616
4 0 -3 -15.868 17.2 -3.4 -15.929 18.5 -6.7 -15.751 14.7 -3 -15.652 12.616
4 0 3.4 -15.929 18.5 -3.4 -15.929 18.5 -3 -15.868 17.2 3 -15.868 17.2
4 0 -8.8 -15.693 13.47 -6.7 -15.751 14.7 -3.4 -15.929 18.5 -12.863 -15.652 12.616
3 0 6.7 -15.751 14.7 3 -15.652 12.616 6.7 -15.652 12.616
4 0 6.7 -15.751 14.7 3.4 -15.929 18.5 3 -15.868 17.2 3 -15.652 12.616
4 0 3.4 -15.929 18.5 6.7 -15.751 14.7 8.8 -15.693 13.47 12.863 -15.652 12.616
3 0 8.8 -15.693 13.47 8.8 -15.652 12.616 12.863 -15.652 12.616
3 0 -12.863 -15.652 12.616 -11.4 -15.556 11.948 -8.8 -15.652 12.616
3 0 -11.4 -15.556 11.948 -11.4 -15.104 8.825 -8.8 -15.652 12.616
3 0 8.8 -15.652 12.616 11.4 -15.556 11.948 12.863 -15.652 12.616
3 0 12.863 -15.652 12.616 11.4 -15.556 11.948 19 -15.101 8.8
4 16 -20 -7.532 -14.436 -20 -4 -20 20 -4 -20 20 -7.532 -14.436
4 16 -.8 -9.873 -9.6 .8 -9.873 -9.6 .8 -10.51 -8.284 -.8 -10.51 -8.284
4 16 2 -9.389 -10.6 -2 -9.389 -10.6 -20 -7.532 -14.436 20 -7.532 -14.436
4 16 -20 -7.532 -14.436 -2 -9.389 -10.6 -2 -10.115 -9.1 -6.5 -10.115 -9.1
4 16 -6.5 -10.51 -8.284 -20 -10.51 -8.284 -20 -7.532 -14.436 -6.5 -10.115 -9.1
4 16 2 -10.115 -9.1 2 -9.389 -10.6 20 -7.532 -14.436 6.5 -10.115 -9.1
4 16 6.5 -10.51 -8.284 6.5 -10.115 -9.1 20 -7.532 -14.436 20 -10.51 -8.284
4 16 -5.8 -12.185 -3.6 -4.3 -12.614 -2.4 -4.3 -12.883 -1.648 -20 -12.883 -1.648
4 16 .8 -10.51 -8.284 .8 -12.292 -3.3 -.8 -12.292 -3.3 -.8 -10.51 -8.284
4 16 -20 -10.51 -8.284 -6.5 -10.51 -8.284 -6.5 -11.684 -5 -20 -12.883 -1.648
3 16 -20 -12.883 -1.648 -6.5 -11.684 -5 -6.3 -11.934 -4.3
3 16 -20 -12.883 -1.648 -6.3 -11.934 -4.3 -5.8 -12.185 -3.6
4 16 5.8 -12.185 -3.6 20 -12.883 -1.648 4.3 -12.883 -1.648 4.3 -12.614 -2.4
4 16 20 -10.51 -8.284 20 -12.883 -1.648 6.5 -11.684 -5 6.5 -10.51 -8.284
3 16 20 -12.883 -1.648 6.3 -11.934 -4.3 6.5 -11.684 -5
3 16 20 -12.883 -1.648 5.8 -12.185 -3.6 6.3 -11.934 -4.3
4 16 -20 -12.883 -1.648 -19 -14.343 4.3 -19 -14.604 5.36 -20 -14.604 5.36
4 16 -8.6 -14.604 5.36 -8.6 -14.196 3.7 -4.3 -14.196 3.7 -4.3 -14.604 5.36
4 16 -16.452 -14.604 5.36 -19 -14.343 4.3 -8.6 -14.196 3.7 -8.6 -14.604 5.36
4 16 -8.6 -13.852 2.3 -8.6 -14.196 3.7 -19 -14.343 4.3 -20 -12.883 -1.648
4 16 -8.6 -13.852 2.3 -8.6 -13.459 .7 -4.3 -13.459 .7 -4.3 -13.852 2.3
3 16 -8.6 -13.852 2.3 -20 -12.883 -1.648 -8.6 -13.459 .7
3 16 -8.6 -13.459 .7 -20 -12.883 -1.648 -8.6 -13.115 -.7
4 16 -20 -12.883 -1.648 -4.3 -12.883 -1.648 -4.3 -13.115 -.7 -8.6 -13.115 -.7
4 16 20 -12.883 -1.648 20 -14.604 5.36 19 -14.604 5.36 19 -14.343 4.3
4 16 8.6 -14.196 3.7 19 -14.343 4.3 16.452 -14.604 5.36 8.6 -14.604 5.36
4 16 4.3 -14.196 3.7 8.6 -14.196 3.7 8.6 -14.604 5.36 4.3 -14.604 5.36
4 16 19 -14.343 4.3 8.6 -14.196 3.7 8.6 -13.852 2.3 20 -12.883 -1.648
4 16 4.3 -13.459 .7 8.6 -13.459 .7 8.6 -13.852 2.3 4.3 -13.852 2.3
3 16 8.6 -13.852 2.3 8.6 -13.459 .7 20 -12.883 -1.648
3 16 8.6 -13.459 .7 8.6 -13.115 -.7 20 -12.883 -1.648
4 16 20 -12.883 -1.648 8.6 -13.115 -.7 4.3 -13.115 -.7 4.3 -12.883 -1.648
3 16 -20 -15.652 12.616 -19 -15.101 8.8 -12.863 -15.652 12.616
4 16 -20 -14.604 5.36 -19 -14.604 5.36 -19 -15.101 8.8 -20 -15.652 12.616
4 16 -8.6 -14.797 6.7 -4.3 -14.956 7.8 -6.5 -15.202 9.5 -16.452 -14.604 5.36
3 16 -4.3 -14.956 7.8 -8.6 -14.797 6.7 -4.3 -14.797 6.7
3 16 -8.6 -14.797 6.7 -16.452 -14.604 5.36 -8.6 -14.604 5.36
3 16 20 -15.652 12.616 12.863 -15.652 12.616 19 -15.101 8.8
4 16 20 -14.604 5.36 20 -15.652 12.616 19 -15.101 8.8 19 -14.604 5.36
4 16 6.5 -15.202 9.5 4.3 -14.956 7.8 8.6 -14.797 6.7 16.452 -14.604 5.36
3 16 4.3 -14.956 7.8 4.3 -14.797 6.7 8.6 -14.797 6.7
3 16 8.6 -14.797 6.7 8.6 -14.604 5.36 16.452 -14.604 5.36
4 16 20 -16 20 -20 -16 20 -3.4 -15.929 18.5 3.4 -15.929 18.5
4 16 -20 -15.652 12.616 -12.863 -15.652 12.616 -3.4 -15.929 18.5 -20 -16 20
4 16 20 -15.652 12.616 20 -16 20 3.4 -15.929 18.5 12.863 -15.652 12.616
4 72 -2 -10.611 -8 -2 -12.292 -3.3 -3.4 -12.292 -3.3 -5.2 -10.611 -8
4 72 -5.2 -11.72 -4.9 -5.2 -10.611 -8 -3.4 -12.292 -3.3 -4.9 -11.934 -4.3
4 72 3.4 -12.292 -3.3 2 -12.292 -3.3 2 -10.611 -8 5.2 -10.611 -8
4 72 3.4 -12.292 -3.3 5.2 -10.611 -8 5.2 -11.72 -4.9 4.9 -11.934 -4.3
4 72 -3 -12.757 -2 3 -12.757 -2 3 -12.883 -1.648 -3 -12.883 -1.648
4 72 3 -14.604 5.36 -3 -14.604 5.36 -3 -12.883 -1.648 3 -12.883 -1.648
4 72 -3 -15.419 11 3 -15.419 11 3 -15.652 12.616 -3 -15.652 12.616
4 72 -17.8 -15.014 8.2 -17.8 -14.696 6 -15.8 -14.824 6.883 -15.8 -15.183 9.371
4 72 -11.4 -15.104 8.825 -11.4 -15.556 11.948 -13.6 -15.37 10.659 -13.6 -14.964 7.854
4 72 -8.8 -15.27 9.973 -6.7 -15.404 10.9 -6.7 -15.652 12.616 -8.8 -15.652 12.616
4 72 15.8 -14.824 6.883 17.8 -14.696 6 17.8 -15.014 8.2 15.8 -15.183 9.371
4 72 13.6 -15.37 10.659 11.4 -15.556 11.948 11.4 -15.104 8.825 13.6 -14.964 7.854
4 72 6.7 -15.404 10.9 8.8 -15.27 9.973 8.8 -15.652 12.616 6.7 -15.652 12.616
4 72 5.4 -15.318 10.3 -5.4 -15.318 10.3 -3 -15.057 8.5 3 -15.057 8.5
4 72 3 -14.604 5.36 3 -15.057 8.5 -3 -15.057 8.5 -3 -14.604 5.36
4 72 3 -15.652 12.616 3 -15.868 17.2 -3 -15.868 17.2 -3 -15.652 12.616
4 72 -6.7 -15.652 12.616 -6.7 -15.751 14.7 -8.8 -15.693 13.47 -8.8 -15.652 12.616
4 72 8.8 -15.652 12.616 8.8 -15.693 13.47 6.7 -15.751 14.7 6.7 -15.652 12.616