0 Sticker  2.3 x  2.9 with "Paradisa" and Green Palm Leaves
0 Name: 168095a.dat
0 Author: Takeshi Takahashi [RainbowDolphin]
0 !LDRAW_ORG Unofficial_Part
0 !LICENSE Licensed under CC BY 4.0 : see CAreadme.txt

0 BFC CERTIFY CCW

0 !CATEGORY Sticker
0 !KEYWORDS Bricklink 6410stk01, BrickOwl 256150, Cabana beach
0 !KEYWORDS Rebrickable 168095, Set 6410, town

1 16 0 -0.25 0 29 0 0 0 0.25 0 0 0 23 box5-12.dat
0 BFC NOCLIP
0 // Font: Palatino Linotype Bold Italic
4 2 -6.7 -0.25 11.4 -1.5 -0.25 8.6 -2.3 -0.25 13.4 -4.5 -0.25 14.4
4 2 -6.7 -0.25 11.4 -4.5 -0.25 14.4 -6.4 -0.25 14.7 -8.3 -0.25 13.8
3 2 -6.4 -0.25 14.7 -8.8 -0.25 14.6 -8.3 -0.25 13.8
4 2 -6.7 -0.25 11.4 -8.3 -0.25 13.8 -9.8 -0.25 10.6 -9.8 -0.25 9.8
4 2 -12.6 -0.25 12.2 -9.8 -0.25 10.6 -8.3 -0.25 13.8 -11 -0.25 13.6
3 2 -11 -0.25 13.6 -13.7 -0.25 12.7 -12.6 -0.25 12.2
4 2 -13.9 -0.25 9.7 -9.8 -0.25 10.6 -12.6 -0.25 12.2 -14.2 -0.25 11
3 2 -14.2 -0.25 11 -15.4 -0.25 9.6 -13.9 -0.25 9.7
4 2 -12.7 -0.25 8.5 -9.8 -0.25 10.6 -13.9 -0.25 9.7 -14.6 -0.25 8.3
3 2 -9.8 -0.25 10.6 -12.7 -0.25 8.5 -12.3 -0.25 7.8
4 2 -13.5 -0.25 7.3 -12.7 -0.25 8.5 -14.6 -0.25 8.3 -14.6 -0.25 6.6
4 2 -4.5 -0.25 8.6 -1.5 -0.25 8.6 -6.7 -0.25 11.4 -8.4 -0.25 9.7
4 2 -6 -0.25 7 -4.5 -0.25 8.6 -8.4 -0.25 9.7 -9.3 -0.25 7.5
3 2 -8.4 -0.25 9.7 -10 -0.25 8.3 -9.3 -0.25 7.5
4 2 -7.7 -0.25 6.1 -6 -0.25 7 -9.3 -0.25 7.5 -11 -0.25 5.3
3 2 -6 -0.25 7 -7.7 -0.25 6.1 -7.2 -0.25 5.3
4 2 -11 -0.25 5.3 -9.3 -0.25 7.5 -11.1 -0.25 6.7 -12.5 -0.25 5.2
4 2 -7.7 -0.25 6.1 -11 -0.25 5.3 -9.9 -0.25 3.8 -8.6 -0.25 4.1
3 2 -8.6 -0.25 4.1 -9.9 -0.25 3.8 -9.7 -0.25 2.6
4 2 -9.9 -0.25 3.8 -11 -0.25 5.3 -12 -0.25 3.6 -10.9 -0.25 2.3
3 2 -12 -0.25 3.6 -12.7 -0.25 0.7 -10.9 -0.25 2.3
4 2 -1.5 -0.25 8.6 -4.5 -0.25 8.6 -2.7 -0.25 5.7 -1.4 -0.25 6.8
3 2 -1.4 -0.25 6.8 -2.7 -0.25 5.7 -1.7 -0.25 5.2
4 2 -5.4 -0.25 4.8 -2.7 -0.25 5.7 -4.5 -0.25 8.6 -5.8 -0.25 6.2
3 2 -5.8 -0.25 6.2 -6.5 -0.25 4.6 -5.4 -0.25 4.8
4 2 -2.7 -0.25 5.7 -5.4 -0.25 4.8 -3.5 -0.25 3.6 -2.1 -0.25 4.4
3 2 -2.1 -0.25 4.4 -3.5 -0.25 3.6 -2.4 -0.25 3
4 2 -3.5 -0.25 3.6 -5.4 -0.25 4.8 -4.5 -0.25 2 -2.9 -0.25 1.8
3 2 -4.5 -0.25 2 -3.5 -0.25 0.9 -2.9 -0.25 1.8
4 2 -6.5 -0.25 1.2 -4.5 -0.25 2 -5.4 -0.25 4.8 -6.9 -0.25 2.8
3 2 -6.9 -0.25 2.8 -7.9 -0.25 1.1 -6.5 -0.25 1.2
4 2 -5.6 -0.25 -0.8 -4.5 -0.25 2 -6.5 -0.25 1.2 -6.6 -0.25 -1.5
4 2 -2.3 -0.25 13.4 -1.5 -0.25 8.6 4.6 -0.25 12.9 0.4 -0.25 14.6
4 2 -0.6 -0.25 15.3 -2.3 -0.25 13.4 0.4 -0.25 14.6 0.2 -0.25 15.5
4 2 0.4 -0.25 14.6 4.6 -0.25 12.9 4.5 -0.25 15.7 2.6 -0.25 16.1
3 2 4.5 -0.25 16.6 2.6 -0.25 16.1 4.5 -0.25 15.7
4 2 4.5 -0.25 15.7 4.6 -0.25 12.9 8.4 -0.25 15.9 6.9 -0.25 16.8
3 2 9 -0.25 17 6.9 -0.25 16.8 8.4 -0.25 15.9
4 2 10 -0.25 13.1 8.4 -0.25 15.9 4.6 -0.25 12.9 10.1 -0.25 12.4
4 2 8.4 -0.25 15.9 10 -0.25 13.1 12.2 -0.25 14.9 12.2 -0.25 15.9
3 2 12.2 -0.25 15.9 12.2 -0.25 14.9 13.1 -0.25 15.6
4 2 13.4 -0.25 13.3 12.2 -0.25 14.9 10 -0.25 13.1 13.4 -0.25 12.6
4 2 15 -0.25 14.3 12.2 -0.25 14.9 13.4 -0.25 13.3 16.6 -0.25 12.8
3 2 15 -0.25 14.3 16.6 -0.25 12.8 17.5 -0.25 13.3
4 2 4.6 -0.25 12.9 -1.5 -0.25 8.6 4.6 -0.25 8.6 6.1 -0.25 12
3 2 6.1 -0.25 12 4.6 -0.25 8.6 5.9 -0.25 9
4 2 9 -0.25 8.8 6.1 -0.25 12 5.9 -0.25 9 7.7 -0.25 7.8
3 2 9 -0.25 8.8 7.7 -0.25 7.8 8.6 -0.25 7.9
4 2 6.1 -0.25 12 9 -0.25 8.8 10.3 -0.25 11.4 9.5 -0.25 12
4 2 11 -0.25 8.3 10.3 -0.25 11.4 9 -0.25 8.8 10.3 -0.25 7.4
3 2 11 -0.25 8.3 10.3 -0.25 7.4 11 -0.25 7.2
4 2 10.3 -0.25 11.4 11 -0.25 8.3 13.1 -0.25 10.3 12.6 -0.25 11.2
4 2 14 -0.25 7.6 13.1 -0.25 10.3 11 -0.25 8.3 13.6 -0.25 6.6
3 2 14 -0.25 7.6 13.6 -0.25 6.6 14.3 -0.25 6.5
4 2 14.7 -0.25 9.9 13.1 -0.25 10.3 14 -0.25 7.6 15.9 -0.25 8.9
4 2 15.9 -0.25 8.9 14 -0.25 7.6 17 -0.25 6.8 18 -0.25 7.2
4 2 2.4 -0.25 6.8 4.6 -0.25 8.6 -1.5 -0.25 8.6 0.5 -0.25 6.5
3 2 2.4 -0.25 6.8 0.5 -0.25 6.5 2.1 -0.25 5.7
4 2 4.6 -0.25 8.6 2.4 -0.25 6.8 7.3 -0.25 5.7 7.6 -0.25 7
3 2 7.6 -0.25 7 7.3 -0.25 5.7 9 -0.25 5.8
4 2 5.3 -0.25 4.4 7.3 -0.25 5.7 2.4 -0.25 6.8 3.9 -0.25 4.1
3 2 5.3 -.25 4.4 3.9 -.25 4.1 5 -.25 3.3
4 2 7.3 -0.25 5.7 5.3 -0.25 4.4 8.6 -0.25 2.3 9.4 -0.25 3
3 2 9.4 -0.25 3 8.6 -0.25 2.3 10 -0.25 1.7
4 5 -25.08 -0.25 -7.19 -25.11 -0.25 -7.49 -25.07 -0.25 -7.54 -24.74 -0.25 -7.12
4 5 -24.74 -0.25 -7.12 -25.07 -0.25 -7.54 -24.12 -0.25 -7.51 -24.13 -0.25 -7.03
3 5 -24.74 -0.25 -7.12 -25.02 -0.25 -7.14 -25.08 -0.25 -7.19
4 5 -23.03 -0.25 -7.5 -23.95 -0.25 -6.77 -24.13 -0.25 -7.03 -24.12 -0.25 -7.51
4 5 -22.16 -0.25 -6.99 -22.26 -0.25 -6.74 -23.03 -0.25 -7.5 -22.07 -0.25 -7.51
4 5 -21.76 -0.25 -7.1 -22.16 -0.25 -6.99 -22.07 -0.25 -7.51 -21.16 -0.25 -7.54
4 5 -22.12 -0.25 -5.69 -23.62 -0.25 -5.15 -23.83 -0.25 -6.28 -22.24 -0.25 -6.49
4 5 -22.26 -0.25 -6.74 -22.24 -0.25 -6.49 -23.83 -0.25 -6.28 -23.03 -0.25 -7.5
3 5 -21.99 -0.25 -4.86 -23.62 -0.25 -5.15 -22.12 -0.25 -5.69
3 5 -23.83 -0.25 -6.28 -23.95 -0.25 -6.77 -23.03 -0.25 -7.5
4 5 -21.44 -0.25 -1.7 -22.83 -0.25 -0.46 -23.06 -0.25 -1.91 -21.84 -0.25 -4
4 5 -23.3 -0.25 0.62 -22.92 -0.25 0.56 -22.98 -0.25 1.05 -23.79 -0.25 1.08
4 5 -23.85 -0.25 1.02 -23.9 -0.25 0.7 -23.85 -0.25 0.65 -23.79 -0.25 1.08
3 5 -23.79 -0.25 1.08 -23.85 -0.25 0.65 -23.3 -0.25 0.62
4 5 -22.98 -0.25 1.05 -22.92 -0.25 0.56 -22.79 -0.25 0.46 -22.01 -0.25 1.04
4 5 -20.77 -0.25 -3.45 -21.22 -0.25 -3.33 -21.26 -0.25 -3.37 -21.21 -0.25 -3.76
4 5 -22.01 -0.25 1.04 -22.79 -0.25 0.46 -22.75 -0.25 0.28 -21.05 -0.25 0.41
4 5 -22.75 -0.25 0.28 -22.83 -0.25 -0.46 -21.26 -0.25 -0.67 -21.05 -0.25 0.41
3 5 -22.83 -0.25 -0.46 -21.44 -0.25 -1.7 -21.26 -0.25 -0.67
4 5 -21.84 -0.25 -4 -23.06 -0.25 -1.91 -23.62 -0.25 -5.15 -21.99 -0.25 -4.86
4 5 -21.11 -0.25 -7.14 -21.16 -0.25 -7.54 -21.11 -0.25 -7.49 -21.07 -0.25 -7.18
4 5 -20.77 -0.25 -3.45 -21.21 -0.25 -3.76 -20.58 -0.25 -3.94 -20.34 -0.25 -3.5
4 5 -20.34 -0.25 -3.5 -20.58 -0.25 -3.94 -19.97 -0.25 -3.99 -19.83 -0.25 -3.41
3 5 -21.76 -0.25 -7.1 -21.16 -0.25 -7.54 -21.11 -0.25 -7.14
4 5 -19.39 -0.25 -3.15 -19.83 -0.25 -3.41 -19.18 -0.25 -3.9 -18.46 -0.25 -3.61
3 5 -19.83 -0.25 -3.41 -19.97 -0.25 -3.99 -19.18 -0.25 -3.9
4 5 -19.02 -0.25 -2.74 -19.39 -0.25 -3.15 -18.46 -0.25 -3.61 -17.81 -0.25 -3.13
4 5 -18.76 -0.25 -2.22 -19.02 -0.25 -2.74 -17.81 -0.25 -3.13 -17.3 -0.25 -2.5
4 5 -18.6 -0.25 -1.64 -18.76 -0.25 -2.22 -17.3 -0.25 -2.5 -17 -0.25 -1.8
4 5 -21.13 -0.25 1.04 -21.05 -0.25 0.41 -20.5 -0.25 0.48 -20.26 -0.25 1.07
4 5 -19.44 -0.25 0.41 -18.61 -0.25 1.02 -19.39 -0.25 1.08 -19.8 -0.25 1.08
4 5 -20.13 -0.25 0.51 -19.44 -0.25 0.41 -19.8 -0.25 1.08 -20.26 -0.25 1.07
3 5 -20.26 -0.25 1.07 -20.5 -0.25 0.48 -20.13 -0.25 0.51
4 5 -18.61 -0.25 1.02 -19.44 -0.25 0.41 -18.95 -0.25 0.11 -18.01 -0.25 0.84
3 5 -21.13 -0.25 1.04 -22.01 -0.25 1.04 -21.05 -0.25 0.41
4 5 -18.55 -0.25 -1.05 -18.6 -0.25 -1.64 -17 -0.25 -1.8 -16.9 -0.25 -1.01
4 5 -18.55 -0.25 -1.05 -16.9 -0.25 -1.01 -16.97 -0.25 -0.39 -18.65 -0.25 -0.38
4 5 -18.01 -0.25 0.84 -18.95 -0.25 0.11 -18.65 -0.25 -0.38 -17.56 -0.25 0.55
4 5 -17.2 -0.25 0.13 -17.56 -0.25 0.55 -18.65 -0.25 -0.38 -16.97 -0.25 -0.39
4 5 -16.4 -0.25 -7.19 -16.25 -0.25 -7.54 -15.77 -0.25 -7.79 -15.18 -0.25 -7.62
4 5 -15.06 -0.25 -6.28 -16.41 -0.25 -6.02 -16.45 -0.25 -6.64 -16.4 -0.25 -7.19
4 5 -14.81 -0.25 -6.74 -15.06 -0.25 -6.28 -16.4 -0.25 -7.19 -15.18 -0.25 -7.62
4 5 -16.41 -0.25 -6.02 -15.06 -0.25 -6.28 -14.97 -0.25 -5.49 -16.28 -0.25 -5.31
4 5 -14.81 -0.25 -6.74 -15.18 -0.25 -7.62 -14.44 -0.25 -7.11 -14.46 -0.25 -6.55
4 5 -13.9 -0.25 -5.98 -14.46 -0.25 -6.55 -13.87 -0.25 -6.55 -13.26 -0.25 -5.74
3 5 -13.87 -0.25 -6.55 -14.46 -0.25 -6.55 -14.44 -0.25 -7.11
4 5 -13.31 -0.25 -5.17 -13.9 -0.25 -5.98 -13.26 -0.25 -5.74 -12.6 -0.25 -4.69
4 5 -16.079 -0.25 -4.54 -16.28 -0.25 -5.31 -14.97 -0.25 -5.49 -14.72 -0.25 -4.36
4 5 -15.43 -0.25 -3.14 -15.8 -0.25 -3.77 -14.72 -0.25 -4.36 -14.39 -0.25 -3.29
4 5 -15.09 -0.25 -2.83 -15.43 -0.25 -3.14 -14.39 -0.25 -3.29 -14.5 -0.25 -2.38
3 5 -15.8 -0.25 -3.77 -16.079 -0.25 -4.54 -14.72 -0.25 -4.36
3 5 -14.5 -0.25 -2.38 -14.39 -0.25 -3.29 -14.09 -0.25 -2.68
4 5 -14.5 -0.25 -2.38 -14.09 -0.25 -2.68 -13.75 -0.25 -2.4 -13.89 -0.25 -1.96
4 5 -13.32 -0.25 -2.31 -12.8 -0.25 -1.64 -13.48 -0.25 -1.75 -13.89 -0.25 -1.96
3 5 -13.89 -0.25 -1.96 -13.75 -0.25 -2.4 -13.32 -0.25 -2.31
4 5 -13.12 -0.25 -7.2 -13.01 -0.25 -7.62 -12.7 -0.25 -7.78 -12.02 -0.25 -7.55
4 5 -13.02 -0.25 -6.46 -13.12 -0.25 -7.2 -11.8 -0.25 -6.49 -12.87 -0.25 -5.78
4 5 -11.8 -0.25 -6.49 -13.12 -0.25 -7.2 -12.02 -0.25 -7.55 -11.64 -0.25 -6.73
3 5 -12.87 -0.25 -5.78 -11.8 -0.25 -6.49 -11.74 -0.25 -6.04
4 5 -11.43 -0.25 -7.18 -11.31 -0.25 -6.6 -11.64 -0.25 -6.73 -12.02 -0.25 -7.55
4 5 -11.31 -0.25 -6.6 -11.43 -0.25 -7.18 -10.51 -0.25 -6.52 -10.69 -0.25 -6.21
4 5 -10.48 -0.25 -6.44 -10.62 -0.25 -6.21 -10.69 -0.25 -6.21 -10.51 -0.25 -6.52
3 5 -12.82 -0.25 -4.28 -13.31 -0.25 -5.17 -12.6 -0.25 -4.69
4 5 -11.56 -0.25 -5.16 -12.6 -0.25 -4.69 -12.87 -0.25 -5.78 -11.74 -0.25 -6.04
4 5 -12.49 -0.25 -3.39 -12.82 -0.25 -4.28 -12.6 -0.25 -4.69 -11.56 -0.25 -5.16
4 5 -12.8 -0.25 -1.64 -13.32 -0.25 -2.31 -12.84 -0.25 -2.37 -12.17 -0.25 -1.72
4 5 -11.11 -0.25 -3.1 -12.32 -0.25 -2.58 -12.49 -0.25 -3.39 -11.56 -0.25 -5.16
4 5 -11.5 -0.25 -1.96 -12.32 -0.25 -2.58 -11.11 -0.25 -3.1 -10.91 -0.25 -2.29
4 5 -12.32 -0.25 -2.58 -11.5 -0.25 -1.96 -12.17 -0.25 -1.72 -12.84 -0.25 -2.37
4 5 -10.94 -0.25 -1.63 -11.5 -0.25 -1.96 -10.91 -0.25 -2.29 -10.74 -0.25 -1.78
4 5 -8.66 -0.25 -7.58 -9.14 -0.25 -6.55 -9.43 -0.25 -7.58 -9.3 -0.25 -7.73
4 5 -8.91 -0.25 -5.61 -9.14 -0.25 -6.55 -7.83 -0.25 -6.56 -7.63 -0.25 -5.68
4 5 -8.73 -0.25 -4.77 -8.91 -0.25 -5.61 -7.63 -0.25 -5.68 -7.37 -0.25 -4.88
4 5 -8.66 -0.25 -7.58 -7.97 -0.25 -7.47 -7.83 -0.25 -6.56 -9.14 -0.25 -6.55
4 5 -7.37 -0.25 -4.88 -7.52 -0.25 -4.46 -7.61 -0.25 -4.46 -8.73 -0.25 -4.77
4 5 -8.57 -0.25 -3.76 -8.73 -0.25 -4.77 -7.61 -0.25 -4.46 -7.29 -0.25 -3.08
4 5 -9.69 -0.25 -3.07 -9.58 -0.25 -3.27 -9.48 -0.25 -3.28 -9.69 -0.25 -2.99
4 5 -9.69 -0.25 -2.99 -9.48 -0.25 -3.28 -8.95 -0.25 -2.91 -8.77 -0.25 -2.26
4 5 -8.77 -0.25 -2.26 -8.95 -0.25 -2.91 -8.66 -0.25 -2.79 -8.15 -0.25 -1.83
3 5 -7.29 -0.25 -3.08 -8.52 -0.25 -3.1 -8.57 -0.25 -3.76
4 5 -8.15 -0.25 -1.83 -8.66 -0.25 -2.79 -7.15 -0.25 -2.46 -7.1 -0.25 -2.009
4 5 -7.46 -0.25 -1.55 -8.15 -0.25 -1.83 -7.1 -0.25 -2.009 -7.19 -0.25 -1.69
4 5 -8.66 -0.25 -2.79 -8.52 -0.25 -3.1 -7.29 -0.25 -3.08 -7.15 -0.25 -2.46
4 5 -7.23 -0.25 -3.81 -7.52 -0.25 -4.46 -7.07 -0.25 -4.2 -6.76 -0.25 -3.69
4 5 -6.91 -0.25 -3.2 -7.23 -0.25 -3.81 -6.76 -0.25 -3.69 -6.48 -0.25 -3.38
3 5 -7.07 -0.25 -4.2 -7.52 -0.25 -4.46 -7.37 -0.25 -4.88
4 5 -5.12 -0.25 -2.99 -5.92 -0.25 -3.18 -5.28 -0.25 -3.44 -5.14 -0.25 -3.35
4 5 -6.48 -0.25 -3.38 -5.92 -0.25 -3.18 -6.6 -0.25 -2.66 -6.91 -0.25 -3.2
4 5 -5.92 -0.25 -3.18 -5.12 -0.25 -2.99 -5.06 -0.25 -2.51 -6.28 -0.25 -2.22
3 5 -6.28 -0.25 -2.22 -6.6 -0.25 -2.66 -5.92 -0.25 -3.18
4 5 -5.06 -0.25 -2.51 -4.98 -0.25 -2.05 -5.74 -0.25 -1.72 -6.28 -0.25 -2.22
4 5 -5.25 -0.25 -1.6 -5.74 -0.25 -1.72 -4.98 -0.25 -2.05 -4.89 -0.25 -1.7
3 5 -5.25 -0.25 -1.6 -4.89 -0.25 -1.7 -4.93 -0.25 -1.64
4 5 -4.64 -0.25 -7.19 -4.49 -0.25 -7.54 -4 -0.25 -7.79 -3.41 -0.25 -7.62
4 5 -3.29 -0.25 -6.28 -4.65 -0.25 -6.02 -4.69 -0.25 -6.64 -4.64 -0.25 -7.19
4 5 -3.05 -0.25 -6.74 -3.29 -0.25 -6.28 -4.64 -0.25 -7.19 -3.41 -0.25 -7.62
4 5 -4.65 -0.25 -6.02 -3.29 -0.25 -6.28 -3.21 -0.25 -5.49 -4.52 -0.25 -5.31
4 5 -3.05 -0.25 -6.74 -3.41 -0.25 -7.62 -2.67 -0.25 -7.11 -2.69 -0.25 -6.55
4 5 -2.14 -0.25 -5.98 -2.69 -0.25 -6.55 -2.11 -0.25 -6.55 -1.5 -0.25 -5.74
3 5 -2.11 -0.25 -6.55 -2.69 -0.25 -6.55 -2.67 -0.25 -7.11
4 5 -1.54 -0.25 -5.17 -2.14 -0.25 -5.98 -1.5 -0.25 -5.74 -0.84 -0.25 -4.69
4 5 -4.32 -0.25 -4.54 -4.52 -0.25 -5.31 -3.21 -0.25 -5.49 -2.95 -0.25 -4.36
4 5 -3.67 -0.25 -3.14 -4.04 -0.25 -3.77 -2.95 -0.25 -4.36 -2.62 -0.25 -3.29
4 5 -3.33 -0.25 -2.83 -3.67 -0.25 -3.14 -2.62 -0.25 -3.29 -2.73 -0.25 -2.38
3 5 -4.04 -0.25 -3.77 -4.32 -0.25 -4.54 -2.95 -0.25 -4.36
3 5 -2.73 -0.25 -2.38 -2.62 -0.25 -3.29 -2.32 -0.25 -2.68
4 5 -2.73 -0.25 -2.38 -2.32 -0.25 -2.68 -1.98 -0.25 -2.4 -2.12 -0.25 -1.96
4 5 -1.56 -0.25 -2.31 -1.04 -0.25 -1.64 -1.72 -0.25 -1.75 -2.12 -0.25 -1.96
3 5 -2.12 -0.25 -1.96 -1.98 -0.25 -2.4 -1.56 -0.25 -2.31
4 5 -1.35 -0.25 -7.2 -1.24 -0.25 -7.62 -0.94 -0.25 -7.78 -0.25 -0.25 -7.55
4 5 -1.26 -0.25 -6.46 -1.35 -0.25 -7.2 -0.04 -0.25 -6.49 -1.1 -0.25 -5.78
4 5 -0.04 -0.25 -6.49 -1.35 -0.25 -7.2 -0.25 -0.25 -7.55 0.12 -0.25 -6.73
3 5 -1.1 -0.25 -5.78 -0.04 -0.25 -6.49 0.02 -0.25 -6.04
4 5 0.33 -0.25 -7.18 0.46 -0.25 -6.6 0.12 -0.25 -6.73 -0.25 -0.25 -7.55
4 5 0.46 -0.25 -6.6 0.33 -0.25 -7.18 1.26 -0.25 -6.52 1.08 -0.25 -6.21
4 5 1.28 -0.25 -6.44 1.15 -0.25 -6.21 1.08 -0.25 -6.21 1.26 -0.25 -6.52
3 5 -1.06 -0.25 -4.28 -1.54 -0.25 -5.17 -0.84 -0.25 -4.69
4 5 0.2 -0.25 -5.16 -0.84 -0.25 -4.69 -1.1 -0.25 -5.78 0.02 -0.25 -6.04
4 5 -0.72 -0.25 -3.39 -1.06 -0.25 -4.28 -0.84 -0.25 -4.69 0.2 -0.25 -5.16
4 5 -1.04 -0.25 -1.64 -1.56 -0.25 -2.31 -1.08 -0.25 -2.37 -0.41 -0.25 -1.72
4 5 0.65 -0.25 -3.1 -0.56 -0.25 -2.58 -0.72 -0.25 -3.39 0.2 -0.25 -5.16
4 5 0.26 -0.25 -1.96 -0.56 -0.25 -2.58 0.65 -0.25 -3.1 0.85 -0.25 -2.29
4 5 -0.56 -0.25 -2.58 0.26 -0.25 -1.96 -0.41 -0.25 -1.72 -1.08 -0.25 -2.37
4 5 0.82 -0.25 -1.63 0.26 -0.25 -1.96 0.85 -0.25 -2.29 1.02 -0.25 -1.78
4 5 3.88 -0.25 -6.73 2.28 -0.25 -7.05 2.44 -0.25 -7.43 3 -0.25 -7.76
4 5 3.88 -0.25 -6.73 3 -0.25 -7.76 3.69 -0.25 -7.54 4.56 -0.25 -6.86
4 5 3.65 -0.25 -6.3 2.28 -0.25 -5.77 2.23 -0.25 -6.54 2.28 -0.25 -7.05
4 5 2.28 -0.25 -5.77 3.65 -0.25 -6.3 3.7 -0.25 -5.65 2.43 -0.25 -4.97
3 5 3.65 -0.25 -6.3 2.28 -0.25 -7.05 3.88 -0.25 -6.73
4 5 7.03 -0.25 -6.52 5.91 -0.25 -5.91 5.74 -0.25 -6.68 6.72 -0.25 -7.56
4 5 6.72 -0.25 -7.56 5.74 -0.25 -6.68 5.68 -0.25 -7.16 6.13 -0.25 -7.74
4 5 4.75 -0.25 -6.15 4.4 -0.25 -6.49 4.56 -0.25 -6.86 5.17 -0.25 -6.21
4 5 5.17 -0.25 -6.21 5.73 -0.25 -5.46 5.19 -0.25 -5.63 4.75 -0.25 -6.15
3 5 5.68 -0.25 -7.16 5.8 -0.25 -7.57 6.13 -0.25 -7.74
3 5 4.4 -0.25 -6.49 3.88 -0.25 -6.73 4.56 -0.25 -6.86
4 5 2.64 -0.25 -4.22 2.43 -0.25 -4.97 3.82 -0.25 -4.89 4.019 -0.25 -4.1
3 5 3.82 -0.25 -4.89 2.43 -0.25 -4.97 3.7 -0.25 -5.65
4 5 2.88 -0.25 -3.61 2.64 -0.25 -4.22 4.019 -0.25 -4.1 3.13 -0.25 -3.16
4 5 3.34 -0.25 -2.89 3.13 -0.25 -3.16 4.27 -0.25 -3.34 3.64 -0.25 -2.65
4 5 4.17 -0.25 -2.29 3.64 -0.25 -2.65 4.53 -0.25 -2.75 4.77 -0.25 -2.44
3 5 3.13 -0.25 -3.16 4.019 -0.25 -4.1 4.27 -0.25 -3.34
4 5 4.73 -0.25 -1.95 4.17 -0.25 -2.29 4.77 -0.25 -2.44 5.46 -0.25 -2.28
4 5 5.14 -0.25 -1.76 4.73 -0.25 -1.95 5.46 -0.25 -2.28 5.82 -0.25 -1.64
4 5 5.82 -0.25 -1.64 5.46 -0.25 -2.28 6.02 -0.25 -2.33 6.2 -0.25 -1.67
3 5 3.64 -0.25 -2.65 4.27 -0.25 -3.34 4.53 -0.25 -2.75
4 5 5.62 -0.25 -4.98 5.19 -0.25 -5.63 5.73 -0.25 -5.46 6.22 -0.25 -4.63
3 5 5.91 -0.25 -5.91 7.03 -0.25 -6.52 7.06 -0.25 -6.17
4 5 7.16 -0.25 -6.72 7.03 -0.25 -6.52 6.72 -0.25 -7.56 7.26 -0.25 -7.22
4 5 5.91 -0.25 -5.91 7.06 -0.25 -6.17 7.14 -0.25 -5.7 6.05 -0.25 -5.36
3 5 5.97 -0.25 -4.31 5.62 -0.25 -4.98 6.22 -0.25 -4.63
4 5 6.22 -0.25 -4.63 7.5 -0.25 -3.82 6.23 -0.25 -3.64 5.97 -0.25 -4.31
4 5 7.28 -0.25 -4.92 6.22 -0.25 -4.63 6.05 -0.25 -5.36 7.14 -0.25 -5.7
4 5 7.45 -0.25 -6.59 7.16 -0.25 -6.72 7.26 -0.25 -7.22 8.2 -0.25 -6.53
4 5 8.02 -0.25 -6.21 7.45 -0.25 -6.59 8.2 -0.25 -6.53 8.22 -0.25 -6.45
3 5 7.5 -0.25 -3.82 6.22 -0.25 -4.63 7.28 -0.25 -4.92
3 5 8.09 -0.25 -6.21 8.02 -0.25 -6.21 8.22 -0.25 -6.45
4 5 6.39 -0.25 -3.03 6.23 -0.25 -3.64 7.5 -0.25 -3.82 7.81 -0.25 -2.31
4 5 6.65 -0.25 -1.76 6.02 -0.25 -2.33 6.5 -0.25 -2.49 7.81 -0.25 -2.31
3 5 7.81 -0.25 -2.31 6.5 -0.25 -2.49 6.39 -0.25 -3.03
3 5 6.2 -0.25 -1.67 6.02 -0.25 -2.33 6.65 -0.25 -1.76
4 5 5.96 -0.25 0.64 6 -0.25 1.01 5.94 -0.25 0.96 5.91 -0.25 0.7
4 5 6 -0.25 1.01 5.96 -0.25 0.64 6.58 -0.25 0.63 6.86 -0.25 1.15
4 5 8.189 -0.25 -0.45 6.93 -0.25 0.31 6.85 -0.25 -0.48 8.039 -0.25 -1.19
4 5 8.039 -0.25 -1.19 6.85 -0.25 -0.48 6.65 -0.25 -1.76 7.81 -0.25 -2.31
4 5 6.93 -0.25 0.31 8.189 -0.25 -0.45 7.69 -0.25 1.34 6.85 -0.25 0.55
4 5 6.86 -0.25 1.15 6.58 -0.25 0.63 6.85 -0.25 0.55 7.69 -0.25 1.34
4 5 8.63 -0.25 1.45 8.48 -0.25 1.58 7.69 -0.25 1.34 8.189 -0.25 -0.45
4 5 9.54 -0.25 -7.13 9.66 -0.25 -7.59 10.01 -0.25 -7.76 10.45 -0.25 -7.66
4 5 10.79 -0.25 -7.49 9.61 -0.25 -6.49 9.54 -0.25 -7.13 10.45 -0.25 -7.66
4 5 10.98 -0.25 -6.5 9.72 -0.25 -6.01 9.61 -0.25 -6.49 11.03 -0.25 -6.65
4 5 11.03 -0.25 -6.65 9.61 -0.25 -6.49 10.79 -0.25 -7.49 11.29 -0.25 -7.17
4 5 9.72 -0.25 -6.01 10.98 -0.25 -6.5 11.04 -0.25 -6.11 9.91 -0.25 -5.26
4 5 9.02 -0.25 -3.16 9.14 -0.25 -3.37 9.23 -0.25 -3.38 9.03 -0.25 -3.08
4 5 9.03 -0.25 -3.08 9.23 -0.25 -3.38 9.9 -0.25 -2.94 9.98 -0.25 -2.37
4 5 10.37 -0.25 -3.38 10.2 -0.25 -4.14 11.51 -0.25 -4.24 11.76 -0.25 -3.28
4 5 10.42 -0.25 -2.97 10.37 -0.25 -3.38 11.76 -0.25 -3.28 11.91 -0.25 -2.69
4 5 10.28 -0.25 -2.8 10.7 -0.25 -1.9 9.98 -0.25 -2.37 9.9 -0.25 -2.94
4 5 10.7 -0.25 -1.9 10.28 -0.25 -2.8 10.42 -0.25 -2.97 11.91 -0.25 -2.69
4 5 11.22 -0.25 -5.36 10.2 -0.25 -4.14 9.91 -0.25 -5.26 11.04 -0.25 -6.11
4 5 11.49 -0.25 -6.58 11.15 -0.25 -6.72 11.29 -0.25 -7.17 11.84 -0.25 -6.81
3 5 11.03 -0.25 -6.65 11.29 -0.25 -7.17 11.15 -0.25 -6.72
3 5 10.2 -0.25 -4.14 11.22 -0.25 -5.36 11.51 -0.25 -4.24
4 5 12.12 -0.25 -6.15 11.84 -0.25 -6.81 12.31 -0.25 -6.48 12.33 -0.25 -6.4
3 5 12.12 -0.25 -6.15 12.33 -0.25 -6.4 12.2 -0.25 -6.16
3 5 12.12 -0.25 -6.15 11.49 -0.25 -6.58 11.84 -0.25 -6.81
4 5 11.23 -0.25 -1.64 10.7 -0.25 -1.9 11.91 -0.25 -2.69 12 -0.25 -2.02
4 5 11.63 -0.25 -1.56 11.23 -0.25 -1.64 12 -0.25 -2.02 11.89 -0.25 -1.69
4 5 11.05 -0.25 0.31 11.21 -0.25 -0.23 11.74 -0.25 -0.44 12.35 -0.25 -0.14
4 5 11.28 -0.25 0.95 11.05 -0.25 0.31 12.35 -0.25 -0.14 12.57 -0.25 0.53
4 5 12.57 -0.25 0.53 12.39 -0.25 1.03 11.89 -0.25 1.22 11.28 -0.25 0.95
4 5 13.14 -0.25 -7.31 13.16 -0.25 -7.37 13.71 -0.25 -7.57 13.28 -0.25 -6.56
4 5 13.37 -0.25 -5.76 13.28 -0.25 -6.56 13.78 -0.25 -6.3 13.76 -0.25 -5.76
4 5 14.06 -0.25 -6.58 13.78 -0.25 -6.3 13.28 -0.25 -6.56 13.71 -0.25 -7.57
4 5 13.43 -0.25 -5.71 13.37 -0.25 -5.76 13.76 -0.25 -5.76 13.7 -0.25 -5.71
4 5 14.43 -0.25 -6.81 14.12 -0.25 -7.66 14.79 -0.25 -7.71 14.87 -0.25 -6.97
4 5 14.79 -0.25 -7.71 15.38 -0.25 -7.67 15.32 -0.25 -7.03 14.87 -0.25 -6.97
4 5 14.43 -0.25 -6.81 14.06 -0.25 -6.58 13.71 -0.25 -7.57 14.12 -0.25 -7.66
4 5 15.09 -0.25 -3.74 13.67 -0.25 -3.73 13.8 -0.25 -4.33 14.12 -0.25 -4.77
4 5 13.79 -0.25 -3.1 13.67 -0.25 -3.73 14.81 -0.25 -3.13 14.14 -0.25 -2.58
4 5 14.44 -0.25 -2.34 14.14 -0.25 -2.58 14.81 -0.25 -3.13 15.09 -0.25 -2.5
3 5 14.81 -0.25 -3.13 13.67 -0.25 -3.73 15.09 -0.25 -3.74
4 5 15.09 -0.25 -3.74 14.57 -0.25 -5.01 14.92 -0.25 -5.1 15.51 -0.25 -3.91
4 5 14.88 -0.25 -2.05 14.44 -0.25 -2.34 15.09 -0.25 -2.5 15.33 -0.25 -1.79
4 5 15.33 -0.25 -1.79 15.09 -0.25 -2.5 15.8 -0.25 -2.25 15.66 -0.25 -1.65
3 5 15.09 -0.25 -3.74 14.12 -0.25 -4.77 14.57 -0.25 -5.01
4 5 15.32 -0.25 -7.03 15.38 -0.25 -7.67 15.85 -0.25 -7.54 15.92 -0.25 -6.93
4 5 15.92 -0.25 -6.93 15.85 -0.25 -7.54 16.29 -0.25 -7.31 16.329 -0.25 -6.58
4 5 15.44 -0.25 -5.22 16.05 -0.25 -5.41 16.2 -0.25 -4.08 15.51 -0.25 -3.91
4 5 17.05 -0.25 -4.32 16.05 -0.25 -5.41 16.35 -0.25 -5.68 17.51 -0.25 -4.75
4 5 16.329 -0.25 -6.58 16.29 -0.25 -7.31 16.79 -0.25 -6.95 17.24 -0.25 -6.55
4 5 16.46 -0.25 -6.08 16.329 -0.25 -6.58 17.24 -0.25 -6.55 17.51 -0.25 -6.2
4 5 16.35 -0.25 -5.68 16.46 -0.25 -6.08 17.51 -0.25 -6.2 17.69 -0.25 -5.46
3 5 17.51 -0.25 -4.75 16.35 -0.25 -5.68 17.69 -0.25 -5.46
4 5 16.05 -0.25 -5.41 17.05 -0.25 -4.32 16.7 -0.25 -4.19 16.2 -0.25 -4.08
4 5 16.329 -0.25 -1.56 15.66 -0.25 -1.65 15.8 -0.25 -2.25 16.54 -0.25 -2.4
4 5 17.12 -0.25 -1.66 16.329 -0.25 -1.56 16.54 -0.25 -2.4 17.19 -0.25 -2.81
4 5 17.26 -0.25 -3.37 17.31 -0.25 -3.42 17.58 -0.25 -3.42 17.63 -0.25 -3.37
4 5 17.19 -0.25 -2.81 17.26 -0.25 -3.37 17.63 -0.25 -3.37 17.73 -0.25 -2.59
4 5 17.12 -0.25 -1.66 17.19 -0.25 -2.81 17.73 -0.25 -2.59 17.85 -0.25 -1.95
3 5 15.51 -0.25 -3.91 14.92 -0.25 -5.1 15.44 -0.25 -5.22
4 5 18.87 -0.25 -7.19 19.02 -0.25 -7.54 19.5 -0.25 -7.79 20.09 -0.25 -7.62
4 5 20.21 -0.25 -6.28 18.86 -0.25 -6.02 18.82 -0.25 -6.64 18.87 -0.25 -7.19
4 5 20.46 -0.25 -6.74 20.21 -0.25 -6.28 18.87 -0.25 -7.19 20.09 -0.25 -7.62
4 5 18.86 -0.25 -6.02 20.21 -0.25 -6.28 20.3 -0.25 -5.49 18.99 -0.25 -5.31
4 5 20.46 -0.25 -6.74 20.09 -0.25 -7.62 20.83 -0.25 -7.11 20.81 -0.25 -6.55
4 5 21.37 -0.25 -5.98 20.81 -0.25 -6.55 21.4 -0.25 -6.55 22.01 -0.25 -5.74
3 5 21.4 -0.25 -6.55 20.81 -0.25 -6.55 20.83 -0.25 -7.11
4 5 21.97 -0.25 -5.17 21.37 -0.25 -5.98 22.01 -0.25 -5.74 22.67 -0.25 -4.69
4 5 19.19 -0.25 -4.54 18.99 -0.25 -5.31 20.3 -0.25 -5.49 20.55 -0.25 -4.36
4 5 19.84 -0.25 -3.14 19.47 -0.25 -3.77 20.55 -0.25 -4.36 20.88 -0.25 -3.29
4 5 20.18 -0.25 -2.83 19.84 -0.25 -3.14 20.88 -0.25 -3.29 20.77 -0.25 -2.38
3 5 19.47 -0.25 -3.77 19.19 -0.25 -4.54 20.55 -0.25 -4.36
3 5 20.77 -0.25 -2.38 20.88 -0.25 -3.29 21.19 -0.25 -2.68
4 5 20.77 -0.25 -2.38 21.19 -0.25 -2.68 21.52 -0.25 -2.4 21.39 -0.25 -1.96
4 5 21.95 -0.25 -2.31 22.47 -0.25 -1.64 21.79 -0.25 -1.75 21.39 -0.25 -1.96
3 5 21.39 -0.25 -1.96 21.52 -0.25 -2.4 21.95 -0.25 -2.31
4 5 22.15 -0.25 -7.2 22.26 -0.25 -7.62 22.57 -0.25 -7.78 23.25 -0.25 -7.55
4 5 22.25 -0.25 -6.46 22.15 -0.25 -7.2 23.47 -0.25 -6.49 22.4 -0.25 -5.78
4 5 23.47 -0.25 -6.49 22.15 -0.25 -7.2 23.25 -0.25 -7.55 23.63 -0.25 -6.73
3 5 22.4 -0.25 -5.78 23.47 -0.25 -6.49 23.53 -0.25 -6.04
4 5 23.84 -0.25 -7.18 23.96 -0.25 -6.6 23.63 -0.25 -6.73 23.25 -0.25 -7.55
4 5 23.96 -0.25 -6.6 23.84 -0.25 -7.18 24.76 -0.25 -6.52 24.58 -0.25 -6.21
4 5 24.79 -0.25 -6.44 24.66 -0.25 -6.21 24.58 -0.25 -6.21 24.76 -0.25 -6.52
3 5 22.45 -0.25 -4.28 21.97 -0.25 -5.17 22.67 -0.25 -4.69
4 5 23.71 -0.25 -5.16 22.67 -0.25 -4.69 22.4 -0.25 -5.78 23.53 -0.25 -6.04
4 5 22.78 -0.25 -3.39 22.45 -0.25 -4.28 22.67 -0.25 -4.69 23.71 -0.25 -5.16
4 5 22.47 -0.25 -1.64 21.95 -0.25 -2.31 22.43 -0.25 -2.37 23.1 -0.25 -1.72
4 5 24.16 -0.25 -3.1 22.95 -0.25 -2.58 22.78 -0.25 -3.39 23.71 -0.25 -5.16
4 5 23.77 -0.25 -1.96 22.95 -0.25 -2.58 24.16 -0.25 -3.1 24.36 -0.25 -2.29
4 5 22.95 -0.25 -2.58 23.77 -0.25 -1.96 23.1 -0.25 -1.72 22.43 -0.25 -2.37
4 5 24.33 -0.25 -1.63 23.77 -0.25 -1.96 24.36 -0.25 -2.29 24.53 -0.25 -1.78
0 BFC CLIP
4 16 9 -0.25 17 29 -0.25 23 -29 -0.25 23 6.9 -0.25 16.8
3 16 -29 -0.25 23 4.5 -0.25 16.6 6.9 -0.25 16.8
3 16 6.9 -0.25 16.8 4.5 -0.25 16.6 4.5 -0.25 15.7
4 16 2.6 -0.25 16.1 4.5 -0.25 16.6 -29 -0.25 23 0.2 -0.25 15.5
3 16 2.6 -0.25 16.1 0.2 -0.25 15.5 0.4 -0.25 14.6
4 16 -0.6 -0.25 15.3 0.2 -0.25 15.5 -29 -0.25 23 -6.4 -0.25 14.7
3 16 -0.6 -0.25 15.3 -6.4 -0.25 14.7 -4.5 -0.25 14.4
3 16 -0.6 -0.25 15.3 -4.5 -0.25 14.4 -2.3 -0.25 13.4
3 16 -29 -0.25 23 -8.8 -0.25 14.6 -6.4 -0.25 14.7
4 16 -8.8 -0.25 14.6 -29 -0.25 23 -11 -0.25 13.6 -8.3 -0.25 13.8
3 16 -29 -0.25 23 -13.7 -0.25 12.7 -11 -0.25 13.6
4 16 -14.2 -0.25 11 -13.7 -0.25 12.7 -29 -0.25 23 -15.4 -0.25 9.6
3 16 -13.7 -0.25 12.7 -14.2 -0.25 11 -12.6 -0.25 12.2
4 16 -15.4 -0.25 9.6 -29 -0.25 23 -14.6 -0.25 6.6 -14.6 -0.25 8.3
3 16 -13.9 -0.25 9.7 -15.4 -0.25 9.6 -14.6 -0.25 8.3
3 16 14 -0.25 7.6 14.3 -0.25 6.5 17 -0.25 6.8
4 16 9.4 -0.25 3 10 -0.25 1.7 13.6 -0.25 6.6 11 -0.25 7.2
3 16 11 -0.25 8.3 11 -0.25 7.2 13.6 -0.25 6.6
4 16 9 -0.25 5.8 9.4 -0.25 3 11 -0.25 7.2 10.3 -0.25 7.4
3 16 9 -0.25 5.8 7.3 -0.25 5.7 9.4 -0.25 3
4 16 8.6 -0.25 7.9 9 -0.25 5.8 10.3 -0.25 7.4 9 -0.25 8.8
4 16 7.6 -0.25 7 9 -0.25 5.8 8.6 -0.25 7.9 7.7 -0.25 7.8
4 16 4.6 -0.25 8.6 7.6 -0.25 7 7.7 -0.25 7.8 5.9 -0.25 9
3 16 5.3 -.25 4.4 5 -.25 3.3 8.6 -.25 2.3
4 16 -2.4 -.25 3 5 -.25 3.3 3.9 -.25 4.1 -2.1 -.25 4.4
4 16 -2.1 -0.25 4.4 3.9 -0.25 4.1 2.1 -0.25 5.7 -1.7 -0.25 5.2
3 16 2.4 -0.25 6.8 2.1 -0.25 5.7 3.9 -0.25 4.1
3 16 -2.7 -0.25 5.7 -2.1 -0.25 4.4 -1.7 -0.25 5.2
4 16 -1.7 -0.25 5.2 2.1 -0.25 5.7 0.5 -0.25 6.5 -1.4 -0.25 6.8
3 16 -1.5 -0.25 8.6 -1.4 -0.25 6.8 0.5 -0.25 6.5
3 16 -3.5 -0.25 3.6 -2.9 -0.25 1.8 -2.4 -0.25 3
4 16 -3.5 -0.25 0.9 -4.5 -0.25 2 -5.6 -0.25 -0.8 -5.25 -0.25 -1.6
4 16 -10.9 -0.25 2.3 -12.7 -0.25 0.7 -7.9 -0.25 1.1 -9.7 -0.25 2.6
3 16 -9.9 -0.25 3.8 -10.9 -0.25 2.3 -9.7 -0.25 2.6
4 16 -9.7 -0.25 2.6 -7.9 -0.25 1.1 -6.9 -0.25 2.8 -8.6 -0.25 4.1
4 16 -6.5 -0.25 4.6 -8.6 -0.25 4.1 -6.9 -0.25 2.8 -5.4 -0.25 4.8
4 16 -7.2 -0.25 5.3 -8.6 -0.25 4.1 -6.5 -0.25 4.6 -5.8 -0.25 6.2
3 16 -7.7 -0.25 6.1 -8.6 -0.25 4.1 -7.2 -0.25 5.3
4 16 -6 -0.25 7 -7.2 -0.25 5.3 -5.8 -0.25 6.2 -4.5 -0.25 8.6
4 16 -12 -0.25 3.6 -11 -0.25 5.3 -12.5 -0.25 5.2 -18.61 -0.25 1.02
4 16 -13.5 -0.25 7.3 -14.6 -0.25 6.6 -12.5 -0.25 5.2 -12.3 -0.25 7.8
3 16 -12.7 -0.25 8.5 -13.5 -0.25 7.3 -12.3 -0.25 7.8
4 16 -12.3 -0.25 7.8 -12.5 -0.25 5.2 -11.1 -0.25 6.7 -10 -0.25 8.3
3 16 -10 -0.25 8.3 -11.1 -0.25 6.7 -9.3 -0.25 7.5
4 16 -12.3 -0.25 7.8 -10 -0.25 8.3 -9.8 -0.25 9.8 -9.8 -0.25 10.6
4 16 -9.8 -0.25 9.8 -10 -0.25 8.3 -8.4 -0.25 9.7 -6.7 -0.25 11.4
4 16 29 -0.25 23 17.5 -0.25 13.3 18 -0.25 7.2 24.33 -0.25 -1.63
4 16 18 -0.25 7.2 17.5 -0.25 13.3 16.6 -0.25 12.8 15.9 -0.25 8.9
4 16 14.7 -0.25 9.9 15.9 -0.25 8.9 16.6 -0.25 12.8 13.4 -0.25 12.6
3 16 13.4 -0.25 13.3 13.4 -0.25 12.6 16.6 -0.25 12.8
4 16 13.1 -0.25 10.3 14.7 -0.25 9.9 13.4 -0.25 12.6 12.6 -0.25 11.2
4 16 10.1 -0.25 12.4 12.6 -0.25 11.2 13.4 -0.25 12.6 10 -0.25 13.1
4 16 10.3 -0.25 11.4 12.6 -0.25 11.2 10.1 -0.25 12.4 9.5 -0.25 12
4 16 9.5 -0.25 12 10.1 -0.25 12.4 4.6 -0.25 12.9 6.1 -0.25 12
4 16 15 -0.25 14.3 17.5 -0.25 13.3 29 -0.25 23 13.1 -0.25 15.6
3 16 13.1 -0.25 15.6 12.2 -0.25 14.9 15 -0.25 14.3
4 16 12.2 -0.25 15.9 13.1 -0.25 15.6 29 -0.25 23 9 -0.25 17
3 16 9 -0.25 17 8.4 -0.25 15.9 12.2 -0.25 15.9
4 16 -29 -0.25 -23 -25.11 -0.25 -7.49 -25.08 -0.25 -7.19 -29 -0.25 23
3 16 -25.11 -0.25 -7.49 -29 -0.25 -23 -25.07 -0.25 -7.54
4 16 -23.03 -0.25 -7.5 -24.12 -0.25 -7.51 -29 -0.25 -23 -22.07 -0.25 -7.51
3 16 -24.12 -0.25 -7.51 -25.07 -0.25 -7.54 -29 -0.25 -23
4 16 -21.16 -0.25 -7.54 -22.07 -0.25 -7.51 -29 -0.25 -23 -15.77 -0.25 -7.79
4 16 -23.83 -0.25 -6.28 -25.02 -0.25 -7.14 -24.74 -0.25 -7.12 -23.95 -0.25 -6.77
3 16 -23.95 -0.25 -6.77 -24.74 -0.25 -7.12 -24.13 -0.25 -7.03
4 16 -22.26 -0.25 -6.74 -22.16 -0.25 -6.99 -21.76 -0.25 -7.1 -22.24 -0.25 -6.49
4 16 -21.16 -0.25 -7.54 -15.77 -0.25 -7.79 -16.25 -0.25 -7.54 -21.11 -0.25 -7.49
4 16 -14.33 -0.25 -7.89 -15.18 -0.25 -7.62 -15.77 -0.25 -7.79 -29 -0.25 -23
3 16 -13.01 -0.25 -7.62 -14.33 -0.25 -7.89 -12.7 -0.25 -7.78
4 16 -9.3 -0.25 -7.73 -12.7 -0.25 -7.78 -14.33 -0.25 -7.89 -29 -0.25 -23
4 16 -14.33 -0.25 -7.89 -13.01 -0.25 -7.62 -13.12 -0.25 -7.2 -14.44 -0.25 -7.11
3 16 -12.02 -0.25 -7.55 -12.7 -0.25 -7.78 -9.3 -0.25 -7.73
3 16 -14.44 -0.25 -7.11 -15.18 -0.25 -7.62 -14.33 -0.25 -7.89
4 16 -16.4 -0.25 -7.19 -21.07 -0.25 -7.18 -21.11 -0.25 -7.49 -16.25 -0.25 -7.54
4 16 -21.11 -0.25 -7.14 -21.07 -0.25 -7.18 -19.97 -0.25 -3.99 -20.58 -0.25 -3.94
4 16 -21.07 -0.25 -7.18 -16.4 -0.25 -7.19 -16.45 -0.25 -6.64 -19.18 -0.25 -3.9
4 16 -13.87 -0.25 -6.55 -14.44 -0.25 -7.11 -13.12 -0.25 -7.2 -13.02 -0.25 -6.46
4 16 -22.24 -0.25 -6.49 -21.76 -0.25 -7.1 -21.11 -0.25 -7.14 -22.12 -0.25 -5.69
4 16 -11.43 -0.25 -7.18 -12.02 -0.25 -7.55 -9.3 -0.25 -7.73 -9.43 -0.25 -7.58
4 16 -19.18 -0.25 -3.9 -16.45 -0.25 -6.64 -16.41 -0.25 -6.02 -18.46 -0.25 -3.61
4 16 -14.97 -0.25 -5.49 -15.06 -0.25 -6.28 -14.46 -0.25 -6.55 -13.9 -0.25 -5.98
4 16 -21.99 -0.25 -4.86 -20.58 -0.25 -3.94 -21.21 -0.25 -3.76 -21.84 -0.25 -4
4 16 -20.58 -0.25 -3.94 -21.99 -0.25 -4.86 -22.12 -0.25 -5.69 -21.11 -0.25 -7.14
3 16 -18.46 -0.25 -3.61 -16.41 -0.25 -6.02 -16.28 -0.25 -5.31
3 16 -19.18 -0.25 -3.9 -19.97 -0.25 -3.99 -21.07 -0.25 -7.18
4 16 -18.46 -0.25 -3.61 -16.28 -0.25 -5.31 -16.079 -0.25 -4.54 -17.81 -0.25 -3.13
4 16 -25.02 -0.25 -7.14 -23.83 -0.25 -6.28 -23.62 -0.25 -5.15 -23.06 -0.25 -1.91
4 16 -11.31 -0.25 -6.6 -11.74 -0.25 -6.04 -11.8 -0.25 -6.49 -11.64 -0.25 -6.73
4 16 -13.26 -0.25 -5.74 -13.87 -0.25 -6.55 -13.02 -0.25 -6.46 -12.87 -0.25 -5.78
4 16 -13.31 -0.25 -5.17 -12.82 -0.25 -4.28 -14.72 -0.25 -4.36 -14.97 -0.25 -5.49
3 16 -12.6 -0.25 -4.69 -13.26 -0.25 -5.74 -12.87 -0.25 -5.78
3 16 -13.31 -0.25 -5.17 -14.97 -0.25 -5.49 -13.9 -0.25 -5.98
4 16 -11.56 -0.25 -5.16 -11.74 -0.25 -6.04 -10.69 -0.25 -6.21 -10.62 -0.25 -6.21
3 16 -15.06 -0.25 -6.28 -14.81 -0.25 -6.74 -14.46 -0.25 -6.55
4 16 -14.39 -0.25 -3.29 -14.72 -0.25 -4.36 -12.82 -0.25 -4.28 -12.49 -0.25 -3.39
4 16 -10.51 -0.25 -6.52 -11.43 -0.25 -7.18 -9.43 -0.25 -7.58 -9.14 -0.25 -6.55
4 16 -7.97 -0.25 -7.47 -8.66 -0.25 -7.58 -9.3 -0.25 -7.73 -4 -0.25 -7.79
3 16 -3.41 -0.25 -7.62 -4 -0.25 -7.79 -2.56 -0.25 -7.89
4 16 -7.97 -0.25 -7.47 -4.49 -0.25 -7.54 -4.64 -0.25 -7.19 -7.83 -0.25 -6.56
3 16 -7.97 -0.25 -7.47 -4 -0.25 -7.79 -4.49 -0.25 -7.54
4 16 -2.56 -0.25 -7.89 -4 -0.25 -7.79 -9.3 -0.25 -7.73 -29 -0.25 -23
4 16 -10.48 -0.25 -6.44 -10.51 -0.25 -6.52 -9.14 -0.25 -6.55 -8.91 -0.25 -5.61
4 16 -4.69 -0.25 -6.64 -7.63 -0.25 -5.68 -7.83 -0.25 -6.56 -4.64 -0.25 -7.19
4 16 -2.56 -0.25 -7.89 -1.35 -0.25 -7.2 -2.67 -0.25 -7.11 -3.41 -0.25 -7.62
3 16 -1.35 -0.25 -7.2 -2.56 -0.25 -7.89 -1.24 -0.25 -7.62
4 16 -2.11 -0.25 -6.55 -2.67 -0.25 -7.11 -1.35 -0.25 -7.2 -1.26 -0.25 -6.46
3 16 -1.24 -0.25 -7.62 -2.56 -0.25 -7.89 -0.94 -0.25 -7.78
4 16 2.44 -0.25 -7.43 2.28 -0.25 -7.05 0.33 -0.25 -7.18 -0.25 -0.25 -7.55
4 16 3 -0.25 -7.76 -0.94 -0.25 -7.78 -2.56 -0.25 -7.89 9.97 -0.25 -7.89
4 16 -0.04 -0.25 -6.49 0.12 -0.25 -6.73 0.46 -0.25 -6.6 0.02 -0.25 -6.04
4 16 -3.29 -0.25 -6.28 -3.05 -0.25 -6.74 -2.69 -0.25 -6.55 -3.21 -0.25 -5.49
4 16 2.28 -0.25 -7.05 2.23 -0.25 -6.54 1.26 -0.25 -6.52 0.33 -0.25 -7.18
4 16 1.28 -0.25 -6.44 1.26 -0.25 -6.52 2.23 -0.25 -6.54 2.28 -0.25 -5.77
4 16 -0.25 -0.25 -7.55 -0.94 -0.25 -7.78 3 -0.25 -7.76 2.44 -0.25 -7.43
4 16 -10.62 -0.25 -6.21 -10.48 -0.25 -6.44 -8.91 -0.25 -5.61 -8.73 -0.25 -4.77
4 16 -11.56 -0.25 -5.16 -10.62 -0.25 -6.21 -8.73 -0.25 -4.77 -9.58 -0.25 -3.27
4 16 -4.65 -0.25 -6.02 -7.37 -0.25 -4.88 -7.63 -0.25 -5.68 -4.69 -0.25 -6.64
4 16 -7.61 -0.25 -4.46 -7.52 -0.25 -4.46 -7.23 -0.25 -3.81 -7.29 -0.25 -3.08
4 16 -5.28 -0.25 -3.44 -7.07 -0.25 -4.2 -4.52 -0.25 -5.31 -4.32 -0.25 -4.54
4 16 -4.52 -0.25 -5.31 -7.07 -0.25 -4.2 -7.37 -0.25 -4.88 -4.65 -0.25 -6.02
4 16 -1.26 -0.25 -6.46 -1.1 -0.25 -5.78 -1.5 -0.25 -5.74 -2.11 -0.25 -6.55
4 16 0.02 -0.25 -6.04 0.46 -0.25 -6.6 1.08 -0.25 -6.21 0.2 -0.25 -5.16
4 16 1.15 -0.25 -6.21 1.28 -0.25 -6.44 2.28 -0.25 -5.77 2.43 -0.25 -4.97
4 16 0.2 -0.25 -5.16 1.08 -0.25 -6.21 1.15 -0.25 -6.21 2.43 -0.25 -4.97
4 16 -3.21 -0.25 -5.49 -2.14 -0.25 -5.98 -1.54 -0.25 -5.17 -2.95 -0.25 -4.36
4 16 -2.95 -0.25 -4.36 -1.54 -0.25 -5.17 -1.06 -0.25 -4.28 -2.62 -0.25 -3.29
3 16 -0.84 -0.25 -4.69 -1.5 -0.25 -5.74 -1.1 -0.25 -5.78
4 16 0.65 -0.25 -3.1 0.2 -0.25 -5.16 2.43 -0.25 -4.97 2.64 -0.25 -4.22
3 16 -3.21 -0.25 -5.49 -2.69 -0.25 -6.55 -2.14 -0.25 -5.98
3 16 -11.74 -0.25 -6.04 -11.31 -0.25 -6.6 -10.69 -0.25 -6.21
4 16 -2.56 -0.25 -7.89 -29 -0.25 -23 29 -0.25 -23 9.97 -0.25 -7.89
3 16 -21.44 -0.25 -1.7 -21.84 -0.25 -4 -21.26 -0.25 -3.37
3 16 -21.44 -0.25 -1.7 -21.26 -0.25 -3.37 -21.22 -0.25 -3.33
4 16 -21.44 -0.25 -1.7 -21.22 -0.25 -3.33 -20.77 -0.25 -3.45 -20.34 -0.25 -3.5
4 16 -21.44 -0.25 -1.7 -20.34 -0.25 -3.5 -19.83 -0.25 -3.41 -19.39 -0.25 -3.15
4 16 -21.44 -0.25 -1.7 -19.39 -0.25 -3.15 -19.02 -0.25 -2.74 -18.76 -0.25 -2.22
4 16 -21.44 -0.25 -1.7 -18.76 -0.25 -2.22 -18.6 -0.25 -1.64 -21.26 -0.25 -0.67
3 16 -21.26 -0.25 -3.37 -21.84 -0.25 -4 -21.21 -0.25 -3.76
4 16 -15.8 -0.25 -3.77 -15.43 -0.25 -3.14 -17.3 -0.25 -2.5 -17.81 -0.25 -3.13
4 16 -17 -0.25 -1.8 -17.3 -0.25 -2.5 -15.43 -0.25 -3.14 -15.09 -0.25 -2.83
4 16 -12.49 -0.25 -3.39 -13.32 -0.25 -2.31 -13.75 -0.25 -2.4 -14.09 -0.25 -2.68
4 16 -15.09 -0.25 -2.83 -14.5 -0.25 -2.38 -16.9 -0.25 -1.01 -17 -0.25 -1.8
4 16 -16.97 -0.25 -0.39 -13.89 -0.25 -1.96 -13.48 -0.25 -1.75 -12.7 -0.25 0.7
4 16 -16.9 -0.25 -1.01 -14.5 -0.25 -2.38 -13.89 -0.25 -1.96 -16.97 -0.25 -0.39
3 16 -12.7 -0.25 0.7 -13.48 -0.25 -1.75 -12.8 -0.25 -1.64
4 16 -12.7 -0.25 0.7 -12.8 -0.25 -1.64 -12.17 -0.25 -1.72 -10.94 -0.25 -1.63
4 16 -12.84 -0.25 -2.37 -13.32 -0.25 -2.31 -12.49 -0.25 -3.39 -12.32 -0.25 -2.58
3 16 -14.09 -0.25 -2.68 -14.39 -0.25 -3.29 -12.49 -0.25 -3.39
3 16 -17.81 -0.25 -3.13 -16.079 -0.25 -4.54 -15.8 -0.25 -3.77
4 16 -22.75 -0.25 0.28 -22.92 -0.25 0.56 -23.3 -0.25 0.62 -22.83 -0.25 -0.46
4 16 -22.83 -0.25 -0.46 -23.3 -0.25 0.62 -23.85 -0.25 0.65 -23.06 -0.25 -1.91
4 16 -20.5 -0.25 0.48 -21.05 -0.25 0.41 -21.26 -0.25 -0.67 -20.13 -0.25 0.51
3 16 -22.92 -0.25 0.56 -22.75 -0.25 0.28 -22.79 -0.25 0.46
4 16 -23.06 -0.25 -1.91 -23.85 -0.25 0.65 -23.9 -0.25 0.7 -25.02 -0.25 -7.14
4 16 -18.65 -0.25 -0.38 -18.95 -0.25 0.11 -19.44 -0.25 0.41 -21.26 -0.25 -0.67
3 16 -12.7 -0.25 0.7 -17.2 -0.25 0.13 -16.97 -0.25 -0.39
3 16 -20.13 -0.25 0.51 -21.26 -0.25 -0.67 -19.44 -0.25 0.41
4 16 -18.01 -0.25 0.84 -17.56 -0.25 0.55 -12.7 -0.25 0.7 -12 -0.25 3.6
3 16 -12.7 -0.25 0.7 -17.56 -0.25 0.55 -17.2 -0.25 0.13
4 16 -18.55 -0.25 -1.05 -18.65 -0.25 -0.38 -21.26 -0.25 -0.67 -18.6 -0.25 -1.64
4 16 -11.11 -0.25 -3.1 -11.56 -0.25 -5.16 -9.58 -0.25 -3.27 -9.69 -0.25 -3.07
4 16 -8.95 -0.25 -2.91 -9.48 -0.25 -3.28 -8.57 -0.25 -3.76 -8.52 -0.25 -3.1
4 16 -9.48 -0.25 -3.28 -9.58 -0.25 -3.27 -8.73 -0.25 -4.77 -8.57 -0.25 -3.76
4 16 -7.29 -0.25 -3.08 -7.23 -0.25 -3.81 -6.91 -0.25 -3.2 -7.15 -0.25 -2.46
4 16 -11.11 -0.25 -3.1 -9.69 -0.25 -3.07 -9.69 -0.25 -2.99 -10.91 -0.25 -2.29
3 16 -8.66 -0.25 -2.79 -8.95 -0.25 -2.91 -8.52 -0.25 -3.1
4 16 -5.28 -0.25 -3.44 -5.92 -0.25 -3.18 -6.48 -0.25 -3.38 -6.76 -0.25 -3.69
4 16 -2.62 -0.25 -3.29 -1.06 -0.25 -4.28 -0.72 -0.25 -3.39 -2.32 -0.25 -2.68
4 16 -5.12 -0.25 -2.99 -5.14 -0.25 -3.35 -4.04 -0.25 -3.77 -3.67 -0.25 -3.14
4 16 -5.14 -0.25 -3.35 -5.28 -0.25 -3.44 -4.32 -0.25 -4.54 -4.04 -0.25 -3.77
3 16 -5.28 -0.25 -3.44 -6.76 -0.25 -3.69 -7.07 -0.25 -4.2
4 16 -5.06 -0.25 -2.51 -5.12 -0.25 -2.99 -3.67 -0.25 -3.14 -4.98 -0.25 -2.05
4 16 -7.15 -0.25 -2.46 -6.91 -0.25 -3.2 -6.6 -0.25 -2.66 -7.1 -0.25 -2.009
4 16 -1.98 -0.25 -2.4 -2.32 -0.25 -2.68 -0.72 -0.25 -3.39 -1.56 -0.25 -2.31
4 16 -4.98 -0.25 -2.05 -3.67 -0.25 -3.14 -3.33 -0.25 -2.83 -4.89 -0.25 -1.7
4 16 -0.72 -0.25 -3.39 -0.56 -0.25 -2.58 -1.08 -0.25 -2.37 -1.56 -0.25 -2.31
4 16 -9.69 -0.25 -2.99 -8.77 -0.25 -2.26 -10.74 -0.25 -1.78 -10.91 -0.25 -2.29
4 16 -6.28 -0.25 -2.22 -7.19 -0.25 -1.69 -7.1 -0.25 -2.009 -6.6 -0.25 -2.66
4 16 -8.15 -0.25 -1.83 -10.94 -0.25 -1.63 -10.74 -0.25 -1.78 -8.77 -0.25 -2.26
3 16 -10.94 -0.25 -1.63 -12.17 -0.25 -1.72 -11.5 -0.25 -1.96
4 16 -10.94 -0.25 -1.63 -8.15 -0.25 -1.83 -7.46 -0.25 -1.55 -12.7 -0.25 0.7
4 16 -7.19 -0.25 -1.69 -6.28 -0.25 -2.22 -5.74 -0.25 -1.72 -6.6 -0.25 -1.5
3 16 -4.89 -0.25 -1.7 -3.33 -0.25 -2.83 -2.73 -0.25 -2.38
4 16 -4.89 -0.25 -1.7 -2.73 -0.25 -2.38 -2.12 -0.25 -1.96 -4.93 -0.25 -1.64
4 16 -4.93 -0.25 -1.64 -2.12 -0.25 -1.96 -1.72 -0.25 -1.75 -3.5 -0.25 0.9
3 16 -3.5 -0.25 0.9 -1.72 -0.25 -1.75 -1.04 -0.25 -1.64
4 16 -0.41 -0.25 -1.72 0.26 -0.25 -1.96 0.82 -0.25 -1.63 -3.5 -0.25 0.9
4 16 -3.5 -0.25 0.9 0.82 -0.25 -1.63 5.94 -0.25 0.96 6 -0.25 1.01
4 16 5.91 -0.25 0.7 0.82 -0.25 -1.63 1.02 -0.25 -1.78 4.73 -0.25 -1.95
3 16 -3.5 -0.25 0.9 -1.04 -0.25 -1.64 -0.41 -0.25 -1.72
3 16 -3.5 -0.25 0.9 -5.25 -0.25 -1.6 -4.93 -0.25 -1.64
4 16 2.88 -0.25 -3.61 0.85 -0.25 -2.29 0.65 -0.25 -3.1 2.64 -0.25 -4.22
4 16 3.13 -0.25 -3.16 1.02 -0.25 -1.78 0.85 -0.25 -2.29 2.88 -0.25 -3.61
4 16 3.69 -0.25 -7.54 3 -0.25 -7.76 6.13 -0.25 -7.74 5.8 -0.25 -7.57
4 16 9.66 -0.25 -7.59 7.26 -0.25 -7.22 6.72 -0.25 -7.56 9.97 -0.25 -7.89
3 16 6.72 -0.25 -7.56 6.13 -0.25 -7.74 9.97 -0.25 -7.89
4 16 4.56 -0.25 -6.86 3.69 -0.25 -7.54 5.8 -0.25 -7.57 5.68 -0.25 -7.16
3 16 6.13 -0.25 -7.74 3 -0.25 -7.76 9.97 -0.25 -7.89
4 16 4.56 -0.25 -6.86 5.68 -0.25 -7.16 5.74 -0.25 -6.68 5.17 -0.25 -6.21
4 16 7.45 -0.25 -6.59 7.06 -0.25 -6.17 7.03 -0.25 -6.52 7.16 -0.25 -6.72
3 16 9.66 -0.25 -7.59 9.97 -0.25 -7.89 10.01 -0.25 -7.76
4 16 8.2 -0.25 -6.53 7.26 -0.25 -7.22 9.66 -0.25 -7.59 9.54 -0.25 -7.13
4 16 10.45 -0.25 -7.66 10.01 -0.25 -7.76 9.97 -0.25 -7.89 13.71 -0.25 -7.57
4 16 13.16 -0.25 -7.37 10.79 -0.25 -7.49 10.45 -0.25 -7.66 13.71 -0.25 -7.57
3 16 11.29 -0.25 -7.17 10.79 -0.25 -7.49 13.16 -0.25 -7.37
4 16 13.16 -0.25 -7.37 13.14 -0.25 -7.31 11.84 -0.25 -6.81 11.29 -0.25 -7.17
4 16 8.2 -0.25 -6.53 9.54 -0.25 -7.13 9.61 -0.25 -6.49 8.22 -0.25 -6.45
4 16 10.98 -0.25 -6.5 11.03 -0.25 -6.65 11.15 -0.25 -6.72 11.49 -0.25 -6.58
4 16 12.31 -0.25 -6.48 11.84 -0.25 -6.81 13.14 -0.25 -7.31 13.28 -0.25 -6.56
4 16 4.4 -0.25 -6.49 3.7 -0.25 -5.65 3.65 -0.25 -6.3 3.88 -0.25 -6.73
4 16 3.7 -0.25 -5.65 4.4 -0.25 -6.49 4.75 -0.25 -6.15 5.19 -0.25 -5.63
4 16 5.17 -0.25 -6.21 5.74 -0.25 -6.68 5.91 -0.25 -5.91 5.73 -0.25 -5.46
4 16 8.02 -0.25 -6.21 7.28 -0.25 -4.92 7.14 -0.25 -5.7 7.06 -0.25 -6.17
4 16 3.82 -0.25 -4.89 3.7 -0.25 -5.65 5.19 -0.25 -5.63 5.62 -0.25 -4.98
4 16 6.05 -0.25 -5.36 6.22 -0.25 -4.63 5.73 -0.25 -5.46 5.91 -0.25 -5.91
4 16 4.019 -0.25 -4.1 3.82 -0.25 -4.89 5.62 -0.25 -4.98 5.97 -0.25 -4.31
3 16 7.06 -0.25 -6.17 7.45 -0.25 -6.59 8.02 -0.25 -6.21
4 16 9.72 -0.25 -6.01 8.09 -0.25 -6.21 8.22 -0.25 -6.45 9.61 -0.25 -6.49
4 16 7.28 -0.25 -4.92 8.09 -0.25 -6.21 9.91 -0.25 -5.26 9.14 -0.25 -3.37
4 16 11.04 -0.25 -6.11 11.49 -0.25 -6.58 12.12 -0.25 -6.15 11.22 -0.25 -5.36
4 16 12.33 -0.25 -6.4 12.31 -0.25 -6.48 13.28 -0.25 -6.56 13.37 -0.25 -5.76
3 16 9.91 -0.25 -5.26 8.09 -0.25 -6.21 9.72 -0.25 -6.01
4 16 11.51 -0.25 -4.24 11.22 -0.25 -5.36 12.2 -0.25 -6.16 13.37 -0.25 -5.76
3 16 11.04 -0.25 -6.11 10.98 -0.25 -6.5 11.49 -0.25 -6.58
3 16 13.37 -0.25 -5.76 12.2 -0.25 -6.16 12.33 -0.25 -6.4
3 16 11.22 -0.25 -5.36 12.12 -0.25 -6.15 12.2 -0.25 -6.16
4 16 11.51 -0.25 -4.24 13.37 -0.25 -5.76 13.43 -0.25 -5.71 13.8 -0.25 -4.33
3 16 7.28 -0.25 -4.92 8.02 -0.25 -6.21 8.09 -0.25 -6.21
3 16 13.71 -0.25 -7.57 9.97 -0.25 -7.89 14.12 -0.25 -7.66
4 16 14.79 -0.25 -7.71 14.12 -0.25 -7.66 9.97 -0.25 -7.89 29 -0.25 -23
4 16 15.85 -0.25 -7.54 15.38 -0.25 -7.67 19.5 -0.25 -7.79 19.02 -0.25 -7.54
4 16 16.79 -0.25 -6.95 16.29 -0.25 -7.31 19.02 -0.25 -7.54 18.87 -0.25 -7.19
4 16 19.5 -0.25 -7.79 15.38 -0.25 -7.67 14.79 -0.25 -7.71 29 -0.25 -23
4 16 14.92 -0.25 -5.1 14.06 -0.25 -6.58 14.43 -0.25 -6.81 14.87 -0.25 -6.97
4 16 15.32 -0.25 -7.03 15.92 -0.25 -6.93 15.44 -0.25 -5.22 14.87 -0.25 -6.97
4 16 18.87 -0.25 -7.19 18.82 -0.25 -6.64 17.24 -0.25 -6.55 16.79 -0.25 -6.95
4 16 16.05 -0.25 -5.41 15.92 -0.25 -6.93 16.329 -0.25 -6.58 16.46 -0.25 -6.08
3 16 16.29 -0.25 -7.31 15.85 -0.25 -7.54 19.02 -0.25 -7.54
4 16 20.94 -0.25 -7.89 20.09 -0.25 -7.62 19.5 -0.25 -7.79 29 -0.25 -23
4 16 20.83 -0.25 -7.11 20.09 -0.25 -7.62 20.94 -0.25 -7.89 22.15 -0.25 -7.2
3 16 23.25 -0.25 -7.55 22.57 -0.25 -7.78 29 -0.25 -23
4 16 20.94 -0.25 -7.89 29 -0.25 -23 22.57 -0.25 -7.78 22.26 -0.25 -7.62
3 16 22.15 -0.25 -7.2 20.94 -0.25 -7.89 22.26 -0.25 -7.62
3 16 23.84 -0.25 -7.18 23.25 -0.25 -7.55 29 -0.25 -23
4 16 21.4 -0.25 -6.55 20.83 -0.25 -7.11 22.15 -0.25 -7.2 22.25 -0.25 -6.46
3 16 24.76 -0.25 -6.52 23.84 -0.25 -7.18 29 -0.25 -23
4 16 23.47 -0.25 -6.49 23.63 -0.25 -6.73 23.96 -0.25 -6.6 23.53 -0.25 -6.04
4 16 13.76 -0.25 -5.76 13.78 -0.25 -6.3 14.06 -0.25 -6.58 14.92 -0.25 -5.1
3 16 14.92 -0.25 -5.1 14.87 -0.25 -6.97 15.44 -0.25 -5.22
4 16 18.82 -0.25 -6.64 18.86 -0.25 -6.02 17.51 -0.25 -6.2 17.24 -0.25 -6.55
4 16 17.69 -0.25 -5.46 17.51 -0.25 -6.2 18.86 -0.25 -6.02 18.99 -0.25 -5.31
4 16 13.76 -0.25 -5.76 14.92 -0.25 -5.1 14.57 -0.25 -5.01 13.7 -0.25 -5.71
4 16 14.12 -0.25 -4.77 13.43 -0.25 -5.71 13.7 -0.25 -5.71 14.57 -0.25 -5.01
3 16 15.44 -0.25 -5.22 15.92 -0.25 -6.93 16.05 -0.25 -5.41
3 16 16.05 -0.25 -5.41 16.46 -0.25 -6.08 16.35 -0.25 -5.68
4 16 17.51 -0.25 -4.75 17.69 -0.25 -5.46 18.99 -0.25 -5.31 19.19 -0.25 -4.54
4 16 22.01 -0.25 -5.74 21.4 -0.25 -6.55 22.25 -0.25 -6.46 22.4 -0.25 -5.78
4 16 23.53 -0.25 -6.04 23.96 -0.25 -6.6 24.58 -0.25 -6.21 23.71 -0.25 -5.16
3 16 24.79 -0.25 -6.44 24.76 -0.25 -6.52 29 -0.25 -23
4 16 21.37 -0.25 -5.98 21.97 -0.25 -5.17 20.3 -0.25 -5.49 20.81 -0.25 -6.55
3 16 22.67 -0.25 -4.69 22.01 -0.25 -5.74 22.4 -0.25 -5.78
4 16 24.66 -0.25 -6.21 24.16 -0.25 -3.1 23.71 -0.25 -5.16 24.58 -0.25 -6.21
4 16 20.55 -0.25 -4.36 20.3 -0.25 -5.49 21.97 -0.25 -5.17 22.45 -0.25 -4.28
4 16 24.16 -0.25 -3.1 24.66 -0.25 -6.21 24.79 -0.25 -6.44 24.36 -0.25 -2.29
4 16 20.81 -0.25 -6.55 20.3 -0.25 -5.49 20.21 -0.25 -6.28 20.46 -0.25 -6.74
4 16 24.79 -0.25 -6.44 29 -0.25 -23 24.53 -0.25 -1.78 24.36 -0.25 -2.29
4 16 4.27 -0.25 -3.34 4.019 -0.25 -4.1 5.97 -0.25 -4.31 6.23 -0.25 -3.64
4 16 4.53 -0.25 -2.75 4.27 -0.25 -3.34 6.23 -0.25 -3.64 5.46 -0.25 -2.28
3 16 1.02 -0.25 -1.78 3.64 -0.25 -2.65 4.17 -0.25 -2.29
3 16 1.02 -0.25 -1.78 3.34 -0.25 -2.89 3.64 -0.25 -2.65
3 16 5.46 -0.25 -2.28 4.77 -0.25 -2.44 4.53 -0.25 -2.75
4 16 6.39 -0.25 -3.03 6.02 -0.25 -2.33 5.46 -0.25 -2.28 6.23 -0.25 -3.64
3 16 6.02 -0.25 -2.33 6.39 -0.25 -3.03 6.5 -0.25 -2.49
4 16 9.23 -0.25 -3.38 9.14 -0.25 -3.37 9.91 -0.25 -5.26 10.2 -0.25 -4.14
4 16 7.5 -0.25 -3.82 7.28 -0.25 -4.92 9.14 -0.25 -3.37 9.02 -0.25 -3.16
4 16 10.37 -0.25 -3.38 9.9 -0.25 -2.94 9.23 -0.25 -3.38 10.2 -0.25 -4.14
4 16 13.67 -0.25 -3.73 11.76 -0.25 -3.28 11.51 -0.25 -4.24 13.8 -0.25 -4.33
4 16 7.81 -0.25 -2.31 9.02 -0.25 -3.16 9.03 -0.25 -3.08 8.039 -0.25 -1.19
3 16 7.81 -0.25 -2.31 7.5 -0.25 -3.82 9.02 -0.25 -3.16
4 16 10.42 -0.25 -2.97 10.28 -0.25 -2.8 9.9 -0.25 -2.94 10.37 -0.25 -3.38
4 16 8.039 -0.25 -1.19 9.03 -0.25 -3.08 9.98 -0.25 -2.37 8.189 -0.25 -0.45
4 16 5.91 -0.25 0.7 4.73 -0.25 -1.95 5.14 -0.25 -1.76 5.96 -0.25 0.64
4 16 5.82 -0.25 -1.64 6.2 -0.25 -1.67 6.85 -0.25 -0.48 5.96 -0.25 0.64
3 16 6.85 -0.25 -0.48 6.2 -0.25 -1.67 6.65 -0.25 -1.76
3 16 5.96 -0.25 0.64 5.14 -0.25 -1.76 5.82 -0.25 -1.64
3 16 5.94 -0.25 0.96 0.82 -0.25 -1.63 5.91 -0.25 0.7
4 16 6.93 -0.25 0.31 6.85 -0.25 0.55 6.58 -0.25 0.63 6.85 -0.25 -0.48
3 16 5.96 -0.25 0.64 6.85 -0.25 -0.48 6.58 -0.25 0.63
4 16 8.48 -0.25 1.58 6 -0.25 1.01 6.86 -0.25 1.15 7.69 -0.25 1.34
3 16 1.02 -0.25 -1.78 4.17 -0.25 -2.29 4.73 -0.25 -1.95
4 16 11.21 -0.25 -0.23 8.189 -0.25 -0.45 10.7 -0.25 -1.9 11.23 -0.25 -1.64
4 16 11.23 -0.25 -1.64 11.63 -0.25 -1.56 11.74 -0.25 -0.44 11.21 -0.25 -0.23
4 16 11.74 -0.25 -0.44 11.63 -0.25 -1.56 11.89 -0.25 -1.69 12.35 -0.25 -0.14
4 16 8.48 -0.25 1.58 8.63 -0.25 1.45 11.28 -0.25 0.95 11.89 -0.25 1.22
4 16 8.63 -0.25 1.45 8.189 -0.25 -0.45 11.05 -0.25 0.31 11.28 -0.25 0.95
3 16 11.05 -0.25 0.31 8.189 -0.25 -0.45 11.21 -0.25 -0.23
3 16 8.189 -0.25 -0.45 9.98 -0.25 -2.37 10.7 -0.25 -1.9
3 16 1.02 -0.25 -1.78 3.13 -0.25 -3.16 3.34 -0.25 -2.89
4 16 16.7 -0.25 -4.19 17.05 -0.25 -4.32 17.31 -0.25 -3.42 17.26 -0.25 -3.37
4 16 16.54 -0.25 -2.4 15.51 -0.25 -3.91 16.2 -0.25 -4.08 17.26 -0.25 -3.37
4 16 14.81 -0.25 -3.13 15.09 -0.25 -3.74 15.51 -0.25 -3.91 15.09 -0.25 -2.5
3 16 17.26 -0.25 -3.37 16.2 -0.25 -4.08 16.7 -0.25 -4.19
4 16 13.79 -0.25 -3.1 11.91 -0.25 -2.69 11.76 -0.25 -3.28 13.67 -0.25 -3.73
4 16 12 -0.25 -2.02 11.91 -0.25 -2.69 13.79 -0.25 -3.1 14.14 -0.25 -2.58
3 16 16.54 -0.25 -2.4 17.26 -0.25 -3.37 17.19 -0.25 -2.81
4 16 17.58 -0.25 -3.42 17.31 -0.25 -3.42 17.05 -0.25 -4.32 17.51 -0.25 -4.75
4 16 17.63 -0.25 -3.37 17.58 -0.25 -3.42 17.51 -0.25 -4.75 19.19 -0.25 -4.54
4 16 17.63 -0.25 -3.37 19.19 -0.25 -4.54 19.47 -0.25 -3.77 17.73 -0.25 -2.59
4 16 20.88 -0.25 -3.29 20.55 -0.25 -4.36 22.45 -0.25 -4.28 22.78 -0.25 -3.39
4 16 17.73 -0.25 -2.59 19.47 -0.25 -3.77 19.84 -0.25 -3.14 17.85 -0.25 -1.95
3 16 17.85 -0.25 -1.95 19.84 -0.25 -3.14 20.18 -0.25 -2.83
4 16 21.19 -0.25 -2.68 20.88 -0.25 -3.29 22.78 -0.25 -3.39 21.52 -0.25 -2.4
4 16 11.89 -0.25 -1.69 14.14 -0.25 -2.58 14.44 -0.25 -2.34 12.35 -0.25 -0.14
4 16 15.8 -0.25 -2.25 15.09 -0.25 -2.5 15.51 -0.25 -3.91 16.54 -0.25 -2.4
4 16 12.35 -0.25 -0.14 14.44 -0.25 -2.34 14.88 -0.25 -2.05 12.57 -0.25 0.53
3 16 12.57 -0.25 0.53 14.88 -0.25 -2.05 15.33 -0.25 -1.79
4 16 16.329 -0.25 -1.56 12.39 -0.25 1.03 12.57 -0.25 0.53 15.66 -0.25 -1.65
3 16 12.57 -0.25 0.53 15.33 -0.25 -1.79 15.66 -0.25 -1.65
4 16 17.12 -0.25 -1.66 17 -0.25 6.8 12.39 -0.25 1.03 16.329 -0.25 -1.56
4 16 17 -0.25 6.8 17.12 -0.25 -1.66 17.85 -0.25 -1.95 21.39 -0.25 -1.96
3 16 11.89 -0.25 -1.69 12 -0.25 -2.02 14.14 -0.25 -2.58
4 16 21.95 -0.25 -2.31 21.52 -0.25 -2.4 22.78 -0.25 -3.39 22.43 -0.25 -2.37
3 16 17.85 -0.25 -1.95 20.18 -0.25 -2.83 20.77 -0.25 -2.38
3 16 17 -0.25 6.8 21.79 -0.25 -1.75 22.47 -0.25 -1.64
4 16 17 -0.25 6.8 22.47 -0.25 -1.64 23.1 -0.25 -1.72 24.33 -0.25 -1.63
3 16 24.33 -0.25 -1.63 23.1 -0.25 -1.72 23.77 -0.25 -1.96
3 16 17 -0.25 6.8 21.39 -0.25 -1.96 21.79 -0.25 -1.75
3 16 17.85 -0.25 -1.95 20.77 -0.25 -2.38 21.39 -0.25 -1.96
3 16 22.43 -0.25 -2.37 22.78 -0.25 -3.39 22.95 -0.25 -2.58
3 16 13.8 -0.25 -4.33 13.43 -0.25 -5.71 14.12 -0.25 -4.77
4 16 -19.39 -0.25 1.08 -14.6 -0.25 6.6 -29 -0.25 23 -19.8 -0.25 1.08
3 16 -29 -0.25 23 -20.26 -0.25 1.07 -19.8 -0.25 1.08
4 16 -21.13 -0.25 1.04 -20.26 -0.25 1.07 -29 -0.25 23 -22.01 -0.25 1.04
4 16 -22.98 -0.25 1.05 -22.01 -0.25 1.04 -29 -0.25 23 -23.79 -0.25 1.08
3 16 -29 -0.25 23 -23.85 -0.25 1.02 -23.79 -0.25 1.08
3 16 -29 -0.25 23 -23.9 -0.25 0.7 -23.85 -0.25 1.02
4 16 -25.02 -0.25 -7.14 -23.9 -0.25 0.7 -29 -0.25 23 -25.08 -0.25 -7.19
4 16 -12.5 -0.25 5.2 -14.6 -0.25 6.6 -19.39 -0.25 1.08 -18.61 -0.25 1.02
3 16 -12 -0.25 3.6 -18.61 -0.25 1.02 -18.01 -0.25 0.84
4 16 -7.9 -0.25 1.1 -12.7 -0.25 0.7 -7.46 -0.25 -1.55 -6.5 -0.25 1.2
4 16 -6.5 -0.25 1.2 -7.46 -0.25 -1.55 -7.19 -0.25 -1.69 -6.6 -0.25 -1.5
4 16 -5.6 -0.25 -0.8 -6.6 -0.25 -1.5 -5.74 -0.25 -1.72 -5.25 -0.25 -1.6
3 16 -2.9 -0.25 1.8 -3.5 -0.25 0.9 6 -0.25 1.01
4 16 -2.4 -.25 3 -2.9 -.25 1.8 6 -.25 1.01 5 -.25 3.3
3 16 5 -.25 3.3 6 -.25 1.01 8.48 -.25 1.58
4 16 8.6 -.25 2.3 5 -.25 3.3 8.48 -.25 1.58 10 -.25 1.7
3 16 10 -0.25 1.7 8.48 -0.25 1.58 11.89 -0.25 1.22
4 16 13.6 -0.25 6.6 10 -0.25 1.7 11.89 -0.25 1.22 14.3 -0.25 6.5
4 16 14.3 -0.25 6.5 11.89 -0.25 1.22 12.39 -0.25 1.03 17 -0.25 6.8
3 16 18 -0.25 7.2 17 -0.25 6.8 24.33 -0.25 -1.63
3 16 29 -0.25 23 24.33 -0.25 -1.63 24.53 -0.25 -1.78
3 16 29 -0.25 23 24.53 -0.25 -1.78 29 -0.25 -23