0 Sticker  1.1 x  2.9 with Black "POLICE" and Red Line
0 Name: 168175b.dat
0 Author: Takeshi Takahashi [RainbowDolphin]
0 !LDRAW_ORG Unofficial_Part
0 !LICENSE Licensed under CC BY 4.0 : see CAreadme.txt

0 BFC CERTIFY CCW

0 !CATEGORY Sticker
0 !KEYWORDS boat, BrickLink 6483stk01, Brickowl 167227, Coastal patrol
0 !KEYWORDS Rebrickable 168175, set 6483, ship, town

0 !HISTORY 2025-05-05 [RainbowDolphin] Pattern inlined from s\3009p17a by Micheal Heidemann [mikeheide]

1 16 0 -0.25 0 29 0 0 0 0.25 0 0 0 11 box5-12.dat
0 // Inlined: 1 16 0 9.75 9.8 0.88 0 0 0 0 1 0 -0.88 0 s\3009p17a.dat
0 BFC NOCLIP
4 4 -27.28 -.25 -8.24 0 -.25 -8.24 0 -.25 -6.04 -27.28 -.25 -6.04
4 4 24.64 -.25 -8.24 24.64 -.25 -6.04 0 -.25 -6.04 0 -.25 -8.24
4 0 27.5 -.25 4.96 28.16 -.25 8.04 21.12 -.25 8.04 23.54 -.25 4.96
4 0 18.92 -.25 -5.16 23.1 -.25 2.76 23.54 -.25 4.96 21.12 -.25 8.04
3 0 18.92 -.25 -5.16 22.22 -.25 -2.08 22.66 -.25 -.1
3 0 22.66 -.25 -.1 23.1 -.25 2.76 18.92 -.25 -5.16
4 0 26.62 -.25 -.1 27.06 -.25 2.76 23.1 -.25 2.76 22.66 -.25 -.1
4 0 25.52 -.25 -5.16 26.18 -.25 -2.08 22.22 -.25 -2.08 18.92 -.25 -5.16
4 0 4.84 -.25 -5.16 7.48 -.25 8.04 4.84 -.25 8.04 2.2 -.25 -5.16
4 0 1.32 -.25 -5.16 1.98 -.25 -2.3 -1.32 -.25 -2.3 -4.4 -.25 -5.16
4 0 .44 -.25 8.04 -2.2 -.25 8.04 -4.4 -.25 -5.16 -1.32 -.25 -2.3
4 0 -26.62 -.25 -5.16 -23.98 -.25 -5.16 -22.88 -.25 -.32 -24.2 -.25 8.04
3 0 -22.22 -.25 2.98 -21.78 -.25 5.18 -24.2 -.25 8.04
3 0 -22.22 -.25 2.98 -24.2 -.25 8.04 -22.88 -.25 -.32
4 0 -11 -.25 8.04 -11 -.25 5.18 -9.46 -.25 5.18 -7.92 -.25 8.04
4 0 -7.92 -.25 4.52 -5.72 -.25 6.5 -7.92 -.25 8.04 -9.46 -.25 5.18
4 0 -7.92 -.25 4.52 -7.26 -.25 2.98 -4.4 -.25 4.08 -5.72 -.25 6.5
4 0 -7.26 -.25 2.98 -7.26 -.25 1.44 -4.4 -.25 1.44 -4.4 -.25 4.08
4 0 -7.26 -.25 1.44 -7.92 -.25 .12 -5.28 -.25 -.98 -4.4 -.25 1.44
4 0 -7.92 -.25 .12 -8.8 -.25 -.98 -6.82 -.25 -2.96 -5.28 -.25 -.98
4 0 -8.8 -.25 -.98 -9.68 -.25 -1.64 -8.58 -.25 -4.28 -6.82 -.25 -2.96
4 0 -9.68 -.25 -1.64 -11 -.25 -2.08 -11 -.25 -5.16 -8.58 -.25 -4.28
4 0 -11 -.25 -2.08 -12.34728 -.25 -1.8116 -13.86 -.25 -4.94 -11 -.25 -5.16
4 0 -12.34728 -.25 -1.8116 -13.48864 -.25 -1.04864 -16.06 -.25 -3.4 -13.86 -.25 -4.94
4 0 -13.48864 -.25 -1.04864 -14.2516 -.25 .09272 -17.09752 -.25 -1.0856 -16.06 -.25 -3.4
4 0 -14.2516 -.25 .09272 -14.3 -.25 1.44 -17.16 -.25 1.44 -17.09752 -.25 -1.0856
4 0 -14.3 -.25 1.44 -13.86 -.25 2.76 -16.5 -.25 3.64 -17.16 -.25 1.44
4 0 -13.86 -.25 2.76 -13.2 -.25 3.86 -15.18 -.25 5.84 -16.5 -.25 3.64
4 0 -13.2 -.25 3.86 -12.1 -.25 4.74 -13.42 -.25 7.16 -15.18 -.25 5.84
4 0 -11 -.25 5.18 -11 -.25 8.04 -13.42 -.25 7.16 -12.1 -.25 4.74
4 0 -20.46 -.25 5.18 -20.24 -.25 8.04 -24.2 -.25 8.04 -21.78 -.25 5.18
4 0 -20.02 -.25 4.96 -18.26 -.25 7.82 -20.24 -.25 8.04 -20.46 -.25 5.18
4 0 -19.58 -.25 4.52 -16.94 -.25 6.28 -18.26 -.25 7.82 -20.02 -.25 4.96
4 0 -19.58 -.25 4.08 -16.72 -.25 4.08 -16.94 -.25 6.28 -19.58 -.25 4.52
4 0 -17.16 -.25 2.76 -16.72 -.25 4.08 -19.58 -.25 4.08 -20.02 -.25 3.42
4 0 -20.02 -.25 3.42 -20.68 -.25 2.98 -18.26 -.25 1 -17.16 -.25 2.76
4 0 -20.9 -.25 2.98 -19.58 -.25 .12 -18.26 -.25 1 -20.68 -.25 2.98
4 0 -20.9 -.25 2.98 -21.56 -.25 2.98 -21.12 -.25 -.32 -19.58 -.25 .12
4 0 -22.22 -.25 2.98 -22.88 -.25 -.32 -21.12 -.25 -.32 -21.56 -.25 2.98
4 0 16.72 -.25 3.64 19.8 -.25 3.64 19.36 -.25 5.4 16.5 -.25 4.3
4 0 18.04 -.25 6.94 15.84 -.25 4.96 16.5 -.25 4.3 19.36 -.25 5.4
4 0 16.28 -.25 7.82 14.3 -.25 5.18 15.84 -.25 4.96 18.04 -.25 6.94
4 0 16.28 -.25 7.82 14.08 -.25 8.04 13.64 -.25 5.18 14.3 -.25 5.18
4 0 14.08 -.25 8.04 12.32 -.25 7.82 12.98 -.25 4.96 13.64 -.25 5.18
4 0 12.32 -.25 7.82 11 -.25 7.16 12.1 -.25 4.52 12.98 -.25 4.96
4 0 11 -.25 7.16 9.46 -.25 5.84 11.44 -.25 4.08 12.1 -.25 4.52
4 0 9.46 -.25 5.84 8.36 -.25 4.3 10.56 -.25 2.98 11.44 -.25 4.08
4 0 8.36 -.25 4.3 7.48 -.25 2.54 10.12 -.25 2.1 10.56 -.25 2.98
4 0 7.48 -.25 2.54 7.04 -.25 .78 9.68 -.25 1 10.12 -.25 2.1
4 0 7.04 -.25 .78 7.04 -.25 -.54 9.68 -.25 -.1 9.68 -.25 1
4 0 7.04 -.25 -.54 7.48 -.25 -2.3 10.12 -.25 -.98 9.68 -.25 -.1
4 0 8.8 -.25 -4.06 10.78 -.25 -1.64 10.12 -.25 -.98 7.48 -.25 -2.3
4 0 8.8 -.25 -4.06 10.12 -.25 -4.94 11.66 -.25 -2.08 10.78 -.25 -1.64
4 0 12.1 -.25 -5.16 12.76 -.25 -2.3 11.66 -.25 -2.08 10.12 -.25 -4.94
4 0 12.1 -.25 -5.16 14.3 -.25 -4.94 13.64 -.25 -2.3 12.76 -.25 -2.3
4 0 16.28 -.25 -4.06 14.52 -.25 -2.08 13.64 -.25 -2.3 14.3 -.25 -4.94
4 0 17.16 -.25 -3.4 14.96 -.25 -1.86 14.52 -.25 -2.08 16.28 -.25 -4.06
4 0 17.16 -.25 -3.4 18.04 -.25 -2.52 15.62 -.25 -1.42 14.96 -.25 -1.86
4 0 18.92 -.25 -.98 15.84 -.25 -.98 15.62 -.25 -1.42 18.04 -.25 -2.52
0 BFC CLIP
4 16 23.1 -.25 2.76 27.06 -.25 2.76 27.5 -.25 4.96 23.54 -.25 4.96
4 16 26.18 -.25 -2.08 26.62 -.25 -.1 22.66 -.25 -.1 22.22 -.25 -2.08
4 16 16.72 -.25 3.64 15.84 -.25 -.98 18.92 -.25 -.98 19.8 -.25 3.64
4 16 18.92 -.25 -5.16 21.12 -.25 8.04 19.8 -.25 3.64 18.92 -.25 -.98
4 16 1.98 -.25 -2.3 4.84 -.25 8.04 .44 -.25 8.04 -1.32 -.25 -2.3
4 16 4.84 -.25 8.04 1.98 -.25 -2.3 1.32 -.25 -5.16 2.2 -.25 -5.16
3 16 12.32 -.25 7.82 14.08 -.25 8.04 7.48 -.25 8.04
3 16 12.32 -.25 7.82 7.48 -.25 8.04 11 -.25 7.16
3 16 7.48 -.25 8.04 9.46 -.25 5.84 11 -.25 7.16
3 16 8.36 -.25 4.3 9.46 -.25 5.84 7.48 -.25 8.04
3 16 8.36 -.25 4.3 7.48 -.25 8.04 7.48 -.25 2.54
3 16 7.48 -.25 2.54 7.48 -.25 8.04 7.04 -.25 .78
3 16 4.84 -.25 -5.16 7.04 -.25 -.54 7.04 -.25 .78
3 16 4.84 -.25 -5.16 7.04 -.25 .78 7.48 -.25 8.04
3 16 4.84 -.25 -5.16 7.48 -.25 -2.3 7.04 -.25 -.54
3 16 8.8 -.25 -4.06 7.48 -.25 -2.3 4.84 -.25 -5.16
3 16 4.84 -.25 -5.16 10.12 -.25 -4.94 8.8 -.25 -4.06
3 16 12.1 -.25 -5.16 10.12 -.25 -4.94 4.84 -.25 -5.16
3 16 18.92 -.25 -5.16 14.3 -.25 -4.94 12.1 -.25 -5.16
3 16 18.92 -.25 -5.16 16.28 -.25 -4.06 14.3 -.25 -4.94
3 16 18.92 -.25 -5.16 17.16 -.25 -3.4 16.28 -.25 -4.06
3 16 18.04 -.25 -2.52 17.16 -.25 -3.4 18.92 -.25 -5.16
3 16 18.92 -.25 -5.16 18.92 -.25 -.98 18.04 -.25 -2.52
3 16 21.12 -.25 8.04 14.08 -.25 8.04 16.28 -.25 7.82
3 16 18.04 -.25 6.94 21.12 -.25 8.04 16.28 -.25 7.82
3 16 18.04 -.25 6.94 19.36 -.25 5.4 21.12 -.25 8.04
3 16 21.12 -.25 8.04 19.36 -.25 5.4 19.8 -.25 3.64
4 16 12.98 -.25 4.96 11.66 -.25 -2.08 12.76 -.25 -2.3 13.64 -.25 5.18
4 16 12.98 -.25 4.96 12.1 -.25 4.52 10.78 -.25 -1.64 11.66 -.25 -2.08
4 16 11.44 -.25 4.08 10.12 -.25 -.98 10.78 -.25 -1.64 12.1 -.25 4.52
4 16 11.44 -.25 4.08 10.56 -.25 2.98 10.12 -.25 2.1 10.12 -.25 -.98
4 16 10.12 -.25 2.1 9.68 -.25 1 9.68 -.25 -.1 10.12 -.25 -.98
4 16 13.64 -.25 -2.3 14.3 -.25 5.18 13.64 -.25 5.18 12.76 -.25 -2.3
4 16 13.64 -.25 -2.3 14.52 -.25 -2.08 15.84 -.25 4.96 14.3 -.25 5.18
3 16 16.72 -.25 3.64 16.5 -.25 4.3 15.84 -.25 -.98
3 16 15.84 -.25 -.98 16.5 -.25 4.3 15.84 -.25 4.96
3 16 15.62 -.25 -1.42 15.84 -.25 -.98 15.84 -.25 4.96
3 16 15.84 -.25 4.96 14.96 -.25 -1.86 15.62 -.25 -1.42
3 16 14.52 -.25 -2.08 14.96 -.25 -1.86 15.84 -.25 4.96
3 16 -5.72 -.25 6.5 -2.2 -.25 8.04 -7.92 -.25 8.04
3 16 -4.4 -.25 4.08 -2.2 -.25 8.04 -5.72 -.25 6.5
3 16 -4.4 -.25 1.44 -2.2 -.25 8.04 -4.4 -.25 4.08
3 16 -4.4 -.25 -5.16 -2.2 -.25 8.04 -4.4 -.25 1.44
3 16 -4.4 -.25 -5.16 -4.4 -.25 1.44 -5.28 -.25 -.98
3 16 -5.28 -.25 -.98 -6.82 -.25 -2.96 -4.4 -.25 -5.16
3 16 -4.4 -.25 -5.16 -6.82 -.25 -2.96 -8.58 -.25 -4.28
3 16 -8.58 -.25 -4.28 -11 -.25 -5.16 -4.4 -.25 -5.16
3 16 -13.86 -.25 -4.94 -23.98 -.25 -5.16 -11 -.25 -5.16
3 16 -13.86 -.25 -4.94 -16.06 -.25 -3.4 -23.98 -.25 -5.16
3 16 -23.98 -.25 -5.16 -16.06 -.25 -3.4 -17.097608 -.25 -1.085688
3 16 -19.58 -.25 .12 -21.12 -.25 -.32 -17.097608 -.25 -1.085688
3 16 -21.12 -.25 -.32 -22.88 -.25 -.32 -23.98 -.25 -5.16
3 16 -17.097608 -.25 -1.085688 -21.12 -.25 -.32 -23.98 -.25 -5.16
3 16 -17.097608 -.25 -1.085688 -18.26 -.25 1 -19.58 -.25 .12
3 16 -17.097608 -.25 -1.085688 -17.16 -.25 1.44 -18.26 -.25 1
3 16 -17.16 -.25 1.44 -17.16 -.25 2.76 -18.26 -.25 1
3 16 -17.16 -.25 1.44 -16.5 -.25 3.64 -17.16 -.25 2.76
3 16 -17.16 -.25 2.76 -16.5 -.25 3.64 -16.72 -.25 4.08
3 16 -16.5 -.25 3.64 -15.18 -.25 5.84 -16.72 -.25 4.08
3 16 -15.18 -.25 5.84 -16.94 -.25 6.28 -16.72 -.25 4.08
3 16 -13.42 -.25 7.16 -16.94 -.25 6.28 -15.18 -.25 5.84
3 16 -13.42 -.25 7.16 -18.26 -.25 7.82 -16.94 -.25 6.28
3 16 -13.42 -.25 7.16 -11 -.25 8.04 -18.26 -.25 7.82
3 16 -18.26 -.25 7.82 -11 -.25 8.04 -20.24 -.25 8.04
4 16 -11 -.25 5.18 -12.347016 -.25 -1.81204 -11 -.25 -2.08 -9.46 -.25 5.18
4 16 -9.68 -.25 -1.64 -7.92 -.25 4.52 -9.46 -.25 5.18 -11 -.25 -2.08
4 16 -9.68 -.25 -1.64 -8.8 -.25 -.98 -7.26 -.25 2.98 -7.92 -.25 4.52
4 16 -7.92 -.25 .12 -7.26 -.25 1.44 -7.26 -.25 2.98 -8.8 -.25 -.98
4 16 -11 -.25 5.18 -12.1 -.25 4.74 -13.2 -.25 3.86 -12.347016 -.25 -1.81204
4 16 -13.2 -.25 3.86 -13.86 -.25 2.76 -14.3 -.25 1.44 -12.347016 -.25 -1.81204
4 16 -12.347016 -.25 -1.81204 -14.3 -.25 1.44 -14.25204 -.25 .092984 -13.488992 -.25 -1.048992
4 16 -21.56 -.25 2.98 -20.46 -.25 5.18 -21.78 -.25 5.18 -22.22 -.25 2.98
4 16 -19.58 -.25 4.52 -20.02 -.25 4.96 -20.46 -.25 5.18 -21.56 -.25 2.98
4 16 -19.58 -.25 4.08 -19.58 -.25 4.52 -21.56 -.25 2.98 -20.02 -.25 3.42
3 16 -20.9 -.25 2.98 -20.68 -.25 2.98 -20.02 -.25 3.42
3 16 -21.56 -.25 2.98 -20.9 -.25 2.98 -20.02 -.25 3.42
4 16 -27.28 -.25 -6.04 24.64 -.25 -6.04 25.52 -.25 -5.16 -26.62 -.25 -5.16
4 16 -27.28 -.25 -6.04 -26.62 -.25 -5.16 -24.2 -.25 8.04 -27.28 -.25 8.04
3 16 27.5 -.25 4.96 28.16 -.25 -8.24 28.16 -.25 8.04
3 16 27.5 -.25 4.96 27.06 -.25 2.76 28.16 -.25 -8.24
3 16 27.06 -.25 2.76 26.62 -.25 -.1 28.16 -.25 -8.24
3 16 28.16 -.25 -8.24 26.62 -.25 -.1 26.18 -.25 -2.08
3 16 26.18 -.25 -2.08 25.52 -.25 -5.16 28.16 -.25 -8.24
3 16 28.16 -.25 -8.24 25.52 -.25 -5.16 24.64 -.25 -6.04
3 16 24.64 -.25 -6.04 24.64 -.25 -8.24 28.16 -.25 -8.24
0 // Inlined end: s\3009p17a.dat
4 16 29 -0.25 11 -29 -0.25 11 -27.28 -0.25 8.04 28.16 -0.25 8.04
4 16 29 -0.25 11 28.16 -0.25 8.04 28.16 -0.25 -8.24 29 -0.25 -11
4 16 29 -0.25 -11 28.16 -0.25 -8.24 -27.28 -0.25 -8.24 -29 -0.25 -11
4 16 -29 -0.25 -11 -27.28 -0.25 -8.24 -27.28 -0.25 8.04 -29 -0.25 11