0 Minifig Head SW Protocol Droid (RA-7)
0 Name: 16957.dat
0 Author: Jeff Jones [notmaster]
0 !LDRAW_ORG Unofficial_Part
0 !LICENSE Licensed under CC BY 4.0 : see CAreadme.txt

0 BFC CERTIFY CCW

0 !CATEGORY Minifig
0 !KEYWORDS Death Star Droid, Insect Droid, Star Wars

0 !HISTORY 2014-10-16 {LEGO Digital Designer} Original part shape
0 !HISTORY 2025-06-17 [notmaster] File preparation for LDraw Parts Tracker

1 16 0 0 0 8 0 0 0 -2.5 0 0 0 8 4-4cyli.dat
4 16 -11.378 -14.807 6.14 -11.44 -13.407 5.082 -13.074 -13.857 4.832 -13.1 -14.865 5.589
3 16 -11.44 -13.407 5.082 -11.726 -12.81 3.385 -13.074 -13.857 4.832
3 16 -13.074 -13.857 4.832 -11.726 -12.81 3.385 -13.175 -13.478 3.636
3 16 -11.726 -12.81 3.385 -11.854 -13.417 1.767 -13.175 -13.478 3.636
3 16 -13.365 -13.871 2.455 -13.175 -13.478 3.636 -11.854 -13.417 1.767
3 16 -11.854 -13.417 1.767 -12.096 -14.837 .703 -13.365 -13.871 2.455
3 16 -13.571 -14.887 1.743 -13.365 -13.871 2.455 -12.096 -14.837 .703
3 16 -12.096 -14.837 .703 -12.286 -16.584 .766 -13.571 -14.887 1.743
3 16 -13.571 -14.887 1.743 -12.286 -16.584 .766 -13.714 -16.137 1.77
3 16 -12.286 -16.584 .766 -12.279 -17.992 1.866 -13.714 -16.137 1.77
3 16 -13.74 -17.145 2.526 -13.714 -16.137 1.77 -12.279 -17.992 1.866
3 16 -12.279 -17.992 1.866 -12.234 -18.512 3.537 -13.74 -17.145 2.526
3 16 -13.74 -17.145 2.526 -12.234 -18.512 3.537 -13.639 -17.525 3.723
3 16 -12.234 -18.512 3.537 -11.82 -17.951 5.168 -13.639 -17.525 3.723
3 16 -13.449 -17.132 4.903 -13.639 -17.525 3.723 -11.82 -17.951 5.168
3 16 -11.82 -17.951 5.168 -11.711 -16.554 6.163 -13.449 -17.132 4.903
3 16 -13.449 -17.132 4.903 -11.711 -16.554 6.163 -13.243 -16.116 5.615
3 16 -11.711 -16.554 6.163 -11.378 -14.807 6.14 -13.243 -16.116 5.615
3 16 -13.1 -14.865 5.589 -13.243 -16.116 5.615 -11.378 -14.807 6.14
3 16 -14.111 -15.398 3.787 -13.1 -14.865 5.589 -13.074 -13.857 4.832
3 16 -14.111 -15.398 3.787 -13.074 -13.857 4.832 -13.175 -13.478 3.636
3 16 -14.111 -15.398 3.787 -13.175 -13.478 3.636 -13.365 -13.871 2.455
3 16 -14.111 -15.398 3.787 -13.365 -13.871 2.455 -13.571 -14.887 1.743
3 16 -14.111 -15.398 3.787 -13.571 -14.887 1.743 -13.714 -16.137 1.77
3 16 -14.111 -15.398 3.787 -13.714 -16.137 1.77 -13.74 -17.145 2.526
3 16 -14.111 -15.398 3.787 -13.74 -17.145 2.526 -13.639 -17.525 3.723
3 16 -14.111 -15.398 3.787 -13.639 -17.525 3.723 -13.449 -17.132 4.903
3 16 -14.111 -15.398 3.787 -13.449 -17.132 4.903 -13.243 -16.116 5.615
3 16 -14.111 -15.398 3.787 -13.243 -16.116 5.615 -13.1 -14.865 5.589
2 24 -11.378 -14.807 6.14 -11.44 -13.407 5.082
2 24 -11.44 -13.407 5.082 -11.726 -12.81 3.385
2 24 -11.726 -12.81 3.385 -11.854 -13.417 1.767
2 24 -11.854 -13.417 1.767 -12.096 -14.837 .703
2 24 -12.096 -14.837 .703 -12.286 -16.584 .766
2 24 -12.286 -16.584 .766 -12.279 -17.992 1.866
2 24 -12.279 -17.992 1.866 -12.234 -18.512 3.537
2 24 -12.234 -18.512 3.537 -11.82 -17.951 5.168
2 24 -11.82 -17.951 5.168 -11.711 -16.554 6.163
2 24 -11.711 -16.554 6.163 -11.378 -14.807 6.14
1 16 0 -27 0 1 0 0 0 -6.75 0 0 0 1 stud4o.dat
1 16 0 0 0 8 0 0 0 1 0 0 0 8 4-4edge.dat
1 16 0 0 0 1 0 0 0 1 0 0 0 1 s\16957s01.dat
1 16 0 0 0 -1 0 0 0 1 0 0 0 1 s\16957s01.dat
5 24 -13.74 -17.145 2.526 -13.714 -16.137 1.77 -14.111 -15.398 3.787 -12.279 -17.992 1.866
5 24 -12.234 -18.512 3.537 -13.74 -17.145 2.526 -12.279 -17.992 1.866 -13.639 -17.525 3.723
5 24 -13.74 -17.145 2.526 -12.279 -17.992 1.866 -12.234 -18.512 3.537 -13.714 -16.137 1.77
5 24 0 -5.79 10.254 0 -8.78 13.597 3.106 -5.797 9.603 -3.106 -5.797 9.603
5 24 -13.714 -16.137 1.77 -12.279 -17.992 1.866 -12.286 -16.584 .766 -13.74 -17.145 2.526
5 24 -14.111 -15.398 3.787 -13.571 -14.887 1.743 -13.365 -13.871 2.455 -13.714 -16.137 1.77
5 24 -13.074 -13.857 4.832 -14.111 -15.398 3.787 -13.1 -14.865 5.589 -13.175 -13.478 3.636
5 24 0 -23.576 16.322 0 -26.753 13.566 3.892 -23.559 15.347 -3.892 -23.559 15.347
5 24 0 -26.36 -13.53 0 -23.869 -15.054 1.635 -26.23 -13.319 -1.635 -26.23 -13.319
5 24 0 -27.77 -12.268 0 -26.36 -13.53 -1.635 -26.23 -13.319 1.635 -26.23 -13.319
5 24 0 -8.899 -17.617 0 -6.206 -17.465 -1.714 -5.184 -16.655 1.714 -5.184 -16.655
5 24 -13.714 -16.137 1.77 -14.111 -15.398 3.787 -13.571 -14.887 1.743 -13.74 -17.145 2.526
5 24 0 -2.955 -16.94 0 -2.506 -12.477 3.269 -3.336 -16.408 -3.269 -3.336 -16.408
5 24 -14.111 -15.398 3.787 -13.449 -17.132 4.903 -13.639 -17.525 3.723 -13.243 -16.116 5.615
5 24 -14.111 -15.398 3.787 -13.175 -13.478 3.636 -13.074 -13.857 4.832 -13.365 -13.871 2.455
5 24 -11.82 -17.951 5.168 -13.639 -17.525 3.723 -12.234 -18.512 3.537 -13.449 -17.132 4.903
5 24 -13.639 -17.525 3.723 -12.234 -18.512 3.537 -13.74 -17.145 2.526 -11.82 -17.951 5.168
5 24 -11.378 -14.807 6.14 -13.1 -14.865 5.589 -11.44 -13.407 5.082 -13.243 -16.116 5.615
5 24 0 -29.807 -9.385 0 -29.069 -10.649 -1.082 -28.909 -10.474 1.082 -28.909 -10.474
5 24 0 -30.61 -3.663 0 -29.85 -7.485 -.991 -29.575 -8.013 .991 -29.575 -8.013
5 24 0 -29.844 5.457 0 -30.627 .461 -3.284 -30.298 .282 3.284 -30.298 .282
5 24 0 -20.248 -16.309 0 -19.823 -15.955 -1.212 -20.165 -15.845 1.212 -20.165 -15.845
5 24 -13.714 -16.137 1.77 -12.286 -16.584 .766 -13.571 -14.887 1.743 -12.279 -17.992 1.866
5 24 -13.175 -13.478 3.636 -13.365 -13.871 2.455 -11.854 -13.417 1.767 -14.111 -15.398 3.787
5 24 -13.571 -14.887 1.743 -13.714 -16.137 1.77 -14.111 -15.398 3.787 -12.286 -16.584 .766
5 24 -13.243 -16.116 5.615 -11.711 -16.554 6.163 -13.449 -17.132 4.903 -11.378 -14.807 6.14
5 24 0 -30.627 .461 0 -30.61 -3.663 -3.284 -30.298 .282 3.284 -30.298 .282
5 24 -13.365 -13.871 2.455 -14.111 -15.398 3.787 -13.175 -13.478 3.636 -13.571 -14.887 1.743
5 24 0 -6.206 -17.465 0 -4.833 -17.219 1.714 -5.184 -16.655 -1.714 -5.184 -16.655
5 24 0 -9.997 -18.016 0 -8.899 -17.617 1.245 -7.927 -16.933 -1.245 -7.927 -16.933
5 24 -13.175 -13.478 3.636 -11.726 -12.81 3.385 -13.074 -13.857 4.832 -11.854 -13.417 1.767
5 24 0 -28.689 10.292 0 -28.416 9.516 2.135 -28.472 10.195 -2.135 -28.472 10.195
5 24 -13.365 -13.871 2.455 -11.854 -13.417 1.767 -12.096 -14.837 .703 -13.175 -13.478 3.636
5 24 0 -26.753 13.566 0 -27.45 13.539 -1.173 -27.04 13.089 1.173 -27.04 13.089
5 24 0 -16.916 17.982 0 -20.449 17.58 -4.23 -20.115 16.621 4.23 -20.115 16.621
5 24 0 -17.796 -15.703 0 -17.451 -15.34 1.646 -17.484 -15.221 -1.646 -17.484 -15.221
5 24 -11.726 -12.81 3.385 -13.074 -13.857 4.832 -11.44 -13.407 5.082 -13.175 -13.478 3.636
5 24 0 -1.974 -9.327 0 -2.069314 -8 -3.083 -2.335 -8.435 3.083 -2.335 -8.435
5 24 -13.639 -17.525 3.723 -13.74 -17.145 2.526 -14.111 -15.398 3.787 -12.234 -18.512 3.537
5 24 -11.711 -16.554 6.163 -13.449 -17.132 4.903 -11.82 -17.951 5.168 -13.243 -16.116 5.615
5 24 -13.1 -14.865 5.589 -13.074 -13.857 4.832 -11.378 -14.807 6.14 -14.111 -15.398 3.787
5 24 0 -18.861 -16.135 0 -18.217 -15.846 -1.398 -18.872 -16.104 1.398 -18.872 -16.104
5 24 0 -2.506 -12.477 0 -1.974 -9.327 -2.933 -3.178 -11.578 2.933 -3.178 -11.578
5 24 0 -19.823 -15.955 0 -19.602 -15.901 1.201 -19.598 -15.837 -1.201 -19.598 -15.837
5 24 0 -8.78 13.597 0 -12.309 16.325 -3.703 -12.334 15.432 3.703 -12.334 15.432
5 24 -14.111 -15.398 3.787 -13.74 -17.145 2.526 -13.714 -16.137 1.77 -13.639 -17.525 3.723
5 24 -13.639 -17.525 3.723 -14.111 -15.398 3.787 -13.74 -17.145 2.526 -13.449 -17.132 4.903
5 24 0 -29.918 -8.19 0 -29.807 -9.385 -.793 -29.747 -8.249 .793 -29.747 -8.249
5 24 -12.286 -16.584 .766 -13.571 -14.887 1.743 -12.096 -14.837 .703 -13.714 -16.137 1.77
5 24 -12.096 -14.837 .703 -13.365 -13.871 2.455 -11.854 -13.417 1.767 -13.571 -14.887 1.743
5 24 -13.243 -16.116 5.615 -14.111 -15.398 3.787 -13.449 -17.132 4.903 -13.1 -14.865 5.589
5 24 -13.074 -13.857 4.832 -11.44 -13.407 5.082 -13.1 -14.865 5.589 -11.726 -12.81 3.385
5 24 0 -28.397 12.564 0 -28.853 11.264 .927 -28.641 11.603 -.927 -28.641 11.603
5 24 0 -23.6 -15.675 0 -22.025 -16.252 -1.39 -22.918 -15.813 1.39 -22.918 -15.813
5 24 -13.449 -17.132 4.903 -11.82 -17.951 5.168 -11.711 -16.554 6.163 -13.639 -17.525 3.723
5 24 0 -15.654 -15.124 0 -13.371 -14.699 1.186 -13.569 -14.629 -1.186 -13.569 -14.629
5 24 0 -28.587 10.725 0 -28.689 10.292 -2.135 -28.472 10.195 2.135 -28.472 10.195
5 24 0 -22.025 -16.252 0 -20.248 -16.309 -1.39 -20.941 -16.18 1.39 -20.941 -16.18
5 24 0 -5.330571 8 0 -5.79 10.254 3.106 -5.797 9.603 -3.106 -5.797 9.603
5 24 -14.111 -15.398 3.787 -13.1 -14.865 5.589 -13.243 -16.116 5.615 -13.074 -13.857 4.832
5 24 -13.1 -14.865 5.589 -13.243 -16.116 5.615 -11.378 -14.807 6.14 -14.111 -15.398 3.787
5 24 0 -4.833 -17.219 0 -4.219 -17.722 1.714 -5.184 -16.655 -1.714 -5.184 -16.655
5 24 0 -23.869 -15.054 0 -23.6 -15.675 1.39 -22.918 -15.813 -1.39 -22.918 -15.813
5 24 -13.571 -14.887 1.743 -12.096 -14.837 .703 -12.286 -16.584 .766 -13.365 -13.871 2.455
5 24 0 -4.219 -17.722 0 -2.955 -16.94 3.081 -4.516 -17.087 -3.081 -4.516 -17.087
5 24 -13.365 -13.871 2.455 -13.571 -14.887 1.743 -12.096 -14.837 .703 -14.111 -15.398 3.787
5 24 0 -28.853 11.264 0 -28.587 10.725 1.183 -28.272 11.125 -1.183 -28.272 11.125
5 24 0 -29.85 -7.485 0 -29.918 -8.19 -.793 -29.747 -8.249 .793 -29.747 -8.249
5 24 -13.449 -17.132 4.903 -13.639 -17.525 3.723 -11.82 -17.951 5.168 -14.111 -15.398 3.787
5 24 0 -29.069 -10.649 0 -27.77 -12.268 1.082 -28.909 -10.474 -1.082 -28.909 -10.474
5 24 0 -18.217 -15.846 0 -17.796 -15.703 1.35 -18.227 -15.783 -1.35 -18.227 -15.783
5 24 -13.074 -13.857 4.832 -13.175 -13.478 3.636 -11.726 -12.81 3.385 -14.111 -15.398 3.787
5 24 0 -28.416 9.516 0 -29.844 5.457 -2.436 -28.222 9.413 2.436 -28.222 9.413
5 24 0 -27.45 13.539 0 -28.397 12.564 .93 -27.659 13.181 -.93 -27.659 13.181
5 24 -11.378 -14.807 6.14 -13.243 -16.116 5.615 -11.711 -16.554 6.163 -13.1 -14.865 5.589
5 24 0 -19.602 -15.901 0 -18.861 -16.135 -1.398 -18.872 -16.104 1.398 -18.872 -16.104
5 24 0 -17.451 -15.34 0 -15.654 -15.124 -1.46 -15.671 -15.006 1.46 -15.671 -15.006
5 24 0 -20.449 17.58 0 -23.576 16.322 3.892 -23.559 15.347 -3.892 -23.559 15.347
5 24 0 -12.309 16.325 0 -16.339 18.328 -4.006 -16.198 17.222 4.006 -16.198 17.222
5 24 0 -16.339 18.328 0 -16.916 17.982 4.006 -16.198 17.222 -4.006 -16.198 17.222
5 24 -11.854 -13.417 1.767 -13.175 -13.478 3.636 -11.726 -12.81 3.385 -13.365 -13.871 2.455
5 24 -13.243 -16.116 5.615 -13.449 -17.132 4.903 -11.711 -16.554 6.163 -14.111 -15.398 3.787
5 24 0 -13.371 -14.699 0 -9.997 -18.016 -2.342 -11.226 -14.001 2.342 -11.226 -14.001