0 ~Electric Brick  4 x  4 x  0.667 Round - Top with  2 Studs with Red and White Popcorn Bucket and Tan Stripes Pattern
0 Name: 18605p1q.dat
0 Author: Evert-Jan Boer [ejboer]
0 !LDRAW_ORG Unofficial_Part
0 !LICENSE Licensed under CC BY 4.0 : see CAreadme.txt

0 BFC CERTIFY CCW

0 !CATEGORY Electric
0 !KEYWORDS Dimensions, Gremlins, Set 71256, stripe

1 16 0 0 0 1 0 0 0 1 0 0 0 1 s\18605s01.dat
1 16 0 0 0 1 0 0 0 1 0 0 0 1 s\18605s02.dat

0 BFC NOCLIP

1 288 0 0 0 1 0 0 0 1 0 0 0 1 s\18605s04.dat

4 0 -30.55 0 13.65 -32.37 0 13.41 -31.4 0 12.4 -29.85 0 12.45
4 0 -28.7 0 13.6 -30.55 0 13.65 -29.85 0 12.45 -27.85 0 12.3
4 0 -30.55 0 8 -32.85 0 8.35 -32.55 0 7.35 -30.3 0 6.95
4 0 -28.2 0 7.5 -30.55 0 8 -30.3 0 6.95 -27.55 0 6.35
4 0 -32.7 0 4.95 -33.9 0 4.85 -33.9 0 3.7 -32.5 0 3.8
4 0 -31.45 0 4.9 -32.7 0 4.95 -32.5 0 3.8 -30.95 0 3.75
4 0 -29.8 0 4.7 -31.45 0 4.9 -30.95 0 3.75 -29 0 3.45
4 0 -27.9 0 4.3 -29.8 0 4.7 -29 0 3.45 -27.2 0 3.15
4 0 -31.45 0 -1.35 -33.7 0 -1.45 -33.8 0 -2.7 -31.05 0 -2.55
4 0 -28.8 0 -1.4 -31.45 0 -1.35 -31.05 0 -2.55 -28.4 0 -2.55
4 0 -32.4 0 -5.3 -34 0 -5.45 -33.6 0 -6.65 -31.45 0 -6.5
4 0 -28.85 0 -5.3 -32.4 0 -5.3 -31.45 0 -6.5 -28.15 0 -6.5
4 0 -30.5 0 -11.75 -30.7 0 -13.1 -28.2 0 -12 -27.7 0 -10.65
4 288 -30.7 0 -13.1 -32.178 0 -13.8 -30.65 0 -16.9 -28.2 0 -12
4 288 -28.2 0 -12 -30.65 0 -16.9 -25.95 0 -12.4 -25.95 0 -11.162
4 288 -33.8 0 -2.7 -34.858 0 -2.768 -34.74 0 -4.57 -34 0 -5.45
3 288 -34.74 0 -4.57 -34.544 0 -5.563 -34 0 -5.45
4 288 -33.8 0 -2.7 -34 0 -5.45 -32.4 0 -5.3 -31.05 0 -2.55
4 288 -31.05 0 -2.55 -32.4 0 -5.3 -28.85 0 -5.3 -28.4 0 -2.55
4 288 -28.4 0 -2.55 -28.85 0 -5.3 -25.95 0 -5.252 -25.95 0 -2.596
4 288 -34.169 0 7.456 -34.703 0 4.757 -33.9 0 4.85 -32.55 0 7.35
3 288 -32.55 0 7.35 -33.9 0 4.85 -32.7 0 4.95
4 288 -32.55 0 7.35 -32.7 0 4.95 -31.45 0 4.9 -30.3 0 6.95
4 288 -30.3 0 6.95 -31.45 0 4.9 -29.8 0 4.7 -27.55 0 6.35
4 288 -27.55 0 6.35 -29.8 0 4.7 -27.9 0 4.3 -25.95 0 5.999
3 288 -25.95 0 5.999 -27.9 0 4.3 -25.95 0 3.867
3 288 -30.65 0 16.9 -32.37 0 13.41 -30.55 0 13.65
3 288 -30.65 0 16.9 -30.55 0 13.65 -28.7 0 13.6
3 288 -30.65 0 16.9 -28.7 0 13.6 -27.002 0 13.407
4 19 -33.85 0 9.07 -33.98 0 8.415 -32.85 0 8.35 -31.4 0 12.4
3 19 -31.4 0 12.4 -32.761 0 12.264 -33.85 0 9.07
4 19 -31.4 0 12.4 -32.85 0 8.35 -30.55 0 8 -29.85 0 12.45
4 19 -27.85 0 12.3 -29.85 0 12.45 -30.55 0 8 -28.2 0 7.5
4 19 -25.95 0 12.029 -27.85 0 12.3 -28.2 0 7.5 -25.95 0 7.005
4 19 -33.9 0 3.7 -34.804 0 3.596 -35.04 0 0 -33.7 0 -1.45
3 19 -35.04 0 0 -34.938 0 -1.559 -33.7 0 -1.45
4 19 -32.5 0 3.8 -33.9 0 3.7 -33.7 0 -1.45 -31.45 0 -1.35
4 19 -30.95 0 3.75 -32.5 0 3.8 -31.45 0 -1.35 -28.8 0 -1.4
4 19 -29 0 3.45 -30.95 0 3.75 -28.8 0 -1.4 -27.2 0 3.15
4 19 -25.95 0 2.916 -27.2 0 3.15 -28.8 0 -1.4 -25.95 0 -1.54
4 19 -33.6 0 -6.65 -34.303 0 -6.78 -33.85 0 -9.07 -31.45 0 -6.5
4 19 -31.45 0 -6.5 -33.85 0 -9.07 -32.624 0 -12.666 -30.5 0 -11.75
4 19 -28.15 0 -6.5 -31.45 0 -6.5 -30.5 0 -11.75 -27.7 0 -10.65
4 19 -28.15 0 -6.5 -27.7 0 -10.65 -25.95 0 -10.093 -25.95 0 -6.406
3 0 -32.37 0 13.41 -32.761 0 12.264 -31.4 0 12.4
4 0 -27.002 0 13.407 -28.7 0 13.6 -27.85 0 12.3 -25.95 0 12.4
3 0 -25.95 0 12.4 -27.85 0 12.3 -25.95 0 12.029
4 0 -33.98 0 8.415 -34.169 0 7.456 -32.55 0 7.35 -32.85 0 8.35
4 0 -28.2 0 7.5 -27.55 0 6.35 -25.95 0 5.999 -25.95 0 7.005
4 0 -33.9 0 4.85 -34.703 0 4.757 -34.74 0 4.57 -33.9 0 3.7
3 0 -34.74 0 4.57 -34.804 0 3.596 -33.9 0 3.7
4 0 -27.9 0 4.3 -27.2 0 3.15 -25.95 0 2.916 -25.95 0 3.867
4 0 -34.938 0 -1.559 -34.858 0 -2.768 -33.8 0 -2.7 -33.7 0 -1.45
4 0 -25.95 0 -1.54 -28.8 0 -1.4 -28.4 0 -2.55 -25.95 0 -2.596
4 0 -34.544 0 -5.563 -34.303 0 -6.78 -33.6 0 -6.65 -34 0 -5.45
4 0 -28.85 0 -5.3 -28.15 0 -6.5 -25.95 0 -6.406 -25.95 0 -5.252
4 0 -32.624 0 -12.666 -32.37 0 -13.41 -30.7 0 -13.1 -30.5 0 -11.75
3 0 -30.7 0 -13.1 -32.37 0 -13.41 -32.178 0 -13.8
4 0 -25.95 0 -11.162 -25.95 0 -10.093 -27.7 0 -10.65 -28.2 0 -12
4 19 -.95 0 -24.05 -.95 0 -24.55 -.2 0 -24.6 -.85 0 -23.85
4 19 -.65 0 -23.8 -.85 0 -23.85 -.2 0 -24.6 -.15 0 -23.85
4 19 .5 0 -24 -.15 0 -23.85 -.2 0 -24.6 .65 0 -24.25
3 19 .65 0 -24.25 -.2 0 -24.6 .7 0 -24.55
4 19 1.05 0 -24.3 1.05 0 -24.55 1.45 0 -24.55 1.6 0 -24.4
4 19 1.35 0 -24.2 1.05 0 -24.3 1.6 0 -24.4 1.6 0 -24.15
4 19 1.85 0 -24.35 1.95 0 -24.5 2.4 0 -24.5 2 0 -24.15
4 19 2.35 0 -23.95 2 0 -24.15 2.4 0 -24.5 2.7 0 -24.45
4 19 2.35 0 -23.95 2.7 0 -24.45 2.85 0 -24.3 2.9 0 -23.95
4 19 2.55 0 -23.85 2.35 0 -23.95 2.9 0 -23.95 2.8 0 -23.85
4 19 3.15 0 -24.1 3.1 0 -24.35 3.7 0 -24.25 3.35 0 -24
4 19 3.35 0 -24 3.7 0 -24.25 4.2 0 -24.1 4.25 0 -23.65
4 19 3.2 0 -23.85 3.35 0 -24 4.25 0 -23.65 3.2 0 -23.7
4 19 3.25 0 -23.55 3.2 0 -23.7 4.25 0 -23.65 4.2 0 -23.45
4 19 3.25 0 -23.55 4.2 0 -23.45 4.05 0 -23.35 3.5 0 -23.4
4 19 -2.3 0 -24.3 -2.35 0 -24.45 -1.85 0 -24.5 -2 0 -24.15
4 19 -2 0 -24.15 -1.85 0 -24.5 -1.35 0 -24.5 -1.25 0 -24.25
4 19 -1.85 0 -24 -2 0 -24.15 -1.25 0 -24.25 -1.55 0 -23.9
3 19 -1.55 0 -23.9 -1.75 0 -23.9 -1.85 0 -24
4 19 -1.6 0 -22.8 -1.7 0 -22.9 -1.75 0 -23.35 -1.25 0 -22.9
4 19 -1.25 0 -22.9 -1.75 0 -23.35 -1.65 0 -23.55 -1.35 0 -23.75
4 19 -1.25 0 -22.9 -1.35 0 -23.75 -1.1 0 -23.55 -.8 0 -23.1
4 19 -.8 0 -23.1 -1.1 0 -23.55 -.75 0 -23.4 -.6 0 -23.25
3 19 -.6 0 -23.25 -.75 0 -23.4 -.6 0 -23.4
4 19 -.2 0 -23.35 -.15 0 -23.55 .1 0 -23.55 -.15 0 -23.2
4 19 -.15 0 -23.2 .1 0 -23.55 .2 0 -23.25 .1 0 -23
4 19 .1 0 -23 .2 0 -23.25 .55 0 -23.05 .25 0 -22.8
4 19 .25 0 -22.8 .55 0 -23.05 .7 0 -22.85 .7 0 -22.65
4 19 .2 0 -22.45 .25 0 -22.8 .7 0 -22.65 .6 0 -22.35
4 19 .2 0 -22.45 .6 0 -22.35 .4 0 -22.3 .25 0 -22.35
4 19 -6.75 0 -22.45 -7 0 -22.65 -7 0 -22.85 -6.9 0 -23.1
4 19 -6.5 0 -23 -6.75 0 -22.45 -6.9 0 -23.1 -6.7 0 -23.2
3 19 -6.5 0 -23 -6.7 0 -23.2 -6.5 0 -23.3
4 19 -6.5 0 -22.45 -6.75 0 -22.45 -6.5 0 -23 -6.35 0 -22.6
4 19 -6.25 0 -22.8 -6.35 0 -22.6 -6.5 0 -23 -6.3 0 -22.95
4 19 -5.75 0 -23.4 -6.1 0 -23.35 -6.1 0 -23.55 -5.75 0 -23.7
4 19 -5.4 0 -23.4 -5.75 0 -23.4 -5.75 0 -23.7 -5.4 0 -23.8
4 19 -5.1 0 -23.9 -4.8 0 -24.05 -4.65 0 -23.9 -5.05 0 -23.65
4 19 -4.9 0 -23.45 -5.05 0 -23.65 -4.65 0 -23.9 -4.45 0 -23.65
4 19 -4.75 0 -23.4 -4.9 0 -23.45 -4.45 0 -23.65 -4.55 0 -23.4
3 19 -4.55 0 -23.4 -4.45 0 -23.65 -4.45 0 -23.5
4 19 -4.25 0 -23.9 -4.3 0 -24.05 -4.2 0 -24.2 -4.05 0 -23.85
4 19 -4.05 0 -23.85 -4.2 0 -24.2 -3.75 0 -24.3 -3.95 0 -23.7
4 19 -3.95 0 -23.7 -3.75 0 -24.3 -3.35 0 -24.4 -3.2 0 -23.65
4 19 -3.95 0 -23.7 -3.2 0 -23.65 -3.25 0 -23.45 -3.9 0 -23.5
4 19 -3.75 0 -23.35 -3.9 0 -23.5 -3.25 0 -23.45 -3.45 0 -23.35
3 19 -3.2 0 -23.65 -3.35 0 -24.4 -2.95 0 -23.95
4 19 -2.6 0 -24.2 -2.95 0 -23.95 -3.35 0 -24.4 -2.7 0 -24.45
4 19 4.6 0 -23.6 4.55 0 -23.95 4.95 0 -23.9 5.3 0 -23.75
4 19 4.75 0 -23.35 4.6 0 -23.6 5.3 0 -23.75 5 0 -23.15
4 19 5.2 0 -23.2 5 0 -23.15 5.3 0 -23.75 5.45 0 -23.35
3 19 5.45 0 -23.35 5.3 0 -23.75 5.6 0 -23.55
4 19 5.7 0 -23.25 5.9 0 -23.35 6.15 0 -23.3 5.9 0 -22.9
4 19 6.1 0 -22.75 5.9 0 -22.9 6.15 0 -23.3 6.5 0 -23.05
4 19 6.3 0 -22.6 6.1 0 -22.75 6.5 0 -23.05 6.5 0 -22.7
3 19 6.5 0 -22.7 6.5 0 -23.05 6.65 0 -22.85
4 19 -7.25 0 -21.9 -7.2 0 -22.25 -6.95 0 -22.2 -6.7 0 -22.05
4 19 -7.25 0 -21.9 -6.7 0 -22.05 -6.6 0 -21.85 -6.65 0 -21.65
4 19 -7.2 0 -21.6 -7.25 0 -21.9 -6.65 0 -21.65 -7.05 0 -21.55
3 19 -6.8 0 -21.55 -7.05 0 -21.55 -6.65 0 -21.65
4 19 -7.05 0 -20.9 -7.05 0 -21.2 -6.9 0 -21.3 -6.65 0 -21.2
4 19 -6.85 0 -20.65 -7.05 0 -20.9 -6.65 0 -21.2 -6.65 0 -20.55
4 19 -6.5 0 -20.6 -6.65 0 -20.55 -6.65 0 -21.2 -6.3 0 -20.75
4 19 -6.3 0 -20.75 -6.65 0 -21.2 -6.4 0 -21.2 -6.1 0 -20.75
4 19 -6.1 0 -20.75 -6.4 0 -21.2 -6.1 0 -21.25 -5.9 0 -20.85
3 19 -5.9 0 -20.85 -6.1 0 -21.25 -5.85 0 -21
4 19 -6.15 0 -21.6 -6.3 0 -21.95 -6.25 0 -22.15 -6.1 0 -22.2
4 19 -6.15 0 -21.6 -6.1 0 -22.2 -5.9 0 -22.2 -5.7 0 -22.05
4 19 -5.95 0 -21.55 -6.15 0 -21.6 -5.7 0 -22.05 -5.5 0 -21.85
4 19 -5.5 0 -21.35 -5.95 0 -21.55 -5.5 0 -21.85 -5.3 0 -21.5
3 19 -5.3 0 -21.5 -5.5 0 -21.85 -5.1 0 -21.55
4 19 -5.9 0 -22.7 -5.9 0 -22.85 -5.8 0 -22.95 -5.75 0 -22.5
4 19 -5.75 0 -22.5 -5.8 0 -22.95 -5.55 0 -22.95 -5.1 0 -22.75
4 19 -5.1 0 -22.75 -5.55 0 -22.95 -5.35 0 -23 -5.1 0 -22.9
3 19 -5.1 0 -22.9 -5.35 0 -23 -5.15 0 -23.05
4 19 -5.45 0 -22.35 -5.75 0 -22.5 -5.1 0 -22.75 -4.8 0 -22.35
4 19 -4.95 0 -22 -5.45 0 -22.35 -4.8 0 -22.35 -4.5 0 -22.1
4 19 -4.65 0 -21.85 -4.95 0 -22 -4.5 0 -22.1 -4.5 0 -21.85
3 19 -4.5 0 -21.85 -4.5 0 -22.1 -4.45 0 -21.95
4 19 -4.6 0 -22.7 -4.75 0 -22.95 -4.7 0 -23.1 -4.5 0 -23.15
4 19 -4.6 0 -22.7 -4.5 0 -23.15 -4.25 0 -23.1 -4.15 0 -22.95
4 19 -4.3 0 -22.45 -4.6 0 -22.7 -4.15 0 -22.95 -4 0 -22.85
4 19 -4.05 0 -22.35 -4.3 0 -22.45 -4 0 -22.85 -3.85 0 -22.4
4 19 -3.75 0 -22.6 -3.85 0 -22.4 -4 0 -22.85 -3.8 0 -22.95
4 19 -3.6 0 -22.7 -3.75 0 -22.6 -3.8 0 -22.95 -3.55 0 -22.8
3 19 -3.55 0 -22.8 -3.8 0 -22.95 -3.6 0 -22.95
4 19 -3 0 -22.75 -3.1 0 -22.85 -3.05 0 -23.1 -2.8 0 -22.8
4 19 -2.65 0 -22.85 -2.8 0 -22.8 -3.05 0 -23.1 -2.8 0 -23.3
4 19 -2.35 0 -22.85 -2.65 0 -22.85 -2.8 0 -23.3 -2.2 0 -22.95
4 19 -2.1 0 -23.1 -2.2 0 -22.95 -2.8 0 -23.3 -2.7 0 -23.6
4 19 -2.05 0 -23.5 -2.1 0 -23.1 -2.7 0 -23.6 -2.55 0 -23.8
4 19 -2.1 0 -23.75 -2.05 0 -23.5 -2.55 0 -23.8 -2.45 0 -23.9
3 19 -2.1 0 -23.75 -2.45 0 -23.9 -2.2 0 -23.85
4 19 -5.3 0 -20.15 -6.05 0 -19.4 -6.2 0 -19.6 -6.3 0 -19.8
4 19 -5.3 0 -20.15 -6.3 0 -19.8 -6.3 0 -20.05 -5.55 0 -20.4
4 19 -5.75 0 -20.5 -5.55 0 -20.4 -6.3 0 -20.05 -6.05 0 -20.45
3 19 -6.3 0 -20.05 -6.2 0 -20.35 -6.05 0 -20.45
4 19 -5.7 0 -19.2 -6.05 0 -19.4 -5.3 0 -20.15 -5.3 0 -19.15
4 19 -5.3 0 -19.15 -5.3 0 -20.15 -5.05 0 -20 -5.05 0 -19.05
4 19 -5.05 0 -19.05 -5.05 0 -20 -4.8 0 -19.95 -4.65 0 -19.85
4 19 -4.85 0 -19 -5.05 0 -19.05 -4.65 0 -19.85 -4.55 0 -19.4
4 19 -4.65 0 -19 -4.85 0 -19 -4.55 0 -19.4 -4.55 0 -19.1
4 19 -4.25 0 -18.45 -4.4 0 -18.6 -4.4 0 -18.75 -4.2 0 -18.85
4 19 -4 0 -18.25 -4.25 0 -18.45 -4.2 0 -18.85 -3.55 0 -18.65
4 19 -3.55 0 -18.65 -4.2 0 -18.85 -4.1 0 -19 -3.6 0 -19.25
3 19 -4.1 0 -19 -4.05 0 -19.25 -3.6 0 -19.25
4 19 -3.75 0 -18.15 -4 0 -18.25 -3.55 0 -18.65 -3.5 0 -18.15
4 19 -3.3 0 -18.25 -3.5 0 -18.15 -3.55 0 -18.65 -3.15 0 -18.4
3 19 -3.15 0 -18.4 -3.55 0 -18.65 -3.15 0 -18.55
4 19 -4.6 0 -21.05 -4.55 0 -20.8 -5.15 0 -20.65 -5.3 0 -20.8
4 19 -4.6 0 -21.05 -5.3 0 -20.8 -5.3 0 -21.05 -4.75 0 -21.2
4 19 -4.75 0 -21.2 -5.3 0 -21.05 -5.2 0 -21.2 -4.95 0 -21.25
4 19 -4.95 0 -20.5 -5.15 0 -20.65 -4.55 0 -20.8 -4.6 0 -20.45
4 19 -4.9 0 -20.4 -4.95 0 -20.5 -4.6 0 -20.45 -4.7 0 -20.35
4 19 .55 0 -23.5 .55 0 -23.7 .75 0 -23.85 .8 0 -23.35
4 19 .8 0 -23.35 .75 0 -23.85 1.1 0 -23.95 1.1 0 -23.55
4 19 .9 0 -23.2 .8 0 -23.35 1.1 0 -23.55 1.15 0 -23.3
4 19 1.75 0 -23.3 1.5 0 -23.45 1.8 0 -23.8 2.05 0 -23.75
4 19 1.95 0 -23.1 1.75 0 -23.3 2.05 0 -23.75 2.15 0 -23.3
3 19 2.15 0 -23.3 2.05 0 -23.75 2.3 0 -23.6
4 19 2.55 0 -23.1 2.55 0 -23.4 2.75 0 -23.4 2.95 0 -23.25
4 19 2.55 0 -23.1 2.95 0 -23.25 3 0 -22.9 2.5 0 -22.8
3 19 2.85 0 -22.6 2.5 0 -22.8 3 0 -22.9
4 19 3.45 0 -22.6 3.25 0 -22.8 3.35 0 -23.05 3.65 0 -23.05
4 19 3.6 0 -22.45 3.45 0 -22.6 3.65 0 -23.05 3.8 0 -22.45
4 19 3.9 0 -22.6 3.8 0 -22.45 3.65 0 -23.05 3.95 0 -23
4 19 4.3 0 -22.5 4.3 0 -22.95 4.55 0 -23 4.5 0 -22.35
4 19 4.5 0 -22.35 4.55 0 -23 4.9 0 -23 4.95 0 -22.6
4 19 4.6 0 -22.2 4.5 0 -22.35 4.95 0 -22.6 4.75 0 -22.25
4 19 5.65 0 -22.3 5.4 0 -22.15 5.25 0 -22.25 5.3 0 -22.5
4 19 5.65 0 -22.3 5.3 0 -22.5 5.65 0 -22.65 5.8 0 -22.45
3 19 5.3 0 -22.5 5.3 0 -22.75 5.65 0 -22.65
4 19 5.65 0 -22.65 5.3 0 -22.75 5.3 0 -22.9 5.5 0 -22.95
4 19 6.05 0 -21.65 5.7 0 -21.75 5.75 0 -22.05 6.15 0 -22.2
4 19 6.4 0 -21.6 6.05 0 -21.65 6.15 0 -22.2 6.65 0 -21.6
4 19 6.9 0 -21.7 6.65 0 -21.6 6.15 0 -22.2 6.6 0 -22.3
3 19 6.9 0 -21.7 6.6 0 -22.3 6.9 0 -22.3
4 4 -6.1 0 -24.25 -6.85 0 -23.9 -5.3 0 -31.8 -4.95 0 -32.25
4 4 -5.2 0 -24.55 -6.1 0 -24.25 -4.95 0 -32.25 -4.45 0 -32.7
4 4 -2.65 0 -25.05 -2.4 0 -33.65 -1.5 0 -33.8 -1.75 0 -25.15
4 4 -1.75 0 -25.15 -1.5 0 -33.8 -.7 0 -33.9 -.8 0 -25.2
4 4 -.8 0 -25.2 -.7 0 -33.9 .15 0 -33.9 .3 0 -25.15
4 4 2.95 0 -24.95 2.45 0 -33.65 3.2 0 -33.4 4.1 0 -24.8
4 4 4.1 0 -24.8 3.2 0 -33.4 3.8 0 -33.05 4.15 0 -32.75
3 4 5.2 0 -24.55 4.1 0 -24.8 4.15 0 -32.75
4 19 -3.4 0 -19.6 -3.3 0 -19.8 -3.05 0 -19.85 -2.85 0 -19.75
4 19 -3.35 0 -19.4 -3.4 0 -19.6 -2.85 0 -19.75 -3.15 0 -19.3
4 19 -3.15 0 -19.3 -2.85 0 -19.75 -2.6 0 -19.55 -3.15 0 -19.1
4 19 -3 0 -18.95 -3.15 0 -19.1 -2.6 0 -19.55 -2.75 0 -18.9
4 19 -2.25 0 -19.1 -2.75 0 -18.9 -2.6 0 -19.55 -2.15 0 -19.25
4 19 -2.15 0 -19.25 -2.6 0 -19.55 -2.35 0 -19.6 -2.15 0 -19.55
4 19 -1.65 0 -19.2 -1.8 0 -19.25 -1.7 0 -19.5 -1.45 0 -19.25
4 19 -1.45 0 -19.25 -1.7 0 -19.5 -1.4 0 -19.5 -1.2 0 -19.45
3 19 -1.05 0 -19.2 -1.45 0 -19.25 -1.2 0 -19.45
4 19 -.9 0 -18.8 -.75 0 -19.05 -.5 0 -18.8 -.9 0 -18.55
4 19 -.55 0 -18.3 -.9 0 -18.55 -.5 0 -18.8 -.15 0 -18.6
4 19 -.2 0 -18.15 -.55 0 -18.3 -.15 0 -18.6 .05 0 -18.15
3 19 .05 0 -18.15 -.15 0 -18.6 .25 0 -18.4
4 19 .3 0 -18.9 .2 0 -19.15 .4 0 -19.35 .6 0 -19.35
4 19 .3 0 -18.9 .6 0 -19.35 .75 0 -19.1 .7 0 -18.85
4 19 .45 0 -18.75 .3 0 -18.9 .7 0 -18.85 .6 0 -18.75
4 19 1.05 0 -19.45 1.2 0 -19.55 1.4 0 -19.45 1.05 0 -19.25
4 19 1.25 0 -19.1 1.05 0 -19.25 1.4 0 -19.45 1.55 0 -19.25
3 19 1.6 0 -19.05 1.25 0 -19.1 1.55 0 -19.25
4 19 -4.1 0 -19.55 -4.3 0 -19.6 -4.35 0 -19.85 -3.85 0 -19.65
4 19 -3.7 0 -19.8 -3.85 0 -19.65 -4.35 0 -19.85 -3.8 0 -20.05
4 19 -3.8 0 -20.05 -4.35 0 -19.85 -4.3 0 -20.15 -3.85 0 -20.3
4 19 -3.85 0 -20.3 -4.3 0 -20.15 -4.2 0 -20.4 -4 0 -20.45
4 19 -3.05 0 -20.15 -3.4 0 -20.15 -3.5 0 -20.35 -3.25 0 -20.55
4 19 -2.85 0 -20.25 -3.05 0 -20.15 -3.25 0 -20.55 -2.8 0 -20.4
4 19 -2.8 0 -20.4 -3.25 0 -20.55 -3.05 0 -20.85 -2.85 0 -20.85
4 19 -4.25 0 -21.15 -4.45 0 -21.5 -4.3 0 -21.6 -4 0 -21.65
4 19 -3.85 0 -20.8 -4.25 0 -21.15 -4 0 -21.65 -3.6 0 -20.8
4 19 -3.35 0 -20.95 -3.6 0 -20.8 -4 0 -21.65 -3.3 0 -21.15
4 19 -3.3 0 -21.15 -4 0 -21.65 -3.85 0 -21.8 -3.45 0 -21.6
4 19 -3.2 0 -21.3 -3.3 0 -21.15 -3.45 0 -21.6 -3.15 0 -21.45
4 19 -3.45 0 -21.6 -3.85 0 -21.8 -3.75 0 -22 -3.6 0 -21.95
4 19 -3.3 0 -22.1 -3.45 0 -22.2 -3.4 0 -22.4 -3.15 0 -22.35
4 19 -3.3 0 -22.1 -3.15 0 -22.35 -2.95 0 -22.2 -3.15 0 -21.95
4 19 -3.15 0 -21.95 -2.95 0 -22.2 -2.85 0 -22 -3.1 0 -21.75
3 19 -2.9 0 -21.75 -3.1 0 -21.75 -2.85 0 -22
4 19 -2.5 0 -22 -2.55 0 -22.5 -2.3 0 -22.45 -2.05 0 -22.05
3 19 -2.05 0 -22.05 -2.3 0 -22.45 -2.1 0 -22.55
3 19 -2.05 0 -22.05 -2.1 0 -22.55 -1.95 0 -22.7
4 19 -1.5 0 -22.1 -1.65 0 -22.45 -1.25 0 -22.5 -.4 0 -22.05
4 19 -.25 0 -22.25 -.4 0 -22.05 -1.25 0 -22.5 -.8 0 -22.7
4 19 -.15 0 -22.55 -.25 0 -22.25 -.8 0 -22.7 -.55 0 -22.9
4 19 -.15 0 -22.55 -.55 0 -22.9 -.35 0 -22.95 -.2 0 -22.9
4 19 1.05 0 -22.55 1.1 0 -22.8 1.6 0 -22.55 1.15 0 -22.35
4 19 1.4 0 -22.25 1.15 0 -22.35 1.6 0 -22.55 1.6 0 -22.25
4 19 1.6 0 -22.55 1.1 0 -22.8 1.3 0 -22.95 1.7 0 -22.7
4 19 1.7 0 -22.7 1.3 0 -22.95 1.5 0 -22.95 1.7 0 -22.9
4 19 2.25 0 -21.8 2.05 0 -21.75 1.9 0 -21.9 2.25 0 -22
4 19 2.25 0 -22 1.9 0 -21.9 1.95 0 -22.1 2.3 0 -22.2
4 19 2.3 0 -22.2 1.95 0 -22.1 2.1 0 -22.35 2.35 0 -22.45
4 19 2.35 0 -22.45 2.1 0 -22.35 2.05 0 -22.6 2.25 0 -22.65
3 19 2.05 0 -22.6 2.05 0 -22.75 2.25 0 -22.65
4 19 2.7 0 -21.9 2.6 0 -22.1 2.8 0 -22.25 2.95 0 -21.8
4 19 3.15 0 -21.85 2.95 0 -21.8 2.8 0 -22.25 3.2 0 -22.1
3 19 3.2 0 -22.1 2.8 0 -22.25 3.25 0 -22.3
4 19 3.65 0 -21.7 3.5 0 -21.8 3.55 0 -22 3.8 0 -22.1
4 19 4 0 -21.7 3.65 0 -21.7 3.8 0 -22.1 4.3 0 -21.8
4 19 4.35 0 -22 4.3 0 -21.8 3.8 0 -22.1 4.05 0 -22.2
3 19 4.35 0 -22 4.05 0 -22.2 4.25 0 -22.2
4 19 4.8 0 -21.5 4.65 0 -21.65 4.75 0 -21.9 5.1 0 -21.95
4 19 5 0 -21.2 4.8 0 -21.5 5.1 0 -21.95 5.25 0 -21.2
4 19 5.4 0 -21.55 5.25 0 -21.2 5.1 0 -21.95 5.45 0 -21.9
4 19 5.55 0 -21.2 5.65 0 -21.45 5.95 0 -21.3 5.65 0 -20.95
4 19 5.95 0 -20.7 5.65 0 -20.95 5.95 0 -21.3 6.2 0 -21.2
4 19 6.2 0 -20.75 5.95 0 -20.7 6.2 0 -21.2 6.45 0 -20.9
3 19 6.45 0 -20.9 6.2 0 -21.2 6.5 0 -21.2
3 19 6.45 0 -20.9 6.5 0 -21.2 6.7 0 -21.25
4 15 -3.85 0 -24.85 -5.2 0 -24.55 -4.45 0 -32.7 -3.55 0 -33.2
4 15 -2.65 0 -25.05 -3.85 0 -24.85 -3.55 0 -33.2 -2.4 0 -33.65
4 15 .3 0 -25.15 .15 0 -33.9 1.25 0 -33.8 1.8 0 -25.05
4 15 1.8 0 -25.05 1.25 0 -33.8 2.45 0 -33.65 2.95 0 -24.95
4 15 5.2 0 -24.55 4.15 0 -32.75 4.9 0 -32 6 0 -24.2
3 15 6.6 0 -23.85 6 0 -24.2 4.9 0 -32
4 19 -2.3 0 -19.9 -2.55 0 -20.1 -2.55 0 -20.3 -2.4 0 -20.45
4 19 -2.3 0 -19.9 -2.4 0 -20.45 -2 0 -20.45 -1.95 0 -19.85
4 19 -1.95 0 -19.85 -2 0 -20.45 -1.55 0 -20.55 -1.7 0 -19.75
4 19 -1.7 0 -19.75 -1.55 0 -20.55 -1.35 0 -20.3 -1.35 0 -20
3 19 -1.35 0 -20 -1.35 0 -20.3 -1.2 0 -20.15
4 19 -2 0 -20.8 -2.3 0 -20.85 -2.5 0 -21 -2.5 0 -21.35
4 19 -2 0 -20.8 -2.5 0 -21.35 -2.4 0 -21.6 -2.15 0 -21.7
4 19 -2 0 -20.8 -2.15 0 -21.7 -1.85 0 -21.65 -1.6 0 -20.9
4 19 -1.3 0 -21.1 -1.6 0 -20.9 -1.85 0 -21.65 -1.6 0 -21.75
4 19 -1.1 0 -21.4 -1.3 0 -21.1 -1.6 0 -21.75 -1.35 0 -21.8
3 19 -1.1 0 -21.4 -1.35 0 -21.8 -1.1 0 -21.65
4 19 -.55 0 -21.65 -.7 0 -21.8 -.4 0 -21.85 -.3 0 -21.55
4 19 -.15 0 -21.65 -.3 0 -21.55 -.4 0 -21.85 -.15 0 -21.8
4 19 -1.1 0 -20.55 -1.15 0 -20.85 -.95 0 -21.05 -.95 0 -20.45
4 19 -.65 0 -20.4 -.95 0 -20.45 -.95 0 -21.05 -.45 0 -20.5
4 19 -.25 0 -20.8 -.45 0 -20.5 -.95 0 -21.05 -.25 0 -21.1
3 19 -.95 0 -21.05 -.5 0 -21.3 -.25 0 -21.1
4 19 -.7 0 -19.5 -.85 0 -19.8 -.65 0 -20.05 -.4 0 -19.95
4 19 -.7 0 -19.5 -.4 0 -19.95 -.2 0 -19.7 -.4 0 -19.3
4 19 -.4 0 -19.3 -.2 0 -19.7 -.1 0 -19.45 -.15 0 -19.3
4 19 .15 0 -20 -.05 0 -20.4 .2 0 -20.6 .55 0 -20.25
4 19 .4 0 -19.75 .15 0 -20 .55 0 -20.25 .6 0 -19.7
4 19 .85 0 -19.8 .6 0 -19.7 .55 0 -20.25 .75 0 -20.25
3 19 .85 0 -19.8 .75 0 -20.25 .95 0 -20.05
4 19 .6 0 -20.95 .35 0 -20.95 .2 0 -21.1 .15 0 -21.35
4 19 .6 0 -20.95 .15 0 -21.35 .4 0 -21.6 .95 0 -21.15
4 19 1.35 0 -21.45 .95 0 -21.15 .4 0 -21.6 .4 0 -21.85
4 19 1.35 0 -21.45 .4 0 -21.85 .5 0 -22.05 .75 0 -22.1
4 19 1.35 0 -21.45 .75 0 -22.1 1.3 0 -21.9 1.5 0 -21.65
3 19 1.5 0 -21.65 1.3 0 -21.9 1.5 0 -21.85
4 19 1 0 -20.5 .8 0 -20.55 .9 0 -20.8 1.4 0 -20.75
4 19 1.4 0 -20.75 .9 0 -20.8 1.45 0 -21.1 1.75 0 -20.8
4 19 1.75 0 -20.8 1.45 0 -21.1 1.85 0 -21.4 2.15 0 -20.8
4 19 2.15 0 -20.8 1.85 0 -21.4 2.2 0 -21.5 2.45 0 -21.35
4 19 2.15 0 -20.8 2.45 0 -21.35 2.5 0 -20.9 2.45 0 -20.7
4 19 2.85 0 -21.25 2.8 0 -21.4 3.1 0 -21.45 3.2 0 -21.15
4 19 3.2 0 -21.15 3.1 0 -21.45 3.5 0 -21.35 3.6 0 -21.05
4 19 3.6 0 -21.05 3.5 0 -21.35 3.8 0 -21.35 3.9 0 -20.95
4 19 4.25 0 -20.95 3.9 0 -20.95 3.8 0 -21.35 4.1 0 -21.45
4 19 4.25 0 -20.95 4.1 0 -21.45 4.4 0 -21.35 4.6 0 -21.05
3 19 4.6 0 -21.05 4.4 0 -21.35 4.65 0 -21.2
4 19 4.8 0 -20.75 4.9 0 -20.95 5.15 0 -20.95 4.9 0 -20.45
4 19 4.9 0 -20.45 5.15 0 -20.95 5.4 0 -20.65 5.4 0 -20.35
4 19 5.05 0 -20.25 4.9 0 -20.45 5.4 0 -20.35 5.25 0 -20.2
4 19 1.35 0 -19.9 1.25 0 -20.15 1.45 0 -20.4 1.65 0 -19.85
4 19 1.65 0 -19.85 1.45 0 -20.4 1.7 0 -20.5 2.1 0 -20.45
4 19 1.9 0 -19.65 1.65 0 -19.85 2.1 0 -20.45 2.1 0 -19.65
4 19 2.55 0 -19.95 2.1 0 -19.65 2.1 0 -20.45 2.5 0 -20.25
4 19 3 0 -19.75 2.8 0 -19.9 2.9 0 -20.15 3.2 0 -20.1
4 19 3.3 0 -19.75 3 0 -19.75 3.2 0 -20.1 3.5 0 -19.85
3 19 3.5 0 -19.85 3.2 0 -20.1 3.6 0 -20.15
4 19 3.65 0 -19.55 3.9 0 -19.75 4.1 0 -19.7 3.85 0 -19.2
4 19 3.85 0 -19.2 4.1 0 -19.7 4.3 0 -19.4 4.15 0 -19.05
3 19 4.15 0 -19.05 4.3 0 -19.4 4.35 0 -19.15
4 19 4.65 0 -19.55 4.4 0 -19.65 4.55 0 -19.9 4.8 0 -19.95
4 19 4.65 0 -19.55 4.8 0 -19.95 4.95 0 -19.7 4.9 0 -19.55
4 19 2.9 0 -18.7 2.5 0 -18.6 2.1 0 -18.75 2.1 0 -19
4 19 2.9 0 -18.7 2.1 0 -19 2.25 0 -19.25 3.2 0 -19.05
4 19 2.85 0 -19.35 3.2 0 -19.05 2.25 0 -19.25 2.4 0 -19.5
3 19 2.85 0 -19.35 2.4 0 -19.5 2.7 0 -19.5
4 19 3.3 0 -19.3 3.2 0 -19.05 2.85 0 -19.35 3.15 0 -19.45
4 19 2.85 0 -20.8 3.1 0 -20.9 3.2 0 -20.7 2.9 0 -20.55
4 19 3.1 0 -20.4 2.9 0 -20.55 3.2 0 -20.7 3.3 0 -20.4
3 19 3.3 0 -20.4 3.2 0 -20.7 3.5 0 -20.55
4 19 4.35 0 -20.25 4.1 0 -20.1 3.8 0 -20.45 4.1 0 -20.65
4 19 4.5 0 -20.45 4.35 0 -20.25 4.1 0 -20.65 4.4 0 -20.65
4 0 -4.95 0 -32.25 -5.3 0 -31.8 -5.8 0 -32.2 -5.1 0 -32.9
4 0 -4.45 0 -32.7 -4.95 0 -32.25 -5.1 0 -32.9 -4.3 0 -33.45
4 0 -3.55 0 -33.2 -4.45 0 -32.7 -4.3 0 -33.45 -3.05 0 -34
4 0 -2.4 0 -33.65 -3.55 0 -33.2 -3.05 0 -34 -1.8 0 -34.3
3 0 -2.4 0 -33.65 -1.8 0 -34.3 -1.5 0 -33.8
4 0 -.7 0 -33.9 -1.5 0 -33.8 -1.8 0 -34.3 -.25 0 -34.45
4 0 .15 0 -33.9 -.7 0 -33.9 -.25 0 -34.45 1 0 -34.4
4 0 1.25 0 -33.8 .15 0 -33.9 1 0 -34.4 2.05 0 -34.25
4 0 2.45 0 -33.65 1.25 0 -33.8 2.05 0 -34.25 3.1 0 -33.95
4 0 3.2 0 -33.4 2.45 0 -33.65 3.1 0 -33.95 3.9 0 -33.55
3 0 3.8 0 -33.05 3.2 0 -33.4 3.9 0 -33.55
4 0 4.15 0 -32.75 3.8 0 -33.05 3.9 0 -33.55 4.75 0 -32.95
4 0 4.9 0 -32 4.15 0 -32.75 4.75 0 -32.95 5.45 0 -32.2
4 0 -5.8 0 -32.2 -5.3 0 -31.8 -6.85 0 -23.9 -7.5 0 -23.15
4 0 -6.9 0 -23.1 -7.5 0 -23.15 -6.85 0 -23.9 -6.7 0 -23.2
4 0 -7.5 0 -23.15 -6.9 0 -23.1 -7 0 -22.85 -7.75 0 -22.7
4 0 -7.75 0 -22.7 -7 0 -22.85 -7 0 -22.65 -7.2 0 -22.25
4 0 -7.8 0 -22.2 -7.75 0 -22.7 -7.2 0 -22.25 -7.8 0 -21.8
4 0 -7.8 0 -21.8 -7.2 0 -22.25 -7.25 0 -21.9 -7.7 0 -21.4
3 0 -7.7 0 -21.4 -7.25 0 -21.9 -7.2 0 -21.6
4 0 -7.7 0 -21.4 -7.2 0 -21.6 -7.05 0 -21.2 -7.7 0 -21.05
4 0 -7.6 0 -20.75 -7.7 0 -21.05 -7.05 0 -21.2 -7.05 0 -20.9
4 0 -7.35 0 -20.35 -7.6 0 -20.75 -7.05 0 -20.9 -6.85 0 -20.65
4 0 -7.1 0 -20.15 -7.35 0 -20.35 -6.85 0 -20.65 -6.9 0 -20.05
4 0 -6.9 0 -20.05 -6.85 0 -20.65 -6.65 0 -20.55 -6.3 0 -20.05
4 0 -6.9 0 -20.05 -6.3 0 -20.05 -6.3 0 -19.8 -6.9 0 -19.65
4 0 -6.8 0 -19.35 -6.9 0 -19.65 -6.3 0 -19.8 -6.2 0 -19.6
4 0 -6.6 0 -19.1 -6.8 0 -19.35 -6.2 0 -19.6 -6.05 0 -19.4
4 0 -6.15 0 -18.8 -6.6 0 -19.1 -6.05 0 -19.4 -5.7 0 -19.2
4 0 -5.85 0 -18.55 -6.15 0 -18.8 -5.7 0 -19.2 -5.3 0 -19.15
4 0 -5.4 0 -18.5 -5.85 0 -18.55 -5.3 0 -19.15 -5.05 0 -19.05
4 0 -5.05 0 -18.4 -5.4 0 -18.5 -5.05 0 -19.05 -4.85 0 -19
4 0 -5.05 0 -18.4 -4.85 0 -19 -4.65 0 -19 -4.4 0 -18.75
4 0 -5.05 0 -18.4 -4.4 0 -18.75 -4.4 0 -18.6 -4.85 0 -18.1
4 0 -4.85 0 -18.1 -4.4 0 -18.6 -4.25 0 -18.45 -4.55 0 -17.75
4 0 -4.55 0 -17.75 -4.25 0 -18.45 -4 0 -18.25 -4.1 0 -17.45
4 0 -4.1 0 -17.45 -4 0 -18.25 -3.75 0 -18.15 -3.75 0 -17.4
4 0 -3.75 0 -17.4 -3.75 0 -18.15 -3.5 0 -18.15 -3.25 0 -17.45
4 0 -3.25 0 -17.45 -3.5 0 -18.15 -3.3 0 -18.25 -2.85 0 -17.65
4 0 -2.85 0 -17.65 -3.3 0 -18.25 -3.15 0 -18.4 -2.5 0 -18
4 0 -2.5 0 -18 -3.15 0 -18.4 -3.15 0 -18.55 -2.75 0 -18.9
4 0 -2.3 0 -18.35 -2.5 0 -18 -2.75 0 -18.9 -2.25 0 -19.1
4 0 -2 0 -18.35 -2.3 0 -18.35 -2.25 0 -19.1 -1.8 0 -18.45
4 0 -1.8 0 -18.45 -2.25 0 -19.1 -2.15 0 -19.25 -1.8 0 -19.25
4 0 -1.8 0 -18.45 -1.8 0 -19.25 -1.65 0 -19.2 -1.6 0 -18.4
4 0 -1.6 0 -18.4 -1.65 0 -19.2 -1.45 0 -19.25 -.9 0 -18.8
4 0 -1.6 0 -18.4 -.9 0 -18.8 -.9 0 -18.55 -1.25 0 -18.25
4 0 -1.25 0 -18.25 -.9 0 -18.55 -.55 0 -18.3 -.95 0 -17.95
4 0 -.6 0 -17.7 -.95 0 -17.95 -.55 0 -18.3 -.2 0 -18.15
4 0 -.25 0 -17.55 -.6 0 -17.7 -.2 0 -18.15 .05 0 -17.55
4 0 .05 0 -17.55 -.2 0 -18.15 .05 0 -18.15 .4 0 -17.6
4 0 .75 0 -17.85 .4 0 -17.6 .05 0 -18.15 .25 0 -18.4
4 0 .25 0 -18.4 .45 0 -18.75 .6 0 -18.75 .75 0 -17.85
4 0 1.2 0 -18.3 .75 0 -17.85 .6 0 -18.75 .7 0 -18.85
4 0 1.5 0 -18.3 1.2 0 -18.3 1.6 0 -19.05 2.1 0 -18.75
4 0 1.85 0 -18.25 1.5 0 -18.3 2.1 0 -18.75 2.5 0 -18.6
4 0 2.1 0 -18.05 1.85 0 -18.25 2.5 0 -18.6 2.45 0 -17.95
4 0 2.85 0 -17.95 2.45 0 -17.95 2.5 0 -18.6 2.9 0 -18.7
4 0 3.15 0 -18.1 2.85 0 -17.95 2.9 0 -18.7 3.5 0 -18.35
4 0 3.5 0 -18.35 2.9 0 -18.7 3.2 0 -19.05 3.8 0 -18.5
4 0 3.8 0 -18.5 3.2 0 -19.05 3.85 0 -19.2 4.15 0 -19.05
4 0 4.1 0 -18.4 3.8 0 -18.5 4.15 0 -19.05 4.5 0 -18.4
4 0 4.5 0 -18.4 4.15 0 -19.05 4.35 0 -19.15 4.9 0 -18.5
4 0 5.1 0 -18.75 4.9 0 -18.5 4.35 0 -19.15 4.65 0 -19.55
4 0 5.1 0 -18.75 4.65 0 -19.55 4.9 0 -19.55 5.4 0 -19.3
4 0 5.4 0 -19.3 4.9 0 -19.55 4.95 0 -19.7 5.7 0 -19.7
4 0 5.7 0 -19.7 4.95 0 -19.7 5.25 0 -20.2 5.4 0 -20.35
4 0 6.05 0 -20.05 5.7 0 -19.7 5.4 0 -20.35 5.95 0 -20.7
4 0 6.05 0 -20.05 5.95 0 -20.7 6.2 0 -20.75 6.45 0 -20.3
4 0 6.45 0 -20.3 6.2 0 -20.75 6.45 0 -20.9 6.85 0 -20.5
4 0 6.85 0 -20.5 6.45 0 -20.9 6.7 0 -21.25 7.2 0 -20.75
4 0 7.35 0 -21.05 7.2 0 -20.75 6.7 0 -21.25 7.45 0 -21.45
4 0 7.45 0 -21.45 6.7 0 -21.25 6.9 0 -21.7 7.45 0 -21.95
4 0 7.45 0 -21.95 6.9 0 -21.7 6.9 0 -22.3 7.3 0 -22.55
4 0 7.3 0 -22.55 6.9 0 -22.3 6.65 0 -22.85 7.1 0 -23.15
4 0 7.1 0 -23.15 6.65 0 -22.85 6.5 0 -23.05 6.6 0 -23.85
4 0 7.05 0 -23.7 7.1 0 -23.15 6.6 0 -23.85 5.45 0 -32.2
3 0 6.6 0 -23.85 4.9 0 -32 5.45 0 -32.2
4 0 -6.5 0 -23.3 -6.7 0 -23.2 -6.85 0 -23.9 -6.1 0 -23.55
4 0 -6.1 0 -23.55 -6.85 0 -23.9 -6.1 0 -24.25 -5.75 0 -23.7
4 0 -5.4 0 -23.8 -5.75 0 -23.7 -6.1 0 -24.25 -5.2 0 -24.55
4 0 -5.1 0 -23.9 -5.4 0 -23.8 -5.2 0 -24.55 -4.8 0 -24.05
4 0 -4.2 0 -24.2 -4.8 0 -24.05 -5.2 0 -24.55 -3.85 0 -24.85
4 0 -3.75 0 -24.3 -4.2 0 -24.2 -3.85 0 -24.85 -3.35 0 -24.4
4 0 -3.35 0 -24.4 -3.85 0 -24.85 -2.65 0 -25.05 -2.7 0 -24.45
4 0 -2.35 0 -24.45 -2.7 0 -24.45 -2.65 0 -25.05 -1.75 0 -25.15
3 0 -2.35 0 -24.45 -1.75 0 -25.15 -1.85 0 -24.5
4 0 -1.35 0 -24.5 -1.85 0 -24.5 -1.75 0 -25.15 -.95 0 -24.55
4 0 -.95 0 -24.55 -1.75 0 -25.15 -.8 0 -25.2 -.2 0 -24.6
4 0 -.2 0 -24.6 -.8 0 -25.2 .3 0 -25.15 .7 0 -24.55
4 0 1.05 0 -24.55 .7 0 -24.55 .3 0 -25.15 1.8 0 -25.05
3 0 1.45 0 -24.55 1.05 0 -24.55 1.8 0 -25.05
4 0 1.95 0 -24.5 1.45 0 -24.55 1.8 0 -25.05 2.95 0 -24.95
3 0 2.4 0 -24.5 1.95 0 -24.5 2.95 0 -24.95
3 0 2.7 0 -24.45 2.4 0 -24.5 2.95 0 -24.95
4 0 3.1 0 -24.35 2.7 0 -24.45 2.95 0 -24.95 4.1 0 -24.8
3 0 3.7 0 -24.25 3.1 0 -24.35 4.1 0 -24.8
4 0 4.2 0 -24.1 3.7 0 -24.25 4.1 0 -24.8 5.2 0 -24.55
4 0 4.55 0 -23.95 4.2 0 -24.1 5.2 0 -24.55 4.95 0 -23.9
4 0 4.95 0 -23.9 5.2 0 -24.55 6 0 -24.2 5.3 0 -23.75
3 0 5.6 0 -23.55 5.3 0 -23.75 6 0 -24.2
4 0 5.9 0 -23.35 5.6 0 -23.55 6 0 -24.2 6.6 0 -23.85
3 0 6.15 0 -23.3 5.9 0 -23.35 6.6 0 -23.85
3 0 6.5 0 -23.05 6.15 0 -23.3 6.6 0 -23.85
4 0 30.3 0 13.85 28.15 0 13.55 27.75 0 12.1 30.6 0 12.6
4 0 28.6 0 2.5 32.35 0 2.85 29.7 0 3.65 25.95 0 3.305
4 0 31.2 0 -.95 28.2 0 -.7 28.45 0 -1.85 31.6 0 -2.05
4 0 33.45 0 -1.2 31.2 0 -.95 31.6 0 -2.05 33.75 0 -2.4
4 0 32.3 0 -5.15 28.4 0 -4.95 28.95 0 -6.05 32.75 0 -6.2
4 0 25.95 0 -12.4 30.7 0 -12.35 28.85 0 -11.1 25.95 0 -11.022
3 288 30.65 0 16.9 26.771 0 13.186 28.15 0 13.55
3 288 30.65 0 16.9 28.15 0 13.55 30.3 0 13.85
3 288 30.65 0 16.9 30.3 0 13.85 32.115 0 13.927
4 288 25.95 0 5.562 25.95 0 3.305 29.7 0 3.65 29.35 0 6.15
4 288 34.329 0 6.648 29.35 0 6.15 29.7 0 3.65 34.74 0 4.57
3 288 34.74 0 4.57 29.7 0 3.65 34.777 0 4.009
4 288 28.45 0 -1.85 25.95 0 -1.774 25.95 0 -4.794 28.4 0 -4.95
4 288 31.6 0 -2.05 28.45 0 -1.85 28.4 0 -4.95 32.3 0 -5.15
4 288 33.75 0 -2.4 31.6 0 -2.05 32.3 0 -5.15 34.861 0 -2.722
4 288 34.74 0 -4.57 34.861 0 -2.722 32.3 0 -5.15 34.617 0 -5.191
4 288 32.37 0 -13.41 32.69 0 -12.472 30.7 0 -12.35 30.65 0 -16.9
3 288 30.7 0 -12.35 25.95 0 -12.4 30.65 0 -16.9
4 19 25.95 0 -5.85 25.95 0 -11.022 28.85 0 -11.1 28.95 0 -6.05
4 19 32.75 0 -6.2 28.95 0 -6.05 28.85 0 -11.1 33.85 0 -9.07
3 19 33.85 0 -9.07 28.85 0 -11.1 33.126 0 -11.194
3 19 32.75 0 -6.2 33.85 0 -9.07 34.391 0 -6.334
4 19 25.95 0 2.133 25.95 0 -.662 28.2 0 -.7 28.6 0 2.5
4 19 28.6 0 2.5 28.2 0 -.7 31.2 0 -.95 32.35 0 2.85
4 19 32.35 0 2.85 31.2 0 -.95 33.45 0 -1.2 35.04 0 0
3 19 34.848 0 2.926 32.35 0 2.85 35.04 0 0
3 19 35.04 0 0 33.45 0 -1.2 34.939 0 -1.535
4 19 25.95 0 11.523 25.95 0 6.804 28.95 0 7.25 27.75 0 12.1
4 19 30.6 0 12.6 27.75 0 12.1 28.95 0 7.25 32.618 0 12.682
4 19 33.85 0 9.07 32.618 0 12.682 28.95 0 7.25 34.108 0 7.766
4 0 28.85 0 -11.1 30.7 0 -12.35 32.69 0 -12.472 33.126 0 -11.194
4 0 25.95 0 -4.794 25.95 0 -5.85 28.95 0 -6.05 28.4 0 -4.95
4 0 32.3 0 -5.15 32.75 0 -6.2 34.391 0 -6.334 34.617 0 -5.191
4 0 28.2 0 -.7 25.95 0 -.662 25.95 0 -1.774 28.45 0 -1.85
4 0 34.939 0 -1.535 33.45 0 -1.2 33.75 0 -2.4 34.861 0 -2.722
3 0 25.95 0 3.305 25.95 0 2.133 28.6 0 2.5
4 0 29.7 0 3.65 32.35 0 2.85 34.848 0 2.926 34.777 0 4.009
4 0 25.95 0 6.804 25.95 0 5.562 29.35 0 6.15 28.95 0 7.25
4 0 28.95 0 7.25 29.35 0 6.15 34.329 0 6.648 34.108 0 7.766
4 0 28.15 0 13.55 26.771 0 13.186 25.95 0 12.4 27.75 0 12.1
3 0 25.95 0 12.4 25.95 0 11.523 27.75 0 12.1
4 0 32.115 0 13.927 30.3 0 13.85 30.6 0 12.6 32.37 0 13.41
3 0 32.37 0 13.41 30.6 0 12.6 32.618 0 12.682
4 288 -21.65 0 -16.75 -26.95 0 -22.3 -24.78 0 -24.78 -7.75 0 -22.7
4 288 -7.5 0 -23.15 -7.75 0 -22.7 -24.78 0 -24.78 -21.33 0 -27.8
4 288 -7.5 0 -23.15 -21.33 0 -27.8 -17.52 0 -30.35 -13.41 0 -32.38
4 288 -5.8 0 -32.2 -7.5 0 -23.15 -13.41 0 -32.38 -9.07 0 -33.85
4 288 -5.1 0 -32.9 -5.8 0 -32.2 -9.07 0 -33.85 -4.57 0 -34.74
3 288 -5.1 0 -32.9 -4.57 0 -34.74 -4.3 0 -33.45
3 288 -4.3 0 -33.45 -4.57 0 -34.74 -3.05 0 -34
4 288 -1.8 0 -34.3 -3.05 0 -34 -4.57 0 -34.74 0 0 -35.04
3 288 -1.8 0 -34.3 0 0 -35.04 -.25 0 -34.45
3 288 1 0 -34.4 -.25 0 -34.45 0 0 -35.04
4 288 2.05 0 -34.25 1 0 -34.4 0 0 -35.04 4.57 0 -34.74
3 288 3.1 0 -33.95 2.05 0 -34.25 4.57 0 -34.74
3 288 3.9 0 -33.55 3.1 0 -33.95 4.57 0 -34.74
4 288 4.75 0 -32.95 3.9 0 -33.55 4.57 0 -34.74 9.07 0 -33.85
4 288 5.45 0 -32.2 4.75 0 -32.95 9.07 0 -33.85 13.41 0 -32.38
4 288 7.05 0 -23.7 5.45 0 -32.2 13.41 0 -32.38 17.52 0 -30.35
4 288 7.1 0 -23.15 7.05 0 -23.7 17.52 0 -30.35 7.3 0 -22.55
4 288 7.45 0 -21.95 7.3 0 -22.55 17.52 0 -30.35 21.33 0 -27.8
4 288 7.45 0 -21.45 7.45 0 -21.95 21.33 0 -27.8 24.78 0 -24.78
4 288 7.45 0 -21.45 24.78 0 -24.78 26.95 0 -22.3 21.65 0 -16.75
4 288 7.35 0 -21.05 7.45 0 -21.45 21.65 0 -16.75 10 0 -16.75
3 288 -21.65 0 -16.75 -7.75 0 -22.7 -7.8 0 -22.2
3 288 -21.65 0 -16.75 -7.8 0 -22.2 -7.8 0 -21.8
4 288 -21.65 0 -16.75 -7.8 0 -21.8 -7.7 0 -21.4 -7.7 0 -21.05
3 288 -21.65 0 -16.75 -7.7 0 -21.05 -7.6 0 -20.75
3 288 -21.65 0 -16.75 -7.6 0 -20.75 -7.35 0 -20.35
4 288 -21.65 0 -16.75 -7.35 0 -20.35 -7.1 0 -20.15 -6.9 0 -19.65
3 288 -6.9 0 -19.65 -7.1 0 -20.15 -6.9 0 -20.05
3 288 -21.65 0 -16.75 -6.9 0 -19.65 -6.8 0 -19.35
4 288 -21.65 0 -16.75 -6.8 0 -19.35 -6.6 0 -19.1 -10 0 -16.75
3 288 0 0 -16.75 -.25 0 -17.55 .05 0 -17.55
3 288 0 0 -16.75 .05 0 -17.55 .4 0 -17.6
4 288 0 0 -16.75 .4 0 -17.6 .75 0 -17.85 2.1 0 -18.05
4 288 1.85 0 -18.25 2.1 0 -18.05 .75 0 -17.85 1.5 0 -18.3
3 288 .75 0 -17.85 1.2 0 -18.3 1.5 0 -18.3
3 288 0 0 -16.75 2.1 0 -18.05 2.45 0 -17.95
4 288 0 0 -16.75 2.45 0 -17.95 2.85 0 -17.95 10 0 -16.75
4 288 3.5 0 -18.35 3.8 0 -18.5 4.1 0 -18.4 3.15 0 -18.1
4 288 10 0 -16.75 2.85 0 -17.95 3.15 0 -18.1 4.1 0 -18.4
3 288 10 0 -16.75 4.1 0 -18.4 4.5 0 -18.4
3 288 10 0 -16.75 4.5 0 -18.4 4.9 0 -18.5
3 288 10 0 -16.75 4.9 0 -18.5 5.1 0 -18.75
4 288 10 0 -16.75 5.1 0 -18.75 5.4 0 -19.3 5.7 0 -19.7
4 288 10 0 -16.75 5.7 0 -19.7 6.05 0 -20.05 6.45 0 -20.3
3 288 10 0 -16.75 6.45 0 -20.3 6.85 0 -20.5
3 288 10 0 -16.75 6.85 0 -20.5 7.2 0 -20.75
3 288 10 0 -16.75 7.2 0 -20.75 7.35 0 -21.05
4 288 -10 0 -16.75 -6.6 0 -19.1 -6.15 0 -18.8 -5.85 0 -18.55
4 288 -10 0 -16.75 -5.85 0 -18.55 -5.4 0 -18.5 -5.05 0 -18.4
3 288 -10 0 -16.75 -5.05 0 -18.4 -4.85 0 -18.1
3 288 -10 0 -16.75 -4.85 0 -18.1 -4.55 0 -17.75
3 288 -10 0 -16.75 -4.55 0 -17.75 -4.1 0 -17.45
4 288 -10 0 -16.75 -4.1 0 -17.45 -3.75 0 -17.4 0 0 -16.75
3 288 0 0 -16.75 -3.75 0 -17.4 -3.25 0 -17.45
4 288 0 0 -16.75 -3.25 0 -17.45 -2.85 0 -17.65 -.6 0 -17.7
3 288 0 0 -16.75 -.6 0 -17.7 -.25 0 -17.55
4 288 -2.85 0 -17.65 -2.5 0 -18 -.95 0 -17.95 -.6 0 -17.7
4 288 -2.5 0 -18 -2.3 0 -18.35 -2 0 -18.35 -1.25 0 -18.25
4 288 -2 0 -18.35 -1.8 0 -18.45 -1.6 0 -18.4 -1.25 0 -18.25
3 288 -.95 0 -17.95 -2.5 0 -18 -1.25 0 -18.25
4 0 -6.95 0 -22.2 -7.2 0 -22.25 -7 0 -22.65 -6.75 0 -22.45
4 0 -6.7 0 -22.05 -6.95 0 -22.2 -6.75 0 -22.45 -6.5 0 -22.45
4 0 -6.7 0 -22.05 -6.5 0 -22.45 -6.25 0 -22.15 -6.3 0 -21.95
4 0 -6.6 0 -21.85 -6.7 0 -22.05 -6.3 0 -21.95 -6.15 0 -21.6
4 0 -6.65 0 -21.65 -6.6 0 -21.85 -6.15 0 -21.6 -6.4 0 -21.2
4 0 -6.1 0 -21.25 -6.4 0 -21.2 -6.15 0 -21.6 -5.95 0 -21.55
4 0 -7.05 0 -21.2 -7.2 0 -21.6 -7.05 0 -21.55 -6.9 0 -21.3
4 0 -6.9 0 -21.3 -7.05 0 -21.55 -6.8 0 -21.55 -6.65 0 -21.2
4 0 -6.65 0 -21.2 -6.8 0 -21.55 -6.65 0 -21.65 -6.4 0 -21.2
4 0 -5.85 0 -21 -6.1 0 -21.25 -5.95 0 -21.55 -5.5 0 -21.35
4 0 -5.85 0 -21 -5.5 0 -21.35 -5.3 0 -21.05 -5.3 0 -20.8
4 0 -5.9 0 -20.85 -5.85 0 -21 -5.3 0 -20.8 -5.75 0 -20.5
4 0 -5.55 0 -20.4 -5.75 0 -20.5 -5.3 0 -20.8 -5.15 0 -20.65
4 0 -6.3 0 -20.05 -6.65 0 -20.55 -6.5 0 -20.6 -6.2 0 -20.35
4 0 -6.2 0 -20.35 -6.5 0 -20.6 -6.3 0 -20.75 -6.1 0 -20.75
3 0 -6.2 0 -20.35 -6.1 0 -20.75 -6.05 0 -20.45
4 0 -5.75 0 -20.5 -6.05 0 -20.45 -6.1 0 -20.75 -5.9 0 -20.85
4 0 -5.3 0 -20.15 -5.55 0 -20.4 -5.15 0 -20.65 -4.95 0 -20.5
4 0 -5.3 0 -20.15 -4.95 0 -20.5 -4.9 0 -20.4 -5.05 0 -20
4 0 -4.8 0 -19.95 -5.05 0 -20 -4.9 0 -20.4 -4.7 0 -20.35
4 0 -4.8 0 -19.95 -4.7 0 -20.35 -4.3 0 -20.15 -4.65 0 -19.85
3 0 -4.35 0 -19.85 -4.65 0 -19.85 -4.3 0 -20.15
4 0 -4.65 0 -19.85 -4.35 0 -19.85 -4.3 0 -19.6 -4.55 0 -19.4
4 0 -4.55 0 -19.4 -4.3 0 -19.6 -4.05 0 -19.25 -4.55 0 -19.1
4 0 -4.55 0 -19.1 -4.05 0 -19.25 -4.1 0 -19 -4.2 0 -18.85
4 0 -4.55 0 -19.1 -4.2 0 -18.85 -4.4 0 -18.75 -4.65 0 -19
3 0 -4.05 0 -19.25 -4.3 0 -19.6 -4.1 0 -19.55
4 0 -4.05 0 -19.25 -4.1 0 -19.55 -3.85 0 -19.65 -3.6 0 -19.25
4 0 -3.4 0 -19.6 -3.6 0 -19.25 -3.85 0 -19.65 -3.7 0 -19.8
3 0 -3.6 0 -19.25 -3.4 0 -19.6 -3.35 0 -19.4
4 0 -3.35 0 -19.4 -3.15 0 -19.3 -3.15 0 -19.1 -3.6 0 -19.25
4 0 -3.55 0 -18.65 -3.6 0 -19.25 -3.15 0 -19.1 -3.15 0 -18.55
3 0 -3.15 0 -18.55 -3.15 0 -19.1 -3 0 -18.95
3 0 -3.15 0 -18.55 -3 0 -18.95 -2.75 0 -18.9
4 0 -1.8 0 -19.25 -2.15 0 -19.25 -2.15 0 -19.55 -1.7 0 -19.5
4 0 -1.7 0 -19.5 -2.15 0 -19.55 -1.7 0 -19.75 -1.4 0 -19.5
4 0 -1.4 0 -19.5 -1.7 0 -19.75 -1.35 0 -20 -1.2 0 -19.45
4 0 -.85 0 -19.8 -1.2 0 -19.45 -1.35 0 -20 -1.2 0 -20.15
4 0 -1.2 0 -19.45 -.85 0 -19.8 -.7 0 -19.5 -1.05 0 -19.2
4 0 -1.05 0 -19.2 -.7 0 -19.5 -.75 0 -19.05 -.9 0 -18.8
3 0 -.9 0 -18.8 -1.45 0 -19.25 -1.05 0 -19.2
4 0 -.75 0 -19.05 -.7 0 -19.5 -.4 0 -19.3 -.5 0 -18.8
4 0 -.5 0 -18.8 -.4 0 -19.3 -.15 0 -19.3 -.15 0 -18.6
4 0 -.15 0 -18.6 -.15 0 -19.3 .2 0 -19.15 .3 0 -18.9
4 0 .25 0 -18.4 -.15 0 -18.6 .3 0 -18.9 .45 0 -18.75
4 0 .2 0 -19.15 -.15 0 -19.3 -.1 0 -19.45 .4 0 -19.35
4 0 .4 0 -19.35 -.1 0 -19.45 .4 0 -19.75 .6 0 -19.35
4 0 .6 0 -19.35 .4 0 -19.75 .6 0 -19.7 1.05 0 -19.45
4 0 .6 0 -19.35 1.05 0 -19.45 1.05 0 -19.25 .75 0 -19.1
4 0 .7 0 -18.85 .75 0 -19.1 1.05 0 -19.25 1.25 0 -19.1
4 0 1.2 0 -18.3 .7 0 -18.85 1.25 0 -19.1 1.6 0 -19.05
4 0 2.1 0 -19 2.1 0 -18.75 1.6 0 -19.05 1.55 0 -19.25
4 0 2.25 0 -19.25 2.1 0 -19 1.55 0 -19.25 1.9 0 -19.65
4 0 2.25 0 -19.25 1.9 0 -19.65 2.1 0 -19.65 2.4 0 -19.5
4 0 2.4 0 -19.5 2.1 0 -19.65 2.55 0 -19.95 2.7 0 -19.5
4 0 2.7 0 -19.5 2.55 0 -19.95 2.8 0 -19.9 3 0 -19.75
4 0 2.85 0 -19.35 2.7 0 -19.5 3 0 -19.75 3.15 0 -19.45
4 0 3.15 0 -19.45 3 0 -19.75 3.3 0 -19.75 3.65 0 -19.55
4 0 3.3 0 -19.3 3.15 0 -19.45 3.65 0 -19.55 3.85 0 -19.2
3 0 3.2 0 -19.05 3.3 0 -19.3 3.85 0 -19.2
4 0 3.65 0 -19.55 3.3 0 -19.75 3.5 0 -19.85 3.9 0 -19.75
4 0 3.9 0 -19.75 3.5 0 -19.85 3.6 0 -20.15 4.1 0 -20.1
4 0 4.1 0 -19.7 3.9 0 -19.75 4.1 0 -20.1 4.4 0 -19.65
4 0 4.3 0 -19.4 4.1 0 -19.7 4.4 0 -19.65 4.65 0 -19.55
3 0 4.35 0 -19.15 4.3 0 -19.4 4.65 0 -19.55
4 0 4.55 0 -19.9 4.4 0 -19.65 4.1 0 -20.1 4.35 0 -20.25
4 0 4.55 0 -19.9 4.35 0 -20.25 4.5 0 -20.45 4.9 0 -20.45
4 0 4.8 0 -19.95 4.55 0 -19.9 4.9 0 -20.45 5.05 0 -20.25
4 0 4.95 0 -19.7 4.8 0 -19.95 5.05 0 -20.25 5.25 0 -20.2
4 0 4.5 0 -20.45 4.4 0 -20.65 4.8 0 -20.75 4.9 0 -20.45
4 0 5.4 0 -20.65 5.65 0 -20.95 5.95 0 -20.7 5.4 0 -20.35
4 0 5.15 0 -20.95 4.9 0 -20.95 5 0 -21.2 5.25 0 -21.2
4 0 5.15 0 -20.95 5.25 0 -21.2 5.55 0 -21.2 5.65 0 -20.95
3 0 5.4 0 -20.65 5.15 0 -20.95 5.65 0 -20.95
4 0 5.55 0 -21.2 5.25 0 -21.2 5.4 0 -21.55 5.65 0 -21.45
4 0 5.7 0 -21.75 5.65 0 -21.45 5.4 0 -21.55 5.45 0 -21.9
4 0 5.75 0 -22.05 5.7 0 -21.75 5.45 0 -21.9 5.4 0 -22.15
3 0 5.75 0 -22.05 5.4 0 -22.15 5.65 0 -22.3
4 0 5.65 0 -21.45 5.7 0 -21.75 6.05 0 -21.65 5.95 0 -21.3
4 0 6.2 0 -21.2 5.95 0 -21.3 6.05 0 -21.65 6.4 0 -21.6
4 0 6.5 0 -21.2 6.2 0 -21.2 6.4 0 -21.6 6.7 0 -21.25
3 0 6.7 0 -21.25 6.4 0 -21.6 6.65 0 -21.6
3 0 6.7 0 -21.25 6.65 0 -21.6 6.9 0 -21.7
4 0 5.75 0 -22.05 5.65 0 -22.3 5.8 0 -22.45 6.15 0 -22.2
4 0 6.15 0 -22.2 5.8 0 -22.45 6.1 0 -22.75 6.3 0 -22.6
4 0 6.6 0 -22.3 6.15 0 -22.2 6.3 0 -22.6 6.5 0 -22.7
4 0 6.9 0 -22.3 6.6 0 -22.3 6.5 0 -22.7 6.65 0 -22.85
4 0 5.5 0 -22.95 5.3 0 -22.9 5.2 0 -23.2 5.45 0 -23.35
4 0 5.5 0 -22.95 5.45 0 -23.35 5.7 0 -23.25 5.9 0 -22.9
4 0 5.65 0 -22.65 5.5 0 -22.95 5.9 0 -22.9 5.8 0 -22.45
3 0 5.8 0 -22.45 5.9 0 -22.9 6.1 0 -22.75
4 0 5.7 0 -23.25 5.45 0 -23.35 5.6 0 -23.55 5.9 0 -23.35
4 0 4.9 0 -23 5 0 -23.15 5.2 0 -23.2 5.3 0 -22.9
4 0 4.55 0 -23 4.75 0 -23.35 5 0 -23.15 4.9 0 -23
4 0 4.55 0 -23 4.3 0 -22.95 4.2 0 -23.45 4.75 0 -23.35
4 0 4.6 0 -23.6 4.75 0 -23.35 4.2 0 -23.45 4.25 0 -23.65
4 0 4.25 0 -23.65 4.2 0 -24.1 4.55 0 -23.95 4.6 0 -23.6
4 0 3.65 0 -23.05 3.35 0 -23.05 3.5 0 -23.4 4.05 0 -23.35
4 0 3.95 0 -23 3.65 0 -23.05 4.05 0 -23.35 4.3 0 -22.95
3 0 4.3 0 -22.95 4.05 0 -23.35 4.2 0 -23.45
4 0 3.35 0 -23.05 2.95 0 -23.25 3.25 0 -23.55 3.5 0 -23.4
4 0 2.55 0 -23.4 2.3 0 -23.6 2.55 0 -23.85 2.8 0 -23.85
4 0 2.75 0 -23.4 2.55 0 -23.4 2.8 0 -23.85 3.2 0 -23.7
4 0 2.75 0 -23.4 3.2 0 -23.7 3.25 0 -23.55 2.95 0 -23.25
4 0 2.8 0 -23.85 2.9 0 -23.95 3.2 0 -23.85 3.2 0 -23.7
4 0 3.15 0 -24.1 3.35 0 -24 3.2 0 -23.85 2.9 0 -23.95
4 0 3.15 0 -24.1 2.9 0 -23.95 2.85 0 -24.3 3.1 0 -24.35
3 0 2.85 0 -24.3 2.7 0 -24.45 3.1 0 -24.35
4 0 2.3 0 -23.6 2.05 0 -23.75 2.35 0 -23.95 2.55 0 -23.85
4 0 2.05 0 -23.75 1.8 0 -23.8 2 0 -24.15 2.35 0 -23.95
4 0 1.6 0 -24.15 1.6 0 -24.4 1.85 0 -24.35 2 0 -24.15
3 0 1.8 0 -23.8 1.6 0 -24.15 2 0 -24.15
4 0 1.6 0 -24.4 1.45 0 -24.55 1.95 0 -24.5 1.85 0 -24.35
4 0 1.1 0 -23.95 1.05 0 -24.3 1.35 0 -24.2 1.5 0 -23.45
4 0 1.8 0 -23.8 1.5 0 -23.45 1.35 0 -24.2 1.6 0 -24.15
4 0 1.5 0 -23.45 1.15 0 -23.3 1.1 0 -23.55 1.1 0 -23.95
4 0 .75 0 -23.85 .55 0 -23.7 .5 0 -24 .65 0 -24.25
4 0 1.1 0 -23.95 .75 0 -23.85 .65 0 -24.25 1.05 0 -24.3
4 0 1.05 0 -24.3 .65 0 -24.25 .7 0 -24.55 1.05 0 -24.55
4 0 .1 0 -23.55 -.15 0 -23.55 -.15 0 -23.85 .55 0 -23.7
3 0 .55 0 -23.7 -.15 0 -23.85 .5 0 -24
4 0 .55 0 -23.5 .2 0 -23.25 .1 0 -23.55 .55 0 -23.7
4 0 .55 0 -23.05 .2 0 -23.25 .55 0 -23.5 .8 0 -23.35
4 0 .55 0 -23.05 .8 0 -23.35 .9 0 -23.2 .7 0 -22.85
4 0 1.1 0 -22.8 .7 0 -22.85 .9 0 -23.2 1.15 0 -23.3
4 0 1.3 0 -22.95 1.1 0 -22.8 1.15 0 -23.3 1.5 0 -23.45
4 0 1.5 0 -22.95 1.3 0 -22.95 1.5 0 -23.45 1.75 0 -23.3
4 0 1.7 0 -22.9 1.5 0 -22.95 1.75 0 -23.3 1.95 0 -23.1
4 0 1.7 0 -22.9 1.95 0 -23.1 2.05 0 -22.75 1.7 0 -22.7
4 0 -.2 0 -23.35 -.6 0 -23.25 -.6 0 -23.4 -.15 0 -23.55
4 0 -.15 0 -23.55 -.6 0 -23.4 -.65 0 -23.8 -.15 0 -23.85
4 0 -.65 0 -23.8 -.6 0 -23.4 -.75 0 -23.4 -.85 0 -23.85
4 0 -.85 0 -23.85 -.75 0 -23.4 -1.1 0 -23.55 -1.35 0 -23.75
4 0 -.95 0 -24.05 -.85 0 -23.85 -1.35 0 -23.75 -1.25 0 -24.25
4 0 -.95 0 -24.55 -.95 0 -24.05 -1.25 0 -24.25 -1.35 0 -24.5
4 0 -1.65 0 -23.55 -1.75 0 -23.9 -1.55 0 -23.9 -1.35 0 -23.75
3 0 -1.35 0 -23.75 -1.55 0 -23.9 -1.25 0 -24.25
4 0 -2.6 0 -24.2 -2.7 0 -24.45 -2.35 0 -24.45 -2.3 0 -24.3
4 0 -2.45 0 -23.9 -2.6 0 -24.2 -2.3 0 -24.3 -2.2 0 -23.85
4 0 -2.2 0 -23.85 -2.3 0 -24.3 -2 0 -24.15 -1.85 0 -24
4 0 -2.1 0 -23.75 -2.2 0 -23.85 -1.85 0 -24 -1.75 0 -23.9
4 0 -2.1 0 -23.75 -1.75 0 -23.9 -1.65 0 -23.55 -2.05 0 -23.5
4 0 -2.05 0 -23.5 -1.65 0 -23.55 -1.75 0 -23.35 -2.1 0 -23.1
4 0 -2.1 0 -23.1 -1.75 0 -23.35 -1.7 0 -22.9 -1.95 0 -22.7
4 0 -1.95 0 -22.7 -1.7 0 -22.9 -1.6 0 -22.8 -1.65 0 -22.45
4 0 -1.65 0 -22.45 -1.6 0 -22.8 -1.25 0 -22.9 -1.25 0 -22.5
4 0 -.8 0 -22.7 -1.25 0 -22.5 -1.25 0 -22.9 -.8 0 -23.1
4 0 -.55 0 -22.9 -.8 0 -22.7 -.8 0 -23.1 -.6 0 -23.25
4 0 -.35 0 -22.95 -.55 0 -22.9 -.6 0 -23.25 -.15 0 -23.2
4 0 -.2 0 -22.9 -.35 0 -22.95 -.15 0 -23.2 .1 0 -23
3 0 -.15 0 -23.2 -.6 0 -23.25 -.2 0 -23.35
4 0 -.2 0 -22.9 .1 0 -23 .25 0 -22.8 -.15 0 -22.55
3 0 .2 0 -22.45 -.15 0 -22.55 .25 0 -22.8
4 0 .7 0 -22.65 .7 0 -22.85 1.1 0 -22.8 1.05 0 -22.55
4 0 -6.3 0 -22.95 -6.5 0 -23 -6.5 0 -23.3 -6.1 0 -23.35
3 0 -6.5 0 -23.3 -6.1 0 -23.55 -6.1 0 -23.35
4 0 -5.9 0 -22.85 -6.25 0 -22.8 -6.3 0 -22.95 -6.1 0 -23.35
4 0 -5.8 0 -22.95 -5.9 0 -22.85 -6.1 0 -23.35 -5.75 0 -23.4
4 0 -5.55 0 -22.95 -5.8 0 -22.95 -5.75 0 -23.4 -5.35 0 -23
4 0 -5.35 0 -23 -5.75 0 -23.4 -5.4 0 -23.4 -5.15 0 -23.05
4 0 -4.9 0 -23.45 -5.15 0 -23.05 -5.4 0 -23.4 -5.05 0 -23.65
4 0 -5.05 0 -23.65 -5.4 0 -23.4 -5.4 0 -23.8 -5.1 0 -23.9
4 0 -4.3 0 -24.05 -4.25 0 -23.9 -4.65 0 -23.9 -4.8 0 -24.05
3 0 -4.3 0 -24.05 -4.8 0 -24.05 -4.2 0 -24.2
4 0 -4.45 0 -23.65 -4.65 0 -23.9 -4.25 0 -23.9 -4.05 0 -23.85
4 0 -4.45 0 -23.65 -4.05 0 -23.85 -3.95 0 -23.7 -4.45 0 -23.5
4 0 -4.45 0 -23.5 -3.95 0 -23.7 -3.9 0 -23.5 -4.25 0 -23.1
4 0 -4.25 0 -23.1 -3.9 0 -23.5 -3.75 0 -23.35 -4.15 0 -22.95
4 0 -4 0 -22.85 -4.15 0 -22.95 -3.75 0 -23.35 -3.8 0 -22.95
4 0 -3.6 0 -22.95 -3.8 0 -22.95 -3.75 0 -23.35 -3.45 0 -23.35
4 0 -3.05 0 -23.1 -3.6 0 -22.95 -3.45 0 -23.35 -3.25 0 -23.45
4 0 -2.8 0 -23.3 -3.05 0 -23.1 -3.25 0 -23.45 -3.2 0 -23.65
4 0 -2.7 0 -23.6 -2.8 0 -23.3 -3.2 0 -23.65 -2.95 0 -23.95
4 0 -2.55 0 -23.8 -2.7 0 -23.6 -2.95 0 -23.95 -2.6 0 -24.2
3 0 -2.55 0 -23.8 -2.6 0 -24.2 -2.45 0 -23.9
4 0 -5.1 0 -22.9 -5.15 0 -23.05 -4.7 0 -23.1 -4.75 0 -22.95
4 0 -5.15 0 -23.05 -4.9 0 -23.45 -4.75 0 -23.4 -4.7 0 -23.1
4 0 -4.7 0 -23.1 -4.75 0 -23.4 -4.55 0 -23.4 -4.5 0 -23.15
4 0 -4.5 0 -23.15 -4.55 0 -23.4 -4.45 0 -23.5 -4.25 0 -23.1
4 0 -5.1 0 -22.75 -5.1 0 -22.9 -4.75 0 -22.95 -4.6 0 -22.7
4 0 -4.8 0 -22.35 -5.1 0 -22.75 -4.6 0 -22.7 -4.3 0 -22.45
4 0 -4.5 0 -22.1 -4.8 0 -22.35 -4.3 0 -22.45 -4.05 0 -22.35
4 0 -4.45 0 -21.95 -4.5 0 -22.1 -4.05 0 -22.35 -3.85 0 -21.8
4 0 -3.75 0 -22 -3.85 0 -21.8 -4.05 0 -22.35 -3.85 0 -22.4
4 0 -3.6 0 -21.95 -3.75 0 -22 -3.85 0 -22.4 -3.45 0 -22.2
4 0 -3.45 0 -22.2 -3.85 0 -22.4 -3.75 0 -22.6 -3.4 0 -22.4
3 0 -3.4 0 -22.4 -3.75 0 -22.6 -3.6 0 -22.7
4 0 -3.4 0 -22.4 -3.6 0 -22.7 -3.55 0 -22.8 -3.1 0 -22.85
4 0 -3.55 0 -22.8 -3.6 0 -22.95 -3.05 0 -23.1 -3.1 0 -22.85
4 0 -3.4 0 -22.4 -3.1 0 -22.85 -3 0 -22.75 -3.15 0 -22.35
4 0 -2.95 0 -22.2 -3.15 0 -22.35 -3 0 -22.75 -2.8 0 -22.8
4 0 -2.55 0 -22.5 -2.95 0 -22.2 -2.8 0 -22.8 -2.65 0 -22.85
4 0 -2.55 0 -22.5 -2.65 0 -22.85 -2.35 0 -22.85 -2.3 0 -22.45
4 0 -2.1 0 -22.55 -2.3 0 -22.45 -2.35 0 -22.85 -2.2 0 -22.95
4 0 -1.95 0 -22.7 -2.1 0 -22.55 -2.2 0 -22.95 -2.1 0 -23.1
4 0 -6.25 0 -22.15 -6.5 0 -22.45 -6.35 0 -22.6 -6.1 0 -22.2
4 0 -6.35 0 -22.6 -6.25 0 -22.8 -5.9 0 -22.85 -5.9 0 -22.7
4 0 -6.1 0 -22.2 -6.35 0 -22.6 -5.9 0 -22.7 -5.75 0 -22.5
4 0 -5.9 0 -22.2 -6.1 0 -22.2 -5.75 0 -22.5 -5.45 0 -22.35
3 0 -5.7 0 -22.05 -5.9 0 -22.2 -5.45 0 -22.35
4 0 -5.5 0 -21.85 -5.7 0 -22.05 -5.45 0 -22.35 -4.95 0 -22
4 0 -5.1 0 -21.55 -5.5 0 -21.85 -4.95 0 -22 -4.65 0 -21.85
4 0 -4.45 0 -21.5 -5.1 0 -21.55 -4.65 0 -21.85 -4.5 0 -21.85
4 0 -4.3 0 -21.6 -4.45 0 -21.5 -4.5 0 -21.85 -4.45 0 -21.95
4 0 -4 0 -21.65 -4.3 0 -21.6 -4.45 0 -21.95 -3.85 0 -21.8
4 0 -5.2 0 -21.2 -5.3 0 -21.05 -5.5 0 -21.35 -5.3 0 -21.5
4 0 -5.2 0 -21.2 -5.3 0 -21.5 -5.1 0 -21.55 -4.95 0 -21.25
4 0 -4.95 0 -21.25 -5.1 0 -21.55 -4.45 0 -21.5 -4.75 0 -21.2
4 0 -4.75 0 -21.2 -4.45 0 -21.5 -4.25 0 -21.15 -4.6 0 -21.05
4 0 -4.55 0 -20.8 -4.6 0 -21.05 -4.25 0 -21.15 -3.85 0 -20.8
4 0 -4.55 0 -20.8 -3.85 0 -20.8 -4 0 -20.45 -4.2 0 -20.4
4 0 -4.6 0 -20.45 -4.55 0 -20.8 -4.2 0 -20.4 -4.3 0 -20.15
3 0 -4.3 0 -20.15 -4.7 0 -20.35 -4.6 0 -20.45
4 0 -3.85 0 -20.3 -4 0 -20.45 -3.85 0 -20.8 -3.5 0 -20.35
4 0 -3.5 0 -20.35 -3.85 0 -20.8 -3.6 0 -20.8 -3.25 0 -20.55
4 0 -3.25 0 -20.55 -3.6 0 -20.8 -3.35 0 -20.95 -3.05 0 -20.85
4 0 -3.05 0 -20.85 -3.35 0 -20.95 -3.3 0 -21.15 -3.2 0 -21.3
4 0 -2.85 0 -20.85 -3.05 0 -20.85 -3.2 0 -21.3 -2.5 0 -21
4 0 -2.5 0 -21.35 -2.5 0 -21 -3.2 0 -21.3 -3.15 0 -21.45
4 0 -2.9 0 -21.75 -2.5 0 -21.35 -3.15 0 -21.45 -3.1 0 -21.75
4 0 -3.1 0 -21.75 -3.15 0 -21.45 -3.45 0 -21.6 -3.15 0 -21.95
4 0 -3.3 0 -22.1 -3.15 0 -21.95 -3.45 0 -21.6 -3.6 0 -21.95
3 0 -3.6 0 -21.95 -3.45 0 -22.2 -3.3 0 -22.1
4 0 -2.5 0 -22 -2.85 0 -22 -2.95 0 -22.2 -2.55 0 -22.5
4 0 -2.9 0 -21.75 -2.85 0 -22 -2.5 0 -22 -2.4 0 -21.6
3 0 -2.5 0 -21.35 -2.9 0 -21.75 -2.4 0 -21.6
4 0 -2.15 0 -21.7 -2.4 0 -21.6 -2.5 0 -22 -2.05 0 -22.05
4 0 -1.85 0 -21.65 -2.15 0 -21.7 -2.05 0 -22.05 -1.6 0 -21.75
4 0 -1.5 0 -22.1 -1.6 0 -21.75 -2.05 0 -22.05 -1.65 0 -22.45
3 0 -2.05 0 -22.05 -1.95 0 -22.7 -1.65 0 -22.45
3 0 -1.6 0 -21.75 -1.5 0 -22.1 -1.35 0 -21.8
4 0 -.7 0 -21.8 -1.1 0 -21.65 -1.35 0 -21.8 -1.5 0 -22.1
4 0 -.7 0 -21.8 -1.5 0 -22.1 -.4 0 -22.05 -.4 0 -21.85
4 0 -.15 0 -21.8 -.4 0 -21.85 -.4 0 -22.05 -.25 0 -22.25
4 0 .4 0 -21.85 -.15 0 -21.8 -.25 0 -22.25 .25 0 -22.35
4 0 .25 0 -22.35 -.25 0 -22.25 -.15 0 -22.55 .2 0 -22.45
4 0 .4 0 -21.85 .25 0 -22.35 .4 0 -22.3 .5 0 -22.05
4 0 .5 0 -22.05 .4 0 -22.3 .6 0 -22.35 .75 0 -22.1
4 0 .75 0 -22.1 .6 0 -22.35 .7 0 -22.65 1.05 0 -22.55
3 0 .75 0 -22.1 1.05 0 -22.55 1.15 0 -22.35
4 0 .75 0 -22.1 1.15 0 -22.35 1.4 0 -22.25 1.3 0 -21.9
4 0 1.5 0 -21.85 1.3 0 -21.9 1.4 0 -22.25 1.6 0 -22.25
4 0 1.9 0 -21.9 1.5 0 -21.85 1.6 0 -22.25 1.95 0 -22.1
4 0 1.95 0 -22.1 1.6 0 -22.25 1.6 0 -22.55 2.1 0 -22.35
4 0 2.05 0 -22.6 2.1 0 -22.35 1.6 0 -22.55 1.7 0 -22.7
3 0 2.05 0 -22.6 1.7 0 -22.7 2.05 0 -22.75
4 0 2.05 0 -22.75 1.95 0 -23.1 2.15 0 -23.3 2.25 0 -22.65
4 0 2.5 0 -22.8 2.25 0 -22.65 2.15 0 -23.3 2.55 0 -23.1
4 0 2.55 0 -23.4 2.55 0 -23.1 2.15 0 -23.3 2.3 0 -23.6
4 0 3 0 -22.9 2.95 0 -23.25 3.35 0 -23.05 3.25 0 -22.8
4 0 3.9 0 -22.6 3.95 0 -23 4.3 0 -22.95 4.3 0 -22.5
4 0 5.3 0 -22.9 5.3 0 -22.75 4.95 0 -22.6 4.9 0 -23
4 0 4.95 0 -22.6 5.3 0 -22.75 5.3 0 -22.5 5.25 0 -22.25
4 0 4.75 0 -22.25 4.95 0 -22.6 5.25 0 -22.25 5.1 0 -21.95
4 0 5.1 0 -21.95 5.25 0 -22.25 5.4 0 -22.15 5.45 0 -21.9
4 0 4.75 0 -21.9 4.6 0 -22.2 4.75 0 -22.25 5.1 0 -21.95
4 0 2.35 0 -22.45 2.25 0 -22.65 2.5 0 -22.8 2.85 0 -22.6
4 0 2.8 0 -22.25 2.35 0 -22.45 2.85 0 -22.6 3.25 0 -22.3
4 0 3.45 0 -22.6 3.25 0 -22.3 2.85 0 -22.6 3.25 0 -22.8
3 0 2.85 0 -22.6 3 0 -22.9 3.25 0 -22.8
4 0 3.25 0 -22.3 3.45 0 -22.6 3.6 0 -22.45 3.55 0 -22
4 0 3.8 0 -22.1 3.55 0 -22 3.6 0 -22.45 3.8 0 -22.45
4 0 4.05 0 -22.2 3.8 0 -22.1 3.8 0 -22.45 3.9 0 -22.6
4 0 4.05 0 -22.2 3.9 0 -22.6 4.3 0 -22.5 4.25 0 -22.2
4 0 4.25 0 -22.2 4.3 0 -22.5 4.5 0 -22.35 4.6 0 -22.2
4 0 4.35 0 -22 4.25 0 -22.2 4.6 0 -22.2 4.75 0 -21.9
4 0 4.3 0 -21.8 4.35 0 -22 4.75 0 -21.9 4.65 0 -21.65
4 0 4.4 0 -21.35 4.3 0 -21.8 4.65 0 -21.65 4.8 0 -21.5
4 0 4.65 0 -21.2 4.4 0 -21.35 4.8 0 -21.5 5 0 -21.2
4 0 4.65 0 -21.2 5 0 -21.2 4.9 0 -20.95 4.6 0 -21.05
4 0 4.6 0 -21.05 4.9 0 -20.95 4.8 0 -20.75 4.4 0 -20.65
4 0 4.25 0 -20.95 4.6 0 -21.05 4.4 0 -20.65 4.1 0 -20.65
4 0 3.9 0 -20.95 4.25 0 -20.95 4.1 0 -20.65 3.8 0 -20.45
4 0 3.2 0 -20.7 3.1 0 -20.9 3.2 0 -21.15 3.6 0 -21.05
4 0 3.5 0 -20.55 3.2 0 -20.7 3.6 0 -21.05 3.9 0 -20.95
4 0 3.5 0 -20.55 3.9 0 -20.95 3.8 0 -20.45 3.6 0 -20.15
3 0 4.1 0 -20.1 3.6 0 -20.15 3.8 0 -20.45
4 0 3.5 0 -21.35 3.5 0 -21.8 3.65 0 -21.7 3.8 0 -21.35
4 0 3.8 0 -21.35 3.65 0 -21.7 4 0 -21.7 4.1 0 -21.45
4 0 4.1 0 -21.45 4 0 -21.7 4.3 0 -21.8 4.4 0 -21.35
4 0 2.55 0 -19.95 2.5 0 -20.25 2.9 0 -20.15 2.8 0 -19.9
4 0 2.9 0 -20.15 2.5 0 -20.25 2.9 0 -20.55 3.1 0 -20.4
4 0 3.2 0 -20.1 2.9 0 -20.15 3.1 0 -20.4 3.3 0 -20.4
4 0 3.6 0 -20.15 3.2 0 -20.1 3.3 0 -20.4 3.5 0 -20.55
4 0 2.1 0 -20.45 1.7 0 -20.5 1.75 0 -20.8 2.15 0 -20.8
4 0 2.1 0 -20.45 2.15 0 -20.8 2.45 0 -20.7 2.5 0 -20.25
4 0 2.9 0 -20.55 2.5 0 -20.25 2.45 0 -20.7 2.85 0 -20.8
4 0 2.85 0 -20.8 2.45 0 -20.7 2.5 0 -20.9 2.85 0 -21.25
4 0 3.1 0 -20.9 2.85 0 -20.8 2.85 0 -21.25 3.2 0 -21.15
4 0 2.45 0 -21.35 2.8 0 -21.4 2.85 0 -21.25 2.5 0 -20.9
4 0 2.2 0 -21.5 2.05 0 -21.75 2.25 0 -21.8 2.45 0 -21.35
4 0 2.45 0 -21.35 2.25 0 -21.8 2.7 0 -21.9 2.8 0 -21.4
4 0 2.8 0 -21.4 2.7 0 -21.9 2.95 0 -21.8 3.1 0 -21.45
4 0 3.1 0 -21.45 2.95 0 -21.8 3.15 0 -21.85 3.5 0 -21.8
3 0 3.5 0 -21.35 3.1 0 -21.45 3.5 0 -21.8
4 0 3.15 0 -21.85 3.2 0 -22.1 3.55 0 -22 3.5 0 -21.8
3 0 3.55 0 -22 3.2 0 -22.1 3.25 0 -22.3
4 0 2.7 0 -21.9 2.25 0 -21.8 2.25 0 -22 2.6 0 -22.1
3 0 2.25 0 -22 2.3 0 -22.2 2.6 0 -22.1
4 0 2.6 0 -22.1 2.3 0 -22.2 2.35 0 -22.45 2.8 0 -22.25
4 0 1.5 0 -21.65 1.5 0 -21.85 1.9 0 -21.9 1.85 0 -21.4
4 0 1.85 0 -21.4 1.9 0 -21.9 2.05 0 -21.75 2.2 0 -21.5
4 0 1.45 0 -21.1 .9 0 -20.8 .95 0 -21.15 1.35 0 -21.45
4 0 1.85 0 -21.4 1.45 0 -21.1 1.35 0 -21.45 1.5 0 -21.65
4 0 -3.8 0 -20.05 -3.85 0 -20.3 -3.5 0 -20.35 -3.4 0 -20.15
4 0 -3.7 0 -19.8 -3.8 0 -20.05 -3.4 0 -20.15 -3.3 0 -19.8
3 0 -3.4 0 -19.6 -3.7 0 -19.8 -3.3 0 -19.8
4 0 -3.3 0 -19.8 -3.4 0 -20.15 -3.05 0 -20.15 -3.05 0 -19.85
4 0 -3.05 0 -19.85 -3.05 0 -20.15 -2.85 0 -20.25 -2.85 0 -19.75
4 0 -2.85 0 -19.75 -2.85 0 -20.25 -2.55 0 -20.1 -2.6 0 -19.55
4 0 -2.35 0 -19.6 -2.6 0 -19.55 -2.55 0 -20.1 -2.3 0 -19.9
4 0 -2.15 0 -19.55 -2.35 0 -19.6 -2.3 0 -19.9 -1.95 0 -19.85
3 0 -2.15 0 -19.55 -1.95 0 -19.85 -1.7 0 -19.75
4 0 -2.85 0 -20.25 -2.8 0 -20.4 -2.55 0 -20.3 -2.55 0 -20.1
4 0 -2.4 0 -20.45 -2.55 0 -20.3 -2.8 0 -20.4 -2.3 0 -20.85
4 0 -2.5 0 -21 -2.3 0 -20.85 -2.8 0 -20.4 -2.85 0 -20.85
4 0 -2 0 -20.8 -2 0 -20.45 -2.4 0 -20.45 -2.3 0 -20.85
4 0 -1.55 0 -20.55 -2 0 -20.45 -2 0 -20.8 -1.6 0 -20.9
4 0 -1.15 0 -20.85 -1.55 0 -20.55 -1.6 0 -20.9 -1.3 0 -21.1
4 0 -.95 0 -21.05 -1.15 0 -20.85 -1.3 0 -21.1 -1.1 0 -21.4
4 0 -.5 0 -21.3 -.95 0 -21.05 -1.1 0 -21.4 -.55 0 -21.65
4 0 -.7 0 -21.8 -.55 0 -21.65 -1.1 0 -21.4 -1.1 0 -21.65
4 0 -.5 0 -21.3 -.55 0 -21.65 -.3 0 -21.55 -.25 0 -21.1
4 0 .15 0 -21.35 -.25 0 -21.1 -.3 0 -21.55 -.15 0 -21.65
4 0 .4 0 -21.6 .15 0 -21.35 -.15 0 -21.65 -.15 0 -21.8
4 0 -1.55 0 -20.55 -1.15 0 -20.85 -1.1 0 -20.55 -1.35 0 -20.3
4 0 -1.2 0 -20.15 -1.35 0 -20.3 -1.1 0 -20.55 -.95 0 -20.45
4 0 -1.2 0 -20.15 -.95 0 -20.45 -.65 0 -20.05 -.85 0 -19.8
3 0 -.65 0 -20.05 -.95 0 -20.45 -.65 0 -20.4
4 0 -.65 0 -20.05 -.65 0 -20.4 -.45 0 -20.5 -.4 0 -19.95
4 0 -.4 0 -19.95 -.45 0 -20.5 -.05 0 -20.4 .15 0 -20
4 0 -.2 0 -19.7 -.4 0 -19.95 .15 0 -20 .4 0 -19.75
3 0 -.1 0 -19.45 -.2 0 -19.7 .4 0 -19.75
4 0 -.05 0 -20.4 -.45 0 -20.5 -.25 0 -20.8 .2 0 -20.6
4 0 .2 0 -21.1 .2 0 -20.6 -.25 0 -20.8 -.25 0 -21.1
3 0 .2 0 -21.1 -.25 0 -21.1 .15 0 -21.35
4 0 .2 0 -20.6 .2 0 -21.1 .35 0 -20.95 .55 0 -20.25
4 0 .8 0 -20.55 .55 0 -20.25 .35 0 -20.95 .6 0 -20.95
4 0 .9 0 -20.8 .8 0 -20.55 .6 0 -20.95 .95 0 -21.15
4 0 .75 0 -20.25 .55 0 -20.25 .8 0 -20.55 1 0 -20.5
4 0 .95 0 -20.05 .75 0 -20.25 1 0 -20.5 1.25 0 -20.15
4 0 1.45 0 -20.4 1.25 0 -20.15 1 0 -20.5 1.4 0 -20.75
4 0 1.7 0 -20.5 1.45 0 -20.4 1.4 0 -20.75 1.75 0 -20.8
4 0 1.05 0 -19.45 .6 0 -19.7 .85 0 -19.8 1.2 0 -19.55
4 0 .85 0 -19.8 .95 0 -20.05 1.25 0 -20.15 1.35 0 -19.9
4 0 1.2 0 -19.55 .85 0 -19.8 1.35 0 -19.9 1.65 0 -19.85
4 0 1.4 0 -19.45 1.2 0 -19.55 1.65 0 -19.85 1.9 0 -19.65
3 0 1.55 0 -19.25 1.4 0 -19.45 1.9 0 -19.65
3 0 .4 0 -21.6 -.15 0 -21.8 .4 0 -21.85
