0 Minifig Helmet Snake Skull
0 Name: 18962.dat
0 Author: Evert-Jan Boer [ejboer]
0 !LDRAW_ORG Unofficial_Part
0 !LICENSE Licensed under CC BY 4.0 : see CAreadme.txt

0 BFC CERTIFY CCW

0 !CATEGORY Minifig Headwear

0 !HISTORY 2016-03-18 {LEGO Digital Designer} Original part shape
0 !HISTORY 2023-09-11 [ejboer] File preparation for LDraw Parts Tracker

0 BFC INVERTNEXT
1 16 0 -5 0 6 0 0 0 5 0 0 0 6 4-4cyli.dat
1 16 0 0 0 2 0 0 0 -1 0 0 0 2 4-4ring3.dat
0 BFC INVERTNEXT
1 16 0 -5 0 0 0 6 0 -.25 0 6 0 0 4-4cylse.dat

1 16 0 0 0 1 0 0 0 1 0 0 0 1 s\18962s01.dat
1 16 0 0 0 -1 0 0 0 1 0 0 0 1 s\18962s01.dat

4 16 -2.056 -2.219 13.02 -2.896 -4.308 10.396 2.896 -4.308 10.396 2.056 -2.219 13.02
4 16 -1.534 1.608 15.473 -2.056 -2.219 13.02 2.056 -2.219 13.02 1.534 1.608 15.473
3 16 1.534 1.608 15.473 0 4.816 16.601 -1.534 1.608 15.473
3 16 2.896 -4.308 10.396 -2.896 -4.308 10.396 0 -5 6
5 24 -1.534 1.608 15.473 1.534 1.608 15.473 0 4.816 16.601 -2.056 -2.219 13.02
5 24 2.056 -2.219 13.02 -2.056 -2.219 13.02 1.534 1.608 15.473 -2.896 -4.308 10.396
5 24 2.896 -4.308 10.396 -2.896 -4.308 10.396 0 -5 6 2.056 -2.219 13.02

5 24 0 17.282 13.651 0 4 13 -4.682 6.554 12.778 4.682 6.554 12.778
5 24 0 4.816 16.601 0 10.11 17.623 -1.295 10.233 17.376 1.295 10.233 17.376
5 24 0 10.11 17.623 0 12.864 18.24 1.425 13.085 18.064 -1.425 13.085 18.064
2 24 6 0 0 5.5434 0 2.2962
5 24 -3.0616 0 -7.3912 0 0 -8 0 0 -6 -3.961 -.116 -7.961
2 24 -2.2962 0 -5.5434 0 0 -6
2 24 -2.2962 0 5.5434 -4.2426 0 4.2426
5 24 0 12.864 18.24 0 17.281 15.324 -1.425 13.085 18.064 1.425 13.085 18.064
5 24 7.3912 0 3.0616 5.6568 0 5.6568 9.1592 .3046 3.7936 4.2426 0 4.2426
2 24 -5.5434 0 -2.2962 -4.2426 0 -4.2426
5 24 0 .3046 9.9136 0 0 8 3.0616 0 7.3912 -3.0616 0 7.3912
5 24 5.6568 0 5.6568 3.0616 0 7.3912 7.0096 .3046 7.0096 2.2962 0 5.5434
5 24 3.0616 0 7.3912 0 0 8 3.7936 .3046 9.1592 0 0 6
2 24 -7.3912 0 -3.0616 -5.6568 0 -5.6568
2 24 0 0 6 -2.2962 0 5.5434
5 24 5.6568 0 -5.6568 3.0616 0 -7.3912 3.961 -.116 -7.961 4.2426 0 -4.2426
2 24 7.3912 0 -3.0616 5.6568 0 -5.6568
5 24 -5.6568 0 5.6568 -7.3912 0 3.0616 -5.5434 0 2.2962 -9.1592 .3046 3.7936
2 24 5.5434 0 2.2962 4.2426 0 4.2426
5 24 -8 0 0 -7.3912 0 -3.0616 -5.5434 0 -2.2962 -8.84 -.155 .346
5 24 0 .058 -20.29 0 -1.272 -21.612 3.834 -1.155 -21.054 -3.834 -1.155 -21.054
5 24 0 -1.272 -21.612 0 -3.647 -21.511 -3.596 -3.48 -21.031 3.596 -3.48 -21.031
2 24 4.2426 0 -4.2426 5.5434 0 -2.2962
5 24 0 -6.944 -16.62 0 -7.37 -8.186 -4.271 -6.529 -17.088 4.271 -6.529 -17.088
2 24 2.2962 0 5.5434 0 0 6
5 24 0 1.1718 11.5352 0 .3046 9.9136 -3.7936 .3046 9.1592 3.7936 .3046 9.1592
5 24 0 4 13 0 2.4691 12.6192 -4.672 3.813 12.336 4.672 3.813 12.336
5 24 -7.3912 0 3.0616 -8 0 0 -6 0 0 -8.84 -.155 .346
5 24 0 .393 -12.397 0 1.703 -12.654 -4.629 .437 -11.524 4.629 .437 -11.524
5 24 0 17.281 15.324 0 17.282 13.651 -2.731 17.169 15.104 2.731 17.169 15.104
2 24 5.5434 0 -2.2962 6 0 0
5 24 0 .768 -17.471 0 .058 -20.29 -4.25 .411 -19.738 4.25 .411 -19.738
2 24 -5.5434 0 2.2962 -6 0 0
5 24 0 0 -8 0 .393 -12.397 3.961 -.116 -7.961 -3.961 -.116 -7.961
5 24 0 -7.37 -8.186 0 -5.5 -6 2.2962 -5.481 -5.5434 -2.2962 -5.481 -5.5434
2 24 2.2962 0 -5.5434 4.2426 0 -4.2426
5 24 -3.0616 0 7.3912 -5.6568 0 5.6568 -4.2426 0 4.2426 -7.0096 .3046 7.0096
5 24 -5.6568 0 -5.6568 -3.0616 0 -7.3912 -3.961 -.116 -7.961 -2.2962 0 -5.5434
2 24 -4.2426 0 -4.2426 -2.2962 0 -5.5434
5 24 0 0 8 -3.0616 0 7.3912 -2.2962 0 5.5434 -3.7936 .3046 9.1592
5 24 8 0 0 7.3912 0 -3.0616 8.84 -.155 .346 6 0 0
5 24 0 -3.647 -21.511 0 -6.277 -20.207 -3.378 -5.947 -19.916 3.378 -5.947 -19.916
2 24 4.2426 0 4.2426 2.2962 0 5.5434
2 24 0 0 -6 2.2962 0 -5.5434
5 24 0 -6.277 -20.207 0 -6.944 -16.62 3.378 -5.947 -19.916 -3.378 -5.947 -19.916
5 24 0 1.703 -12.654 0 .768 -17.471 4.708 3.522 -13.762 -4.708 3.522 -13.762
5 24 7.3912 0 3.0616 8 0 0 8.84 -.155 .346 5.5434 0 2.2962
5 24 0 2.4691 12.6192 0 1.1718 11.5352 -4.774 1.691 11.479 4.774 1.691 11.479
2 24 -6 0 0 -5.5434 0 -2.2962
2 24 -4.2426 0 4.2426 -5.5434 0 2.2962
5 24 3.0616 0 -7.3912 0 0 -8 2.2962 0 -5.5434 3.961 -.116 -7.961
