0 Sheet Cardboard 17 x 20 with Train Track Layout Template
0 Name: 196926.dat
0 Author: Takeshi Takahashi [RainbowDolphin]
0 !LDRAW_ORG Unofficial_Part
0 !LICENSE Licensed under CC BY 4.0 : see CAreadme.txt

0 BFC CERTIFY CCW

0 !CATEGORY Sheet Cardboard
0 !KEYWORDS Set 7715, set 7722, Set 7735, Set 7745

1 80 -172 0 -126 5 0 0 0 1 0 0 0 5 type-swiss721bt-bold-n1.dat
1 80 148 0 -123 10 0 0 0 1 0 0 0 10 type-swiss721bt-bold-n1.dat
1 80 161 0 -123 10 0 0 0 1 0 0 0 10 type-swiss721bt-bold-n1.dat
1 80 -168 0 -126 5 0 0 0 1 0 0 0 5 type-swiss721bt-bold-n9.dat
1 80 -160 0 -126 5 0 0 0 1 0 0 0 5 type-swiss721bt-bold-n9.dat
1 80 -164 0 -126 5 0 0 0 1 0 0 0 5 type-swiss721bt-bold-n6.dat
1 80 -152 0 -126 5 0 0 0 1 0 0 0 5 type-swiss721bt-bold-n6.dat
1 80 -156 0 -126 5 0 0 0 1 0 0 0 5 type-swiss721bt-bold-n2.dat
1 80 170 0 -123 10 0 0 0 1 0 0 0 10 type-swiss721bt-bold-n3.dat
1 16 0 0 0 1 0 0 0 1 0 0 0 1 s\196926s01.dat
1 16 0 0 0 -1 0 0 0 1 0 0 0 1 s\196926s01.dat
1 4 165 0 135 .75 0 0 0 1 0 0 0 .9 logo-lego-1.dat
4 0 156 0 -122 154 0 -122 154 0 -124 156 0 -124
4 0 156 0 -125 154 0 -125 154 0 -127 156 0 -127
4 4 143 0 157 144.15 0 144 185.85 0 144 187 0 157
4 4 144.15 0 126 144.15 0 144 143 0 157 143 0 113
4 4 185.85 0 126 144.15 0 126 143 0 113 187 0 113
4 4 185.85 0 144 185.85 0 126 187 0 113 187 0 157
4 0 142 0 158 143 0 157 187 0 157 188 0 158
4 0 188 0 158 187 0 157 187 0 113 188 0 112
4 0 188 0 112 187 0 113 143 0 113 142 0 112
4 0 142 0 112 143 0 113 143 0 157 142 0 158
3 80 7 0 99.5 -7 0 99.5 0 0 70
3 80 0 0 30 -1 0 -47 1 0 -47
4 80 1 0 -73 -1 0 -73 -11.5 0 -103 11.5 0 -103
4 80 11.5 0 -105 -11.5 0 -105 -11.5 0 -115 11.5 0 -115
4 80 11.5 0 -117 -11.5 0 -117 -11.5 0 -123 11.5 0 -123
4 80 11.5 0 -123 -11.5 0 -123 -1 0 -162 1 0 -162
4 0 1 0 -47 -1 0 -47 -1 0 -53 1 0 -53
4 0 1 0 -67 -1 0 -67 -1 0 -73 1 0 -73
4 0 11.5 0 -103 -11.5 0 -103 -11.5 0 -105 11.5 0 -105
4 0 11.5 0 -115 -11.5 0 -115 -11.5 0 -117 11.5 0 -117
4 0 1 0 -162 -1 0 -162 -1 0 -170 1 0 -170
4 80 200 0 170 -200 0 170 142 0 158 188 0 158
4 80 200 0 170 188 0 158 188 0 112 200 0 -170
4 80 176 0 -47 200 0 -170 188 0 112 164 0 49
4 80 200 0 -170 176 0 -73 169 0 -82 173.5 0 -118
4 80 200 0 -170 173.5 0 -118 173.5 0 -128 176 0 -162
4 80 174 0 -162 176 0 -162 173.5 0 -128 166.5 0 -128
3 80 166.5 0 -128 163.175 0 -128 174 0 -162
3 80 163.175 0 -128 158.825 0 -128 174 0 -162
4 80 174 0 -162 158.825 0 -128 156 0 -127 154 0 -127
4 80 174 0 -162 154 0 -127 150.175 0 -128 151 0 -162
4 80 151 0 -162 150.175 0 -128 145.825 0 -128 149 0 -162
3 80 126 0 -87 149 0 -162 145.825 0 -128
3 80 126 0 -87 145.825 0 -128 145.825 0 -118
4 80 126 0 -87 145.825 0 -118 150.175 0 -118 156 0 -82
4 80 154 0 -122 156 0 -82 150.175 0 -118 150.175 0 -128
3 80 154 0 -122 150.175 0 -128 154 0 -124
3 80 154 0 -124 150.175 0 -128 154 0 -125
3 80 154 0 -125 150.175 0 -128 154 0 -127
4 80 156 0 -124 154 0 -124 154 0 -125 156 0 -125
4 80 156 0 -124 156 0 -125 158.825 0 -128 158.825 0 -118
3 80 156 0 -125 156 0 -127 158.825 0 -128
3 80 158.825 0 -118 156 0 -122 156 0 -124
4 80 154 0 -122 156 0 -122 158.825 0 -118 156 0 -82
4 80 169 0 -82 156 0 -82 158.825 0 -118 163.175 0 -118
4 80 166.5 0 -118 169 0 -82 163.175 0 -118 163.175 0 -128
3 80 166.5 0 -118 163.175 0 -128 166.5 0 -128
3 80 169 0 -82 166.5 0 -118 173.5 0 -118
4 80 -200 0 -170 -176 0 -162 -173.0875 0 -128.5 -173.0875 0 -123.5
4 80 -176 0 -73 -200 0 -170 -173.0875 0 -123.5 -169 0 -82
3 80 -169 0 -82 -173.0875 0 -123.5 -170.9125 0 -123.5
4 80 -169.75 0 -123.5 -169 0 -82 -170.9125 0 -123.5 -170.9125 0 -128.5
4 80 -169.75 0 -128.5 -169.75 0 -123.5 -170.9125 0 -128.5 -174 0 -162
4 80 -174 0 -162 -170.9125 0 -128.5 -173.0875 0 -128.5 -176 0 -162
3 80 -166.25 0 -128.5 -169.75 0 -128.5 -174 0 -162
3 80 -165.75 0 -128.5 -166.25 0 -128.5 -174 0 -162
4 80 -166.25 0 -128.5 -165.75 0 -128.5 -165.75 0 -123.5 -166.25 0 -123.5
3 80 -169 0 -82 -166.25 0 -123.5 -165.75 0 -123.5
3 80 -169 0 -82 -169.75 0 -123.5 -166.25 0 -123.5
3 80 -169 0 -82 -165.75 0 -123.5 -162.25 0 -123.5
4 80 -169 0 -82 -162.25 0 -123.5 -161.75 0 -123.5 -156 0 -82
4 80 -161.75 0 -123.5 -162.25 0 -123.5 -162.25 0 -128.5 -161.75 0 -128.5
3 80 -161.75 0 -128.5 -162.25 0 -128.5 -174 0 -162
3 80 -162.25 0 -128.5 -165.75 0 -128.5 -174 0 -162
3 80 -158.25 0 -128.5 -161.75 0 -128.5 -174 0 -162
3 80 -157.775 0 -128.5 -158.25 0 -128.5 -174 0 -162
4 80 -158.25 0 -128.5 -157.775 0 -128.5 -157.775 0 -123.5 -158.25 0 -123.5
3 80 -156 0 -82 -158.25 0 -123.5 -157.775 0 -123.5
3 80 -156 0 -82 -161.75 0 -123.5 -158.25 0 -123.5
3 80 -156 0 -82 -157.775 0 -123.5 -154.225 0 -123.5
4 80 -156 0 -82 -154.225 0 -123.5 -153.75 0 -123.5 -126 0 -87
4 80 -153.75 0 -123.5 -154.225 0 -123.5 -154.225 0 -128.5 -153.75 0 -128.5
4 80 -151 0 -162 -153.75 0 -128.5 -154.225 0 -128.5 -174 0 -162
3 80 -154.225 0 -128.5 -157.775 0 -128.5 -174 0 -162
4 80 -150.25 0 -128.5 -153.75 0 -128.5 -151 0 -162 -149 0 -162
4 80 -150.25 0 -128.5 -149 0 -162 -126 0 -87 -150.25 0 -123.5
3 80 -126 0 -87 -153.75 0 -123.5 -150.25 0 -123.5
4 80 -200 0 170 -200 0 -170 -176 0 -47 -164 0 49
3 80 -200 0 170 -164 0 49 -164 0 51
3 80 -200 0 170 -164 0 51 -159.5 0 78.25
3 80 -200 0 170 -159.5 0 78.25 -159 0 80
3 80 -200 0 170 -159 0 80 -143.5 0 103.5
3 80 -200 0 170 -143.5 0 103.5 -142 0 105
3 80 -200 0 170 -142 0 105 -118.5 0 120.5
3 80 -200 0 170 -118.5 0 120.5 -116.75 0 121
3 80 -200 0 170 -116.75 0 121 -89.5 0 125.5
4 80 -200 0 170 -89.5 0 125.5 -87.5 0 125.5 -7 0 126.5
4 80 -200 0 170 -7 0 126.5 7 0 126.5 142 0 158
4 80 142 0 158 7 0 126.5 87.5 0 125.5 89.5 0 125.5
3 80 142 0 158 89.5 0 125.5 116.75 0 121
3 80 142 0 158 116.75 0 121 118.5 0 120.5
3 80 142 0 158 118.5 0 120.5 142 0 112
3 80 118.5 0 120.5 142 0 105 142 0 112
4 80 142 0 112 142 0 105 143.5 0 103.5 188 0 112
3 80 188 0 112 143.5 0 103.5 159 0 80
3 80 188 0 112 159 0 80 159.5 0 78.25
3 80 188 0 112 159.5 0 78.25 164 0 51
3 80 188 0 112 164 0 51 164 0 49

3 16 -7 2 99.5 7 2 99.5 0 2 60
3 16 -11.5 2 -103 0 2 -67 11.5 2 -103
4 16 -11.5 2 -117 -11.5 2 -103 11.5 2 -103 11.5 2 -117
4 16 200 2 -170 -200 2 -170 -11.5 2 -117 11.5 2 -117
4 16 7 2 126.5 -7 2 126.5 -200 2 170 200 2 170

0 // Sidewall
4 16 -200 0 -170 -200 2 -170 200 2 -170 200 0 -170
4 16 200 0 170 200 2 170 -200 2 170 -200 0 170
4 16 7 2 99.5 -7 2 99.5 -7 0 99.5 7 0 99.5
4 16 -7 2 126.5 7 2 126.5 7 0 126.5 -7 0 126.5

2 24 -200 2 170 200 2 170
2 24 200 2 -170 -200 2 -170
2 24 200 0 -170 -200 0 -170
2 24 200 0 170 -200 0 170
2 24 7 2 126.5 -7 2 126.5
2 24 7 0 99.5 -7 0 99.5
2 24 0 2 60 0 0 60
2 24 0 0 40 0 2 40
2 24 -7 0 126.5 7 0 126.5
2 24 -7 2 99.5 7 2 99.5

