0 Sticker  2.6 x  5.9 with White Stripes and Red "L" in White/Black/Yellow Logo (Formed)
0 Name: 197895ec01.dat
0 Author: Takeshi Takahashi [RainbowDolphin]
0 !LDRAW_ORG Unofficial_Part
0 !LICENSE Licensed under CC BY 4.0 : see CAreadme.txt

0 BFC CERTIFY CCW

0 !CATEGORY Sticker
0 !KEYWORDS boat, BrickLink 4030stk01, Brickowl 138761, Cargo, Freighter
0 !KEYWORDS Rebrickable 197895, Set 4030, ship


0 // 1 16 0 0 0 1 0 0 0 1 0 0 0 1 73742.dat
0 // 1 16 0 -116 -517.88053 1 0 0 0 -.57018 -.82152 0 .82152 -.57018 197895e.dat

4 16 -14.33046 -106.67632 -501.49852 -14.98101 -135.08351 -520.08702 -8.22521 -136.18149 -527.6671 -8.37678 -99.54506 -502.69141
4 16 0 -135.71648 -531.56485 0 -96.28352 -504.19621 -3.52896 -97.0403 -504.34435 -2.93436 -135.392 -531.00188
4 16 -2.93436 -135.392 -531.00188 -3.52896 -97.0403 -504.34435 -7.09174 -98.62596 -503.42706 -6.27511 -135.67025 -529.30721
3 16 -8.22521 -136.18149 -527.6671 -6.27511 -135.67025 -529.30721 -7.09174 -98.62596 -503.42706
3 16 -7.09174 -98.62596 -503.42706 -8.37678 -99.54506 -502.69141 -8.22521 -136.18149 -527.6671
4 16 -44.09321 -125.15166 -480.78509 -44.13094 -127.21597 -482.14811 -19.54962 -133.77934 -514.58043 -19.76714 -112.54806 -499.96744
3 16 -44.09321 -125.15166 -480.78509 -45.14838 -126.95019 -480.76997 -44.13094 -127.21597 -482.14811
3 16 -33.60546 -107.48753 -480.8438 -44.09321 -125.15166 -480.78509 -19.76714 -112.54806 -499.96744
4 16 -19.54962 -133.77934 -514.58043 -14.98101 -135.08351 -520.08702 -14.33046 -106.67632 -501.49852 -19.76714 -112.54806 -499.96744
4 16 8.2252 -136.18149 -527.6671 14.98101 -135.08351 -520.08702 14.33046 -106.67632 -501.49852 8.37678 -99.54506 -502.69141
3 16 6.2751 -135.67025 -529.30721 8.2252 -136.18149 -527.6671 7.09173 -98.62596 -503.42706
4 16 7.09174 -98.62596 -503.42706 3.52896 -97.0403 -504.34435 2.93436 -135.392 -531.00188 6.27511 -135.67025 -529.30721
3 16 8.37678 -99.54506 -502.69141 7.09173 -98.62596 -503.42706 8.2252 -136.18149 -527.6671
4 16 0 -96.28352 -504.19621 0 -135.71648 -531.56485 2.93436 -135.392 -531.00188 3.52896 -97.0403 -504.34435
3 16 44.09321 -125.15166 -480.78509 33.60546 -107.48753 -480.84381 19.76714 -112.54804 -499.96744
3 16 45.14838 -126.95019 -480.76997 44.09321 -125.15166 -480.78509 44.13094 -127.21597 -482.14811
4 16 44.09321 -125.15166 -480.78509 19.76714 -112.54804 -499.96744 19.54962 -133.77934 -514.58043 44.13094 -127.21597 -482.14811
4 16 14.33046 -106.67632 -501.49852 14.98101 -135.08351 -520.08702 19.54962 -133.77934 -514.58043 19.76714 -112.54804 -499.96744
4 16 -8.38576 -136.074 -527.82576 -15.14154 -134.97601 -520.24567 -12.21684 -131.24638 -520.67824 -7.22861 -132.46815 -526.55358
0 BFC NOCLIP
4 0 0 -126.53788 -525.49729 3.1717 -124.13007 -523.46344 3.12683 -127.02432 -525.47518 0 -127.3594 -526.06747
3 0 12.15634 -119.50972 -512.7875 11.32134 -123.54897 -516.36916 6.60163 -126.75812 -523.33637
4 0 6.70875 -121.89871 -519.94145 6.60163 -126.75812 -523.33637 5.23204 -127.21285 -524.40822 3.1717 -124.13007 -523.46344
3 0 5.23204 -127.21285 -524.40822 3.12683 -127.02432 -525.47518 3.1717 -124.13007 -523.46344
3 0 8.97915 -126.19705 -520.53336 6.60163 -126.75812 -523.33637 11.32134 -123.54897 -516.36916
3 0 -6.60163 -126.75813 -523.33637 -12.15634 -119.50972 -512.7875 -6.70875 -121.89871 -519.94145
3 0 -6.70875 -121.89871 -519.94145 -5.23205 -127.21285 -524.40822 -6.60163 -126.75813 -523.33637
3 0 -6.60163 -126.75813 -523.33637 -8.97916 -126.19705 -520.53336 -11.32134 -123.54897 -516.36916
3 0 -6.60163 -126.75813 -523.33637 -11.32134 -123.54897 -516.36916 -12.15634 -119.50972 -512.7875
3 0 -6.91408 -112.21068 -513.15705 -11.35797 -114.69509 -510.33331 -7.0123 -107.41927 -509.7951
4 0 0 -105.17836 -510.67261 -3.41964 -108.13796 -512.34764 -3.45971 -105.11047 -510.21153 0 -104.35684 -510.10243
4 0 -7.0123 -107.41927 -509.7951 -5.25677 -105.89906 -509.74747 -3.45971 -105.11047 -510.21153 -6.91408 -112.21068 -513.15705
3 0 -11.35797 -114.69509 -510.33331 -9.04684 -109.83807 -509.38115 -7.0123 -107.41927 -509.7951
4 0 7.0123 -107.41927 -509.7951 6.91408 -112.21068 -513.15705 3.41964 -108.13796 -512.34764 3.45971 -105.11047 -510.21153
3 0 11.35795 -114.69509 -510.33331 12.15634 -119.50972 -512.7875 6.91408 -112.21068 -513.15705
3 0 3.45971 -105.11047 -510.21153 5.25677 -105.89906 -509.74747 7.0123 -107.41927 -509.7951
3 0 7.0123 -107.41927 -509.7951 9.04683 -109.83807 -509.38115 6.91408 -112.21068 -513.15705
3 0 9.04683 -109.83807 -509.38115 11.35795 -114.69509 -510.33331 6.91408 -112.21068 -513.15705
3 14 11.32134 -123.54897 -516.36916 12.15634 -119.50972 -512.7875 12.21684 -131.24638 -520.67824
3 14 8.97915 -126.19705 -520.53336 11.32134 -123.54897 -516.36916 12.21684 -131.24638 -520.67824
3 14 6.60163 -126.75812 -523.33637 8.97915 -126.19705 -520.53336 12.21684 -131.24638 -520.67824
3 14 6.60163 -126.75812 -523.33637 12.21684 -131.24638 -520.67824 7.22861 -132.46815 -526.55359
3 14 6.4803 -132.26179 -527.18138 5.23204 -127.21285 -524.40822 6.60163 -126.75812 -523.33637
4 14 -3.05026 -131.96286 -528.90787 -6.4803 -132.26179 -527.18138 -5.23205 -127.21285 -524.40822 -3.12683 -127.02432 -525.47518
3 14 -6.60163 -126.75813 -523.33637 -5.23205 -127.21285 -524.40822 -6.4803 -132.26179 -527.18138
3 14 -8.97916 -126.19705 -520.53336 -6.60163 -126.75813 -523.33637 -12.21684 -131.24638 -520.67824
3 14 -11.32134 -123.54897 -516.36916 -8.97916 -126.19705 -520.53336 -12.21684 -131.24638 -520.67824
3 14 -12.15634 -119.50972 -512.7875 -11.32134 -123.54897 -516.36916 -12.21684 -131.24638 -520.67824
3 14 -11.35797 -114.69509 -510.33331 -12.15634 -119.50972 -512.7875 -12.31352 -107.87641 -504.7465
3 14 -9.04684 -109.83807 -509.38115 -11.35797 -114.69509 -510.33331 -12.31352 -107.87641 -504.7465
3 14 -7.0123 -107.41927 -509.7951 -9.04684 -109.83807 -509.38115 -12.31352 -107.87641 -504.7465
3 14 -7.0123 -107.41927 -509.7951 -12.31352 -107.87641 -504.7465 -7.13475 -101.78778 -505.85789
3 14 -7.13475 -101.78778 -505.85789 -5.25677 -105.89906 -509.74747 -7.0123 -107.41927 -509.7951
4 14 -7.13475 -101.78778 -505.85789 -3.54298 -100.18207 -506.81765 -3.45971 -105.11047 -510.21153 -5.25677 -105.89906 -509.74747
3 14 7.0123 -107.41927 -509.7951 5.25677 -105.89906 -509.74747 7.13475 -101.78778 -505.85789
3 14 9.04683 -109.83807 -509.38115 7.0123 -107.41927 -509.7951 12.31352 -107.87641 -504.7465
3 14 11.35795 -114.69509 -510.33331 9.04683 -109.83807 -509.38115 12.31352 -107.87641 -504.7465
3 14 12.15634 -119.50972 -512.7875 11.35795 -114.69509 -510.33331 12.31352 -107.87641 -504.7465
3 14 12.21684 -131.24638 -520.67824 16.75565 -121.69305 -509.61272 15.5628 -127.46342 -514.72938
3 14 -7.22861 -132.46815 -526.55358 -12.21684 -131.24638 -520.67824 -6.60163 -126.75813 -523.33637
3 14 -6.60163 -126.75813 -523.33637 -6.4803 -132.26179 -527.18138 -7.22861 -132.46815 -526.55358
3 14 -12.31352 -107.87641 -504.7465 -16.75566 -121.69305 -509.61272 -15.61513 -114.81501 -506.10673
3 14 7.13475 -101.78778 -505.85789 12.31352 -107.87641 -504.7465 7.0123 -107.41927 -509.7951
4 14 5.25677 -105.89906 -509.74747 3.45971 -105.11047 -510.21153 3.54298 -100.18207 -506.81765 7.13475 -101.78778 -505.85789
3 14 -16.75566 -121.69305 -509.61272 -12.21684 -131.24638 -520.67824 -15.56281 -127.46342 -514.72938
3 14 16.75565 -121.69305 -509.61272 12.31352 -107.87641 -504.7465 15.61512 -114.81501 -506.10673
4 14 0 -127.3594 -526.06747 3.12683 -127.02432 -525.47518 3.05026 -131.96286 -528.90787 0 -132.28852 -529.48855
3 14 7.22861 -132.46815 -526.55359 6.4803 -132.26179 -527.18138 6.60163 -126.75812 -523.33637
4 4 -2.61199 -120.60159 -521.07198 -2.61199 -112.38639 -515.37018 0 -112.24343 -515.57616 0 -120.45864 -521.27795
4 4 0 -112.24343 -515.57616 .22317 -114.22608 -516.92875 .22318 -120.46963 -521.26212 0 -120.45864 -521.27795
3 4 3.31739 -114.40116 -516.67734 3.35326 -112.41939 -515.32358 4.02359 -112.59787 -515.06616
3 4 4.02359 -112.59787 -515.06616 4.02072 -114.57593 -516.42531 3.31739 -114.40116 -516.67734
4 4 .22317 -114.22608 -516.92875 0 -112.24343 -515.57616 3.35326 -112.41939 -515.32358 3.31739 -114.40116 -516.67734
4 15 3.1717 -124.13007 -523.46344 0 -126.53788 -525.49729 0 -120.45864 -521.27795 .22318 -120.46963 -521.26212
4 15 -3.1717 -124.13007 -523.46344 -2.61199 -120.60159 -521.07198 0 -120.45864 -521.27795 0 -126.53788 -525.49729
3 15 -11.38978 -119.14583 -513.31663 -6.91408 -112.21068 -513.15705 -6.70875 -121.89871 -519.94145
4 15 -6.91408 -112.21068 -513.15705 -3.41964 -108.13796 -512.34764 -3.1717 -124.13007 -523.46344 -6.70875 -121.89871 -519.94145
4 15 -2.61199 -120.60159 -521.07198 -3.1717 -124.13007 -523.46344 -3.41964 -108.13796 -512.34764 -2.61199 -112.38639 -515.37018
4 15 -3.41964 -108.13796 -512.34764 0 -105.17836 -510.67261 0 -112.24343 -515.57616 -2.61199 -112.38639 -515.37018
4 15 3.41964 -108.13796 -512.34764 3.35326 -112.41939 -515.32358 0 -112.24343 -515.57616 0 -105.17836 -510.67261
4 15 3.35326 -112.41939 -515.32358 3.41964 -108.13796 -512.34764 6.91408 -112.21068 -513.15705 4.02359 -112.59787 -515.06616
3 15 6.91408 -112.21068 -513.15705 11.38978 -119.14583 -513.31663 6.70875 -121.89871 -519.94145
3 15 6.70875 -121.89871 -519.94145 3.1717 -124.13007 -523.46344 3.31739 -114.40116 -516.67734
3 15 3.31739 -114.40116 -516.67734 4.02072 -114.57593 -516.42531 6.70875 -121.89871 -519.94145
4 15 .22317 -114.22608 -516.92875 3.31739 -114.40116 -516.67734 3.1717 -124.13007 -523.46344 .22318 -120.46963 -521.26212
4 0 0 -126.53788 -525.49729 0 -127.3594 -526.06747 -3.12683 -127.02432 -525.47518 -3.1717 -124.13007 -523.46344
4 0 -3.1717 -124.13007 -523.46344 -3.12683 -127.02432 -525.47518 -5.23205 -127.21285 -524.40822 -6.70875 -121.89871 -519.94145
3 0 -11.38978 -119.14583 -513.31663 -6.70875 -121.89871 -519.94145 -12.15634 -119.50972 -512.7875
3 0 -6.91408 -112.21068 -513.15705 -12.15634 -119.50972 -512.7875 -11.35797 -114.69509 -510.33331
3 0 -3.45971 -105.11047 -510.21153 -3.41964 -108.13796 -512.34764 -6.91408 -112.21068 -513.15705
3 0 -6.91408 -112.21068 -513.15705 -11.38978 -119.14583 -513.31663 -12.15634 -119.50972 -512.7875
3 0 11.38978 -119.14583 -513.31663 6.91408 -112.21068 -513.15705 12.15634 -119.50972 -512.7875
4 0 3.45971 -105.11047 -510.21153 3.41964 -108.13796 -512.34764 0 -105.17836 -510.67261 0 -104.35684 -510.10243
3 0 11.38978 -119.14583 -513.31663 12.15634 -119.50972 -512.7875 6.60163 -126.75812 -523.33637
3 0 6.60163 -126.75812 -523.33637 6.70875 -121.89871 -519.94145 11.38978 -119.14583 -513.31663
4 15 4.02359 -112.59787 -515.06616 6.91408 -112.21068 -513.15705 6.70875 -121.89871 -519.94145 4.02072 -114.57593 -516.42531
4 14 -3.05026 -131.96286 -528.90787 -3.12683 -127.02432 -525.47518 0 -127.3594 -526.06747 0 -132.28852 -529.48855
3 14 -12.15634 -119.50972 -512.7875 -12.21684 -131.24638 -520.67824 -16.75566 -121.69305 -509.61272
3 14 -12.31352 -107.87641 -504.7465 -12.15634 -119.50972 -512.7875 -16.75566 -121.69305 -509.61272
4 14 -3.54298 -100.18207 -506.81765 0 -99.42772 -506.68135 0 -104.35684 -510.10243 -3.45971 -105.11047 -510.21153
4 14 0 -104.35684 -510.10243 0 -99.42772 -506.68135 3.54298 -100.18207 -506.81765 3.45971 -105.11047 -510.21153
3 14 12.31352 -107.87641 -504.7465 16.75565 -121.69305 -509.61272 12.15634 -119.50972 -512.7875
3 14 12.15634 -119.50972 -512.7875 16.75565 -121.69305 -509.61272 12.21684 -131.24638 -520.67824
4 14 3.05026 -131.96286 -528.90787 3.12683 -127.02432 -525.47518 5.23204 -127.21285 -524.40822 6.4803 -132.26179 -527.18138
4 15 -21.85755 -127.54611 -508.15942 -21.98481 -131.75579 -510.86172 -43.91637 -126.03945 -482.09836 -41.742 -122.39635 -482.10317
4 15 -21.59749 -120.36638 -503.59939 -21.72475 -124.57606 -506.30169 -39.93005 -119.36045 -482.10716 -37.75567 -115.71735 -482.11196
4 15 -21.33741 -113.18665 -499.03935 -21.46468 -117.39633 -501.74167 -35.94371 -112.68144 -482.11596 -33.76935 -109.03835 -482.12077
4 15 43.91635 -126.03945 -482.09836 21.98481 -131.75579 -510.86172 21.85754 -127.54611 -508.15942 41.742 -122.39635 -482.10317
4 15 39.93004 -119.36045 -482.10716 21.72475 -124.57606 -506.30169 21.59748 -120.36638 -503.59939 37.75567 -115.71735 -482.11196
4 15 35.94371 -112.68144 -482.11596 21.46468 -117.39633 -501.74167 21.33741 -113.18665 -499.03935 33.76935 -109.03834 -482.12077
0 BFC CLIP
4 16 -3.05026 -131.96286 -528.90787 0 -132.28852 -529.48855 0 -135.5746 -531.76927 -2.99924 -135.25422 -531.19563
4 16 -2.99924 -135.25422 -531.19563 -6.40785 -135.54823 -529.47738 -6.4803 -132.26179 -527.18138 -3.05026 -131.96286 -528.90787
4 16 -6.40785 -135.54823 -529.47738 -8.38576 -136.074 -527.82576 -7.22861 -132.46815 -526.55358 -6.4803 -132.26179 -527.18138
4 16 -12.31352 -107.87641 -504.7465 -14.49101 -106.56881 -501.65717 -8.53732 -99.43756 -502.85006 -7.13475 -101.78778 -505.85789
3 16 -7.13475 -101.78778 -505.85789 -8.53732 -99.43756 -502.85006 -7.20861 -98.52425 -503.58154
4 16 -3.59375 -96.90759 -504.54162 -3.54298 -100.18207 -506.81765 -7.13475 -101.78778 -505.85789 -7.20861 -98.52425 -503.58154
4 16 0 -99.42772 -506.68135 -3.54298 -100.18207 -506.81765 -3.59375 -96.90759 -504.54162 0 -96.14164 -504.40063
4 16 8.38576 -136.074 -527.82576 7.22861 -132.46815 -526.55359 12.21684 -131.24638 -520.67824 15.14154 -134.97601 -520.24567
4 16 0 -132.28852 -529.48855 3.05026 -131.96286 -528.90787 2.99923 -135.25422 -531.19563 0 -135.5746 -531.76927
4 16 7.22861 -132.46815 -526.55359 8.38576 -136.074 -527.82576 6.40785 -135.54823 -529.47737 6.4803 -132.26179 -527.18138
4 16 2.99923 -135.25422 -531.19563 3.05026 -131.96286 -528.90787 6.4803 -132.26179 -527.18138 6.40785 -135.54823 -529.47737
4 16 14.49101 -106.56881 -501.65717 12.31352 -107.87641 -504.7465 7.13475 -101.78778 -505.85789 8.53732 -99.43756 -502.85006
3 16 7.20861 -98.52425 -503.58154 8.53732 -99.43756 -502.85006 7.13475 -101.78778 -505.85789
4 16 7.13475 -101.78778 -505.85789 3.54298 -100.18207 -506.81765 3.59375 -96.90759 -504.54162 7.20861 -98.52425 -503.58154
4 16 3.59375 -96.90759 -504.54162 3.54298 -100.18207 -506.81765 0 -99.42772 -506.68135 0 -96.14164 -504.40063
4 16 -12.21684 -131.24638 -520.67824 -15.14154 -134.97601 -520.24567 -19.71636 -133.67434 -514.73412 -15.56281 -127.46342 -514.72938
3 16 -44.34559 -127.094835 -482.324335 -45.3294 -126.85338 -480.91265 -44.31226 -125.03076 -480.966345
4 16 -21.98481 -131.75579 -510.86172 -19.71636 -133.67434 -514.73412 -44.34559 -127.094835 -482.324335 -43.91637 -126.03945 -482.09836
3 16 -19.71636 -133.67434 -514.73412 -21.98481 -131.75579 -510.86172 -21.85755 -127.54611 -508.15942
3 16 -44.31226 -125.03076 -480.966345 -43.91637 -126.03945 -482.09836 -44.34559 -127.094835 -482.324335
4 16 -33.77672 -107.38551 -480.99468 -37.75567 -115.71735 -482.11196 -39.93005 -119.36045 -482.10716 -44.31226 -125.03076 -480.966345
3 16 -44.31226 -125.03076 -480.966345 -41.742 -122.39635 -482.10317 -43.91637 -126.03945 -482.09836
3 16 -44.31226 -125.03076 -480.966345 -39.93005 -119.36045 -482.10716 -41.742 -122.39635 -482.10317
3 16 -37.75567 -115.71735 -482.11196 -33.77672 -107.38551 -480.99468 -35.94371 -112.68144 -482.11596
3 16 -35.94371 -112.68144 -482.11596 -33.77672 -107.38551 -480.99468 -33.76935 -109.03835 -482.12077
4 16 -21.33741 -113.18665 -499.03935 -33.76935 -109.03835 -482.12077 -33.77672 -107.38551 -480.99468 -19.93388 -112.44373 -500.12159
4 16 -14.49101 -106.56881 -501.65717 -12.31352 -107.87641 -504.7465 -15.61513 -114.81501 -506.10673 -19.93388 -112.44373 -500.12159
3 16 -19.93388 -112.44373 -500.12159 -15.61513 -114.81501 -506.10673 -16.75566 -121.69305 -509.61272
3 16 -21.46468 -117.39633 -501.74167 -21.33741 -113.18665 -499.03935 -19.93388 -112.44373 -500.12159
3 16 -19.71636 -133.67434 -514.73412 -21.46468 -117.39633 -501.74167 -19.93388 -112.44373 -500.12159
3 16 -19.71636 -133.67434 -514.73412 -21.59749 -120.36638 -503.59939 -21.46468 -117.39633 -501.74167
4 16 -35.94371 -112.68144 -482.11596 -21.46468 -117.39633 -501.74167 -21.59749 -120.36638 -503.59939 -37.75567 -115.71735 -482.11196
4 16 -15.56281 -127.46342 -514.72938 -19.71636 -133.67434 -514.73412 -19.93388 -112.44373 -500.12159 -16.75566 -121.69305 -509.61272
3 16 -19.71636 -133.67434 -514.73412 -21.72475 -124.57606 -506.30169 -21.59749 -120.36638 -503.59939
4 16 -39.93005 -119.36045 -482.10716 -21.72475 -124.57606 -506.30169 -21.85755 -127.54611 -508.15942 -41.742 -122.39635 -482.10317
3 16 -19.71636 -133.67434 -514.73412 -21.85755 -127.54611 -508.15942 -21.72475 -124.57606 -506.30169
3 16 44.34559 -127.094835 -482.324335 19.71636 -133.67434 -514.73412 21.98481 -131.75579 -510.86172
3 16 44.34559 -127.094835 -482.324335 43.91635 -126.03945 -482.09836 44.31226 -125.03076 -480.966345
3 16 44.34559 -127.094835 -482.324335 21.98481 -131.75579 -510.86172 43.91635 -126.03945 -482.09836
4 16 12.21684 -131.24638 -520.67824 15.5628 -127.46342 -514.72938 19.71636 -133.67434 -514.73412 15.14154 -134.97601 -520.24567
3 16 43.91635 -126.03945 -482.09836 41.742 -122.39635 -482.10317 44.31226 -125.03076 -480.966345
3 16 41.742 -122.39635 -482.10317 39.93004 -119.36045 -482.10716 44.31226 -125.03076 -480.966345
3 16 39.93004 -119.36045 -482.10716 37.75567 -115.71735 -482.11196 44.31226 -125.03076 -480.966345
3 16 44.31226 -125.03076 -480.966345 45.3294 -126.85338 -480.91265 44.34559 -127.094835 -482.324335
4 16 35.94371 -112.68144 -482.11596 33.77672 -107.38551 -480.99468 44.31226 -125.03076 -480.966345 37.75567 -115.71735 -482.11196
3 16 35.94371 -112.68144 -482.11596 33.76935 -109.03834 -482.12077 33.77672 -107.38551 -480.99468
4 16 33.77672 -107.38551 -480.99468 33.76935 -109.03834 -482.12077 21.33741 -113.18665 -499.03935 19.93388 -112.44373 -500.12159
4 16 21.59748 -120.36638 -503.59939 21.46468 -117.39633 -501.74167 35.94371 -112.68144 -482.11596 37.75567 -115.71735 -482.11196
4 16 21.85754 -127.54611 -508.15942 21.72475 -124.57606 -506.30169 39.93004 -119.36045 -482.10716 41.742 -122.39635 -482.10317
3 16 19.71636 -133.67434 -514.73412 15.5628 -127.46342 -514.72938 16.75565 -121.69305 -509.61272
4 16 19.71636 -133.67434 -514.73412 16.75565 -121.69305 -509.61272 15.61512 -114.81501 -506.10673 19.93388 -112.44373 -500.12159
3 16 21.85754 -127.54611 -508.15942 21.98481 -131.75579 -510.86172 19.71636 -133.67434 -514.73412
3 16 21.72475 -124.57606 -506.30169 21.85754 -127.54611 -508.15942 19.71636 -133.67434 -514.73412
3 16 21.59748 -120.36638 -503.59939 21.72475 -124.57606 -506.30169 19.71636 -133.67434 -514.73412
3 16 21.46468 -117.39633 -501.74167 21.59748 -120.36638 -503.59939 19.71636 -133.67434 -514.73412
4 16 14.49101 -106.56881 -501.65717 19.93388 -112.44373 -500.12159 15.61512 -114.81501 -506.10673 12.31352 -107.87641 -504.7465
3 16 19.93388 -112.44373 -500.12159 21.46468 -117.39633 -501.74167 19.71636 -133.67434 -514.73412
3 16 21.46468 -117.39633 -501.74167 19.93388 -112.44373 -500.12159 21.33741 -113.18665 -499.03935

0 // Bend (inner)
5 24 0 -135.71648 -531.56485 0 -96.28352 -504.19621 -3.52896 -97.0403 -504.34435 3.52896 -97.0403 -504.34435
5 24 -2.93436 -135.392 -531.00188 -3.52896 -97.0403 -504.34435 -6.27511 -135.67025 -529.30721 0 -135.71648 -531.56485
5 24 2.93436 -135.392 -531.00188 3.52896 -97.0403 -504.34435 0 -135.71648 -531.56485 6.27511 -135.67025 -529.30721
5 24 -6.27511 -135.67025 -529.30721 -7.09174 -98.62596 -503.42706 -8.37678 -99.54506 -502.69141 -3.52896 -97.0403 -504.34435
5 24 6.2751 -135.67025 -529.30721 7.09173 -98.62596 -503.42706 3.52896 -97.0403 -504.34435 8.37678 -99.54506 -502.69141
5 24 19.54962 -133.77934 -514.58043 19.76714 -112.54804 -499.96744 33.60546 -107.48753 -480.84381 14.33046 -106.67632 -501.49852
5 24 -19.54962 -133.77934 -514.58043 -19.76714 -112.54806 -499.96744 -14.33046 -106.67632 -501.49852 -33.60546 -107.48753 -480.8438
5 24 44.09321 -125.15166 -480.78509 44.13094 -127.21597 -482.14811 45.14838 -126.95019 -480.76997 33.60546 -107.48753 -480.84381
5 24 -44.09321 -125.15166 -480.78509 -44.13094 -127.21597 -482.14811 -45.14838 -126.95019 -480.76997 -33.60546 -107.48753 -480.8438
0 // Bend (outer)
5 24 0 -135.5746 -531.76927 0 -96.14164 -504.40063 -3.59375 -96.90759 -504.54162 3.59375 -96.90759 -504.54162
5 24 -2.99924 -135.25422 -531.19563 -3.59375 -96.90759 -504.54162 -7.20861 -98.52425 -503.58154 0 -96.14164 -504.40063
5 24 2.99923 -135.25422 -531.19563 3.59375 -96.90759 -504.54162 0 -96.14164 -504.40063 7.20861 -98.52425 -503.58154
5 24 -6.40785 -135.54823 -529.47738 -7.20861 -98.52425 -503.58154 -8.53732 -99.43756 -502.85006 -3.59375 -96.90759 -504.54162
5 24 6.40785 -135.54823 -529.47737 7.20861 -98.52425 -503.58154 3.59375 -96.90759 -504.54162 8.53732 -99.43756 -502.85006
5 24 -19.71636 -133.67434 -514.73412 -19.93388 -112.44373 -500.12159 -33.77672 -107.38551 -480.99468 -14.49101 -106.56881 -501.65717
5 24 19.71636 -133.67434 -514.73412 19.93388 -112.44373 -500.12159 14.37 -107.13 -501.23 33.60546 -107.48753 -480.84381
5 24 -44.34559 -127.094835 -482.324335 -44.31226 -125.03076 -480.966345 -45.3294 -126.85338 -480.91265 -33.77672 -107.38551 -480.99468
5 24 44.34559 -127.094835 -482.324335 44.31226 -125.03076 -480.966345 33.77672 -107.38551 -480.99468 45.3294 -126.85338 -480.91265
0 // Sidewall
3 16 -2.93436 -135.392 -531.00188 -2.99924 -135.25422 -531.19563 0 -135.5746 -531.76927
3 16 0 -135.5746 -531.76927 0 -135.71648 -531.56485 -2.93436 -135.392 -531.00188
3 16 0 -135.5746 -531.76927 2.99923 -135.25422 -531.19563 2.93436 -135.392 -531.00188
3 16 2.93436 -135.392 -531.00188 0 -135.71648 -531.56485 0 -135.5746 -531.76927
3 16 -3.52896 -97.0403 -504.34435 0 -96.28352 -504.19621 0 -96.14164 -504.40063
3 16 0 -96.14164 -504.40063 -3.59375 -96.90759 -504.54162 -3.52896 -97.0403 -504.34435
3 16 0 -96.14164 -504.40063 0 -96.28352 -504.19621 3.52896 -97.0403 -504.34435
3 16 3.52896 -97.0403 -504.34435 3.59375 -96.90759 -504.54162 0 -96.14164 -504.40063
3 16 -2.93436 -135.392 -531.00188 -6.27511 -135.67025 -529.30721 -2.99924 -135.25422 -531.19563
3 16 -2.99924 -135.25422 -531.19563 -6.27511 -135.67025 -529.30721 -6.40785 -135.54823 -529.47738
3 16 2.93436 -135.392 -531.00188 2.99923 -135.25422 -531.19563 6.2751 -135.67025 -529.30721
3 16 6.2751 -135.67025 -529.30721 2.99923 -135.25422 -531.19563 6.40785 -135.54823 -529.47737
3 16 -3.52896 -97.0403 -504.34435 -3.59375 -96.90759 -504.54162 -7.20861 -98.52425 -503.58154
3 16 -7.20861 -98.52425 -503.58154 -7.09174 -98.62596 -503.42706 -3.52896 -97.0403 -504.34435
3 16 7.20861 -98.52425 -503.58154 3.59375 -96.90759 -504.54162 3.52896 -97.0403 -504.34435
3 16 3.52896 -97.0403 -504.34435 7.09173 -98.62596 -503.42706 7.20861 -98.52425 -503.58154
3 16 -8.38576 -136.074 -527.82576 -6.40785 -135.54823 -529.47738 -6.27511 -135.67025 -529.30721
3 16 -6.27511 -135.67025 -529.30721 -8.22521 -136.18149 -527.6671 -8.38576 -136.074 -527.82576
3 16 6.2751 -135.67025 -529.30721 6.40785 -135.54823 -529.47737 8.38576 -136.074 -527.82576
3 16 8.38576 -136.074 -527.82576 8.2252 -136.18149 -527.6671 6.2751 -135.67025 -529.30721
4 16 14.98101 -135.08351 -520.08702 8.2252 -136.18149 -527.6671 8.38576 -136.074 -527.82576 15.14154 -134.97601 -520.24567
4 16 -8.22521 -136.18149 -527.6671 -14.98101 -135.08351 -520.08702 -15.14154 -134.97601 -520.24567 -8.38576 -136.074 -527.82576
3 16 -7.09174 -98.62596 -503.42706 -7.20861 -98.52425 -503.58154 -8.53732 -99.43756 -502.85006
3 16 -8.53732 -99.43756 -502.85006 -8.37678 -99.54506 -502.69141 -7.09174 -98.62596 -503.42706
3 16 8.53732 -99.43756 -502.85006 7.20861 -98.52425 -503.58154 7.09173 -98.62596 -503.42706
3 16 8.53732 -99.43756 -502.85006 7.09173 -98.62596 -503.42706 8.37678 -99.54506 -502.69141
4 16 8.53732 -99.43756 -502.85006 8.37678 -99.54506 -502.69141 14.33046 -106.67632 -501.49852 14.49101 -106.56881 -501.65717
4 16 -14.33046 -106.67632 -501.49852 -8.37678 -99.54506 -502.69141 -8.53732 -99.43756 -502.85006 -14.49101 -106.56881 -501.65717
4 16 -15.14154 -134.97601 -520.24567 -14.98101 -135.08351 -520.08702 -19.54962 -133.77934 -514.58043 -19.71636 -133.67434 -514.73412
4 16 19.54962 -133.77934 -514.58043 14.98101 -135.08351 -520.08702 15.14154 -134.97601 -520.24567 19.71636 -133.67434 -514.73412
4 16 -14.33046 -106.67632 -501.49852 -14.49101 -106.56881 -501.65717 -19.93388 -112.44373 -500.12159 -19.76714 -112.54806 -499.96744
4 16 19.93388 -112.44373 -500.12159 14.49101 -106.56881 -501.65717 14.33046 -106.67632 -501.49852 19.76714 -112.54804 -499.96744
4 16 -19.76714 -112.54806 -499.96744 -19.93388 -112.44373 -500.12159 -33.77672 -107.38551 -480.99468 -33.60546 -107.48753 -480.8438
3 16 -33.77672 -107.38551 -480.99468 -44.31226 -125.03076 -480.966345 -44.09321 -125.15166 -480.78509
3 16 -44.09321 -125.15166 -480.78509 -33.60546 -107.48753 -480.8438 -33.77672 -107.38551 -480.99468
3 16 -44.09321 -125.15166 -480.78509 -44.31226 -125.03076 -480.966345 -45.3294 -126.85338 -480.91265
3 16 -45.3294 -126.85338 -480.91265 -45.14838 -126.95019 -480.76997 -44.09321 -125.15166 -480.78509
4 16 -44.34559 -127.094835 -482.324335 -44.13094 -127.21597 -482.14811 -45.14838 -126.95019 -480.76997 -45.3294 -126.85338 -480.91265
3 16 -19.71636 -133.67434 -514.73412 -19.54962 -133.77934 -514.58043 -44.13094 -127.21597 -482.14811
3 16 -44.13094 -127.21597 -482.14811 -44.34559 -127.094835 -482.324335 -19.71636 -133.67434 -514.73412
3 16 19.54962 -133.77934 -514.58043 19.71636 -133.67434 -514.73412 44.34559 -127.094835 -482.324335
3 16 44.34559 -127.094835 -482.324335 44.13094 -127.21597 -482.14811 19.54962 -133.77934 -514.58043
4 16 45.14838 -126.95019 -480.76997 44.13094 -127.21597 -482.14811 44.34559 -127.094835 -482.324335 45.3294 -126.85338 -480.91265
3 16 44.09321 -125.15166 -480.78509 45.14838 -126.95019 -480.76997 45.3294 -126.85338 -480.91265
3 16 45.3294 -126.85338 -480.91265 44.31226 -125.03076 -480.966345 44.09321 -125.15166 -480.78509
3 16 33.60546 -107.48753 -480.84381 44.09321 -125.15166 -480.78509 44.31226 -125.03076 -480.966345
3 16 44.31226 -125.03076 -480.966345 33.77672 -107.38551 -480.99468 33.60546 -107.48753 -480.84381
4 16 33.60546 -107.48753 -480.84381 33.77672 -107.38551 -480.99468 19.93388 -112.44373 -500.12159 19.76714 -112.54804 -499.96744
5 24 0 -135.5746 -531.76927 0 -135.71648 -531.56485 -2.99924 -135.25422 -531.19563 2.93436 -135.392 -531.00188
5 24 0 -96.28352 -504.19621 0 -96.14164 -504.40063 -3.59375 -96.90759 -504.54162 3.59375 -96.90759 -504.54162
5 24 -2.99924 -135.25422 -531.19563 -2.93436 -135.392 -531.00188 -6.27511 -135.67025 -529.30721 0 -135.71648 -531.56485
5 24 2.99923 -135.25422 -531.19563 2.93436 -135.392 -531.00188 0 -135.71648 -531.56485 6.2751 -135.67025 -529.30721
5 24 -3.59375 -96.90759 -504.54162 -3.52896 -97.0403 -504.34435 -7.09174 -98.62596 -503.42706 0 -96.28352 -504.19621
5 24 3.59375 -96.90759 -504.54162 3.52896 -97.0403 -504.34435 0 -96.28352 -504.19621 7.09173 -98.62596 -503.42706
5 24 -6.40785 -135.54823 -529.47738 -6.27511 -135.67025 -529.30721 -8.22521 -136.18149 -527.6671 -2.93436 -135.392 -531.00188
5 24 -8.38576 -136.074 -527.82576 -8.22521 -136.18149 -527.6671 -14.98101 -135.08351 -520.08702 -6.27511 -135.67025 -529.30721
5 24 6.40785 -135.54823 -529.47737 6.2751 -135.67025 -529.30721 2.93436 -135.392 -531.00188 8.2252 -136.18149 -527.6671
5 24 8.38576 -136.074 -527.82576 8.2252 -136.18149 -527.6671 6.2751 -135.67025 -529.30721 14.98101 -135.08351 -520.08702
5 24 -8.53732 -99.43756 -502.85006 -8.37678 -99.54506 -502.69141 -14.33046 -106.67632 -501.49852 -7.09174 -98.62596 -503.42706
5 24 -7.20861 -98.52425 -503.58154 -7.09174 -98.62596 -503.42706 -8.37678 -99.54506 -502.69141 -3.52896 -97.0403 -504.34435
5 24 7.20861 -98.52425 -503.58154 7.09173 -98.62596 -503.42706 3.52896 -97.0403 -504.34435 8.37678 -99.54506 -502.69141
5 24 8.53732 -99.43756 -502.85006 8.37678 -99.54506 -502.69141 7.09173 -98.62596 -503.42706 14.33046 -106.67632 -501.49852
5 24 -14.33046 -106.67632 -501.49852 -14.49101 -106.56881 -501.65717 -19.76714 -112.54806 -499.96744 -8.37678 -99.54506 -502.69141
5 24 14.33046 -106.67632 -501.49852 14.49101 -106.56881 -501.65717 8.37678 -99.54506 -502.69141 19.76714 -112.54804 -499.96744
5 24 19.76714 -112.54804 -499.96744 19.93388 -112.44373 -500.12159 33.77672 -107.38551 -480.99468 14.49101 -106.56881 -501.65717
5 24 33.60546 -107.48753 -480.84381 33.77672 -107.38551 -480.99468 44.31226 -125.03076 -480.966345 19.93388 -112.44373 -500.12159
5 24 44.09321 -125.15166 -480.78509 44.31226 -125.03076 -480.966345 45.3294 -126.85338 -480.91265 33.77672 -107.38551 -480.99468
5 24 45.14838 -126.95019 -480.76997 45.3294 -126.85338 -480.91265 44.34559 -127.094835 -482.324335 44.31226 -125.03076 -480.966345
5 24 44.13094 -127.21597 -482.14811 44.34559 -127.094835 -482.324335 45.3294 -126.85338 -480.91265 19.71636 -133.67434 -514.73412
5 24 15.14154 -134.97601 -520.24567 14.98101 -135.08351 -520.08702 8.38576 -136.074 -527.82576 19.71636 -133.67434 -514.73412
5 24 -15.14154 -134.97601 -520.24567 -14.98101 -135.08351 -520.08702 -8.22521 -136.18149 -527.6671 -19.54962 -133.77934 -514.58043
5 24 -45.3294 -126.85338 -480.91265 -45.14838 -126.95019 -480.76997 -44.13094 -127.21597 -482.14811 -44.09321 -125.15166 -480.78509
5 24 -33.77672 -107.38551 -480.99468 -33.60546 -107.48753 -480.8438 -44.09321 -125.15166 -480.78509 -19.76714 -112.54806 -499.96744
5 24 -19.93388 -112.44373 -500.12159 -19.76714 -112.54806 -499.96744 -14.33046 -106.67632 -501.49852 -33.60546 -107.48753 -480.8438
