0 Windscreen  8 x  4 x  2 with Handle and  2 Studs with Light Bluish Grey Cockpit Pattern
0 Name: 21849ps3.dat
0 Author: Evert-Jan Boer [ejboer]
0 !LDRAW_ORG Unofficial_Part
0 !LICENSE Licensed under CC BY 4.0 : see CAreadme.txt

0 BFC CERTIFY CCW

0 !CATEGORY Windscreen
0 !KEYWORDS Bricklink 21849pb05, Rebrickable 35328pr0002, Set 75273, Set 75301
0 !KEYWORDS Set 75393, Star Wars

1 16 0 0 0 1 0 0 0 1 0 0 0 1 s\21849s01.dat
4 16 -20 -18 -50 -19.2 -17.64167 -51 19.2 -17.64167 -51 20 -18 -50
4 16 -19.2 -17.64167 -51 -20 -18 -50 -40 25 -170 -38.9 24.64167 -169
4 16 40 25 -170 20 -18 -50 19.2 -17.64167 -51 38.9 24.64167 -169
4 16 -38.9 24.64167 -169 -40 25 -170 40 25 -170 38.9 24.64167 -169
4 16 -29.2 20.66417 -157.9 -24.2 22.3125 -162.5 24.2 22.3125 -162.5 29.2 20.66417 -157.9
4 16 -14.6 -13.5925 -62.3 -29.2 20.66417 -157.9 29.2 20.66417 -157.9 14.6 -13.5925 -62.3
4 16 -14.6 -13.5925 -62.3 14.6 -13.5925 -62.3 9.7 -15.0975 -58.1 -9.7 -15.0975 -58.1
4 16 30.9255 5.5489 -11 39.5364 24.0032 -30.4468 40 25 -30 31.1346 6 -10
4 16 20 -18 -50 40 25 -170 39.5349 24 -164.4 20.4651 -17 -49.8858
4 16 35.0188 14.3 -30.4 30.586 4.8 -20.3 23.9903 -9.4 -32.8 23.9901 -9.4 -34.5
3 16 28.1654 -.4 -20.5 23.9903 -9.4 -32.8 30.586 4.8 -20.3
4 16 35.6279 15.6 -123.6 36.0465 16.5 -123.6 36.0465 16.5 -46.5 24.1395 -9.1 -50.2
3 16 40 25 -30 39.5364 24.0032 -30.4468 39.5349 24 -35.1
4 16 40 25 -30 39.5349 24 -35.1 39.5349 24 -35.9 40 25 -170
3 16 39.5349 24 -90 40 25 -170 39.5349 24 -35.9
3 16 39.5349 24 -164.4 40 25 -170 39.5349 24 -140
3 16 39.5349 24 -140 40 25 -170 39.5349 24 -90
4 16 20.4641 -17 -30.3795 27.6174 -1.5849 -11 27.425 -2 -10 20 -18 -30
4 16 31.1346 6 -10 27.425 -2 -10 27.6174 -1.5849 -11 30.9255 5.5489 -11
3 16 20.4651 -17 -49.8858 20.4641 -17 -42.8 20 -18 -50
4 16 20 -18 -50 20.4641 -17 -42.8 20.4641 -17 -42 20 -18 -30
3 16 20.4641 -17 -42 20.4641 -17 -30.3795 20 -18 -30
4 16 -40 25 -30 -39.5364 24.0032 -30.4468 -30.9255 5.5489 -11 -31.1346 6 -10
4 16 -39.5349 24 -164.4 -40 25 -170 -20 -18 -50 -20.4651 -17 -49.8858
4 16 -23.9903 -9.4 -32.8 -30.586 4.8 -20.3 -35.0188 14.3 -30.4 -23.9901 -9.4 -34.5
3 16 -23.9903 -9.4 -32.8 -28.1654 -.4 -20.5 -30.586 4.8 -20.3
4 16 -36.0465 16.5 -46.5 -36.0465 16.5 -123.6 -35.6279 15.6 -123.6 -24.1395 -9.1 -50.2
3 16 -39.5364 24.0032 -30.4468 -40 25 -30 -39.5349 24 -35.1
4 16 -39.5349 24 -35.9 -39.5349 24 -35.1 -40 25 -30 -40 25 -170
3 16 -40 25 -170 -39.5349 24 -90 -39.5349 24 -35.9
3 16 -40 25 -170 -39.5349 24 -164.4 -39.5349 24 -140
3 16 -40 25 -170 -39.5349 24 -140 -39.5349 24 -90
4 16 -27.425 -2 -10 -27.6174 -1.5849 -11 -20.4641 -17 -30.3795 -20 -18 -30
4 16 -27.6174 -1.5849 -11 -27.425 -2 -10 -31.1346 6 -10 -30.9255 5.5489 -11
3 16 -20.4641 -17 -42.8 -20.4651 -17 -49.8858 -20 -18 -50
4 16 -20.4641 -17 -42 -20.4641 -17 -42.8 -20 -18 -50 -20 -18 -30
3 16 -20.4641 -17 -30.3795 -20.4641 -17 -42 -20 -18 -30

0 BFC NOCLIP
2 24 -40 25 -170 -20 -18 -50
2 24 40 25 -170 20 -18 -50
4 71 -38.5581 21.9 -119 -38.093 20.9 -119 -38.093 20.9 -108.6 -38.5581 21.9 -108.6
4 71 -38.5581 21.9 -62.8 -38.093 20.9 -62.8 -38.093 20.9 -52.4 -38.5581 21.9 -52.4
3 71 -37.3161 19.2296 -141.5543 -39.5349 24 -164.4 -37.2093 19 -141.6
3 71 -37.4066 19.4243 -141.4243 -39.5349 24 -164.4 -37.3161 19.2296 -141.5543
3 71 -37.4671 19.5543 -141.2296 -39.5349 24 -164.4 -37.4066 19.4243 -141.4243
4 71 -39.5349 24 -164.4 -37.4671 19.5543 -141.2296 -37.4884 19.6 -141 -39.5349 24 -140
4 71 -39.5349 24 -140 -37.4884 19.6 -141 -37.9535 20.6 -119.3 -38.6977 22.2 -119.3
4 71 -39.5349 24 -140 -38.6977 22.2 -119.3 -38.6977 22.2 -108.3 -39.5349 24 -90
4 71 -38.6977 22.2 -63.1 -39.5349 24 -90 -38.6977 22.2 -108.3 -37.4884 19.6 -90
4 71 -39.5349 24 -90 -38.6977 22.2 -63.1 -38.6977 22.2 -52.1 -39.5349 24 -35.9
4 71 -39.5349 24 -35.9 -38.6977 22.2 -52.1 -37.9535 20.6 -52.1 -37.4884 19.6 -43.5
3 71 -39.5349 24 -35.9 -37.4884 19.6 -43.5 -37.4671 19.5543 -43.2704
3 71 -39.5349 24 -35.9 -37.4671 19.5543 -43.2704 -37.4066 19.4243 -43.0757
3 71 -39.5349 24 -35.9 -37.4066 19.4243 -43.0757 -37.3161 19.2296 -42.9457
3 71 -39.5349 24 -35.9 -37.3161 19.2296 -42.9457 -37.2093 19 -42.9
4 71 -37.4884 19.6 -43.5 -37.9535 20.6 -52.1 -37.9535 20.6 -63.1 -37.4884 19.6 -90
3 71 -37.9535 20.6 -63.1 -38.6977 22.2 -63.1 -37.4884 19.6 -90
3 71 -38.6977 22.2 -108.3 -37.9535 20.6 -108.3 -37.4884 19.6 -90
4 71 -37.9535 20.6 -108.3 -37.9535 20.6 -119.3 -37.4884 19.6 -141 -37.4884 19.6 -90
3 71 -36.6047 17.7 -124.8 -37.2093 19 -140.8 -35.2558 14.8 -124.8
4 71 -37.2093 19 -43.5 -37.2093 19 -140.8 -36.6047 17.7 -124.8 -36.6047 17.7 -45.1
4 71 -36.6047 17.7 -45.1 -23.4419 -10.6 -49.3 -22.6977 -12.2 -48.1 -37.2093 19 -43.5
4 71 -35.2558 14.8 -124.8 -37.2093 19 -140.8 -22.6977 -12.2 -48.1 -23.4419 -10.6 -49.3
3 71 -39.5349 24 -35.9 -37.2093 19 -42.9 -22.5909 -12.4296 -47.5457
3 71 -22.4186 -12.8 -48.1 -22.4398 -12.7543 -48.3296 -20.4651 -17 -49.8858
3 71 -20.4651 -17 -49.8858 -20.4641 -17 -42.8 -22.4398 -12.7543 -47.8704
3 71 -22.4398 -12.7543 -47.8704 -22.4186 -12.8 -48.1 -20.4651 -17 -49.8858
3 71 -22.5003 -12.6243 -47.6757 -22.4398 -12.7543 -47.8704 -20.4641 -17 -42.8
3 71 -22.5909 -12.4296 -47.5457 -22.5003 -12.6243 -47.6757 -20.4641 -17 -42.8
4 71 -20.4651 -17 -49.8858 -22.4398 -12.7543 -48.3296 -36.9515 18.4457 -141.2296 -39.5349 24 -164.4
3 71 -37.012 18.5757 -141.4243 -39.5349 24 -164.4 -36.9515 18.4457 -141.2296
3 71 -37.1025 18.7704 -141.5543 -39.5349 24 -164.4 -37.012 18.5757 -141.4243
3 71 -37.2093 19 -141.6 -39.5349 24 -164.4 -37.1025 18.7704 -141.5543
3 71 -30.9255 5.5489 -11 -31.0949 5.9 -17 -27.5029 -1.8296 -17.3457
3 71 -31.2018 6.1296 -17.0457 -31.0949 5.9 -17 -30.9255 5.5489 -11
3 71 -31.2926 6.3243 -17.1757 -31.2018 6.1296 -17.0457 -30.9255 5.5489 -11
4 71 -31.2926 6.3243 -17.1757 -30.9255 5.5489 -11 -39.5364 24.0032 -30.4468 -37.7925 20.2543 -31.9704
3 71 -39.5364 24.0032 -30.4468 -37.814 20.3 -32.2 -37.7925 20.2543 -31.9704
4 71 -37.7927 20.2543 -32.4296 -37.814 20.3 -32.2 -39.5364 24.0032 -30.4468 -39.5349 24 -35.1
3 71 -37.7927 20.2543 -32.4296 -39.5349 24 -35.1 -37.7322 20.1243 -32.6243
3 71 -37.7322 20.1243 -32.6243 -39.5349 24 -35.1 -37.6417 19.9296 -32.7543
4 71 -37.6417 19.9296 -32.7543 -39.5349 24 -35.1 -20.4641 -17 -42 -22.8767 -11.8 -38.1
4 71 -27.6093 -1.6 -17.9 -31.0955 5.9 -17.6 -30.8641 5.4 -19 -27.841 -1.1 -19.3
4 71 -30.8641 5.4 -19 -31.0955 5.9 -17.6 -37.5346 19.7 -32.2 -36.2301 16.9 -31.2
4 71 -36.2301 16.9 -31.2 -37.5346 19.7 -32.2 -22.8768 -11.8 -37.5 -23.4798 -10.5 -35.9
3 71 -22.6197 -12.3543 -37.7296 -22.68 -12.2243 -37.9243 -20.4641 -17 -42
3 71 -22.68 -12.2243 -37.9243 -22.7702 -12.0296 -38.0543 -20.4641 -17 -42
3 71 -22.7702 -12.0296 -38.0543 -22.8767 -11.8 -38.1 -20.4641 -17 -42
4 71 -22.5985 -12.4 -37.5 -22.6197 -12.3543 -37.7296 -20.4641 -17 -42 -20.4641 -17 -30.3795
3 71 -22.5988 -12.4 -32.1 -22.5985 -12.4 -37.5 -20.4641 -17 -30.3795
3 71 -22.6199 -12.3543 -31.8704 -22.5988 -12.4 -32.1 -20.4641 -17 -30.3795
3 71 -22.6803 -12.2243 -31.6757 -22.6199 -12.3543 -31.8704 -20.4641 -17 -30.3795
4 71 -27.4127 -2.0243 -17.4757 -22.6803 -12.2243 -31.6757 -20.4641 -17 -30.3795 -27.6174 -1.5849 -11
3 71 -27.6174 -1.5849 -11 -27.5029 -1.8296 -17.3457 -27.4127 -2.0243 -17.4757
3 71 -27.5029 -1.8296 -17.3457 -27.6174 -1.5849 -11 -30.9255 5.5489 -11
4 71 -23.4803 -10.5 -32.5 -23.4798 -10.5 -35.9 -22.8768 -11.8 -37.5 -22.8772 -11.8 -32.1
4 71 -27.841 -1.1 -19.3 -23.4803 -10.5 -32.5 -22.8772 -11.8 -32.1 -27.6093 -1.6 -17.9
3 71 -22.5909 -12.4296 -47.5457 -20.4641 -17 -42.8 -39.5349 24 -35.9
4 71 38.093 20.9 -108.6 38.093 20.9 -119 38.5581 21.9 -119 38.5581 21.9 -108.6
4 71 38.093 20.9 -52.4 38.093 20.9 -62.8 38.5581 21.9 -62.8 38.5581 21.9 -52.4
3 71 39.5349 24 -164.4 37.3161 19.2296 -141.5543 37.2093 19 -141.6
3 71 39.5349 24 -164.4 37.4066 19.4243 -141.4243 37.3161 19.2296 -141.5543
3 71 39.5349 24 -164.4 37.4671 19.5543 -141.2296 37.4066 19.4243 -141.4243
4 71 37.4884 19.6 -141 37.4671 19.5543 -141.2296 39.5349 24 -164.4 39.5349 24 -140
4 71 37.9535 20.6 -119.3 37.4884 19.6 -141 39.5349 24 -140 38.6977 22.2 -119.3
4 71 38.6977 22.2 -108.3 38.6977 22.2 -119.3 39.5349 24 -140 39.5349 24 -90
4 71 38.6977 22.2 -108.3 39.5349 24 -90 38.6977 22.2 -63.1 37.4884 19.6 -90
4 71 38.6977 22.2 -52.1 38.6977 22.2 -63.1 39.5349 24 -90 39.5349 24 -35.9
4 71 37.9535 20.6 -52.1 38.6977 22.2 -52.1 39.5349 24 -35.9 37.4884 19.6 -43.5
3 71 37.4884 19.6 -43.5 39.5349 24 -35.9 37.4671 19.5543 -43.2704
3 71 37.4671 19.5543 -43.2704 39.5349 24 -35.9 37.4066 19.4243 -43.0757
3 71 37.4066 19.4243 -43.0757 39.5349 24 -35.9 37.3161 19.2296 -42.9457
3 71 37.3161 19.2296 -42.9457 39.5349 24 -35.9 37.2093 19 -42.9
4 71 37.9535 20.6 -63.1 37.9535 20.6 -52.1 37.4884 19.6 -43.5 37.4884 19.6 -90
3 71 38.6977 22.2 -63.1 37.9535 20.6 -63.1 37.4884 19.6 -90
3 71 37.9535 20.6 -108.3 38.6977 22.2 -108.3 37.4884 19.6 -90
4 71 37.4884 19.6 -141 37.9535 20.6 -119.3 37.9535 20.6 -108.3 37.4884 19.6 -90
3 71 37.2093 19 -140.8 36.6047 17.7 -124.8 35.2558 14.8 -124.8
4 71 36.6047 17.7 -124.8 37.2093 19 -140.8 37.2093 19 -43.5 36.6047 17.7 -45.1
4 71 22.6977 -12.2 -48.1 23.4419 -10.6 -49.3 36.6047 17.7 -45.1 37.2093 19 -43.5
4 71 22.6977 -12.2 -48.1 37.2093 19 -140.8 35.2558 14.8 -124.8 23.4419 -10.6 -49.3
3 71 37.2093 19 -42.9 39.5349 24 -35.9 22.5909 -12.4296 -47.5457
3 71 22.4398 -12.7543 -48.3296 22.4186 -12.8 -48.1 20.4651 -17 -49.8858
3 71 20.4641 -17 -42.8 20.4651 -17 -49.8858 22.4398 -12.7543 -47.8704
3 71 22.4186 -12.8 -48.1 22.4398 -12.7543 -47.8704 20.4651 -17 -49.8858
3 71 22.4398 -12.7543 -47.8704 22.5003 -12.6243 -47.6757 20.4641 -17 -42.8
3 71 22.5003 -12.6243 -47.6757 22.5909 -12.4296 -47.5457 20.4641 -17 -42.8
4 71 36.9515 18.4457 -141.2296 22.4398 -12.7543 -48.3296 20.4651 -17 -49.8858 39.5349 24 -164.4
3 71 39.5349 24 -164.4 37.012 18.5757 -141.4243 36.9515 18.4457 -141.2296
3 71 39.5349 24 -164.4 37.1025 18.7704 -141.5543 37.012 18.5757 -141.4243
3 71 39.5349 24 -164.4 37.2093 19 -141.6 37.1025 18.7704 -141.5543
3 71 31.0949 5.9 -17 30.9255 5.5489 -11 27.5029 -1.8296 -17.3457
3 71 31.0949 5.9 -17 31.2018 6.1296 -17.0457 30.9255 5.5489 -11
3 71 31.2018 6.1296 -17.0457 31.2926 6.3243 -17.1757 30.9255 5.5489 -11
4 71 39.5364 24.0032 -30.4468 30.9255 5.5489 -11 31.2926 6.3243 -17.1757 37.7925 20.2543 -31.9704
3 71 37.814 20.3 -32.2 39.5364 24.0032 -30.4468 37.7925 20.2543 -31.9704
4 71 39.5364 24.0032 -30.4468 37.814 20.3 -32.2 37.7927 20.2543 -32.4296 39.5349 24 -35.1
3 71 39.5349 24 -35.1 37.7927 20.2543 -32.4296 37.7322 20.1243 -32.6243
3 71 39.5349 24 -35.1 37.7322 20.1243 -32.6243 37.6417 19.9296 -32.7543
4 71 20.4641 -17 -42 39.5349 24 -35.1 37.6417 19.9296 -32.7543 22.8767 -11.8 -38.1
4 71 30.8641 5.4 -19 31.0955 5.9 -17.6 27.6093 -1.6 -17.9 27.841 -1.1 -19.3
4 71 37.5346 19.7 -32.2 31.0955 5.9 -17.6 30.8641 5.4 -19 36.2301 16.9 -31.2
4 71 22.8768 -11.8 -37.5 37.5346 19.7 -32.2 36.2301 16.9 -31.2 23.4798 -10.5 -35.9
3 71 22.68 -12.2243 -37.9243 22.6197 -12.3543 -37.7296 20.4641 -17 -42
3 71 22.7702 -12.0296 -38.0543 22.68 -12.2243 -37.9243 20.4641 -17 -42
3 71 22.8767 -11.8 -38.1 22.7702 -12.0296 -38.0543 20.4641 -17 -42
4 71 20.4641 -17 -42 22.6197 -12.3543 -37.7296 22.5985 -12.4 -37.5 20.4641 -17 -30.3795
3 71 22.5985 -12.4 -37.5 22.5988 -12.4 -32.1 20.4641 -17 -30.3795
3 71 22.5988 -12.4 -32.1 22.6199 -12.3543 -31.8704 20.4641 -17 -30.3795
3 71 22.6199 -12.3543 -31.8704 22.6803 -12.2243 -31.6757 20.4641 -17 -30.3795
4 71 20.4641 -17 -30.3795 22.6803 -12.2243 -31.6757 27.4127 -2.0243 -17.4757 27.6174 -1.5849 -11
3 71 27.5029 -1.8296 -17.3457 27.6174 -1.5849 -11 27.4127 -2.0243 -17.4757
3 71 27.6174 -1.5849 -11 27.5029 -1.8296 -17.3457 30.9255 5.5489 -11
4 71 22.8768 -11.8 -37.5 23.4798 -10.5 -35.9 23.4803 -10.5 -32.5 22.8772 -11.8 -32.1
4 71 22.8772 -11.8 -32.1 23.4803 -10.5 -32.5 27.841 -1.1 -19.3 27.6093 -1.6 -17.9
3 71 20.4641 -17 -42.8 22.5909 -12.4296 -47.5457 39.5349 24 -35.9
3 71 19.2 -17.64167 -51 10.9 -16.495 -54.2 17.8 -14.345 -60.2
4 71 17.2 -14.16583 -60.7 10.4 -16.20833 -55 10.1 -15.67083 -56.5 16 -13.87917 -61.5
4 71 17.2 -14.16583 -60.7 16 -13.87917 -61.5 30.7 20.8075 -158.3 32.2 20.98667 -158.8
3 71 32.9 21.0225 -158.9 25.4 23.495 -165.8 38.9 24.64167 -169
4 71 32.2 20.98667 -158.8 30.7 20.8075 -158.3 24.6 22.85 -164 25.1 23.28 -165.2
4 71 17.8 -14.345 -60.2 32.9 21.0225 -158.9 38.9 24.64167 -169 19.2 -17.64167 -51
4 71 -19.2 -17.64167 -51 -10.9 -16.495 -54.2 10.9 -16.495 -54.2 19.2 -17.64167 -51
3 71 -19.2 -17.64167 -51 -17.8 -14.345 -60.2 -10.9 -16.495 -54.2
4 71 -10.1 -15.67083 -56.5 10.1 -15.67083 -56.5 10.4 -16.20833 -55 -10.4 -16.20833 -55
4 71 -10.1 -15.67083 -56.5 -10.4 -16.20833 -55 -17.2 -14.16583 -60.7 -16 -13.87917 -61.5
4 71 -30.7 20.8075 -158.3 -16 -13.87917 -61.5 -17.2 -14.16583 -60.7 -32.2 20.98667 -158.8
4 71 -25.1 23.28 -165.2 25.1 23.28 -165.2 24.6 22.85 -164 -24.6 22.85 -164
4 71 25.4 23.495 -165.8 -25.4 23.495 -165.8 -38.9 24.64167 -169 38.9 24.64167 -169
3 71 -32.9 21.0225 -158.9 -38.9 24.64167 -169 -25.4 23.495 -165.8
4 71 -24.6 22.85 -164 -30.7 20.8075 -158.3 -32.2 20.98667 -158.8 -25.1 23.28 -165.2
4 71 -38.9 24.64167 -169 -32.9 21.0225 -158.9 -17.8 -14.345 -60.2 -19.2 -17.64167 -51
4 72 -20.4641 -17 -42 -39.5349 24 -35.1 -39.5349 24 -35.9 -20.4641 -17 -42.8
4 72 -23.9901 -9.4 -34.5 -35.0188 14.3 -30.4 -36.2301 16.9 -31.2 -23.4798 -10.5 -35.9
4 72 -30.8641 5.4 -19 -36.2301 16.9 -31.2 -35.0188 14.3 -30.4 -30.586 4.8 -20.3
4 72 -30.8641 5.4 -19 -30.586 4.8 -20.3 -28.1654 -.4 -20.5 -27.841 -1.1 -19.3
4 72 -35.2558 14.8 -124.8 -35.6279 15.6 -123.6 -36.0465 16.5 -123.6 -36.6047 17.7 -124.8
4 72 -36.6047 17.7 -124.8 -36.0465 16.5 -123.6 -36.0465 16.5 -46.5 -36.6047 17.7 -45.1
4 72 -35.6279 15.6 -123.6 -35.2558 14.8 -124.8 -23.4419 -10.6 -49.3 -24.1395 -9.1 -50.2
4 72 -36.0465 16.5 -46.5 -24.1395 -9.1 -50.2 -23.4419 -10.6 -49.3 -36.6047 17.7 -45.1
4 72 -37.9535 20.6 -119.3 -38.093 20.9 -119 -38.5581 21.9 -119 -38.6977 22.2 -119.3
4 72 -38.5581 21.9 -108.6 -38.093 20.9 -108.6 -37.9535 20.6 -108.3 -38.6977 22.2 -108.3
4 72 -38.093 20.9 -108.6 -38.093 20.9 -119 -37.9535 20.6 -119.3 -37.9535 20.6 -108.3
4 72 -38.6977 22.2 -108.3 -38.6977 22.2 -119.3 -38.5581 21.9 -119 -38.5581 21.9 -108.6
4 72 -37.9535 20.6 -63.1 -38.093 20.9 -62.8 -38.5581 21.9 -62.8 -38.6977 22.2 -63.1
4 72 -38.5581 21.9 -52.4 -38.093 20.9 -52.4 -37.9535 20.6 -52.1 -38.6977 22.2 -52.1
4 72 -38.093 20.9 -52.4 -38.093 20.9 -62.8 -37.9535 20.6 -63.1 -37.9535 20.6 -52.1
4 72 -38.6977 22.2 -52.1 -38.6977 22.2 -63.1 -38.5581 21.9 -62.8 -38.5581 21.9 -52.4
4 72 -37.3161 19.2296 -141.5543 -37.2093 19 -141.6 -37.2093 19 -140.8 -37.4066 19.4243 -141.4243
4 72 -37.4671 19.5543 -141.2296 -37.4066 19.4243 -141.4243 -37.2093 19 -140.8 -37.4884 19.6 -141
4 72 -37.4671 19.5543 -43.2704 -37.4884 19.6 -43.5 -37.2093 19 -43.5 -37.4066 19.4243 -43.0757
4 72 -37.3161 19.2296 -42.9457 -37.4066 19.4243 -43.0757 -37.2093 19 -43.5 -37.2093 19 -42.9
4 72 -37.2093 19 -42.9 -37.2093 19 -43.5 -22.6977 -12.2 -48.1 -22.5909 -12.4296 -47.5457
4 72 -22.5003 -12.6243 -47.6757 -22.5909 -12.4296 -47.5457 -22.6977 -12.2 -48.1 -22.4398 -12.7543 -47.8704
4 72 -22.4186 -12.8 -48.1 -22.4398 -12.7543 -47.8704 -22.6977 -12.2 -48.1 -22.4398 -12.7543 -48.3296
4 72 -37.2093 19 -140.8 -37.2093 19 -141.6 -37.1025 18.7704 -141.5543 -37.012 18.5757 -141.4243
4 72 -37.2093 19 -140.8 -37.012 18.5757 -141.4243 -36.9515 18.4457 -141.2296 -22.6977 -12.2 -48.1
3 72 -22.6977 -12.2 -48.1 -36.9515 18.4457 -141.2296 -22.4398 -12.7543 -48.3296
4 72 -37.4884 19.6 -90 -37.4884 19.6 -141 -37.2093 19 -140.8 -37.2093 19 -43.5
3 72 -37.4884 19.6 -43.5 -37.4884 19.6 -90 -37.2093 19 -43.5
4 72 -37.7322 20.1243 -32.6243 -37.6417 19.9296 -32.7543 -37.5346 19.7 -32.2 -37.7927 20.2543 -32.4296
4 72 -37.814 20.3 -32.2 -37.7927 20.2543 -32.4296 -37.5346 19.7 -32.2 -37.7925 20.2543 -31.9704
4 72 -37.5346 19.7 -32.2 -37.6417 19.9296 -32.7543 -22.8767 -11.8 -38.1 -22.8768 -11.8 -37.5
4 72 -37.7925 20.2543 -31.9704 -37.5346 19.7 -32.2 -31.0955 5.9 -17.6 -31.2926 6.3243 -17.1757
4 72 -31.0955 5.9 -17.6 -31.0949 5.9 -17 -31.2018 6.1296 -17.0457 -31.2926 6.3243 -17.1757
4 72 -31.0949 5.9 -17 -31.0955 5.9 -17.6 -27.6093 -1.6 -17.9 -27.5029 -1.8296 -17.3457
4 72 -23.9901 -9.4 -34.5 -23.4798 -10.5 -35.9 -23.4803 -10.5 -32.5 -23.9903 -9.4 -32.8
4 72 -27.841 -1.1 -19.3 -28.1654 -.4 -20.5 -23.9903 -9.4 -32.8 -23.4803 -10.5 -32.5
4 72 -22.8768 -11.8 -37.5 -22.8767 -11.8 -38.1 -22.7702 -12.0296 -38.0543 -22.68 -12.2243 -37.9243
4 72 -22.8768 -11.8 -37.5 -22.68 -12.2243 -37.9243 -22.6197 -12.3543 -37.7296 -22.5985 -12.4 -37.5
4 72 -22.8768 -11.8 -37.5 -22.5985 -12.4 -37.5 -22.5988 -12.4 -32.1 -22.8772 -11.8 -32.1
4 72 -22.8772 -11.8 -32.1 -22.5988 -12.4 -32.1 -22.6199 -12.3543 -31.8704 -22.6803 -12.2243 -31.6757
4 72 -27.4127 -2.0243 -17.4757 -27.5029 -1.8296 -17.3457 -27.6093 -1.6 -17.9 -22.8772 -11.8 -32.1
3 72 -27.4127 -2.0243 -17.4757 -22.8772 -11.8 -32.1 -22.6803 -12.2243 -31.6757
4 72 39.5349 24 -35.9 39.5349 24 -35.1 20.4641 -17 -42 20.4641 -17 -42.8
4 72 36.2301 16.9 -31.2 35.0188 14.3 -30.4 23.9901 -9.4 -34.5 23.4798 -10.5 -35.9
4 72 35.0188 14.3 -30.4 36.2301 16.9 -31.2 30.8641 5.4 -19 30.586 4.8 -20.3
4 72 28.1654 -.4 -20.5 30.586 4.8 -20.3 30.8641 5.4 -19 27.841 -1.1 -19.3
4 72 36.0465 16.5 -123.6 35.6279 15.6 -123.6 35.2558 14.8 -124.8 36.6047 17.7 -124.8
4 72 36.0465 16.5 -46.5 36.0465 16.5 -123.6 36.6047 17.7 -124.8 36.6047 17.7 -45.1
4 72 23.4419 -10.6 -49.3 35.2558 14.8 -124.8 35.6279 15.6 -123.6 24.1395 -9.1 -50.2
4 72 23.4419 -10.6 -49.3 24.1395 -9.1 -50.2 36.0465 16.5 -46.5 36.6047 17.7 -45.1
4 72 38.5581 21.9 -119 38.093 20.9 -119 37.9535 20.6 -119.3 38.6977 22.2 -119.3
4 72 37.9535 20.6 -108.3 38.093 20.9 -108.6 38.5581 21.9 -108.6 38.6977 22.2 -108.3
4 72 37.9535 20.6 -119.3 38.093 20.9 -119 38.093 20.9 -108.6 37.9535 20.6 -108.3
4 72 38.5581 21.9 -119 38.6977 22.2 -119.3 38.6977 22.2 -108.3 38.5581 21.9 -108.6
4 72 38.5581 21.9 -62.8 38.093 20.9 -62.8 37.9535 20.6 -63.1 38.6977 22.2 -63.1
4 72 37.9535 20.6 -52.1 38.093 20.9 -52.4 38.5581 21.9 -52.4 38.6977 22.2 -52.1
4 72 37.9535 20.6 -63.1 38.093 20.9 -62.8 38.093 20.9 -52.4 37.9535 20.6 -52.1
4 72 38.5581 21.9 -62.8 38.6977 22.2 -63.1 38.6977 22.2 -52.1 38.5581 21.9 -52.4
4 72 37.2093 19 -140.8 37.2093 19 -141.6 37.3161 19.2296 -141.5543 37.4066 19.4243 -141.4243
4 72 37.2093 19 -140.8 37.4066 19.4243 -141.4243 37.4671 19.5543 -141.2296 37.4884 19.6 -141
4 72 37.2093 19 -43.5 37.4884 19.6 -43.5 37.4671 19.5543 -43.2704 37.4066 19.4243 -43.0757
4 72 37.2093 19 -43.5 37.4066 19.4243 -43.0757 37.3161 19.2296 -42.9457 37.2093 19 -42.9
4 72 22.6977 -12.2 -48.1 37.2093 19 -43.5 37.2093 19 -42.9 22.5909 -12.4296 -47.5457
4 72 22.6977 -12.2 -48.1 22.5909 -12.4296 -47.5457 22.5003 -12.6243 -47.6757 22.4398 -12.7543 -47.8704
4 72 22.6977 -12.2 -48.1 22.4398 -12.7543 -47.8704 22.4186 -12.8 -48.1 22.4398 -12.7543 -48.3296
4 72 37.1025 18.7704 -141.5543 37.2093 19 -141.6 37.2093 19 -140.8 37.012 18.5757 -141.4243
4 72 36.9515 18.4457 -141.2296 37.012 18.5757 -141.4243 37.2093 19 -140.8 22.6977 -12.2 -48.1
3 72 36.9515 18.4457 -141.2296 22.6977 -12.2 -48.1 22.4398 -12.7543 -48.3296
4 72 37.2093 19 -140.8 37.4884 19.6 -141 37.4884 19.6 -90 37.2093 19 -43.5
3 72 37.4884 19.6 -90 37.4884 19.6 -43.5 37.2093 19 -43.5
4 72 37.5346 19.7 -32.2 37.6417 19.9296 -32.7543 37.7322 20.1243 -32.6243 37.7927 20.2543 -32.4296
4 72 37.5346 19.7 -32.2 37.7927 20.2543 -32.4296 37.814 20.3 -32.2 37.7925 20.2543 -31.9704
4 72 22.8767 -11.8 -38.1 37.6417 19.9296 -32.7543 37.5346 19.7 -32.2 22.8768 -11.8 -37.5
4 72 31.0955 5.9 -17.6 37.5346 19.7 -32.2 37.7925 20.2543 -31.9704 31.2926 6.3243 -17.1757
4 72 31.2018 6.1296 -17.0457 31.0949 5.9 -17 31.0955 5.9 -17.6 31.2926 6.3243 -17.1757
4 72 27.6093 -1.6 -17.9 31.0955 5.9 -17.6 31.0949 5.9 -17 27.5029 -1.8296 -17.3457
4 72 23.4803 -10.5 -32.5 23.4798 -10.5 -35.9 23.9901 -9.4 -34.5 23.9903 -9.4 -32.8
4 72 23.9903 -9.4 -32.8 28.1654 -.4 -20.5 27.841 -1.1 -19.3 23.4803 -10.5 -32.5
4 72 22.7702 -12.0296 -38.0543 22.8767 -11.8 -38.1 22.8768 -11.8 -37.5 22.68 -12.2243 -37.9243
4 72 22.6197 -12.3543 -37.7296 22.68 -12.2243 -37.9243 22.8768 -11.8 -37.5 22.5985 -12.4 -37.5
4 72 22.5988 -12.4 -32.1 22.5985 -12.4 -37.5 22.8768 -11.8 -37.5 22.8772 -11.8 -32.1
4 72 22.6199 -12.3543 -31.8704 22.5988 -12.4 -32.1 22.8772 -11.8 -32.1 22.6803 -12.2243 -31.6757
4 72 27.6093 -1.6 -17.9 27.5029 -1.8296 -17.3457 27.4127 -2.0243 -17.4757 22.8772 -11.8 -32.1
3 72 22.8772 -11.8 -32.1 27.4127 -2.0243 -17.4757 22.6803 -12.2243 -31.6757
4 72 16 -13.87917 -61.5 10.1 -15.67083 -56.5 9.7 -15.0975 -58.1 14.6 -13.5925 -62.3
4 72 10.9 -16.495 -54.2 10.4 -16.20833 -55 17.2 -14.16583 -60.7 17.8 -14.345 -60.2
4 72 29.2 20.66417 -157.9 24.2 22.3125 -162.5 24.6 22.85 -164 30.7 20.8075 -158.3
4 72 32.2 20.98667 -158.8 25.1 23.28 -165.2 25.4 23.495 -165.8 32.9 21.0225 -158.9
4 72 16 -13.87917 -61.5 14.6 -13.5925 -62.3 29.2 20.66417 -157.9 30.7 20.8075 -158.3
4 72 17.2 -14.16583 -60.7 32.2 20.98667 -158.8 32.9 21.0225 -158.9 17.8 -14.345 -60.2
4 72 -9.7 -15.0975 -58.1 9.7 -15.0975 -58.1 10.1 -15.67083 -56.5 -10.1 -15.67083 -56.5
4 72 -10.4 -16.20833 -55 10.4 -16.20833 -55 10.9 -16.495 -54.2 -10.9 -16.495 -54.2
4 72 -9.7 -15.0975 -58.1 -10.1 -15.67083 -56.5 -16 -13.87917 -61.5 -14.6 -13.5925 -62.3
4 72 -17.2 -14.16583 -60.7 -10.4 -16.20833 -55 -10.9 -16.495 -54.2 -17.8 -14.345 -60.2
4 72 -24.6 22.85 -164 24.6 22.85 -164 24.2 22.3125 -162.5 -24.2 22.3125 -162.5
4 72 -25.4 23.495 -165.8 25.4 23.495 -165.8 25.1 23.28 -165.2 -25.1 23.28 -165.2
4 72 -24.6 22.85 -164 -24.2 22.3125 -162.5 -29.2 20.66417 -157.9 -30.7 20.8075 -158.3
4 72 -25.4 23.495 -165.8 -25.1 23.28 -165.2 -32.2 20.98667 -158.8 -32.9 21.0225 -158.9
4 72 -29.2 20.66417 -157.9 -14.6 -13.5925 -62.3 -16 -13.87917 -61.5 -30.7 20.8075 -158.3
4 72 -32.9 21.0225 -158.9 -32.2 20.98667 -158.8 -17.2 -14.16583 -60.7 -17.8 -14.345 -60.2
