0 Duplo Camera
0 Name: 24806.dat
0 Author: Peter Blomberg [WUIt]
0 !LDRAW_ORG Unofficial_Part
0 !LICENSE Licensed under CC BY 4.0 : see CAreadme.txt

0 BFC CERTIFY CCW

0 !CATEGORY Duplo
0 !KEYWORDS utensil

1 16 0 0 0 1 0 0 0 1 0 0 0 1 s\24806s01.dat
1 16 0 0 0 -1 0 0 0 1 0 0 0 1 s\24806s01.dat

0 // bottom
1 16 0 -12 0 0 0 1 0 -2.75 0 1 0 0 stud4.dat
1 16 0 -12 14 1.5 0 0 0 11 0 0 0 -2 box4-1.dat
1 16 0 -12 -13 1.5 0 0 0 11 0 0 0 1 box4-1.dat
0 BFC INVERTNEXT
1 16 0 0 3 32 0 0 0 -12 0 0 0 13 box4-4a.dat
4 16 28 -12 -14 -28 -12 -14 -32 -12 -10 32 -12 -10
4 16 -28 -12 -14 28 -12 -14 28 0 -14 -28 0 -14
2 24 -28 -12 -14 28 -12 -14
2 24 28 0 -14 -28 0 -14
2 24 28 0 -18 -28 0 -18
2 24 36 0 20 -36 0 20
4 16 -28 0 -18 -28 0 -14 28 0 -14 28 0 -18
4 16 36 0 20 32 0 16 -32 0 16 -36 0 20

0 // sight outside
1 16 14 -73.5 -4.5 14 0 0 0 0 -14 0 1 1.5 1-4chrde.dat
1 16 14 -73.5 -4.5 -14 0 0 0 0 -14 0 1 1.5 1-4chrde.dat
1 16 14 -73.5 -4.5 14 0 0 0 0 -14 0 21.3 1.5 2-4cyli.dat
1 16 14 -73.5 16.8 0 0 14 -14 0 0 1.5 2.5 0 1-4cyls.dat
1 16 14 -73.5 16.8 0 0 -14 -14 0 0 1.5 2.5 0 1-4cyls.dat
1 16 14 -73.5 19.3 3.5 0 0 0 0 -3.5 0 -1 -.25 2-4ring3.dat
1 16 14 -73.5 19.3 14 0 0 0 0 -14 0 1 -1 2-4edge.dat
4 16 28 -73.5 16.8 28 -73.5 -4.5 28 -63.3 -5.5929 28 -63.3 20
3 16 28 -73.5 16.8 28 -63.3 20 28 -73.5 19.3
3 16 0 -64.6 20 0 -73.5 16.8 0 -73.5 19.3
4 16 0 -64.6 -5.4536 0 -73.5 -4.5 0 -73.5 16.8 0 -64.6 20
4 16 3.5 -64.6 20 0 -64.6 20 0 -73.5 19.3 3.5 -73.5 19.3
4 16 24.5 -63.7 20 24.5 -73.5 19.3 28 -73.5 19.3 28 -63.3 20
2 24 0 -64.6 -5.4536 0 -64.6 20
2 24 28 -63.3 -5.5929 28 -63.3 20
2 24 12.3 -64.4 -5.475 0 -64.6 -5.4536
2 24 12.3 -64.4 -5.475 24.3 -63.7 -5.55
2 24 24.3 -63.7 -5.55 28 -63.3 -5.5929
2 24 28 -73.5 -4.5 28 -63.3 -5.5929
2 24 0 -64.6 -5.4536 0 -73.5 -4.5
2 24 0 -64.6 20 0 -73.5 19.3
2 24 28 -63.3 20 28 -73.5 19.3

0 // sight inside
0 // 1 16 14 -73.5 0 10.5 0 0 0 0 -10.5 0 -1 0 2-4ering.dat
1 16 14 -73.5 0 10.5 0 0 0 0 -10.5 0 1 0 2-4edge.dat
0 BFC INVERTNEXT
1 16 14 -73.5 19.3 10.5 0 0 0 0 -10.5 0 -20 -.75 2-4cylo.dat
4 16 24.5 -73.5 0 23 -75 0 22.4 -76.4 0 23.701 -77.5184 0
4 16 21.4246 -80.9246 0 23.701 -77.5184 0 22.4 -76.4 0 21 -77 0
4 16 21.4246 -80.9246 0 21 -77 0 14 -84 0 18.0184 -83.201 0
3 16 14 -84 0 21 -77 0 7 -77 0
4 16 14 -84 0 7 -77 0 6.5755 -80.9246 0 9.9817 -83.201 0
4 16 5.6 -76.4 0 4.2991 -77.5184 0 6.5755 -80.9246 0 7 -77 0
4 16 5.6 -76.4 0 5 -75 0 3.5 -73.5 0 4.2991 -77.5184 0
4 16 3.5 -73.5 0 3.5 -62.5 0 3.5 -62.5 20 3.5 -64.6 20
3 16 3.5 -73.5 0 3.5 -64.6 20 3.5 -73.5 19.3
3 16 24.5 -63.7 20 24.5 -73.5 0 24.5 -73.5 19.3
4 16 24.5 -73.5 0 24.5 -63.7 20 24.5 -62.5 20 24.5 -62.5 0
4 16 3.5 -62.5 0 24.5 -62.5 0 24.5 -62.5 20 3.5 -62.5 20
4 16 7 -66.6 0 21 -66.6 0 24.5 -62.5 0 3.5 -62.5 0
3 16 24.5 -62.5 0 21 -66.6 0 22.4 -67.2 0
3 16 24.5 -62.5 0 22.4 -67.2 0 23 -68.6 0
4 16 23 -75 0 24.5 -73.5 0 24.5 -62.5 0 23 -68.6 0
3 16 7 -66.6 0 3.5 -62.5 0 5.6 -67.2 0
3 16 5.6 -67.2 0 3.5 -62.5 0 5 -68.6 0
4 16 5 -75 0 5 -68.6 0 3.5 -62.5 0 3.5 -73.5 0
2 24 3.5 -73.5 19.3 3.5 -64.6 20
2 24 24.5 -73.5 19.3 24.5 -63.7 20
2 24 24.5 -62.5 20 3.5 -62.5 20
2 24 24.5 -63.7 20 24.5 -62.5 20
2 24 3.5 -64.6 20 3.5 -62.5 20
2 24 3.5 -73.5 0 3.5 -62.5 0
2 24 24.5 -73.5 0 24.5 -62.5 0
2 24 24.5 -62.5 0 3.5 -62.5 0
2 24 24.5 -62.5 0 24.5 -62.5 20
2 24 3.5 -62.5 0 3.5 -62.5 20

0 // viewport
4 16 22.4 -76.4 -4.1893 22.4 -76.4 0 23 -75 0 23 -75 -4.3393
4 16 21 -77 -4.125 21 -77 0 22.4 -76.4 0 22.4 -76.4 -4.1893
4 16 5.6 -76.4 -4.1893 5 -75 -4.3393 5 -75 0 5.6 -76.4 0
4 16 7 -77 -4.125 5.6 -76.4 -4.1893 5.6 -76.4 0 7 -77 0
4 16 22.4 -67.2 -5.175 23 -68.6 -5.025 23 -68.6 0 22.4 -67.2 0
4 16 21 -66.6 -5.2393 22.4 -67.2 -5.175 22.4 -67.2 0 21 -66.6 0
4 16 5 -68.6 0 5 -68.6 -5.025 5.6 -67.2 -5.175 5.6 -67.2 0
4 16 5.6 -67.2 0 5.6 -67.2 -5.175 7 -66.6 -5.2393 7 -66.6 0
4 16 21 -77 0 21 -77 -4.125 7 -77 -4.125 7 -77 0
4 16 7 -66.6 0 7 -66.6 -5.2393 21 -66.6 -5.2393 21 -66.6 0
4 16 5 -75 0 5 -75 -4.3393 5 -68.6 -5.025 5 -68.6 0
4 16 23 -68.6 0 23 -68.6 -5.025 23 -75 -4.3393 23 -75 0
3 16 21 -66.6 -5.2393 7 -66.6 -5.2393 12.3 -64.4 -5.475
3 16 12.3 -64.4 -5.475 7 -66.6 -5.2393 0 -64.6 -5.4536
3 16 0 -64.6 -5.4536 7 -66.6 -5.2393 5.6 -67.2 -5.175
3 16 0 -64.6 -5.4536 5.6 -67.2 -5.175 5 -68.6 -5.025
3 16 0 -64.6 -5.4536 5 -68.6 -5.025 0 -73.5 -4.5
3 16 0 -73.5 -4.5 5 -68.6 -5.025 5 -75 -4.3393
3 16 0 -73.5 -4.5 5 -75 -4.3393 5.6 -76.4 -4.1893
3 16 0 -73.5 -4.5 5.6 -76.4 -4.1893 14 -87.5 -3
3 16 14 -87.5 -3 5.6 -76.4 -4.1893 7 -77 -4.125
3 16 14 -87.5 -3 7 -77 -4.125 21 -77 -4.125
3 16 14 -87.5 -3 21 -77 -4.125 22.4 -76.4 -4.1893
3 16 14 -87.5 -3 22.4 -76.4 -4.1893 28 -73.5 -4.5
3 16 28 -73.5 -4.5 22.4 -76.4 -4.1893 23 -75 -4.3393
3 16 28 -73.5 -4.5 23 -75 -4.3393 23 -68.6 -5.025
3 16 28 -73.5 -4.5 23 -68.6 -5.025 28 -63.3 -5.5929
3 16 28 -63.3 -5.5929 23 -68.6 -5.025 22.4 -67.2 -5.175
3 16 28 -63.3 -5.5929 22.4 -67.2 -5.175 21 -66.6 -5.2393
3 16 21 -66.6 -5.2393 12.3 -64.4 -5.475 28 -63.3 -5.5929
2 24 5 -68.6 -5.025 5 -75 -4.3393
2 24 21 -66.6 -5.2393 7 -66.6 -5.2393
2 24 21 -77 -4.125 7 -77 -4.125
2 24 23 -75 -4.3393 23 -68.6 -5.025
2 24 5 -68.6 -5.025 5.6 -67.2 -5.175
2 24 7 -66.6 -5.2393 5.6 -67.2 -5.175
2 24 22.4 -76.4 -4.1893 23 -75 -4.3393
2 24 21 -77 -4.125 22.4 -76.4 -4.1893
2 24 5 -75 -4.3393 5.6 -76.4 -4.1893
2 24 7 -77 -4.125 5.6 -76.4 -4.1893
2 24 22.4 -67.2 -5.175 21 -66.6 -5.2393
2 24 22.4 -67.2 -5.175 23 -68.6 -5.025
2 24 5 -68.6 0 5.6 -67.2 0
2 24 7 -66.6 0 5.6 -67.2 0
2 24 21 -77 0 7 -77 0
2 24 5 -75 0 5 -68.6 0
2 24 23 -75 0 23 -68.6 0
2 24 23 -75 0 22.4 -76.4 0
2 24 21 -77 0 22.4 -76.4 0
2 24 5.6 -76.4 0 5 -75 0
2 24 5.6 -76.4 0 7 -77 0
2 24 7 -66.6 0 21 -66.6 0
2 24 22.4 -67.2 0 21 -66.6 0
2 24 22.4 -67.2 0 23 -68.6 0
5 24 5 -75 -4.3393 5 -75 0 5 -68.6 -5.025 5.6 -76.4 0
5 24 5 -68.6 -5.025 5 -68.6 0 5 -75 0 5.6 -67.2 -5.175
5 24 22.4 -76.4 0 22.4 -76.4 -4.1893 23 -75 0 21 -77 -4.125
5 24 23 -75 0 23 -75 -4.3393 23 -68.6 0 22.4 -76.4 -4.1893
5 24 7 -66.6 0 7 -66.6 -5.2393 21 -66.6 -5.2393 5.6 -67.2 0
5 24 22.4 -67.2 -5.175 22.4 -67.2 0 23 -68.6 -5.025 21 -66.6 0
5 24 5.6 -76.4 -4.1893 5.6 -76.4 0 5 -75 -4.3393 7 -77 0
5 24 7 -77 0 7 -77 -4.125 21 -77 0 5.6 -76.4 -4.1893
5 24 23 -68.6 0 23 -68.6 -5.025 23 -75 -4.3393 22.4 -67.2 0
5 24 5.6 -67.2 0 5.6 -67.2 -5.175 7 -66.6 -5.2393 5 -68.6 0
5 24 21 -66.6 -5.2393 21 -66.6 0 7 -66.6 0 22.4 -67.2 -5.175
5 24 21 -77 -4.125 21 -77 0 7 -77 -4.125 22.4 -76.4 0

0 // button
1 16 -20 -66 6 7.5 0 0 0 4 0 0 0 7.5 4-4cylc.dat
1 16 -20 -67 6 4 0 0 0 1 0 0 0 4 4-4cylc.dat
2 24 -25.3033 -63.5971 11.3033 -24.3 -63.7 11.9737
2 24 -26.9293 -63.4303 8.8703 -25.3033 -63.5971 11.3033
2 24 -27.5 -63.3718 6 -26.9293 -63.4303 8.8703
2 24 -26.9293 -63.4303 3.1298 -27.5 -63.3718 6
2 24 -26.9293 -63.4303 3.1298 -25.3033 -63.5971 .6968
2 24 -24.3 -63.7 .0263 -25.3033 -63.5971 .6968
2 24 -12.5 -64.3883 6 -13.0708 -64.355 8.8703
2 24 -14.6968 -64.2602 11.3033 -13.0708 -64.355 8.8703
2 24 -17.1298 -64.1183 12.9293 -14.6968 -64.2602 11.3033
2 24 -20 -63.9508 13.5 -17.1298 -64.1183 12.9293
2 24 -22.8703 -63.7834 12.9293 -20 -63.9508 13.5
2 24 -24.3 -63.7 11.9737 -22.8703 -63.7834 12.9293
2 24 -24.3 -63.7 .0263 -22.8703 -63.7834 -.9293
2 24 -22.8703 -63.7834 -.9293 -20 -63.9508 -1.5
2 24 -20 -63.9508 -1.5 -17.1298 -64.1183 -.9293
2 24 -14.6968 -64.2602 .6968 -17.1298 -64.1183 -.9293
2 24 -14.6968 -64.2602 .6968 -13.0708 -64.355 3.1298
2 24 -12.5 -64.3883 6 -13.0708 -64.355 3.1298

0 // top
4 16 -12.3 -64.4 -18 0 -64.6 -18 0 -64.6 20 -12.3 -64.4 20
4 16 -24.3 -63.7 -18 -12.3 -64.4 -18 -12.3 -64.4 20 -24.3 -63.7 20
4 16 -24.3 -63.7 -18 -24.3 -63.7 20 -36 -62.5 20 -36 -62.5 -10
4 16 0 -64.6 -5.4536 0 -64.6 -18 12.3 -64.4 -18 12.3 -64.4 -5.475
4 16 24.3 -63.7 -5.55 12.3 -64.4 -5.475 12.3 -64.4 -18 24.3 -63.7 -18
4 16 36 -62.5 20 28 -63.3 20 28 -63.3 -5.5929 36 -62.5 -10
4 16 24.3 -63.7 -18 28 -63.3 -18 28 -63.3 -5.5929 24.3 -63.7 -5.55
3 16 28 -63.3 -5.5929 28 -63.3 -18 36 -62.5 -10
3 16 -36 -62.5 -10 -28 -63.3 -18 -24.3 -63.7 -18
5 24 24.3 -63.7 -18 24.3 -63.7 -5.55 12.3 -64.4 -5.475 28 -63.3 -18
5 24 -24.3 -63.7 -18 -24.3 -63.7 20 -12.3 -64.4 20 -36 -62.5 20
5 24 12.3 -64.4 -5.475 12.3 -64.4 -18 0 -64.6 -5.4536 24.3 -63.7 -18
5 24 -12.3 -64.4 20 -12.3 -64.4 -18 -24.3 -63.7 -18 0 -64.6 20
5 24 0 -64.6 -18 0 -64.6 -5.4536 -12.3 -64.4 -18 12.3 -64.4 -18
5 24 28 -63.3 -5.5929 28 -63.3 -18 24.3 -63.7 -5.55 36 -62.5 -10
5 24 -36 -62.5 -10 -28 -63.3 -18 -24.3 -63.7 -18 -31.0616 -62.9938 -17.3912
5 24 -24.3 -63.7 -18 -36 -62.5 -10 -28 -63.3 -18 -24.3 -63.7 20

0 // back
4 16 -32 -16 20 32 -16 20 36 0 20 -36 0 20
4 16 34.2 -14 20 32 -16 20 32 -58.5 20 34.2 -52 20
4 16 36 -62.5 20 36 -61.5 20 34.2 -52 20 32 -58.5 20
4 16 -36 -62.5 20 -24.3 -63.7 20 0 -58.5 20 -32 -57.7 20
4 16 -32 -57.7 20 -32 -16 20 -34.2 -14 20 -34.2 -52 20
4 16 -34.2 -52 20 -36 -61.5 20 -36 -62.5 20 -32 -57.7 20
3 16 24.5 -63.7 20 28 -63.3 20 24.5 -62.5 20
4 16 24.5 -62.5 20 28 -63.3 20 36 -62.5 20 32 -58.5 20
4 16 0 -58.5 20 0 -64.6 20 3.5 -64.6 20 3.5 -62.5 20
4 16 3.5 -62.5 20 24.5 -62.5 20 32 -58.5 20 0 -58.5 20
4 16 0 -58.5 20 -24.3 -63.7 20 -12.3 -64.4 20 0 -64.6 20
2 24 32 -16 20 32 -58.5 20
2 24 32 -58.5 20 0 -58.5 20
2 24 -32 -57.7 20 0 -58.5 20
2 24 -32 -57.7 20 -32 -16 20
2 24 0 -64.6 20 -12.3 -64.4 20
2 24 -12.3 -64.4 20 -24.3 -63.7 20
2 24 36 -62.5 20 28 -63.3 20
2 24 -24.3 -63.7 20 -36 -62.5 20
5 24 24.5 -73.5 19.3 28 -73.5 19.3 26.9346 -78.8578 18.9173 28 -63.3 20
5 24 0 -73.5 19.3 3.5 -73.5 19.3 3.5 -64.6 20 4.2991 -77.5184 19.013
5 24 3.5 -64.6 20 0 -64.6 20 3.5 -62.5 20 0 -73.5 19.3
5 24 24.5 -63.7 20 28 -63.3 20 24.5 -62.5 20 24.5 -73.5 19.3

0 // inside
1 16 0 -16 4 32 0 0 0 1 0 0 0 16 rect.dat
4 16 32 -58.5 20 32 -16 20 32 -16 -12 32 -58.5 -12
4 16 -32 -57.7 -12 -32 -16 -12 -32 -16 20 -32 -57.7 20
4 16 32 -58.5 20 32 -58.5 -12 0 -58.5 -12 0 -58.5 20
4 16 -32 -57.7 20 0 -58.5 20 0 -58.5 -12 -32 -57.7 -12
4 16 32 -16 -12 16 -30 -12 16 -42 -12 32 -58.5 -12
3 16 32 -58.5 -12 16 -42 -12 16 -48 -12
4 16 10 -24 -12 32 -16 -12 -32 -16 -12 -10 -24 -12
3 16 32 -58.5 -12 16 -48 -12 10 -48 -12
3 16 -16 -48 -12 -16 -42 -12 -32 -57.7 -12
3 16 -16 -48 -12 -32 -57.7 -12 -10 -48 -12
4 16 -16 -42 -12 -16 -30 -12 -32 -16 -12 -32 -57.7 -12
3 16 10 -48 -12 -10 -48 -12 0 -58.5 -12
3 16 10 -48 -12 0 -58.5 -12 32 -58.5 -12
3 16 0 -58.5 -12 -10 -48 -12 -32 -57.7 -12
4 16 10 -44 -8 10 -44 -16.2 -10 -44 -16.2 -10 -44 -8
4 16 -10 -28 -8 -10 -28 -16.2 10 -28 -16.2 10 -28 -8
4 16 10 -48 -12 10 -48 -8 -10 -48 -8 -10 -48 -12
4 16 -10 -44 -8 -10 -48 -8 10 -48 -8 10 -44 -8
4 16 -10 -24 -8 10 -24 -8 10 -24 -12 -10 -24 -12
4 16 10 -24 -8 -10 -24 -8 -10 -28 -8 10 -28 -8
2 24 -10 -44 -16.2 10 -44 -16.2
2 24 10 -28 -16.2 -10 -28 -16.2
2 24 10 -44 -8 -10 -44 -8
2 24 10 -48 -8 -10 -48 -8
2 24 10 -48 -12 -10 -48 -12
2 24 -10 -28 -8 10 -28 -8
2 24 -10 -24 -8 10 -24 -8
2 24 -10 -24 -12 10 -24 -12
2 24 -32 -16 -12 -32 -57.7 -12
2 24 32 -58.5 -12 32 -16 -12
2 24 32 -58.5 -12 0 -58.5 -12
2 24 -32 -57.7 -12 0 -58.5 -12
2 24 32 -58.5 -12 32 -58.5 20
2 24 -32 -57.7 20 -32 -57.7 -12
5 24 0 -58.5 -12 0 -58.5 20 -32 -57.7 -12 32 -58.5 -12

0 // front
1 16 0 -36 -31.5 20 0 0 0 0 20 0 15.3 0 4-4cylo.dat
0 BFC INVERTNEXT
1 16 0 -36 -31.5 16 0 0 0 0 16 0 15.3 0 4-4cylo.dat
1 16 0 -36 -31.5 4 0 0 0 0 4 0 1 0 4-4ring4.dat
4 16 -28 0 -18 28 0 -18 28 -14 -18 -28 -14 -18
4 16 28 -14 -18 28 -14 -16.2 -28 -14 -16.2 -28 -14 -18
4 16 28 -14 -16.2 10 -28 -16.2 -10 -28 -16.2 -28 -14 -16.2
4 16 -28 -52 -16.2 -10 -44 -16.2 10 -44 -16.2 28 -52 -16.2
2 24 28 -14 -18 -28 -14 -18
2 24 28 -14 -16.2 -28 -14 -16.2
2 24 -28 -52 -16.2 28 -52 -16.2