0 Tile  2 x  3 with Medium Azure Sign with Coffee Cup, Cake, Heart and "Café" Pattern
0 Name: 26603p0b.dat
0 Author: Philippe Hurbain [Philo]
0 !LDRAW_ORG Unofficial_Part
0 !LICENSE Licensed under CC BY 4.0 : see CAreadme.txt

0 BFC CERTIFY CCW

0 !CATEGORY Tile
0 !KEYWORDS Animal Crossing, Bricklink 26603pb429, Rebrickable 26603pr9959
0 !KEYWORDS Set 77052

1 16 0 0 0 1 0 0 0 1 0 0 0 1 s\26603s01.dat
3 4 -18.94 0 12.47 -17.34 0 11.54 -17.59 0 12.48
4 4 -15.65 0 -9.24 -16.7 0 -10.24 -16.04 0 -11.06 -15.04 0 -10.61
4 4 6.33 0 -6.41 6.57 0 -5.53 3.63 0 -4.68 3.47 0 -5.91
4 4 17.68 0 15.45 17.42 0 14.42 17.62 0 14.29 18.21 0 15.34
4 4 17.89 0 .07 18.45 0 -.68 19.4 0 -.24 18.64 0 .59
4 4 18.74 0 9.63 17.75 0 9.63 17.85 0 8.55 18.58 0 8.59
3 4 -11.33 0 -2.64 -11.77 0 -2.87 -11.7 0 -3.63
3 4 -14.4 0 -3.89 -14.17 0 -3.75 -14.13 0 -3.07
4 4 -12.65 0 11.76 -12.42 0 12.25 -13.45 0 13.16 -12.98 0 11.55
4 4 -12.59 0 13.68 -13.45 0 13.16 -12.42 0 12.25 -12.31 0 12.98
3 4 -12.31 0 12.98 -12.42 0 13.63 -12.59 0 13.68
4 4 -13.32 0 14.44 -13.45 0 13.16 -12.59 0 13.68 -12.95 0 14.16
4 4 -14.2 0 14.72 -13.45 0 13.16 -13.32 0 14.44 -13.79 0 14.69
3 4 -14.46 0 9.5 -14.4 0 9.33 -14.22 0 9.22
4 4 -14.46 0 9.5 -14.22 0 9.22 -13.02 0 8.72 -13.11 0 9.55
4 4 -13.11 0 9.55 -13.02 0 8.72 -12 0 8.63 -12.25 0 9.9
4 4 -11.53 0 10.46 -12.25 0 9.9 -12 0 8.63 -10.79 0 8.97
4 4 -10.79 0 8.97 -9.94 0 9.63 -9.58 0 10.24 -11.53 0 10.46
4 4 -9.35 0 10.95 -11.12 0 11.23 -11.53 0 10.46 -9.58 0 10.24
4 4 -9.23 0 11.92 -10.87 0 12.17 -11.12 0 11.23 -9.35 0 10.95
4 4 -10.81 0 12.86 -10.87 0 12.17 -9.23 0 11.92 -9.26 0 12.46
4 4 -9.89 0 14.37 -10.81 0 12.86 -9.26 0 12.46 -9.51 0 13.51
4 4 -10.81 0 14.5 -11.01 0 14.33 -10.81 0 12.86 -9.89 0 14.37
4 4 -10.19 0 14.72 -10.48 0 14.72 -10.81 0 14.5 -9.89 0 14.37
4 4 -15.13 0 13.61 -16.11 0 12.98 -15.85 0 12.22 -14.63 0 12.52
4 4 -15.85 0 12.22 -15.48 0 11.76 -14.4 0 11.29 -14.63 0 12.52
4 4 -16.11 0 12.98 -15.13 0 13.61 -15.52 0 13.89 -16.1 0 13.46
3 4 -15.52 0 13.89 -15.94 0 13.76 -16.1 0 13.46
4 4 -17.59 0 12.48 -17.66 0 13.46 -18.91 0 14.14 -18.94 0 12.47
4 4 -5.68 0 8.24 -5.44 0 7.98 -5.08 0 7.81 -5.31 0 8.41
3 4 -5.08 0 7.81 -4.2 0 7.72 -5.31 0 8.41
4 4 -5.31 0 8.41 -4.2 0 7.72 -1.71 0 8.86 -1.59 0 10.35
3 4 -1.71 0 8.86 .05 0 9.81 -1.59 0 10.35
3 4 -1.88 0 13.67 -2.64 0 14.35 -3.65 0 14.55
4 4 .05 0 9.81 -1.88 0 13.67 -3.65 0 14.55 -1.59 0 10.35
4 4 -12.13 0 -15.63 -12.61 0 -14.38 -13.61 0 -14.76 -13.2 0 -15.77
4 4 -11.91 0 -13.9 -12.61 0 -14.38 -12.13 0 -15.63 -11.24 0 -15.37
4 4 -10.35 0 -14.81 -9.86 0 -14.24 -9.42 0 -13.24 -11.26 0 -13.11
4 4 -11.26 0 -13.11 -9.42 0 -13.24 -9.22 0 -12.17 -10.91 0 -12.13
4 4 -9.37 0 -10.85 -10.78 0 -11.07 -10.91 0 -12.13 -9.22 0 -12.17
4 4 -10 0 -9.96 -10.78 0 -11.07 -9.37 0 -10.85 -9.68 0 -10.13
3 4 -10 0 -9.96 -10.94 0 -9.85 -10.78 0 -11.07
4 4 -16.5 0 -14.72 -15.8 0 -15.23 -14.66 0 -15.59 -14.69 0 -14.91
4 4 -13.2 0 -15.77 -13.61 0 -14.76 -14.69 0 -14.91 -14.66 0 -15.59
3 4 -16.5 0 -14.72 -16.25 0 -15.01 -15.8 0 -15.23
4 4 -11.24 0 -15.37 -10.35 0 -14.81 -11.26 0 -13.11 -11.91 0 -13.9
4 4 -18.12 0 -11.11 -16.47 0 -11.43 -16.7 0 -10.24 -17.53 0 -10.18
4 4 -17.82 0 -10.29 -18.08 0 -10.69 -18.12 0 -11.11 -17.53 0 -10.18
4 4 -18.12 0 -11.11 -17.91 0 -11.74 -17.57 0 -12.17 -16.47 0 -11.43
4 4 -16.47 0 -11.43 -17.57 0 -12.17 -16.79 0 -12.66 -16.49 0 -12.2
3 4 -16.79 0 -12.66 -16.25 0 -12.83 -16.49 0 -12.2
3 4 -15.65 0 -9.24 -16.6 0 -9.2 -16.7 0 -10.24
3 4 -16.7 0 -10.24 -16.47 0 -11.43 -16.31 0 -11.17
3 4 -15.04 0 -10.61 -15.12 0 -9.42 -15.65 0 -9.24
3 4 -16.04 0 -11.06 -15.15 0 -11.11 -15.04 0 -10.61
3 4 -16.7 0 -10.24 -16.31 0 -11.17 -16.04 0 -11.06
4 4 6.57 0 -5.53 6.57 0 -4.82 6.36 0 -4.15 3.63 0 -4.68
4 4 5.95 0 -3.64 4.24 0 -3.63 3.63 0 -4.68 6.36 0 -4.15
4 4 5.19 0 -3.28 4.62 0 -3.4 4.24 0 -3.63 5.95 0 -3.64
4 4 2.57 0 -2.85 2.1 0 -4.14 3.47 0 -4.42 3.1 0 -2.99
4 4 1.72 0 -3.44 2.1 0 -4.14 2.57 0 -2.85 2.07 0 -2.94
3 4 1.72 0 -3.44 1.88 0 -4.03 2.1 0 -4.14
4 4 3.9 0 -6.89 4.57 0 -7.33 5.1 0 -7.39 5.81 0 -7.08
4 4 1.69 0 -6.02 2.18 0 -7.34 2.66 0 -7.3 2.9 0 -6.03
3 4 1.69 0 -6.02 1.54 0 -6.18 1.47 0 -6.74
4 4 1.76 0 -7.2 2.18 0 -7.34 1.69 0 -6.02 1.47 0 -6.74
3 4 3.63 0 -4.68 4.24 0 -3.63 3.64 0 -4.5
4 4 3.1 0 -2.99 3.47 0 -4.42 3.64 0 -4.5 4.24 0 -3.63
4 4 5.81 0 -7.08 6.33 0 -6.41 3.47 0 -5.91 3.9 0 -6.89
4 4 2.66 0 -7.3 3.9 0 -6.89 3.47 0 -5.91 2.9 0 -6.03
4 4 5.68 0 6.37 5.68 0 6.76 4.13 0 7.02 4.32 0 6.5
3 4 4.26 0 7.77 4.13 0 7.02 5.68 0 6.76
3 4 5.02 0 9.2 4.58 0 8.58 6.17 0 7.03
3 4 6.34 0 10.14 5.63 0 9.72 6.65 0 6.95
4 4 5.02 0 9.2 6.17 0 7.03 6.65 0 6.95 5.63 0 9.72
4 4 9.18 0 6.13 9.21 0 10.83 7.28 0 10.48 8.21 0 6.11
4 4 6.34 0 10.14 6.65 0 6.95 8.21 0 6.11 7.28 0 10.48
4 4 11.83 0 9.2 11.31 0 9.91 10.67 0 10.42 9.18 0 6.13
4 4 9.96 0 10.75 9.21 0 10.83 9.18 0 6.13 10.67 0 10.42
3 4 9.91 0 5.87 11.83 0 9.2 9.18 0 6.13
4 4 11.83 0 9.2 9.91 0 5.87 12.29 0 6.28 12.32 0 7.33
4 4 10.44 0 5.49 10.54 0 5.33 11.9 0 4.69 12.15 0 5.46
4 4 4.26 0 7.77 5.68 0 6.76 6.17 0 7.03 4.58 0 8.58
4 4 12.15 0 5.46 12.29 0 6.28 9.91 0 5.87 10.44 0 5.49
4 4 7.73 0 5.94 8.21 0 6.11 6.65 0 6.95 6.94 0 6.6
4 4 7.54 0 5.66 7.73 0 5.94 6.94 0 6.6 6.98 0 6.16
4 4 16.9 0 13.56 16.77 0 14.24 15.68 0 14.63 15.75 0 13.91
4 4 15.68 0 14.63 16.77 0 14.24 16.96 0 14.37 16.33 0 15.22
4 4 16.96 0 14.37 17.42 0 14.42 17.68 0 15.45 16.93 0 15.42
3 4 16.93 0 15.42 16.33 0 15.22 16.96 0 14.37
4 4 18.72 0 13.51 18.53 0 14.52 18.21 0 15.34 17.62 0 14.29
4 4 18.68 0 12.44 18.72 0 13.51 17.62 0 14.29 17.77 0 13.22
4 4 19.64 0 3.39 18.97 0 2.46 19.96 0 2.28 19.86 0 3.15
4 4 18.75 0 2.59 18.97 0 2.46 19.64 0 3.39 19.1 0 3.59
4 4 18.18 0 2.54 18.75 0 2.59 19.1 0 3.59 18.15 0 3.59
4 4 17.16 0 3.11 18.18 0 2.54 18.15 0 3.59 17.69 0 3.46
4 4 18.14 0 2.12 18.18 0 2.54 17.16 0 3.11 17.12 0 1.8
4 4 17.89 0 .07 18.26 0 1.35 18.14 0 2.12 17.12 0 1.8
3 4 18.45 0 -.68 18.74 0 -.89 19.4 0 -.24
4 4 18.96 0 1.37 18.64 0 .59 19.4 0 -.24 19.83 0 .76
4 4 19.83 0 .76 19.96 0 2.28 18.97 0 2.46 18.96 0 1.37
3 4 18.64 0 .59 18.26 0 1.35 17.89 0 .07
4 4 17.02 0 7.13 17.95 0 7.37 17.82 0 8.15 16.81 0 7.82
3 4 17.42 0 6.33 18.19 0 5.31 18.35 0 6.59
4 4 17.02 0 7.13 17.42 0 6.33 18.35 0 6.59 17.95 0 7.37
4 4 18.35 0 6.59 18.19 0 5.31 18.47 0 5.16 19.12 0 5.87
4 4 18.63 0 7.29 18.35 0 6.59 19.12 0 5.87 19.53 0 6.97
4 4 18.66 0 8.42 18.63 0 7.29 19.53 0 6.97 19.63 0 8.13
4 4 18.58 0 8.59 18.66 0 8.42 19.63 0 8.13 19.53 0 9.24
3 4 19.53 0 9.24 18.74 0 9.63 18.58 0 8.59
4 4 17.75 0 9.63 16.86 0 9.15 16.77 0 8.6 17.85 0 8.55
4 4 16.81 0 7.82 17.82 0 8.15 17.85 0 8.55 16.77 0 8.6
4 4 16.41 0 12.43 16.9 0 13.56 15.75 0 13.91 15.95 0 13.25
3 4 16.9 0 13.56 16.41 0 12.43 17.2 0 12.9
4 4 17.2 0 12.9 16.41 0 12.43 17.14 0 11.61 17.59 0 12.42
4 4 17.92 0 10.98 18.4 0 11.6 17.59 0 12.42 17.14 0 11.61
3 4 18.68 0 12.44 17.77 0 13.22 17.73 0 12.75
4 4 18.4 0 11.6 18.68 0 12.44 17.73 0 12.75 17.59 0 12.42
4 4 9.68 0 3.18 10.61 0 3.23 10.32 0 4.61 9.6 0 4.37
4 4 10.61 0 3.23 11.18 0 3.58 11.53 0 3.98 10.32 0 4.61
4 4 10.54 0 5.33 10.56 0 4.97 11.53 0 3.98 11.9 0 4.69
3 4 10.32 0 4.61 11.53 0 3.98 10.56 0 4.97
4 4 7.55 0 5.11 6.26 0 4.44 7.87 0 3.68 7.9 0 4.75
4 4 9.6 0 4.37 8.74 0 4.41 7.87 0 3.68 9.68 0 3.18
3 4 7.9 0 4.75 7.87 0 3.68 8.74 0 4.41
4 4 4.32 0 6.5 4.9 0 5.61 6.09 0 5.92 5.68 0 6.37
4 4 6.57 0 5.78 6.09 0 5.92 4.9 0 5.61 6.26 0 4.44
3 4 6.57 0 5.78 6.26 0 4.44 7.55 0 5.11
3 4 6.98 0 6.16 6.8 0 5.91 7.54 0 5.66
4 4 7.54 0 5.66 6.8 0 5.91 6.57 0 5.78 7.55 0 5.11
4 4 -8.54 0 .89 -6.86 0 1.41 -7.22 0 2.5 -8.44 0 2.33
4 4 -8.77 0 3.5 -8.44 0 2.33 -7.22 0 2.5 -7.98 0 3.24
4 4 -6.88 0 .55 -6.86 0 1.41 -8.54 0 .89 -8.45 0 .71
4 4 -8.62 0 -.54 -7.6 0 -.75 -8.45 0 .71 -8.69 0 -.34
3 4 -7.6 0 -.75 -7.35 0 -.62 -7.14 0 -.31
4 4 -7.6 0 -.75 -7.14 0 -.31 -6.88 0 .55 -8.45 0 .71
4 4 -11.04 0 2.76 -10.09 0 1.94 -10.23 0 2.32 -10.48 0 2.55
4 4 -10.09 0 1.94 -11.04 0 2.76 -13.67 0 3.07 -12.09 0 2.15
4 4 -13.38 0 1.15 -13.11 0 .46 -11.75 0 .23 -13.18 0 1.24
4 4 -12.09 0 1.94 -12.09 0 2.15 -13.67 0 3.07 -13.18 0 1.24
4 4 -12.09 0 1.94 -13.18 0 1.24 -11.75 0 .23 -11.6 0 .37
4 4 -15.24 0 2.57 -15.27 0 2.94 -15.45 0 3.33 -16.93 0 2.76
4 4 -16.93 0 2.76 -15.45 0 3.33 -18.43 0 3.65 -18.01 0 3.19
3 4 -18.43 0 3.65 -18.38 0 3.46 -18.01 0 3.19
4 4 -19.12 0 6.69 -19.1 0 6.16 -18.54 0 7.24 -18.91 0 7.03
3 4 -18.18 0 5.5 -17.56 0 5.46 -17.54 0 5.82
3 4 -17.54 0 5.82 -17.36 0 6.11 -17.86 0 7.21
4 4 -18.18 0 5.5 -17.54 0 5.82 -17.86 0 7.21 -18.82 0 5.78
4 4 -19.1 0 6.16 -18.82 0 5.78 -17.86 0 7.21 -18.54 0 7.24
3 4 -16.78 0 6.37 -17.08 0 6.78 -17.01 0 6.31
4 4 -17.19 0 6.22 -17.08 0 6.78 -17.86 0 7.21 -17.36 0 6.11
3 4 -17.01 0 6.31 -17.08 0 6.78 -17.19 0 6.22
4 4 -14.46 0 5.18 -14.33 0 5.04 -13.44 0 4.98 -13.48 0 5.81
4 4 -14.46 0 5.18 -13.48 0 5.81 -14.77 0 7.22 -15.12 0 6.71
4 4 -15.8 0 7.75 -15.12 0 6.71 -14.77 0 7.22 -15.38 0 7.62
4 4 -10.45 0 6.55 -11.93 0 6.81 -11.93 0 4.76 -10.37 0 5.57
3 4 -11.93 0 4.76 -10.42 0 4.54 -10.37 0 5.57
4 4 -10.48 0 -3.81 -9.54 0 -3.13 -9.35 0 -2.73 -11.11 0 -2.41
4 4 -9.41 0 -5.46 -9.76 0 -4.63 -10.94 0 -4.78 -10.81 0 -5.59
3 4 -9.47 0 -7.31 -9.25 0 -6.42 -10.96 0 -6.23
4 4 -11.17 0 -6.68 -11.52 0 -6.97 -11.07 0 -8.28 -10.41 0 -8.08
3 4 -10.41 0 -8.08 -9.78 0 -7.71 -11.17 0 -6.68
3 4 -12.78 0 -8.2 -11.85 0 -8.33 -12.42 0 -7.37
4 4 -11.07 0 -8.28 -11.52 0 -6.97 -12.42 0 -7.37 -11.85 0 -8.33
4 4 -12.42 0 -7.37 -13.18 0 -7.47 -13.49 0 -7.95 -12.78 0 -8.2
4 4 -13.49 0 -7.95 -13.18 0 -7.47 -14.23 0 -7.41 -14.05 0 -7.67
4 4 -9.78 0 -7.71 -9.47 0 -7.31 -10.96 0 -6.23 -11.17 0 -6.68
4 4 -9.37 0 -2.24 -10.94 0 -2 -11.11 0 -2.41 -9.35 0 -2.73
4 4 -9.37 0 -2.24 -9.57 0 -1.82 -9.95 0 -1.47 -10.94 0 -2
4 4 -9.41 0 -5.46 -10.81 0 -5.59 -10.96 0 -6.23 -9.25 0 -6.42
4 4 -10.94 0 -1.37 -10.94 0 -2 -9.95 0 -1.47 -10.55 0 -1.28
4 4 -9.76 0 -4.63 -10.48 0 -3.81 -11.28 0 -4.09 -10.94 0 -4.78
4 4 -11.7 0 -3.63 -10.48 0 -3.81 -11.11 0 -2.41 -11.33 0 -2.64
3 4 -11.28 0 -4.09 -10.48 0 -3.81 -11.7 0 -3.63
4 4 -11.7 0 -3.63 -11.77 0 -2.87 -12.46 0 -2.99 -12.25 0 -3.25
4 4 -14.4 0 -3.89 -14.13 0 -3.07 -15.81 0 -2.63 -15.99 0 -3.36
4 4 -14.14 0 -5.62 -14.38 0 -4.72 -15.75 0 -4.41 -15.03 0 -5.23
4 4 -12.78 0 -3.97 -12.94 0 -3.8 -14.13 0 -3.07 -14.17 0 -3.75
4 4 -15.99 0 -3.36 -15.75 0 -4.41 -14.38 0 -4.72 -14.4 0 -3.89
4 14 -.02 0 -5.07 .09 0 -2.58 -2.73 0 -1.32 -3.27 0 -3.76
4 14 15.44 0 11.25 14.12 0 9.7 14.86 0 2.37 16.24 0 3.07
4 14 20.45 0 15.39 19.7 0 13.46 20.1 0 11.51 21.24 0 12.92
4 14 18.14 0 2.12 18.26 0 1.35 18.64 0 .59 18.96 0 1.37
4 14 17.77 0 13.22 17.2 0 12.9 17.59 0 12.42 17.73 0 12.75
4 14 -2.19 0 -9.68 -1.76 0 -9.61 -1.5 0 -9.42 -2.68 0 -9.33
3 14 -1.5 0 -9.42 -1.14 0 -8.94 -2.68 0 -9.33
4 14 -2.68 0 -9.33 -1.14 0 -8.94 -.67 0 -7.98 -3.13 0 -8.21
4 14 -3.13 0 -8.21 -.67 0 -7.98 -.28 0 -6.55 -3.38 0 -6.54
4 14 -3.38 0 -6.54 -.28 0 -6.55 -.02 0 -5.07 -3.35 0 -4.82
3 14 -.02 0 -5.07 -3.27 0 -3.76 -3.35 0 -4.82
4 14 -.15 0 -.9 -.44 0 .11 -.64 0 .42 -2.09 0 .11
4 14 -1 0 .72 -1.46 0 .72 -2.09 0 .11 -.64 0 .42
4 14 .09 0 -2.58 -.15 0 -.9 -2.09 0 .11 -2.73 0 -1.32
3 14 14.86 0 -1.8 14.81 0 -2.55 16.37 0 -2.72
4 14 16.37 0 .41 14.92 0 -.63 14.86 0 -1.8 16.37 0 -2.72
4 14 15 0 13.76 13.42 0 13.48 14.12 0 9.7 15.44 0 11.25
4 14 15 0 13.76 14.32 0 16.57 13.34 0 16.5 13.42 0 13.48
3 14 13.34 0 16.5 12.62 0 16.37 13.42 0 13.48
4 14 16.24 0 3.07 14.86 0 2.37 14.92 0 -.63 16.37 0 .41
4 14 22.06 0 -1.76 22.12 0 -1.54 20.55 0 -2.27 21.86 0 -1.89
4 14 20.76 0 2.27 20.55 0 -2.27 22.12 0 -1.54 22.21 0 1.44
4 14 20.68 0 6.37 20.76 0 2.27 22.21 0 1.44 22.17 0 4.49
4 14 21.24 0 12.92 20.1 0 11.51 20.45 0 9.02 21.83 0 9.46
4 14 18.75 0 16.55 19.03 0 15.88 20.45 0 15.39 19.79 0 16.5
3 14 19.7 0 13.46 20.45 0 15.39 19.03 0 15.88
4 14 22.17 0 4.49 21.83 0 9.46 20.45 0 9.02 20.68 0 6.37
4 14 18.75 0 2.59 18.14 0 2.12 18.96 0 1.37 18.97 0 2.46
3 14 18.75 0 2.59 18.18 0 2.54 18.14 0 2.12
4 14 18.58 0 8.59 17.85 0 8.55 17.82 0 8.15 18.66 0 8.42
4 14 18.66 0 8.42 17.82 0 8.15 17.95 0 7.37 18.63 0 7.29
3 14 17.95 0 7.37 18.35 0 6.59 18.63 0 7.29
4 14 17.77 0 13.22 17.62 0 14.29 17.42 0 14.42 16.9 0 13.56
4 14 16.77 0 14.24 16.9 0 13.56 17.42 0 14.42 16.96 0 14.37
3 14 16.9 0 13.56 17.2 0 12.9 17.77 0 13.22
4 16 -27.24 0 7.69 -27.24 0 4.63 -27.14 0 5.2 -27.14 0 7.13
4 16 26.23 0 17.8 26.23 0 15.97 26.54 0 16.35 26.54 0 17.41
4 16 27.57 0 -1.5 27.48 0 -2.07 27.48 0 -4 27.57 0 -4.57
4 16 -25.89 0 -11.61 -25.89 0 -9.78 -26.2 0 -10.17 -26.2 0 -11.22
4 16 -25.89 0 -8.55 -25.89 0 -6.71 -26.2 0 -7.1 -26.2 0 -8.16
4 16 -25.89 0 -2.42 -25.89 0 -.58 -26.2 0 -.97 -26.2 0 -2.03
4 16 -25.89 0 12.91 -25.89 0 14.74 -26.2 0 14.35 -26.2 0 13.29
4 16 -26.2 0 16.35 -25.89 0 15.97 -25.89 0 17.8 -26.2 0 17.41
4 16 -17.34 0 11.54 -15.85 0 12.22 -16.11 0 12.98 -17.59 0 12.48
4 16 -20.54 0 15.17 -20.96 0 14.39 -20.88 0 13.68 -18.91 0 14.14
4 16 -7.03 0 12.11 -4.56 0 15 -6.33 0 14.76 -7.24 0 13.24
4 16 25.83 0 12.69 26.23 0 12.91 26.23 0 14.74 25.83 0 14.96
4 16 26.23 0 8.61 26.23 0 6.78 26.54 0 7.16 26.54 0 8.22
4 16 26.23 0 5.55 26.23 0 3.71 26.54 0 4.1 26.54 0 5.16
4 16 25.39 0 .37 25.83 0 .43 25.83 0 2.7 25.39 0 2.76
4 16 26.23 0 -.58 26.23 0 -2.42 26.54 0 -2.03 26.54 0 -.97
4 16 26.23 0 -6.71 26.23 0 -8.55 26.54 0 -8.16 26.54 0 -7.1
4 16 -2.06 0 -11.17 -1.61 0 -11.03 -1.76 0 -9.61 -2.19 0 -9.68
4 16 1.1 0 -2.41 2.07 0 -2.94 2.57 0 -2.85 1.2 0 -1.64
4 16 -1.3 0 -12.2 -1.44 0 -12.91 1.25 0 -14.16 1.66 0 -13.64
4 16 14.12 0 9.7 12.29 0 6.28 12.15 0 5.46 14.86 0 2.37
4 16 20.1 0 11.51 18.4 0 11.6 17.92 0 10.98 18.74 0 9.63
4 16 14.32 0 16.57 16.93 0 15.42 17.68 0 15.45 18.75 0 16.55
4 16 -17.66 0 -3.5 -15.81 0 -2.63 -17.28 0 -1.07 -17.56 0 -1.88
4 16 -30 0 -20 -27.24 0 -13.76 -27.14 0 -13.19 -27.24 0 -10.7
3 16 27.48 0 17.45 27.57 0 16.88 30 0 20
3 16 27.24 0 17.97 27.48 0 17.45 30 0 20
3 16 -26.91 0 -12.68 -26.6 0 -12.23 -26.91 0 -11.78
4 16 -27.14 0 -11.26 -27.14 0 -13.19 -26.91 0 -12.68 -26.91 0 -11.78
3 16 26.93 0 18.41 27.24 0 17.97 30 0 20
3 16 26.45 0 18.73 26.93 0 18.41 30 0 20
3 16 -27.14 0 -13.19 -27.14 0 -11.26 -27.24 0 -10.7
3 16 25.76 0 18.86 26.45 0 18.73 30 0 20
4 16 -30 0 -20 -27.24 0 -10.7 -27.14 0 -10.13 -27.24 0 -7.63
4 16 25.76 0 18.86 30 0 20 -30 0 20 -25.43 0 18.86
3 16 -26.12 0 18.73 -25.43 0 18.86 -30 0 20
3 16 -26.91 0 -9.61 -26.6 0 -9.16 -26.91 0 -8.71
4 16 -27.14 0 -10.13 -26.91 0 -9.61 -26.91 0 -8.71 -27.14 0 -8.2
3 16 -26.6 0 18.41 -26.12 0 18.73 -30 0 20
3 16 -26.91 0 17.97 -26.6 0 18.41 -30 0 20
3 16 -27.14 0 -10.13 -27.14 0 -8.2 -27.24 0 -7.63
3 16 -27.14 0 17.45 -26.91 0 17.97 -30 0 20
3 16 -27.24 0 16.88 -27.14 0 17.45 -30 0 20
4 16 -27.14 0 -4 -27.24 0 -1.5 -30 0 -20 -27.24 0 -4.57
4 16 -30 0 -20 -27.24 0 -7.63 -27.14 0 -7.06 -27.24 0 -4.57
3 16 -26.91 0 14.91 -26.6 0 15.35 -26.91 0 15.8
4 16 -27.24 0 16.88 -30 0 20 -27.14 0 14.39 -27.14 0 16.32
4 16 -26.91 0 15.8 -27.14 0 16.32 -27.14 0 14.39 -26.91 0 14.91
3 16 -26.91 0 -6.55 -26.6 0 -6.1 -26.91 0 -5.65
4 16 -26.91 0 -5.65 -27.14 0 -5.13 -27.14 0 -7.06 -26.91 0 -6.55
3 16 -27.14 0 -7.06 -27.14 0 -5.13 -27.24 0 -4.57
3 16 -27.24 0 13.82 -27.14 0 14.39 -30 0 20
3 16 -27.24 0 13.82 -30 0 20 -27.24 0 10.76
3 16 -26.91 0 -3.48 -26.6 0 -3.03 -26.91 0 -2.58
3 16 -26.91 0 11.84 -26.6 0 12.29 -26.91 0 12.74
4 16 -26.91 0 12.74 -27.14 0 13.26 -27.14 0 11.33 -26.91 0 11.84
4 16 -27.24 0 13.82 -27.24 0 10.76 -27.14 0 11.33 -27.14 0 13.26
4 16 -26.91 0 -2.58 -27.14 0 -2.07 -27.14 0 -4 -26.91 0 -3.48
3 16 -27.14 0 -4 -27.14 0 -2.07 -27.24 0 -1.5
4 16 -27.14 0 8.26 -27.14 0 10.19 -27.24 0 10.76 -27.24 0 7.69
3 16 -27.24 0 10.76 -30 0 20 -27.24 0 7.69
4 16 -30 0 -20 -27.24 0 -1.5 -27.24 0 1.56 -30 0 20
4 16 -27.14 0 1 -27.24 0 1.56 -27.24 0 -1.5 -27.14 0 -.93
3 16 -26.91 0 -.42 -26.6 0 .03 -26.91 0 .48
3 16 -26.91 0 8.78 -26.6 0 9.22 -26.91 0 9.68
4 16 -26.91 0 8.78 -26.91 0 9.68 -27.14 0 10.19 -27.14 0 8.26
4 16 -26.91 0 .48 -27.14 0 1 -27.14 0 -.93 -26.91 0 -.42
3 16 -27.24 0 7.69 -30 0 20 -27.24 0 4.63
4 16 -27.14 0 2.13 -27.24 0 4.63 -30 0 20 -27.24 0 1.56
3 16 -27.24 0 4.63 -27.14 0 2.13 -27.14 0 4.06
3 16 -26.91 0 2.65 -26.6 0 3.1 -26.91 0 3.55
4 16 -27.14 0 2.13 -26.91 0 2.65 -26.91 0 3.55 -27.14 0 4.06
3 16 -26.91 0 5.71 -26.6 0 6.16 -26.91 0 6.61
4 16 -26.91 0 5.71 -26.91 0 6.61 -27.14 0 7.13 -27.14 0 5.2
3 16 26.54 0 16.35 26.67 0 16.88 26.54 0 17.41
4 16 25.83 0 15.75 25.83 0 18.02 25.39 0 18.08 25.39 0 15.69
4 16 25.83 0 18.02 25.83 0 15.75 26.23 0 15.97 26.23 0 17.8
3 16 27.24 0 15.8 26.94 0 15.35 27.24 0 14.91
4 16 27.48 0 14.39 27.48 0 16.32 27.24 0 15.8 27.24 0 14.91
4 16 27.48 0 14.39 30 0 20 27.57 0 16.88 27.48 0 16.32
3 16 27.48 0 14.39 27.57 0 13.82 30 0 20
4 16 27.57 0 1.56 27.57 0 -1.5 30 0 -20 30 0 20
4 16 -27.14 0 -16.26 -27.14 0 -14.33 -27.24 0 -13.76 -30 0 -20
3 16 -26.91 0 -15.74 -26.6 0 -15.29 -26.91 0 -14.84
4 16 30 0 20 27.57 0 13.82 27.48 0 13.26 27.57 0 10.76
4 16 -27.14 0 -14.33 -27.14 0 -16.26 -26.91 0 -15.74 -26.91 0 -14.84
3 16 27.24 0 12.74 26.94 0 12.29 27.24 0 11.84
4 16 27.24 0 12.74 27.24 0 11.84 27.48 0 11.33 27.48 0 13.26
3 16 -27.24 0 -16.82 -27.14 0 -16.26 -30 0 -20
3 16 -27.14 0 -17.39 -27.24 0 -16.82 -30 0 -20
3 16 27.48 0 13.26 27.48 0 11.33 27.57 0 10.76
3 16 -26.91 0 -17.91 -27.14 0 -17.39 -30 0 -20
3 16 -26.6 0 -18.35 -26.91 0 -17.91 -30 0 -20
4 16 30 0 20 27.57 0 10.76 27.48 0 10.19 27.57 0 7.69
3 16 -26.12 0 -18.67 -26.6 0 -18.35 -30 0 -20
3 16 -25.43 0 -18.8 -26.12 0 -18.67 -30 0 -20
3 16 27.24 0 9.68 26.94 0 9.22 27.24 0 8.78
4 16 27.48 0 10.19 27.24 0 9.68 27.24 0 8.78 27.48 0 8.26
4 16 -30 0 -20 30 0 -20 25.76 0 -18.8 -25.43 0 -18.8
3 16 27.48 0 10.19 27.48 0 8.26 27.57 0 7.69
3 16 26.45 0 -18.67 25.76 0 -18.8 30 0 -20
3 16 26.93 0 -18.35 26.45 0 -18.67 30 0 -20
3 16 30 0 20 27.57 0 4.63 27.57 0 1.56
4 16 30 0 20 27.57 0 7.69 27.48 0 7.13 27.57 0 4.63
3 16 27.24 0 -17.91 26.93 0 -18.35 30 0 -20
3 16 27.48 0 -17.39 27.24 0 -17.91 30 0 -20
3 16 27.24 0 6.61 26.94 0 6.16 27.24 0 5.71
4 16 27.48 0 7.13 27.24 0 6.61 27.24 0 5.71 27.48 0 5.2
3 16 27.57 0 -16.82 27.48 0 -17.39 30 0 -20
3 16 27.48 0 7.13 27.48 0 5.2 27.57 0 4.63
4 16 27.24 0 -14.84 27.24 0 -15.74 27.48 0 -16.26 27.48 0 -14.33
4 16 27.57 0 -16.82 30 0 -20 27.48 0 -14.33 27.48 0 -16.26
3 16 27.24 0 -14.84 26.94 0 -15.29 27.24 0 -15.74
4 16 27.48 0 2.13 27.57 0 1.56 27.57 0 4.63 27.48 0 4.06
3 16 27.57 0 -13.76 27.48 0 -14.33 30 0 -20
3 16 27.24 0 3.55 26.94 0 3.1 27.24 0 2.65
4 16 27.48 0 4.06 27.24 0 3.55 27.24 0 2.65 27.48 0 2.13
4 16 27.57 0 -10.7 27.48 0 -11.26 27.48 0 -13.19 27.57 0 -13.76
3 16 27.57 0 -13.76 30 0 -20 27.57 0 -10.7
3 16 27.24 0 -11.78 26.94 0 -12.23 27.24 0 -12.68
4 16 27.24 0 -12.68 27.48 0 -13.19 27.48 0 -11.26 27.24 0 -11.78
4 16 27.48 0 -.93 27.57 0 -1.5 27.57 0 1.56 27.48 0 1
3 16 27.57 0 -10.7 30 0 -20 27.57 0 -7.63
4 16 27.48 0 -10.13 27.57 0 -10.7 27.57 0 -7.63 27.48 0 -8.2
3 16 27.24 0 -8.71 26.94 0 -9.16 27.24 0 -9.61
4 16 27.24 0 -9.61 27.48 0 -10.13 27.48 0 -8.2 27.24 0 -8.71
3 16 27.24 0 .48 26.94 0 .03 27.24 0 -.42
4 16 27.24 0 -.42 27.48 0 -.93 27.48 0 1 27.24 0 .48
4 16 27.57 0 -4.57 27.48 0 -5.13 27.48 0 -7.06 27.57 0 -7.63
3 16 27.57 0 -7.63 30 0 -20 27.57 0 -4.57
3 16 27.24 0 -5.65 26.94 0 -6.1 27.24 0 -6.55
4 16 27.24 0 -6.55 27.48 0 -7.06 27.48 0 -5.13 27.24 0 -5.65
3 16 30 0 -20 27.57 0 -1.5 27.57 0 -4.57
3 16 27.24 0 -2.58 26.94 0 -3.03 27.24 0 -3.48
4 16 27.24 0 -3.48 27.48 0 -4 27.48 0 -2.07 27.24 0 -2.58
3 16 -26.2 0 -13.23 -26.34 0 -13.76 -26.2 0 -14.29
4 16 -26.2 0 -13.23 -26.2 0 -14.29 -25.89 0 -14.68 -25.89 0 -12.84
4 16 -25.49 0 -12.63 -25.49 0 -14.89 -25.05 0 -14.95 -25.05 0 -12.57
4 16 -25.49 0 -14.89 -25.49 0 -12.63 -25.89 0 -12.84 -25.89 0 -14.68
3 16 -26.2 0 -10.17 -26.34 0 -10.7 -26.2 0 -11.22
4 16 -25.49 0 -9.56 -25.49 0 -11.83 -25.05 0 -11.89 -25.05 0 -9.5
4 16 -25.49 0 -11.83 -25.49 0 -9.56 -25.89 0 -9.78 -25.89 0 -11.61
3 16 -26.2 0 -7.1 -26.34 0 -7.63 -26.2 0 -8.16
4 16 -25.49 0 -6.5 -25.49 0 -8.76 -25.05 0 -8.83 -25.05 0 -6.44
4 16 -25.49 0 -8.76 -25.49 0 -6.5 -25.89 0 -6.71 -25.89 0 -8.55
3 16 -26.2 0 -4.04 -26.34 0 -4.57 -26.2 0 -5.09
4 16 -26.2 0 -4.04 -26.2 0 -5.09 -25.89 0 -5.48 -25.89 0 -3.65
4 16 -25.49 0 -3.43 -25.49 0 -5.7 -25.05 0 -5.76 -25.05 0 -3.37
4 16 -25.49 0 -5.7 -25.49 0 -3.43 -25.89 0 -3.65 -25.89 0 -5.48
3 16 -26.2 0 -.97 -26.34 0 -1.5 -26.2 0 -2.03
4 16 -25.49 0 -.37 -25.49 0 -2.63 -25.05 0 -2.7 -25.05 0 -.31
4 16 -25.49 0 -2.63 -25.49 0 -.37 -25.89 0 -.58 -25.89 0 -2.42
3 16 -26.2 0 2.09 -26.34 0 1.56 -26.2 0 1.03
4 16 -26.2 0 2.09 -26.2 0 1.03 -25.89 0 .65 -25.89 0 2.48
4 16 -25.49 0 2.7 -25.49 0 .43 -25.05 0 .37 -25.05 0 2.76
4 16 -25.49 0 .43 -25.49 0 2.7 -25.89 0 2.48 -25.89 0 .65
3 16 -26.2 0 5.16 -26.34 0 4.63 -26.2 0 4.1
4 16 -26.2 0 5.16 -26.2 0 4.1 -25.89 0 3.71 -25.89 0 5.55
4 16 -25.49 0 5.76 -25.49 0 3.5 -25.05 0 3.43 -25.05 0 5.82
4 16 -25.49 0 3.5 -25.49 0 5.76 -25.89 0 5.55 -25.89 0 3.71
3 16 -26.2 0 8.22 -26.34 0 7.69 -26.2 0 7.16
4 16 -26.2 0 8.22 -26.2 0 7.16 -25.89 0 6.78 -25.89 0 8.61
4 16 -25.49 0 8.83 -25.49 0 6.56 -25.05 0 6.5 -25.05 0 8.89
4 16 -25.49 0 6.56 -25.49 0 8.83 -25.89 0 8.61 -25.89 0 6.78
3 16 -26.2 0 11.29 -26.34 0 10.76 -26.2 0 10.23
4 16 -26.2 0 11.29 -26.2 0 10.23 -25.89 0 9.84 -25.89 0 11.68
4 16 -25.49 0 11.89 -25.49 0 9.63 -25.05 0 9.56 -25.05 0 11.95
4 16 -25.49 0 9.63 -25.49 0 11.89 -25.89 0 11.68 -25.89 0 9.84
3 16 -26.2 0 14.35 -26.34 0 13.82 -26.2 0 13.29
4 16 -25.49 0 14.96 -25.49 0 12.69 -25.05 0 12.63 -25.05 0 15.02
4 16 -25.49 0 12.69 -25.49 0 14.96 -25.89 0 14.74 -25.89 0 12.91
3 16 -26.34 0 16.88 -26.2 0 16.35 -26.2 0 17.41
4 16 -25.49 0 15.75 -25.05 0 15.69 -25.05 0 18.08 -25.49 0 18.02
4 16 -25.49 0 15.75 -25.49 0 18.02 -25.89 0 17.8 -25.89 0 15.97
4 16 -17.59 0 14.09 -15.94 0 13.76 -17.06 0 15.15 -17.38 0 14.67
4 16 -15.94 0 13.76 -17.59 0 14.09 -17.66 0 13.46 -16.1 0 13.46
4 16 -17.59 0 12.48 -16.11 0 12.98 -16.1 0 13.46 -17.66 0 13.46
3 16 -16.63 0 15.46 -17.06 0 15.15 -15.94 0 13.76
3 16 -15.55 0 15.6 -16.31 0 15.59 -15.52 0 13.89
4 16 -15.55 0 15.6 -15.52 0 13.89 -14.2 0 14.72 -14.83 0 15.3
3 16 -15.13 0 13.61 -14.2 0 14.72 -15.52 0 13.89
4 16 -16.63 0 15.46 -15.94 0 13.76 -15.52 0 13.89 -16.31 0 15.59
4 16 -11.4 0 15.11 -12.44 0 13.94 -12.42 0 13.63 -11.01 0 14.33
4 16 -11.01 0 14.33 -12.42 0 13.63 -12.31 0 12.98 -10.81 0 12.86
4 16 -11.4 0 15.11 -12.19 0 15.5 -12.78 0 15.03 -12.78 0 14.81
3 16 -12.78 0 14.81 -12.44 0 13.94 -11.4 0 15.11
4 16 -12.01 0 15.61 -12.19 0 15.5 -11.4 0 15.11 -11.76 0 15.59
4 16 -12.65 0 11.76 -11.12 0 11.23 -10.87 0 12.17 -12.42 0 12.25
4 16 -14.2 0 14.72 -15.13 0 13.61 -14.63 0 12.52 -13.45 0 13.16
4 16 -13.45 0 13.16 -14.63 0 12.52 -14.4 0 11.29 -12.98 0 11.55
4 16 -10.81 0 12.86 -12.31 0 12.98 -12.42 0 12.25 -10.87 0 12.17
3 16 -12.65 0 11.76 -12.98 0 11.55 -11.12 0 11.23
4 16 -12.25 0 9.9 -14.4 0 11.29 -14.46 0 9.5 -13.11 0 9.55
3 16 -12.25 0 9.9 -11.53 0 10.46 -14.4 0 11.29
4 16 -12.98 0 11.55 -14.4 0 11.29 -11.53 0 10.46 -11.12 0 11.23
4 16 -16.08 0 10.26 -15.42 0 9.83 -14.46 0 9.5 -14.4 0 11.29
3 16 -15.48 0 11.76 -16.08 0 10.26 -14.4 0 11.29
3 16 -17.34 0 11.54 -16.63 0 10.72 -15.85 0 12.22
4 16 -16.08 0 10.26 -15.48 0 11.76 -15.85 0 12.22 -16.63 0 10.72
3 16 -18.94 0 12.47 -18.91 0 14.14 -20.88 0 13.68
3 16 -20.54 0 15.17 -20.92 0 15.22 -20.96 0 14.39
4 16 -7.03 0 12.11 -7.88 0 11.31 -8.14 0 10.59 -8.11 0 9.84
4 16 -7.03 0 12.11 -8.11 0 9.84 -7.65 0 8.93 -5.31 0 8.41
4 16 -6.9 0 8.37 -5.99 0 8.24 -5.31 0 8.41 -7.65 0 8.93
3 16 -5.99 0 8.24 -5.68 0 8.24 -5.31 0 8.41
4 16 -3.65 0 14.55 -7.03 0 12.11 -5.31 0 8.41 -1.59 0 10.35
3 16 -3.65 0 14.55 -4.56 0 15 -7.03 0 12.11
3 16 -4.56 0 15 -5.51 0 15.11 -6.33 0 14.76
4 16 -6.33 0 14.76 -6.96 0 14.15 -7.13 0 13.81 -7.24 0 13.24
4 16 25.83 0 14.96 25.39 0 15.02 25.39 0 12.63 25.83 0 12.69
3 16 26.54 0 13.29 26.67 0 13.82 26.54 0 14.35
4 16 26.54 0 13.29 26.54 0 14.35 26.23 0 14.74 26.23 0 12.91
3 16 26.54 0 10.23 26.67 0 10.76 26.54 0 11.29
4 16 26.54 0 10.23 26.54 0 11.29 26.23 0 11.68 26.23 0 9.84
4 16 26.23 0 9.84 26.23 0 11.68 25.83 0 11.89 25.83 0 9.63
4 16 25.39 0 11.95 25.39 0 9.56 25.83 0 9.63 25.83 0 11.89
3 16 26.54 0 7.16 26.67 0 7.69 26.54 0 8.22
4 16 25.83 0 6.56 25.83 0 8.83 25.39 0 8.89 25.39 0 6.5
4 16 25.83 0 8.83 25.83 0 6.56 26.23 0 6.78 26.23 0 8.61
3 16 26.54 0 4.1 26.67 0 4.63 26.54 0 5.16
4 16 26.23 0 3.71 26.23 0 5.55 25.83 0 5.76 25.83 0 3.5
4 16 25.39 0 5.82 25.39 0 3.43 25.83 0 3.5 25.83 0 5.76
3 16 26.54 0 1.03 26.67 0 1.56 26.54 0 2.09
4 16 26.54 0 1.03 26.54 0 2.09 26.23 0 2.48 26.23 0 .65
4 16 26.23 0 .65 26.23 0 2.48 25.83 0 2.7 25.83 0 .43
3 16 26.54 0 -2.03 26.67 0 -1.5 26.54 0 -.97
4 16 26.23 0 -2.42 26.23 0 -.58 25.83 0 -.37 25.83 0 -2.63
4 16 25.39 0 -.31 25.39 0 -2.7 25.83 0 -2.63 25.83 0 -.37
3 16 26.54 0 -5.09 26.67 0 -4.57 26.54 0 -4.04
4 16 26.54 0 -5.09 26.54 0 -4.04 26.23 0 -3.65 26.23 0 -5.48
4 16 26.23 0 -5.48 26.23 0 -3.65 25.83 0 -3.43 25.83 0 -5.7
4 16 25.39 0 -3.37 25.39 0 -5.76 25.83 0 -5.7 25.83 0 -3.43
3 16 26.54 0 -8.16 26.67 0 -7.63 26.54 0 -7.1
4 16 26.23 0 -8.55 26.23 0 -6.71 25.83 0 -6.5 25.83 0 -8.76
4 16 25.39 0 -6.44 25.39 0 -8.83 25.83 0 -8.76 25.83 0 -6.5
3 16 26.54 0 -11.22 26.67 0 -10.7 26.54 0 -10.17
4 16 26.54 0 -11.22 26.54 0 -10.17 26.23 0 -9.78 26.23 0 -11.61
4 16 25.83 0 -11.83 25.83 0 -9.56 25.39 0 -9.5 25.39 0 -11.89
4 16 25.83 0 -9.56 25.83 0 -11.83 26.23 0 -11.61 26.23 0 -9.78
3 16 26.54 0 -14.29 26.67 0 -13.76 26.54 0 -13.23
4 16 26.54 0 -14.29 26.54 0 -13.23 26.23 0 -12.84 26.23 0 -14.68
4 16 26.23 0 -14.68 26.23 0 -12.84 25.83 0 -12.63 25.83 0 -14.89
4 16 25.39 0 -12.57 25.39 0 -14.95 25.83 0 -14.89 25.83 0 -12.63
3 16 26.54 0 -17.35 26.67 0 -16.82 26.54 0 -16.3
4 16 26.54 0 -17.35 26.54 0 -16.3 26.23 0 -15.91 26.23 0 -17.74
4 16 25.83 0 -17.96 25.83 0 -15.69 25.39 0 -15.63 25.39 0 -18.02
4 16 25.83 0 -15.69 25.83 0 -17.96 26.23 0 -17.74 26.23 0 -15.91
3 16 -26.34 0 -16.82 -26.2 0 -17.35 -26.2 0 -16.3
4 16 -25.89 0 -15.91 -26.2 0 -16.3 -26.2 0 -17.35 -25.89 0 -17.74
4 16 -25.89 0 -15.91 -25.89 0 -17.74 -25.49 0 -17.96 -25.49 0 -15.69
4 16 -25.05 0 -15.63 -25.49 0 -15.69 -25.49 0 -17.96 -25.05 0 -18.02
4 16 -16.25 0 -12.83 -16.5 0 -14.72 -14.69 0 -14.91 -15.32 0 -12.99
3 16 -15.32 0 -12.99 -14.69 0 -14.91 -14.43 0 -12.94
4 16 -11.26 0 -13.11 -13.18 0 -12.24 -12.61 0 -14.38 -11.91 0 -13.9
4 16 -13.18 0 -12.24 -11.26 0 -13.11 -10.91 0 -12.13 -12.87 0 -11.75
4 16 -12.87 0 -11.75 -10.91 0 -12.13 -10.78 0 -11.07 -12.66 0 -11.04
4 16 -11.55 0 -9.09 -12.65 0 -9.98 -10.94 0 -9.85 -11.18 0 -9.35
4 16 -11.55 0 -9.09 -12.64 0 -8.93 -12.88 0 -9.02 -12.65 0 -9.98
4 16 -10.78 0 -11.07 -10.94 0 -9.85 -12.65 0 -9.98 -12.66 0 -11.04
4 16 -13.61 0 -14.76 -12.61 0 -14.38 -13.18 0 -12.24 -13.75 0 -12.67
4 16 -16.79 0 -12.66 -17.63 0 -14.25 -16.5 0 -14.72 -16.25 0 -12.83
4 16 -17.63 0 -14.25 -16.79 0 -12.66 -17.57 0 -12.17 -18.57 0 -13.61
4 16 -18.12 0 -11.11 -19.76 0 -11.98 -19.33 0 -12.81 -17.91 0 -11.74
4 16 -19.76 0 -11.98 -18.12 0 -11.11 -18.08 0 -10.69 -19.97 0 -10.72
4 16 -18.08 0 -10.69 -17.82 0 -10.29 -19.25 0 -8.74 -19.74 0 -9.47
3 16 -19.74 0 -9.47 -19.97 0 -10.72 -18.08 0 -10.69
3 16 -18.38 0 -8.33 -19.25 0 -8.74 -17.82 0 -10.29
4 16 -17.53 0 -10.18 -16.6 0 -9.2 -16.63 0 -8.63 -16.94 0 -8.44
3 16 -17.53 0 -10.18 -16.7 0 -10.24 -16.6 0 -9.2
4 16 -16.94 0 -8.44 -18.38 0 -8.33 -17.82 0 -10.29 -17.53 0 -10.18
4 16 -14.69 0 -14.91 -13.61 0 -14.76 -13.75 0 -12.67 -14.43 0 -12.94
4 16 -18.57 0 -13.61 -17.57 0 -12.17 -17.91 0 -11.74 -19.33 0 -12.81
3 16 -2.83 0 -15.19 -2.41 0 -15.66 -1.64 0 -14.62
4 16 -3.29 0 -14.27 -2.83 0 -15.19 -1.64 0 -14.62 -2.02 0 -14.05
4 16 -1.64 0 -14.62 -2.41 0 -15.66 -1.43 0 -16.33 -1.14 0 -15.01
4 16 -.02 0 -16.63 -.21 0 -15.34 -1.14 0 -15.01 -1.43 0 -16.33
4 16 -.21 0 -15.34 -.02 0 -16.63 .81 0 -16.59 .69 0 -15.29
4 16 1.69 0 -14.82 .69 0 -15.29 .81 0 -16.59 1.64 0 -16.32
4 16 2.3 0 -14.09 1.69 0 -14.82 1.64 0 -16.32 2.8 0 -15.53
4 16 4.02 0 -13.21 2.3 0 -14.09 2.8 0 -15.53 3.49 0 -14.58
3 16 2.3 0 -14.09 4.02 0 -13.21 2.88 0 -12.55
4 16 4.02 0 -13.21 4.27 0 -12.25 4.26 0 -12.07 2.88 0 -12.55
4 16 -3.47 0 -13.55 -3.29 0 -14.27 -2.02 0 -14.05 -2.22 0 -13.29
3 16 -2.12 0 -11.98 -3.27 0 -11.55 -3.47 0 -12.37
4 16 -3.47 0 -13.55 -2.22 0 -13.29 -2.12 0 -11.98 -3.47 0 -12.37
4 16 -2.68 0 -9.33 -3.13 0 -8.21 -4.05 0 -8.19 -3.75 0 -9.42
4 16 -4.23 0 -5.9 -4.05 0 -8.19 -3.13 0 -8.21 -3.38 0 -6.54
4 16 -2.19 0 -9.68 -2.68 0 -9.33 -3.75 0 -9.42 -3.46 0 -10.17
4 16 -2.62 0 -11.07 -2.19 0 -9.68 -3.46 0 -10.17 -3.11 0 -10.72
3 16 -2.62 0 -11.07 -2.06 0 -11.17 -2.19 0 -9.68
4 16 -1.61 0 -11.03 -.66 0 -10.2 -1.5 0 -9.42 -1.76 0 -9.61
3 16 -1.5 0 -9.42 -.66 0 -10.2 -1.14 0 -8.94
3 16 -.25 0 -10.42 -1.06 0 -11.4 1.46 0 -11.81
4 16 .37 0 -8.82 .06 0 -9.73 1.46 0 -11.81 2.78 0 -11.72
4 16 2.18 0 -7.34 2.78 0 -11.72 4.59 0 -10.98 2.66 0 -7.3
4 16 2.66 0 -7.3 4.59 0 -10.98 5.79 0 -9.95 4.57 0 -7.33
4 16 4.57 0 -7.33 5.79 0 -9.95 6.4 0 -9.15 5.1 0 -7.39
4 16 5.81 0 -7.08 5.1 0 -7.39 6.4 0 -9.15 6.86 0 -8.24
4 16 6.33 0 -6.41 5.81 0 -7.08 6.86 0 -8.24 7.17 0 -7.15
4 16 6.57 0 -5.53 6.33 0 -6.41 7.17 0 -7.15 7.43 0 -5.64
3 16 -.25 0 -10.42 1.46 0 -11.81 .06 0 -9.73
4 16 2.78 0 -11.72 2.18 0 -7.34 .44 0 -8.11 .37 0 -8.82
3 16 4.57 0 -7.33 3.9 0 -6.89 2.66 0 -7.3
4 16 1.76 0 -7.2 1.47 0 -6.74 -.28 0 -6.55 .44 0 -8.11
3 16 2.18 0 -7.34 1.76 0 -7.2 .44 0 -8.11
4 16 -.28 0 -6.55 -.67 0 -7.98 .31 0 -8.2 .44 0 -8.11
4 16 -.66 0 -10.2 .31 0 -8.2 -.67 0 -7.98 -1.14 0 -8.94
4 16 .71 0 -.71 -.15 0 -.9 .09 0 -2.58 .97 0 -2.33
4 16 .18 0 .94 -.44 0 .11 -.15 0 -.9 .71 0 -.71
4 16 -.16 0 1.52 -.65 0 2 -1.34 0 2.21 -1 0 .72
4 16 -1.9 0 1.96 -1.46 0 .72 -1 0 .72 -1.34 0 2.21
4 16 -2.09 0 .11 -1.46 0 .72 -1.9 0 1.96 -2.68 0 1.02
3 16 -2.68 0 1.02 -3.24 0 -.16 -2.09 0 .11
4 16 -2.09 0 .11 -3.24 0 -.16 -3.65 0 -1.46 -2.73 0 -1.32
4 16 -4.06 0 -3.46 -3.27 0 -3.76 -2.73 0 -1.32 -3.65 0 -1.46
3 16 -4.23 0 -5.9 -3.38 0 -6.54 -3.35 0 -4.82
4 16 .18 0 .94 -.16 0 1.52 -1 0 .72 -.64 0 .42
4 16 -4.23 0 -5.9 -3.35 0 -4.82 -3.27 0 -3.76 -4.06 0 -3.46
3 16 -.64 0 .42 -.44 0 .11 .18 0 .94
4 16 1.88 0 -4.03 1.72 0 -3.44 .09 0 -2.58 -.02 0 -5.07
4 16 .97 0 -2.33 .09 0 -2.58 1.72 0 -3.44 1.1 0 -2.41
3 16 -.28 0 -6.55 1.47 0 -6.74 1.54 0 -6.18
4 16 -.28 0 -6.55 1.54 0 -6.18 1.69 0 -6.02 -.02 0 -5.07
4 16 1.88 0 -4.03 1.69 0 -6.02 2.9 0 -6.03 2.1 0 -4.14
4 16 3.47 0 -4.42 2.9 0 -6.03 3.47 0 -5.91 3.63 0 -4.68
3 16 -.02 0 -5.07 1.69 0 -6.02 1.88 0 -4.03
3 16 2.1 0 -4.14 2.9 0 -6.03 3.47 0 -4.42
3 16 3.63 0 -4.68 3.64 0 -4.5 3.47 0 -4.42
3 16 2.23 0 2.21 .18 0 2.2 .77 0 .98
4 16 1.2 0 -1.64 5.08 0 1.19 3.45 0 2.03 1 0 .02
4 16 .77 0 .98 1 0 .02 3.45 0 2.03 2.23 0 2.21
4 16 6.7 0 -.5 6.07 0 .32 4.62 0 -3.4 5.19 0 -3.28
3 16 6.98 0 -1.08 6.7 0 -.5 5.19 0 -3.28
4 16 6.98 0 -1.08 5.19 0 -3.28 5.95 0 -3.64 7.42 0 -2.63
4 16 5.95 0 -3.64 6.36 0 -4.15 7.53 0 -4.24 7.42 0 -2.63
4 16 7.53 0 -4.24 6.57 0 -4.82 6.57 0 -5.53 7.43 0 -5.64
3 16 6.36 0 -4.15 6.57 0 -4.82 7.53 0 -4.24
4 16 4.24 0 -3.63 4.62 0 -3.4 6.07 0 .32 3.1 0 -2.99
3 16 1.1 0 -2.41 1.72 0 -3.44 2.07 0 -2.94
3 16 5.08 0 1.19 1.2 0 -1.64 2.57 0 -2.85
4 16 6.07 0 .32 5.08 0 1.19 2.57 0 -2.85 3.1 0 -2.99
4 16 5.78 0 -11.11 6 0 -11.37 6.39 0 -11.54 6.92 0 -11.31
4 16 5.78 0 -11.11 6.92 0 -11.31 7.45 0 -10.89 6.79 0 -9.98
4 16 7.59 0 -8.51 6.79 0 -9.98 7.45 0 -10.89 8.24 0 -9.73
4 16 8 0 -7.03 7.59 0 -8.51 8.24 0 -9.73 8.95 0 -8.02
4 16 8.25 0 -5.38 8 0 -7.03 8.95 0 -8.02 9.43 0 -5.89
4 16 7.55 0 -.37 7.99 0 -1.5 8.87 0 -.98 8.44 0 -.42
4 16 8.44 0 -.42 8.01 0 -.2 7.73 0 -.21 7.55 0 -.37
4 16 9.33 0 -2.2 8.24 0 -2.89 8.31 0 -4.15 9.54 0 -3.92
4 16 8.87 0 -.98 7.99 0 -1.5 8.24 0 -2.89 9.33 0 -2.2
4 16 9.43 0 -5.89 9.54 0 -3.92 8.31 0 -4.15 8.25 0 -5.38
4 16 5.38 0 -11.81 5.2 0 -12.15 4.52 0 -14.33 6.09 0 -12.17
4 16 5.81 0 -15.01 6.09 0 -12.17 4.52 0 -14.33 4.98 0 -14.72
4 16 6.77 0 -14.89 6.09 0 -12.17 5.81 0 -15.01 6.3 0 -15.03
4 16 8.25 0 -11.01 7.55 0 -11.7 8.83 0 -13.33 9.75 0 -11.91
4 16 10.09 0 -6.02 9.62 0 -8.15 11 0 -8.75 11.43 0 -6.81
4 16 10.18 0 -5.11 10.09 0 -6.02 11.43 0 -6.81 11.7 0 -4.67
4 16 10.12 0 -2.94 10.18 0 -5.11 11.7 0 -4.67 11.74 0 -3.42
4 16 9.76 0 -1.37 10.12 0 -2.94 11.74 0 -3.42 11.63 0 -1.94
4 16 9.4 0 -.5 9.76 0 -1.37 11.63 0 -1.94 11.44 0 -.72
4 16 6.76 0 2.8 8.01 0 .5 9.12 0 2.47 7.4 0 3.01
3 16 7.4 0 3.01 7.07 0 2.99 6.76 0 2.8
4 16 5.74 0 1.85 7.16 0 .28 8.01 0 .5 6.76 0 2.8
3 16 8.01 0 .5 8.39 0 .4 9.12 0 2.47
4 16 9.75 0 -11.91 10.49 0 -10.31 9.03 0 -9.65 8.25 0 -11.01
4 16 10.49 0 -10.31 11 0 -8.75 9.62 0 -8.15 9.03 0 -9.65
4 16 7.9 0 -14.28 6.79 0 -12.13 6.09 0 -12.17 6.77 0 -14.89
4 16 7.9 0 -14.28 8.83 0 -13.33 7.55 0 -11.7 6.79 0 -12.13
3 16 9.12 0 2.47 8.39 0 .4 8.95 0 .05
4 16 9.12 0 2.47 8.95 0 .05 9.4 0 -.5 11.44 0 -.72
3 16 1.66 0 -13.64 1.99 0 -12.68 -1.3 0 -12.2
4 16 -1.34 0 -13.67 -.91 0 -14.22 -.28 0 -14.52 -1.44 0 -12.91
4 16 -.28 0 -14.52 .61 0 -14.5 1.25 0 -14.16 -1.44 0 -12.91
3 16 10.61 0 3.23 9.68 0 3.18 11.36 0 .71
3 16 14.22 0 -2.27 14.81 0 -2.55 14.86 0 -1.8
4 16 14.22 0 -2.27 14.86 0 -1.8 14.92 0 -.63 13.38 0 -1.63
4 16 13.38 0 -1.63 14.92 0 -.63 14.86 0 2.37 11.36 0 .71
4 16 10.67 0 10.42 11.31 0 9.91 14.12 0 9.7 13.42 0 13.48
3 16 12.29 0 6.28 14.12 0 9.7 12.32 0 7.33
3 16 12.62 0 16.37 12.03 0 16.29 11.77 0 15.9
4 16 12.62 0 16.37 11.77 0 15.9 10.42 0 13.46 13.42 0 13.48
3 16 10.42 0 13.46 9.21 0 10.83 9.96 0 10.75
4 16 14.86 0 2.37 11.18 0 3.58 10.61 0 3.23 11.36 0 .71
3 16 11.53 0 3.98 11.18 0 3.58 14.86 0 2.37
4 16 9.96 0 10.75 10.67 0 10.42 13.42 0 13.48 10.42 0 13.46
3 16 11.9 0 4.69 11.53 0 3.98 14.86 0 2.37
3 16 11.31 0 9.91 11.83 0 9.2 14.12 0 9.7
3 16 11.83 0 9.2 12.32 0 7.33 14.12 0 9.7
3 16 12.15 0 5.46 11.9 0 4.69 14.86 0 2.37
4 16 14.32 0 16.57 15 0 13.76 15.75 0 13.91 15.68 0 14.63
4 16 16.41 0 12.43 15.95 0 13.25 15 0 13.76 15.44 0 11.25
3 16 15.75 0 13.91 15 0 13.76 15.95 0 13.25
4 16 16.77 0 8.6 16.86 0 9.15 17.14 0 11.61 15.44 0 11.25
3 16 17.75 0 9.63 18.74 0 9.63 17.92 0 10.98
4 16 20.45 0 9.02 20.1 0 11.51 18.74 0 9.63 19.53 0 9.24
3 16 19.7 0 13.46 18.72 0 13.51 18.68 0 12.44
4 16 19.7 0 13.46 18.68 0 12.44 18.4 0 11.6 20.1 0 11.51
3 16 17.14 0 11.61 16.41 0 12.43 15.44 0 11.25
4 16 16.86 0 9.15 17.75 0 9.63 17.92 0 10.98 17.14 0 11.61
4 16 18.72 0 13.51 19.7 0 13.46 19.03 0 15.88 18.53 0 14.52
4 16 17.68 0 15.45 18.21 0 15.34 19.03 0 15.88 18.75 0 16.55
3 16 18.53 0 14.52 19.03 0 15.88 18.21 0 15.34
3 16 14.32 0 16.57 15.68 0 14.63 16.33 0 15.22
3 16 14.32 0 16.57 16.33 0 15.22 16.93 0 15.42
4 16 19.96 0 2.28 20.76 0 2.27 20.68 0 6.37 19.86 0 3.15
4 16 19.53 0 9.24 19.63 0 8.13 20.68 0 6.37 20.45 0 9.02
3 16 20.68 0 6.37 19.63 0 8.13 19.53 0 6.97
3 16 20.68 0 6.37 19.53 0 6.97 19.12 0 5.87
4 16 19.86 0 3.15 20.68 0 6.37 19.12 0 5.87 19.64 0 3.39
4 16 18.47 0 5.16 19.1 0 3.59 19.64 0 3.39 19.12 0 5.87
4 16 18.19 0 5.31 18.15 0 3.59 19.1 0 3.59 18.47 0 5.16
3 16 17.16 0 3.11 17.69 0 3.46 16.24 0 3.07
4 16 18.15 0 3.59 18.19 0 5.31 16.24 0 3.07 17.69 0 3.46
3 16 18.19 0 5.31 17.42 0 6.33 16.24 0 3.07
4 16 17.02 0 7.13 16.81 0 7.82 15.44 0 11.25 16.24 0 3.07
3 16 17.02 0 7.13 16.24 0 3.07 17.42 0 6.33
3 16 16.81 0 7.82 16.77 0 8.6 15.44 0 11.25
4 16 17.16 0 3.11 16.24 0 3.07 16.37 0 .41 17.12 0 1.8
4 16 17.12 0 1.8 16.37 0 .41 16.37 0 -2.72 17.89 0 .07
4 16 17.89 0 .07 16.37 0 -2.72 18.24 0 -2.73 18.45 0 -.68
4 16 19.63 0 -2.52 18.74 0 -.89 18.45 0 -.68 18.24 0 -2.73
4 16 19.4 0 -.24 18.74 0 -.89 19.63 0 -2.52 20.55 0 -2.27
4 16 20.76 0 2.27 19.83 0 .76 19.4 0 -.24 20.55 0 -2.27
3 16 20.76 0 2.27 19.96 0 2.28 19.83 0 .76
4 16 5.68 0 6.76 5.68 0 6.37 6.09 0 5.92 6.17 0 7.03
4 16 6.57 0 5.78 6.8 0 5.91 6.98 0 6.16 6.09 0 5.92
4 16 6.65 0 6.95 6.09 0 5.92 6.98 0 6.16 6.94 0 6.6
3 16 6.65 0 6.95 6.17 0 7.03 6.09 0 5.92
3 16 7.73 0 5.94 7.54 0 5.66 7.55 0 5.11
4 16 7.73 0 5.94 7.55 0 5.11 7.9 0 4.75 8.21 0 6.11
4 16 9.18 0 6.13 8.21 0 6.11 7.9 0 4.75 8.74 0 4.41
4 16 9.91 0 5.87 9.18 0 6.13 8.74 0 4.41 9.6 0 4.37
4 16 10.44 0 5.49 9.91 0 5.87 9.6 0 4.37 10.32 0 4.61
4 16 10.54 0 5.33 10.44 0 5.49 10.32 0 4.61 10.56 0 4.97
4 16 -10.09 0 1.94 -10.07 0 1.44 -8.54 0 .89 -8.44 0 2.33
4 16 -8.77 0 3.5 -9.76 0 4.28 -11.04 0 2.76 -10.48 0 2.55
4 16 -13.44 0 4.98 -11.93 0 4.76 -11.93 0 6.81 -13.48 0 5.81
4 16 -13.44 0 7.55 -11.93 0 6.81 -11.96 0 7.41 -12.08 0 7.54
4 16 -9.76 0 4.28 -10.42 0 4.54 -11.93 0 4.76 -11.04 0 2.76
4 16 -8.54 0 .89 -10.07 0 1.44 -9.15 0 .19 -8.89 0 .38
4 16 -9.15 0 .19 -10.07 0 1.44 -10.28 0 .46 -10.12 0 .28
3 16 -13.48 0 5.81 -11.93 0 6.81 -13.44 0 7.55
3 16 -12.08 0 7.54 -13.34 0 7.72 -13.44 0 7.55
4 16 -14.46 0 5.18 -16.14 0 5.33 -16.3 0 5.28 -15.45 0 3.33
4 16 -14.33 0 5.04 -13.67 0 3.07 -11.93 0 4.76 -13.44 0 4.98
3 16 -10.09 0 1.94 -8.44 0 2.33 -10.23 0 2.32
3 16 -11.04 0 2.76 -11.93 0 4.76 -13.67 0 3.07
4 16 -8.44 0 2.33 -8.77 0 3.5 -10.48 0 2.55 -10.23 0 2.32
4 16 -14.46 0 5.18 -15.45 0 3.33 -13.67 0 3.07 -14.33 0 5.04
4 16 -18.18 0 5.5 -18.43 0 3.65 -15.45 0 3.33 -16.3 0 5.28
4 16 -14.63 0 1.33 -13.38 0 1.15 -13.18 0 1.24 -13.67 0 3.07
3 16 -15.27 0 2.94 -15.24 0 2.57 -13.67 0 3.07
4 16 -14.63 0 1.33 -13.67 0 3.07 -15.24 0 2.57 -14.77 0 1.48
4 16 -18.43 0 3.65 -18.18 0 5.5 -18.82 0 5.78 -19.61 0 4.12
3 16 -20.21 0 4.63 -19.61 0 4.12 -18.82 0 5.78
3 16 -15.45 0 3.33 -15.27 0 2.94 -13.67 0 3.07
4 16 -20.67 0 7.23 -20.78 0 6.31 -19.1 0 6.16 -19.12 0 6.69
4 16 -20.21 0 4.63 -18.82 0 5.78 -19.1 0 6.16 -20.6 0 5.4
3 16 -20.6 0 5.4 -19.1 0 6.16 -20.78 0 6.31
4 16 -15.12 0 6.71 -15.8 0 7.75 -17.08 0 6.78 -16.78 0 6.37
4 16 -17.86 0 7.21 -17.08 0 6.78 -15.8 0 7.75 -17.16 0 8.64
4 16 -19.71 0 8.58 -18.54 0 7.24 -18.09 0 8.9 -19.04 0 8.85
4 16 -18.91 0 7.03 -20.29 0 8.03 -20.67 0 7.23 -19.12 0 6.69
4 16 -17.16 0 8.64 -18.09 0 8.9 -18.54 0 7.24 -17.86 0 7.21
4 16 -20.29 0 8.03 -18.91 0 7.03 -18.54 0 7.24 -19.71 0 8.58
4 16 -16.14 0 5.33 -14.46 0 5.18 -15.12 0 6.71 -16.2 0 5.56
3 16 -15.12 0 6.71 -16.78 0 6.37 -16.2 0 5.56
4 16 -13.18 0 -7.47 -13.28 0 -5.59 -14.14 0 -5.62 -14.23 0 -7.41
4 16 -11.17 0 -6.68 -12.66 0 -5.27 -12.42 0 -7.37 -11.52 0 -6.97
4 16 -10.81 0 -5.59 -12.66 0 -5.27 -11.17 0 -6.68 -10.96 0 -6.23
3 16 -10.81 0 -5.59 -12.51 0 -4.93 -12.66 0 -5.27
3 16 -15.09 0 -7.11 -14.23 0 -7.41 -14.14 0 -5.62
4 16 -14.14 0 -5.62 -15.03 0 -5.23 -15.79 0 -6.69 -15.09 0 -7.11
3 16 -17.3 0 -4.82 -16.63 0 -5.98 -15.75 0 -4.41
4 16 -17.66 0 -3.5 -17.3 0 -4.82 -15.75 0 -4.41 -15.99 0 -3.36
4 16 -15.79 0 -6.69 -15.03 0 -5.23 -15.75 0 -4.41 -16.63 0 -5.98
4 16 -13.18 0 -7.47 -12.42 0 -7.37 -12.66 0 -5.27 -13.28 0 -5.59
4 16 -10.81 0 -5.59 -10.94 0 -4.78 -11.28 0 -4.09 -12.51 0 -4.93
4 16 -12.51 0 -4.93 -11.28 0 -4.09 -11.7 0 -3.63 -12.51 0 -4.51
4 16 -12.25 0 -3.25 -12.65 0 -4.16 -12.51 0 -4.51 -11.7 0 -3.63
3 16 -12.65 0 -4.16 -12.25 0 -3.25 -12.78 0 -3.97
4 16 -12.46 0 -2.99 -11.77 0 -2.87 -12.39 0 -1.07 -12.78 0 -1.2
4 16 -12.78 0 -3.97 -12.25 0 -3.25 -12.46 0 -2.99 -12.94 0 -3.8
4 16 -11.77 0 -2.87 -11.33 0 -2.64 -11.11 0 -2.41 -12.39 0 -1.07
4 16 -10.94 0 -1.37 -12.39 0 -1.07 -11.11 0 -2.41 -10.94 0 -2
4 16 -10.94 0 -1.37 -11.19 0 -.9 -11.39 0 -.68 -12.39 0 -1.07
4 16 -12.39 0 -.54 -12.39 0 -1.07 -11.39 0 -.68 -12 0 -.43
4 16 -12.94 0 -3.8 -12.46 0 -2.99 -12.78 0 -1.2 -14.13 0 -3.07
3 16 -17.66 0 -3.5 -15.99 0 -3.36 -15.81 0 -2.63
4 16 -17 0 -.63 -15.81 0 -2.63 -14.13 0 -3.07 -12.78 0 -1.2
3 16 -17 0 -.63 -17.28 0 -1.07 -15.81 0 -2.63
4 320 .69 0 -15.29 1.69 0 -14.82 1.25 0 -14.16 .61 0 -14.5
4 320 3.6 0 8.34 3.37 0 7.5 4.13 0 7.02 4.26 0 7.77
4 320 4.58 0 8.58 5.02 0 9.2 4.8 0 10.1 4.03 0 9.24
4 320 4.03 0 9.24 3.6 0 8.34 4.26 0 7.77 4.58 0 8.58
4 320 6.34 0 10.14 7.28 0 10.48 7.52 0 11.37 5.73 0 10.73
4 320 4.8 0 10.1 5.63 0 9.72 6.34 0 10.14 5.73 0 10.73
4 320 11.5 0 16.94 9.96 0 14.29 10.42 0 13.46 11.77 0 15.9
3 320 4.8 0 10.1 5.02 0 9.2 5.63 0 9.72
4 320 12.62 0 16.37 13.34 0 16.5 13.57 0 17.33 12.19 0 17.16
3 320 14.32 0 16.57 13.57 0 17.33 13.34 0 16.5
4 320 18.75 0 16.55 19.79 0 16.5 20.58 0 16.76 20.1 0 17.27
3 320 20.1 0 17.27 17.01 0 17.4 18.75 0 16.55
3 320 22.1 0 12.63 21.66 0 14.36 21.24 0 12.92
4 320 21.83 0 9.46 22.17 0 4.49 22.99 0 3.24 22.73 0 8.31
3 320 22.73 0 8.31 22.48 0 10.48 21.83 0 9.46
4 320 22.1 0 12.63 21.24 0 12.92 21.83 0 9.46 22.48 0 10.48
4 320 21.14 0 15.67 20.45 0 15.39 21.24 0 12.92 21.66 0 14.36
4 320 7.52 0 11.37 7.28 0 10.48 9.21 0 10.83 8.61 0 11.55
4 320 9.96 0 14.29 8.61 0 11.55 9.21 0 10.83 10.42 0 13.46
4 320 21.14 0 15.67 20.58 0 16.76 19.79 0 16.5 20.45 0 15.39
3 320 11.5 0 16.94 11.77 0 15.9 12.03 0 16.29
4 320 13.57 0 17.33 14.32 0 16.57 18.75 0 16.55 17.01 0 17.4
4 320 11.5 0 16.94 12.03 0 16.29 12.62 0 16.37 12.19 0 17.16
4 320 22.17 0 4.49 22.21 0 1.44 22.86 0 -2.16 22.99 0 3.24
3 320 22.86 0 -2.16 22.21 0 1.44 22.12 0 -1.54
4 320 22.86 0 -2.16 22.06 0 -1.76 21.86 0 -1.89 21.99 0 -2.69
4 320 14.22 0 -2.27 13.78 0 -2.92 14.86 0 -3.41 14.81 0 -2.55
4 320 14.81 0 -2.55 14.86 0 -3.41 16.69 0 -3.55 16.37 0 -2.72
4 320 20.55 0 -3.17 19.63 0 -2.52 18.24 0 -2.73 18.54 0 -3.5
4 320 20.55 0 -3.17 21.99 0 -2.69 21.86 0 -1.89 20.55 0 -2.27
3 320 22.86 0 -2.16 22.12 0 -1.54 22.06 0 -1.76
4 320 12.49 0 -4.24 12.46 0 -1.89 11.63 0 -1.94 11.74 0 -3.42
3 320 20.55 0 -3.17 20.55 0 -2.27 19.63 0 -2.52
4 320 11.63 0 -1.94 12.46 0 -1.89 13.38 0 -1.63 11.44 0 -.72
4 320 7.73 0 -.21 8.01 0 -.2 8.39 0 .4 8.01 0 .5
4 320 7.55 0 -.37 7.73 0 -.21 8.01 0 .5 7.16 0 .28
4 320 8.87 0 -.98 9.33 0 -2.2 10.12 0 -2.94 9.76 0 -1.37
3 320 9.76 0 -1.37 9.4 0 -.5 8.87 0 -.98
4 320 8.95 0 .05 8.44 0 -.42 8.87 0 -.98 9.4 0 -.5
4 320 8.95 0 .05 8.39 0 .4 8.01 0 -.2 8.44 0 -.42
4 320 6.98 0 -1.08 7.42 0 -2.63 8.24 0 -2.89 7.99 0 -1.5
4 320 7.55 0 -.37 7.16 0 .28 6.07 0 .32 6.7 0 -.5
4 320 7.42 0 -2.63 7.53 0 -4.24 8.31 0 -4.15 8.24 0 -2.89
4 320 7.99 0 -1.5 7.55 0 -.37 6.7 0 -.5 6.98 0 -1.08
4 320 7.16 0 .28 5.74 0 1.85 5.08 0 1.19 6.07 0 .32
4 320 3.31 0 2.89 3.45 0 2.03 5.08 0 1.19 5.02 0 2.28
4 320 6.28 0 3.43 5.02 0 2.28 5.08 0 1.19 5.74 0 1.85
4 320 1.97 0 3.04 2.23 0 2.21 3.45 0 2.03 3.31 0 2.89
4 320 .71 0 -.71 1 0 .02 .77 0 .98 .18 0 .94
4 320 .18 0 2.2 -.16 0 1.52 .18 0 .94 .77 0 .98
3 320 1.2 0 -1.64 1 0 .02 .71 0 -.71
4 320 1.1 0 -2.41 1.2 0 -1.64 .71 0 -.71 .97 0 -2.33
4 320 .54 0 3.07 -.65 0 2 -.16 0 1.52 .18 0 2.2
4 320 -1.34 0 2.21 -.65 0 2 .54 0 3.07 -1.73 0 2.81
4 320 .18 0 2.2 2.23 0 2.21 1.97 0 3.04 .54 0 3.07
4 320 18.54 0 -3.5 18.24 0 -2.73 16.37 0 -2.72 16.69 0 -3.55
4 320 -4.06 0 -3.46 -4.89 0 -3.72 -5 0 -6.54 -4.23 0 -5.9
4 320 -3.65 0 -1.46 -4.7 0 -2.6 -4.89 0 -3.72 -4.06 0 -3.46
4 320 -3.65 0 -1.46 -3.24 0 -.16 -3.63 0 .79 -4.28 0 -.82
3 320 -4.28 0 -.82 -4.7 0 -2.6 -3.65 0 -1.46
4 320 -1.34 0 2.21 -1.73 0 2.81 -2.22 0 2.59 -1.9 0 1.96
3 320 -2.22 0 2.59 -2.77 0 2.12 -1.9 0 1.96
4 320 4.33 0 5.07 5.21 0 4.21 6.26 0 4.44 4.9 0 5.61
3 320 3.41 0 6.57 3.75 0 5.88 4.32 0 6.5
4 320 3.37 0 7.5 3.41 0 6.57 4.32 0 6.5 4.13 0 7.02
4 320 4.33 0 5.07 4.9 0 5.61 4.32 0 6.5 3.75 0 5.88
4 320 5.21 0 4.21 6.28 0 3.43 7.87 0 3.68 6.26 0 4.44
4 320 11.44 0 -.72 11.36 0 .71 9.68 0 3.18 9.12 0 2.47
3 320 13.38 0 -1.63 11.36 0 .71 11.44 0 -.72
3 320 7.07 0 2.99 6.28 0 3.43 6.76 0 2.8
4 320 -3.23 0 1.53 -2.68 0 1.02 -1.9 0 1.96 -2.77 0 2.12
4 320 12.46 0 -1.89 13.78 0 -2.92 14.22 0 -2.27 13.38 0 -1.63
4 320 -3.23 0 1.53 -3.63 0 .79 -3.24 0 -.16 -2.68 0 1.02
4 320 9.68 0 3.18 7.87 0 3.68 7.4 0 3.01 9.12 0 2.47
4 320 6.28 0 3.43 7.07 0 2.99 7.4 0 3.01 7.87 0 3.68
3 320 6.76 0 2.8 6.28 0 3.43 5.74 0 1.85
4 320 -4 0 -14.63 -3.29 0 -14.27 -3.47 0 -13.55 -4.26 0 -13.63
4 320 -2.83 0 -15.19 -3.29 0 -14.27 -4 0 -14.63 -3.64 0 -15.42
4 320 .82 0 -17.37 -.02 0 -16.63 -1.08 0 -17.26 -.02 0 -17.42
4 320 3.49 0 -14.58 2.8 0 -15.53 2.62 0 -16.72 3.64 0 -15.81
3 320 3.64 0 -15.81 4.1 0 -15.11 3.49 0 -14.58
4 320 4.52 0 -14.33 4.1 0 -15.11 5.32 0 -15.71 4.98 0 -14.72
4 320 5.32 0 -15.71 6.4 0 -15.8 6.3 0 -15.03 5.81 0 -15.01
4 320 6.3 0 -15.03 6.4 0 -15.8 7.57 0 -15.42 6.77 0 -14.89
4 320 10.46 0 -12.27 9.75 0 -11.91 8.83 0 -13.33 9.67 0 -13.56
4 320 11 0 -8.75 10.49 0 -10.31 11.08 0 -10.97 11.7 0 -9.23
4 320 11.43 0 -6.81 11 0 -8.75 11.7 0 -9.23 12.08 0 -7.62
4 320 11.74 0 -3.42 11.7 0 -4.67 12.39 0 -5.76 12.49 0 -4.24
4 320 10.46 0 -12.27 11.08 0 -10.97 10.49 0 -10.31 9.75 0 -11.91
4 320 8.74 0 -14.59 7.9 0 -14.28 6.77 0 -14.89 7.57 0 -15.42
4 320 9.67 0 -13.56 8.83 0 -13.33 7.9 0 -14.28 8.74 0 -14.59
4 320 .82 0 -17.37 1.86 0 -17.1 1.64 0 -16.32 .81 0 -16.59
4 320 12.08 0 -7.62 12.39 0 -5.76 11.7 0 -4.67 11.43 0 -6.81
4 320 -2.84 0 -16.35 -2.09 0 -16.86 -1.43 0 -16.33 -2.41 0 -15.66
4 320 -3.64 0 -15.42 -2.84 0 -16.35 -2.41 0 -15.66 -2.83 0 -15.19
4 320 -2.09 0 -16.86 -1.08 0 -17.26 -.02 0 -16.63 -1.43 0 -16.33
3 320 5.32 0 -15.71 5.81 0 -15.01 4.98 0 -14.72
3 320 .81 0 -16.59 -.02 0 -16.63 .82 0 -17.37
4 320 1.86 0 -17.1 2.62 0 -16.72 2.8 0 -15.53 1.64 0 -16.32
4 320 4.02 0 -13.21 3.49 0 -14.58 4.1 0 -15.11 4.52 0 -14.33
4 320 4.27 0 -12.25 4.02 0 -13.21 4.52 0 -14.33 5.2 0 -12.15
4 320 -1.3 0 -12.2 -2.12 0 -11.98 -2.22 0 -13.29 -1.44 0 -12.91
4 320 -1.06 0 -11.4 -1.3 0 -12.2 1.99 0 -12.68 1.46 0 -11.81
4 320 2.88 0 -12.55 2.78 0 -11.72 1.46 0 -11.81 1.99 0 -12.68
4 320 -2.06 0 -11.17 -2.62 0 -11.07 -3.27 0 -11.55 -2.12 0 -11.98
4 320 5.38 0 -11.81 4.26 0 -12.07 4.27 0 -12.25 5.2 0 -12.15
4 320 6.92 0 -11.31 6.39 0 -11.54 6.09 0 -12.17 6.79 0 -12.13
4 320 -1.3 0 -12.2 -1.06 0 -11.4 -1.61 0 -11.03 -2.12 0 -11.98
4 320 -3.47 0 -12.37 -4.26 0 -12.33 -4.26 0 -13.63 -3.47 0 -13.55
4 320 -3.47 0 -12.37 -3.27 0 -11.55 -3.9 0 -10.89 -4.26 0 -12.33
4 320 -3.75 0 -9.42 -4.05 0 -8.19 -4.89 0 -7.73 -4.61 0 -9.08
4 320 -3.46 0 -10.17 -3.75 0 -9.42 -4.61 0 -9.08 -3.9 0 -10.89
4 320 -4.89 0 -7.73 -4.05 0 -8.19 -4.23 0 -5.9 -5 0 -6.54
4 320 5.38 0 -11.81 6.09 0 -12.17 6.39 0 -11.54 6 0 -11.37
4 320 8.24 0 -9.73 7.45 0 -10.89 7.55 0 -11.7 8.25 0 -11.01
4 320 8.95 0 -8.02 8.24 0 -9.73 8.25 0 -11.01 9.03 0 -9.65
4 320 9.03 0 -9.65 9.62 0 -8.15 9.43 0 -5.89 8.95 0 -8.02
4 320 9.62 0 -8.15 10.09 0 -6.02 10.18 0 -5.11 9.43 0 -5.89
4 320 9.33 0 -2.2 9.54 0 -3.92 10.18 0 -5.11 10.12 0 -2.94
3 320 9.43 0 -5.89 10.18 0 -5.11 9.54 0 -3.92
4 320 -2.62 0 -11.07 -3.11 0 -10.72 -3.9 0 -10.89 -3.27 0 -11.55
3 320 -3.46 0 -10.17 -3.9 0 -10.89 -3.11 0 -10.72
4 320 6.79 0 -12.13 7.55 0 -11.7 7.45 0 -10.89 6.92 0 -11.31
3 320 -1.61 0 -11.03 -2.06 0 -11.17 -2.12 0 -11.98
3 320 4.26 0 -12.07 5.38 0 -11.81 4.59 0 -10.98
3 320 5.38 0 -11.81 6 0 -11.37 5.78 0 -11.11
4 320 5.78 0 -11.11 6.79 0 -9.98 6.4 0 -9.15 5.79 0 -9.95
4 320 5.79 0 -9.95 4.59 0 -10.98 5.38 0 -11.81 5.78 0 -11.11
4 320 .44 0 -8.11 .31 0 -8.2 -.66 0 -10.2 .37 0 -8.82
4 320 -1.61 0 -11.03 -1.06 0 -11.4 -.25 0 -10.42 -.66 0 -10.2
4 320 .37 0 -8.82 -.66 0 -10.2 -.25 0 -10.42 .06 0 -9.73
4 320 8.31 0 -4.15 7.53 0 -4.24 7.43 0 -5.64 8.25 0 -5.38
4 320 8.25 0 -5.38 7.43 0 -5.64 7.17 0 -7.15 8 0 -7.03
4 320 8 0 -7.03 7.17 0 -7.15 6.86 0 -8.24 7.59 0 -8.51
4 320 6.79 0 -9.98 7.59 0 -8.51 6.86 0 -8.24 6.4 0 -9.15
4 320 2.88 0 -12.55 4.26 0 -12.07 4.59 0 -10.98 2.78 0 -11.72
4 320 -2.02 0 -14.05 -1.34 0 -13.67 -1.44 0 -12.91 -2.22 0 -13.29
4 320 -.91 0 -14.22 -1.34 0 -13.67 -2.02 0 -14.05 -1.64 0 -14.62
4 320 -.28 0 -14.52 -.91 0 -14.22 -1.64 0 -14.62 -1.14 0 -15.01
4 320 .61 0 -14.5 -.28 0 -14.52 -1.14 0 -15.01 -.21 0 -15.34
3 320 -.21 0 -15.34 .69 0 -15.29 .61 0 -14.5
4 320 1.66 0 -13.64 1.25 0 -14.16 1.69 0 -14.82 2.3 0 -14.09
4 320 2.88 0 -12.55 1.99 0 -12.68 1.66 0 -13.64 2.3 0 -14.09
4 322 -7.88 0 11.31 -7.03 0 12.11 -7.24 0 13.24 -9.26 0 12.46
4 322 26.67 0 13.82 27.48 0 14.39 27.24 0 14.91 26.54 0 14.35
3 322 -15.8 0 -15.23 -16.25 0 -15.01 -25.05 0 -15.63
4 322 -12.88 0 -9.02 -12.64 0 -8.93 -11.85 0 -8.33 -12.78 0 -8.2
4 322 -26.34 0 -4.57 -27.14 0 -5.13 -26.91 0 -5.65 -26.2 0 -5.09
4 322 -26.34 0 -4.57 -26.2 0 -4.04 -26.91 0 -3.48 -27.14 0 -4
4 322 -26.34 0 16.88 -27.14 0 16.32 -26.91 0 15.8 -26.2 0 16.35
4 322 27.57 0 -1.5 27.48 0 -.93 26.54 0 -.97 26.67 0 -1.5
4 322 26.67 0 -4.57 27.48 0 -4 27.24 0 -3.48 26.54 0 -4.04
4 322 26.67 0 -4.57 26.54 0 -5.09 27.24 0 -5.65 27.48 0 -5.13
4 322 26.67 0 -7.63 26.54 0 -8.16 27.24 0 -8.71 27.48 0 -8.2
4 322 26.67 0 -13.76 27.48 0 -13.19 27.24 0 -12.68 26.54 0 -13.23
3 322 .82 0 -17.37 -.02 0 -17.42 25.39 0 -18.02
4 322 26.45 0 -18.67 25.83 0 -17.96 25.39 0 -18.02 25.76 0 -18.8
4 322 -16.2 0 5.56 -17.19 0 6.22 -17.56 0 5.46 -16.3 0 5.28
4 322 26.23 0 17.8 26.54 0 17.41 27.48 0 17.45 27.24 0 17.97
4 322 27.24 0 17.97 26.93 0 18.41 26.45 0 18.73 26.23 0 17.8
4 322 26.23 0 17.8 26.45 0 18.73 25.76 0 18.86 25.83 0 18.02
4 322 12.19 0 17.16 13.57 0 17.33 25.76 0 18.86 -25.43 0 18.86
4 322 -25.89 0 17.8 -25.49 0 18.02 -25.43 0 18.86 -26.12 0 18.73
4 322 -26.91 0 17.97 -25.89 0 17.8 -26.12 0 18.73 -26.6 0 18.41
4 322 -27.14 0 17.45 -26.2 0 17.41 -25.89 0 17.8 -26.91 0 17.97
4 322 27.57 0 16.88 27.48 0 17.45 26.54 0 17.41 26.67 0 16.88
3 322 -25.49 0 18.02 -25.05 0 18.08 -25.43 0 18.86
3 322 25.39 0 18.08 25.83 0 18.02 25.76 0 18.86
4 322 25.39 0 15.69 25.39 0 18.08 20.58 0 16.76 21.14 0 15.67
3 322 17.01 0 17.4 25.76 0 18.86 13.57 0 17.33
4 322 -25.05 0 15.69 -17.06 0 15.15 -16.63 0 15.46 -25.05 0 18.08
4 322 -25.05 0 18.08 -16.63 0 15.46 -16.31 0 15.59 -25.43 0 18.86
4 322 25.76 0 18.86 20.1 0 17.27 20.58 0 16.76 25.39 0 18.08
3 322 17.01 0 17.4 20.1 0 17.27 25.76 0 18.86
3 322 -16.31 0 15.59 -15.55 0 15.6 -25.43 0 18.86
3 322 -25.43 0 18.86 -12.01 0 15.61 -11.76 0 15.59
3 322 -12.01 0 15.61 -25.43 0 18.86 -15.55 0 15.6
3 322 7.52 0 11.37 8.61 0 11.55 9.96 0 14.29
4 322 -14.2 0 14.72 -13.79 0 14.69 -12.78 0 15.03 -14.83 0 15.3
4 322 -12.42 0 13.63 -12.44 0 13.94 -12.95 0 14.16 -12.59 0 13.68
4 322 -12.44 0 13.94 -12.78 0 14.81 -13.32 0 14.44 -12.95 0 14.16
4 322 -13.79 0 14.69 -13.32 0 14.44 -12.78 0 14.81 -12.78 0 15.03
3 322 -14.83 0 15.3 -12.78 0 15.03 -12.19 0 15.5
4 322 -1.88 0 13.67 5.73 0 10.73 7.52 0 11.37 9.96 0 14.29
4 322 -15.55 0 15.6 -14.83 0 15.3 -12.19 0 15.5 -12.01 0 15.61
3 322 .05 0 9.81 4.03 0 9.24 4.8 0 10.1
4 322 5.73 0 10.73 -1.88 0 13.67 .05 0 9.81 4.8 0 10.1
4 322 -25.43 0 18.86 -11.76 0 15.59 -5.51 0 15.11 12.19 0 17.16
4 322 9.96 0 14.29 11.5 0 16.94 -2.64 0 14.35 -1.88 0 13.67
4 322 -10.19 0 14.72 -11.76 0 15.59 -11.4 0 15.11 -10.48 0 14.72
3 322 -11.4 0 15.11 -11.01 0 14.33 -10.81 0 14.5
3 322 -11.4 0 15.11 -10.81 0 14.5 -10.48 0 14.72
4 322 -3.65 0 14.55 -2.64 0 14.35 11.5 0 16.94 -4.56 0 15
4 322 12.19 0 17.16 -5.51 0 15.11 -4.56 0 15 11.5 0 16.94
4 322 -10.19 0 14.72 -6.33 0 14.76 -5.51 0 15.11 -11.76 0 15.59
3 322 -6.33 0 14.76 -10.19 0 14.72 -6.96 0 14.15
4 322 -10.19 0 14.72 -9.89 0 14.37 -7.13 0 13.81 -6.96 0 14.15
3 322 -9.26 0 12.46 -9.23 0 11.92 -7.88 0 11.31
3 322 -9.51 0 13.51 -9.26 0 12.46 -7.24 0 13.24
4 322 -9.89 0 14.37 -9.51 0 13.51 -7.24 0 13.24 -7.13 0 13.81
4 322 21.66 0 14.36 22.1 0 12.63 25.39 0 12.63 25.39 0 15.02
4 322 25.83 0 14.96 25.83 0 15.75 25.39 0 15.69 25.39 0 15.02
4 322 21.14 0 15.67 21.66 0 14.36 25.39 0 15.02 25.39 0 15.69
4 322 26.23 0 14.74 26.23 0 15.97 25.83 0 15.75 25.83 0 14.96
4 322 27.57 0 16.88 26.67 0 16.88 26.54 0 16.35 27.48 0 16.32
4 322 27.48 0 13.26 27.57 0 13.82 27.48 0 14.39 26.67 0 13.82
4 322 26.54 0 16.35 26.23 0 15.97 26.94 0 15.35 27.24 0 15.8
3 322 26.23 0 14.74 26.54 0 14.35 27.24 0 14.91
4 322 26.23 0 15.97 26.23 0 14.74 27.24 0 14.91 26.94 0 15.35
3 322 27.24 0 15.8 27.48 0 16.32 26.54 0 16.35
4 322 -26.2 0 -14.29 -26.34 0 -13.76 -27.24 0 -13.76 -27.14 0 -14.33
4 322 -25.89 0 -14.68 -26.2 0 -14.29 -27.14 0 -14.33 -26.91 0 -14.84
4 322 -26.2 0 -16.3 -25.89 0 -15.91 -26.6 0 -15.29 -26.91 0 -15.74
4 322 -26.34 0 -16.82 -26.2 0 -16.3 -26.91 0 -15.74 -27.14 0 -16.26
4 322 -25.89 0 -15.91 -25.49 0 -15.69 -25.49 0 -14.89 -25.89 0 -14.68
4 322 -26.91 0 -14.84 -26.6 0 -15.29 -25.89 0 -15.91 -25.89 0 -14.68
4 322 -25.49 0 -15.69 -25.05 0 -15.63 -25.05 0 -14.95 -25.49 0 -14.89
4 322 -16.25 0 -15.01 -16.5 0 -14.72 -25.05 0 -14.95 -25.05 0 -15.63
4 322 -25.05 0 -18.02 -14.66 0 -15.59 -15.8 0 -15.23 -25.05 0 -15.63
4 322 -19.33 0 -12.81 -19.76 0 -11.98 -25.05 0 -12.57 -25.05 0 -14.95
3 322 -25.05 0 -14.95 -16.5 0 -14.72 -17.63 0 -14.25
3 322 -25.05 0 -14.95 -17.63 0 -14.25 -18.57 0 -13.61
3 322 -25.05 0 -14.95 -18.57 0 -13.61 -19.33 0 -12.81
4 322 -19.74 0 -9.47 -25.05 0 -9.5 -25.05 0 -11.89 -19.97 0 -10.72
4 322 -19.97 0 -10.72 -25.05 0 -11.89 -25.05 0 -12.57 -19.76 0 -11.98
4 322 -25.05 0 -12.57 -25.05 0 -11.89 -25.49 0 -11.83 -25.49 0 -12.63
4 322 -25.49 0 -11.83 -25.89 0 -11.61 -25.89 0 -12.84 -25.49 0 -12.63
3 322 -25.89 0 -11.61 -26.2 0 -11.22 -26.91 0 -11.78
4 322 -25.89 0 -12.84 -25.89 0 -11.61 -26.91 0 -11.78 -26.6 0 -12.23
3 322 -27.24 0 -13.76 -26.34 0 -13.76 -27.14 0 -13.19
4 322 -26.91 0 -12.68 -27.14 0 -13.19 -26.34 0 -13.76 -26.2 0 -13.23
4 322 -26.2 0 -13.23 -25.89 0 -12.84 -26.6 0 -12.23 -26.91 0 -12.68
3 322 -25.05 0 -9.5 -19.74 0 -9.47 -25.05 0 -8.83
4 322 -19.25 0 -8.74 -25.05 0 -6.44 -25.05 0 -8.83 -19.74 0 -9.47
4 322 -25.49 0 -8.76 -25.49 0 -9.56 -25.05 0 -9.5 -25.05 0 -8.83
4 322 -15.09 0 -7.11 -16.63 0 -8.63 -16.6 0 -9.2 -15.65 0 -9.24
4 322 -15.12 0 -9.42 -14.05 0 -7.67 -15.09 0 -7.11 -15.65 0 -9.24
4 322 -15.09 0 -7.11 -15.79 0 -6.69 -16.94 0 -8.44 -16.63 0 -8.63
4 322 -26.2 0 -11.22 -26.34 0 -10.7 -27.14 0 -11.26 -26.91 0 -11.78
4 322 -26.2 0 -10.17 -27.14 0 -10.13 -27.24 0 -10.7 -26.34 0 -10.7
3 322 -27.24 0 -10.7 -27.14 0 -11.26 -26.34 0 -10.7
4 322 -26.6 0 -9.16 -25.89 0 -8.55 -26.2 0 -8.16 -26.91 0 -8.71
4 322 -27.14 0 -10.13 -26.2 0 -10.17 -25.89 0 -9.78 -26.91 0 -9.61
4 322 -26.91 0 -8.71 -26.2 0 -8.16 -26.34 0 -7.63 -27.14 0 -8.2
4 322 -26.91 0 -9.61 -25.89 0 -9.78 -25.89 0 -8.55 -26.6 0 -9.16
4 322 -25.89 0 -9.78 -25.49 0 -9.56 -25.49 0 -8.76 -25.89 0 -8.55
4 322 -18.38 0 -8.33 -16.63 0 -5.98 -25.05 0 -6.44 -19.25 0 -8.74
4 322 -18.38 0 -8.33 -16.94 0 -8.44 -15.79 0 -6.69 -16.63 0 -5.98
3 322 -14.05 0 -7.67 -14.23 0 -7.41 -15.09 0 -7.11
4 322 -14.05 0 -7.67 -15.12 0 -9.42 -12.88 0 -9.02 -13.49 0 -7.95
4 322 -15.04 0 -10.61 -12.65 0 -9.98 -12.88 0 -9.02 -15.12 0 -9.42
3 322 -12.78 0 -8.2 -13.49 0 -7.95 -12.88 0 -9.02
3 322 -16.04 0 -11.06 -16.31 0 -11.17 -16.47 0 -11.43
4 322 -12.66 0 -11.04 -15.04 0 -10.61 -15.15 0 -11.11 -12.87 0 -11.75
4 322 -15.15 0 -11.11 -16.04 0 -11.06 -16.47 0 -11.43 -16.49 0 -12.2
4 322 -16.25 0 -12.83 -15.32 0 -12.99 -15.15 0 -11.11 -16.49 0 -12.2
4 322 -13.75 0 -12.67 -15.15 0 -11.11 -15.32 0 -12.99 -14.43 0 -12.94
4 322 -12.87 0 -11.75 -15.15 0 -11.11 -13.75 0 -12.67 -13.18 0 -12.24
3 322 -12.66 0 -11.04 -12.65 0 -9.98 -15.04 0 -10.61
4 322 -5 0 -6.54 -9.25 0 -6.42 -9.47 0 -7.31 -4.89 0 -7.73
4 322 -9.22 0 -12.17 -4.26 0 -12.33 -3.9 0 -10.89 -9.37 0 -10.85
4 322 -9.47 0 -7.31 -9.68 0 -10.13 -4.61 0 -9.08 -4.89 0 -7.73
4 322 -9.47 0 -7.31 -9.78 0 -7.71 -10 0 -9.96 -9.68 0 -10.13
4 322 -11.55 0 -9.09 -11.18 0 -9.35 -10.41 0 -8.08 -11.07 0 -8.28
4 322 -9.78 0 -7.71 -10.41 0 -8.08 -11.18 0 -9.35 -10 0 -9.96
4 322 -12.64 0 -8.93 -11.55 0 -9.09 -11.07 0 -8.28 -11.85 0 -8.33
4 322 -3.9 0 -10.89 -4.61 0 -9.08 -9.68 0 -10.13 -9.37 0 -10.85
3 322 -11.18 0 -9.35 -10.94 0 -9.85 -10 0 -9.96
4 322 -17.3 0 -4.82 -17.66 0 -3.5 -25.05 0 -3.37 -25.05 0 -5.76
4 322 -25.49 0 -5.7 -25.49 0 -6.5 -25.05 0 -6.44 -25.05 0 -5.76
4 322 -16.63 0 -5.98 -17.3 0 -4.82 -25.05 0 -5.76 -25.05 0 -6.44
4 322 -25.89 0 -6.71 -25.49 0 -6.5 -25.49 0 -5.7 -25.89 0 -5.48
4 322 -27.14 0 -8.2 -26.34 0 -7.63 -27.14 0 -7.06 -27.24 0 -7.63
4 322 -26.91 0 -6.55 -27.14 0 -7.06 -26.34 0 -7.63 -26.2 0 -7.1
4 322 -26.6 0 -6.1 -26.91 0 -6.55 -26.2 0 -7.1 -25.89 0 -6.71
3 322 -25.89 0 -5.48 -26.2 0 -5.09 -26.91 0 -5.65
4 322 -25.89 0 -6.71 -25.89 0 -5.48 -26.91 0 -5.65 -26.6 0 -6.1
4 322 -25.49 0 -2.63 -25.49 0 -3.43 -25.05 0 -3.37 -25.05 0 -2.7
4 322 -25.49 0 -3.43 -25.49 0 -2.63 -25.89 0 -2.42 -25.89 0 -3.65
4 322 -27.24 0 -1.5 -27.14 0 -2.07 -26.2 0 -2.03 -26.34 0 -1.5
4 322 -26.91 0 -3.48 -25.89 0 -3.65 -25.89 0 -2.42 -26.6 0 -3.03
4 322 -26.2 0 -2.03 -26.91 0 -2.58 -26.6 0 -3.03 -25.89 0 -2.42
4 322 -27.14 0 -5.13 -26.34 0 -4.57 -27.14 0 -4 -27.24 0 -4.57
3 322 -26.2 0 -4.04 -25.89 0 -3.65 -26.91 0 -3.48
3 322 -27.14 0 -2.07 -26.91 0 -2.58 -26.2 0 -2.03
4 322 -25.05 0 -3.37 -17.66 0 -3.5 -17.56 0 -1.88 -25.05 0 -2.7
4 322 -25.05 0 -2.7 -17.56 0 -1.88 -17.28 0 -1.07 -25.05 0 -.31
3 322 -12.78 0 -1.2 -12.39 0 -1.07 -12.39 0 -.54
4 322 -25.05 0 -.31 -17.28 0 -1.07 -17 0 -.63 -25.05 0 .37
4 322 -17 0 -.63 -12.78 0 -1.2 -12.39 0 -.54 -13.11 0 .46
4 322 -12 0 -.43 -11.75 0 .23 -13.11 0 .46 -12.39 0 -.54
4 322 -26.2 0 -.97 -27.14 0 -.93 -27.24 0 -1.5 -26.34 0 -1.5
4 322 -26.6 0 .03 -25.89 0 .65 -26.2 0 1.03 -26.91 0 .48
4 322 -27.14 0 -.93 -26.2 0 -.97 -25.89 0 -.58 -26.91 0 -.42
4 322 -27.14 0 2.13 -27.24 0 1.56 -27.14 0 1 -26.34 0 1.56
4 322 -26.91 0 .48 -26.2 0 1.03 -26.34 0 1.56 -27.14 0 1
4 322 -26.91 0 -.42 -25.89 0 -.58 -25.89 0 .65 -26.6 0 .03
4 322 -25.89 0 -.58 -25.49 0 -.37 -25.49 0 .43 -25.89 0 .65
4 322 -25.49 0 -.37 -25.05 0 -.31 -25.05 0 .37 -25.49 0 .43
4 322 -10.07 0 1.44 -10.09 0 1.94 -12.09 0 2.15 -12.09 0 1.94
4 322 -11.6 0 .37 -11.75 0 .23 -12 0 -.43 -11.39 0 -.68
4 322 -12.09 0 1.94 -11.6 0 .37 -10.28 0 .46 -10.07 0 1.44
3 322 -10.28 0 .46 -11.6 0 .37 -11.39 0 -.68
4 322 -10.28 0 .46 -11.39 0 -.68 -11.19 0 -.9 -10.12 0 .28
4 322 -10.94 0 -1.37 -10.55 0 -1.28 -10.12 0 .28 -11.19 0 -.9
4 322 -10.55 0 -1.28 -9.95 0 -1.47 -9.15 0 .19 -10.12 0 .28
4 322 -8.69 0 -.34 -8.45 0 .71 -8.54 0 .89 -8.89 0 .38
4 322 -9.95 0 -1.47 -8.69 0 -.34 -8.89 0 .38 -9.15 0 .19
4 322 -9.57 0 -1.82 -8.62 0 -.54 -8.69 0 -.34 -9.95 0 -1.47
4 322 -9.57 0 -1.82 -9.37 0 -2.24 -7.6 0 -.75 -8.62 0 -.54
4 322 -4.89 0 -3.72 -7.6 0 -.75 -9.37 0 -2.24 -9.35 0 -2.73
3 322 -9.54 0 -3.13 -10.48 0 -3.81 -9.76 0 -4.63
4 322 -4.89 0 -3.72 -4.7 0 -2.6 -7.35 0 -.62 -7.6 0 -.75
3 322 -9.54 0 -3.13 -9.76 0 -4.63 -9.41 0 -5.46
4 322 -4.89 0 -3.72 -9.41 0 -5.46 -9.25 0 -6.42 -5 0 -6.54
4 322 -9.35 0 -2.73 -9.54 0 -3.13 -9.41 0 -5.46 -4.89 0 -3.72
4 322 -7.14 0 -.31 -4.28 0 -.82 -3.63 0 .79 -6.88 0 .55
4 322 -7.35 0 -.62 -4.7 0 -2.6 -4.28 0 -.82 -7.14 0 -.31
4 322 -17 0 -.63 -13.11 0 .46 -14.63 0 1.33 -25.05 0 .37
3 322 -13.11 0 .46 -13.38 0 1.15 -14.63 0 1.33
3 322 -14.77 0 1.48 -15.24 0 2.57 -16.93 0 2.76
4 322 -14.63 0 1.33 -16.93 0 2.76 -18.01 0 3.19 -25.05 0 .37
3 322 -14.63 0 1.33 -14.77 0 1.48 -16.93 0 2.76
3 322 -25.05 0 .37 -18.01 0 3.19 -18.38 0 3.46
3 322 -18.38 0 3.46 -18.43 0 3.65 -19.61 0 4.12
4 322 -25.05 0 2.76 -25.05 0 .37 -18.38 0 3.46 -19.61 0 4.12
4 322 -25.05 0 3.43 -25.05 0 2.76 -19.61 0 4.12 -20.21 0 4.63
4 322 -25.49 0 3.5 -25.49 0 2.7 -25.05 0 2.76 -25.05 0 3.43
4 322 -20.21 0 4.63 -20.6 0 5.4 -25.05 0 5.82 -25.05 0 3.43
4 322 -26.34 0 1.56 -26.2 0 2.09 -26.91 0 2.65 -27.14 0 2.13
4 322 -25.89 0 3.71 -26.2 0 4.1 -27.14 0 4.06 -26.91 0 3.55
4 322 -26.2 0 2.09 -25.89 0 2.48 -26.6 0 3.1 -26.91 0 2.65
4 322 -25.49 0 2.7 -25.49 0 3.5 -25.89 0 3.71 -25.89 0 2.48
4 322 -26.91 0 3.55 -26.6 0 3.1 -25.89 0 2.48 -25.89 0 3.71
4 322 -26.2 0 4.1 -26.34 0 4.63 -27.24 0 4.63 -27.14 0 4.06
4 322 -20.6 0 5.4 -20.78 0 6.31 -25.05 0 6.5 -25.05 0 5.82
4 322 -25.49 0 6.56 -25.49 0 5.76 -25.05 0 5.82 -25.05 0 6.5
4 322 -25.49 0 5.76 -25.49 0 6.56 -25.89 0 6.78 -25.89 0 5.55
4 322 -27.24 0 7.69 -27.14 0 7.13 -26.2 0 7.16 -26.34 0 7.69
4 322 -25.89 0 5.55 -25.89 0 6.78 -26.91 0 6.61 -26.6 0 6.16
3 322 -27.24 0 4.63 -26.34 0 4.63 -27.14 0 5.2
4 322 -26.91 0 5.71 -27.14 0 5.2 -26.34 0 4.63 -26.2 0 5.16
4 322 -25.89 0 6.78 -26.2 0 7.16 -27.14 0 7.13 -26.91 0 6.61
4 322 -26.2 0 5.16 -25.89 0 5.55 -26.6 0 6.16 -26.91 0 5.71
4 322 -20.29 0 8.03 -25.05 0 8.89 -25.05 0 6.5 -20.67 0 7.23
3 322 -25.05 0 6.5 -20.78 0 6.31 -20.67 0 7.23
4 322 -25.05 0 8.89 -20.29 0 8.03 -19.71 0 8.58 -25.05 0 9.56
3 322 -19.71 0 8.58 -19.04 0 8.85 -25.05 0 9.56
4 322 -18.09 0 8.9 -15.42 0 9.83 -25.05 0 9.56 -19.04 0 8.85
4 322 -14.4 0 9.33 -15.42 0 9.83 -17.16 0 8.64 -15.8 0 7.75
4 322 -15.8 0 7.75 -15.38 0 7.62 -14.22 0 9.22 -14.4 0 9.33
3 322 -14.77 0 7.22 -13.48 0 5.81 -13.44 0 7.55
3 322 -14.77 0 7.22 -13.44 0 7.55 -13.34 0 7.72
4 322 -15.38 0 7.62 -14.77 0 7.22 -13.34 0 7.72 -14.22 0 9.22
4 322 -12.08 0 7.54 -13.02 0 8.72 -14.22 0 9.22 -13.34 0 7.72
3 322 -18.09 0 8.9 -17.16 0 8.64 -15.42 0 9.83
4 322 -11.93 0 6.81 -10.45 0 6.55 -10.79 0 8.97 -11.96 0 7.41
4 322 -6.9 0 8.37 -10.37 0 5.57 -10.42 0 4.54 -9.76 0 4.28
4 322 -9.76 0 4.28 -8.77 0 3.5 -7.98 0 3.24 -6.9 0 8.37
4 322 -6.88 0 .55 -3.63 0 .79 -3.23 0 1.53 -6.86 0 1.41
4 322 -6.86 0 1.41 -3.23 0 1.53 -2.77 0 2.12 -7.22 0 2.5
4 322 -2.22 0 2.59 -4.2 0 7.72 -7.22 0 2.5 -2.77 0 2.12
4 322 -7.98 0 3.24 -7.22 0 2.5 -4.2 0 7.72 -5.08 0 7.81
3 322 -11.96 0 7.41 -10.79 0 8.97 -12 0 8.63
4 322 -6.9 0 8.37 -7.98 0 3.24 -5.08 0 7.81 -5.44 0 7.98
3 322 5.02 0 2.28 6.28 0 3.43 5.21 0 4.21
4 322 -2.22 0 2.59 -1.73 0 2.81 -1.71 0 8.86 -4.2 0 7.72
4 322 5.02 0 2.28 5.21 0 4.21 4.33 0 5.07 3.31 0 2.89
4 322 .54 0 3.07 1.97 0 3.04 3.75 0 5.88 3.41 0 6.57
3 322 -6.9 0 8.37 -5.44 0 7.98 -5.99 0 8.24
4 322 3.31 0 2.89 4.33 0 5.07 3.75 0 5.88 1.97 0 3.04
4 322 -1.73 0 2.81 .54 0 3.07 3.41 0 6.57 -1.71 0 8.86
3 322 3.6 0 8.34 4.03 0 9.24 .05 0 9.81
3 322 3.6 0 8.34 .05 0 9.81 3.37 0 7.5
4 322 -1.71 0 8.86 3.41 0 6.57 3.37 0 7.5 .05 0 9.81
4 322 -27.24 0 7.69 -26.34 0 7.69 -26.2 0 8.22 -27.14 0 8.26
4 322 -26.6 0 9.22 -25.89 0 9.84 -26.2 0 10.23 -26.91 0 9.68
4 322 -27.14 0 8.26 -26.2 0 8.22 -25.89 0 8.61 -26.91 0 8.78
4 322 -26.91 0 9.68 -26.2 0 10.23 -26.34 0 10.76 -27.14 0 10.19
4 322 -26.91 0 8.78 -25.89 0 8.61 -25.89 0 9.84 -26.6 0 9.22
4 322 -25.89 0 8.61 -25.49 0 8.83 -25.49 0 9.63 -25.89 0 9.84
4 322 -25.49 0 8.83 -25.05 0 8.89 -25.05 0 9.56 -25.49 0 9.63
3 322 -14.46 0 9.5 -15.42 0 9.83 -14.4 0 9.33
3 322 -5.44 0 7.98 -5.68 0 8.24 -5.99 0 8.24
4 322 -10.37 0 5.57 -6.9 0 8.37 -7.65 0 8.93 -10.45 0 6.55
4 322 -11.96 0 7.41 -12 0 8.63 -13.02 0 8.72 -12.08 0 7.54
4 322 -7.65 0 8.93 -9.94 0 9.63 -10.79 0 8.97 -10.45 0 6.55
4 322 -8.14 0 10.59 -7.88 0 11.31 -9.23 0 11.92 -9.35 0 10.95
4 322 -7.65 0 8.93 -8.11 0 9.84 -9.58 0 10.24 -9.94 0 9.63
4 322 -9.35 0 10.95 -9.58 0 10.24 -8.11 0 9.84 -8.14 0 10.59
4 322 -18.94 0 12.47 -20.88 0 13.68 -25.05 0 11.95 -25.05 0 9.56
3 322 -25.05 0 9.56 -15.42 0 9.83 -16.08 0 10.26
4 322 -18.94 0 12.47 -25.05 0 9.56 -16.08 0 10.26 -16.63 0 10.72
3 322 -16.63 0 10.72 -17.34 0 11.54 -18.94 0 12.47
4 322 -20.88 0 13.68 -20.96 0 14.39 -25.05 0 15.02 -25.05 0 12.63
3 322 -25.05 0 11.95 -20.88 0 13.68 -25.05 0 12.63
4 322 -25.49 0 11.89 -25.05 0 11.95 -25.05 0 12.63 -25.49 0 12.69
4 322 -25.49 0 12.69 -25.89 0 12.91 -25.89 0 11.68 -25.49 0 11.89
4 322 -27.14 0 10.19 -26.34 0 10.76 -27.14 0 11.33 -27.24 0 10.76
4 322 -26.91 0 11.84 -27.14 0 11.33 -26.34 0 10.76 -26.2 0 11.29
4 322 -26.6 0 12.29 -26.91 0 11.84 -26.2 0 11.29 -25.89 0 11.68
4 322 -26.91 0 12.74 -26.6 0 12.29 -25.89 0 11.68 -25.89 0 12.91
4 322 -26.91 0 12.74 -26.2 0 13.29 -26.34 0 13.82 -27.14 0 13.26
3 322 -25.89 0 12.91 -26.2 0 13.29 -26.91 0 12.74
3 322 -18.91 0 14.14 -17.66 0 13.46 -17.59 0 14.09
3 322 -18.91 0 14.14 -17.59 0 14.09 -17.38 0 14.67
4 322 -20.54 0 15.17 -18.91 0 14.14 -17.38 0 14.67 -17.06 0 15.15
3 322 -20.92 0 15.22 -20.54 0 15.17 -17.06 0 15.15
3 322 -20.92 0 15.22 -17.06 0 15.15 -25.05 0 15.69
4 322 -20.96 0 14.39 -20.92 0 15.22 -25.05 0 15.69 -25.05 0 15.02
4 322 -25.05 0 15.69 -25.49 0 15.75 -25.49 0 14.96 -25.05 0 15.02
4 322 -25.49 0 15.75 -25.89 0 15.97 -25.89 0 14.74 -25.49 0 14.96
4 322 -27.14 0 13.26 -26.34 0 13.82 -27.14 0 14.39 -27.24 0 13.82
4 322 -26.2 0 17.41 -27.14 0 17.45 -27.24 0 16.88 -26.34 0 16.88
3 322 -27.14 0 16.32 -26.34 0 16.88 -27.24 0 16.88
4 322 -26.2 0 14.35 -25.89 0 14.74 -26.6 0 15.35 -26.91 0 14.91
3 322 -25.89 0 15.97 -26.2 0 16.35 -26.91 0 15.8
4 322 -25.89 0 14.74 -25.89 0 15.97 -26.91 0 15.8 -26.6 0 15.35
4 322 -26.34 0 13.82 -26.2 0 14.35 -26.91 0 14.91 -27.14 0 14.39
4 322 25.39 0 8.89 25.39 0 9.56 22.48 0 10.48 22.73 0 8.31
3 322 25.39 0 12.63 22.1 0 12.63 25.39 0 11.95
4 322 25.39 0 9.56 25.39 0 11.95 22.1 0 12.63 22.48 0 10.48
4 322 25.83 0 11.89 25.83 0 12.69 25.39 0 12.63 25.39 0 11.95
4 322 26.94 0 12.29 27.24 0 12.74 26.54 0 13.29 26.23 0 12.91
4 322 25.83 0 12.69 25.83 0 11.89 26.23 0 11.68 26.23 0 12.91
4 322 26.67 0 13.82 26.54 0 13.29 27.24 0 12.74 27.48 0 13.26
4 322 26.23 0 12.91 26.23 0 11.68 27.24 0 11.84 26.94 0 12.29
4 322 27.48 0 11.33 27.24 0 11.84 26.23 0 11.68 26.54 0 11.29
4 322 26.54 0 11.29 26.67 0 10.76 27.57 0 10.76 27.48 0 11.33
4 322 25.83 0 8.83 25.83 0 9.63 25.39 0 9.56 25.39 0 8.89
3 322 22.73 0 8.31 25.39 0 6.5 25.39 0 8.89
4 322 27.57 0 10.76 26.67 0 10.76 26.54 0 10.23 27.48 0 10.19
4 322 26.94 0 9.22 27.24 0 9.68 26.54 0 10.23 26.23 0 9.84
4 322 25.83 0 9.63 25.83 0 8.83 26.23 0 8.61 26.23 0 9.84
3 322 27.24 0 9.68 27.48 0 10.19 26.54 0 10.23
4 322 26.23 0 9.84 26.23 0 8.61 27.24 0 8.78 26.94 0 9.22
4 322 27.48 0 8.26 27.24 0 8.78 26.23 0 8.61 26.54 0 8.22
4 322 26.54 0 8.22 26.67 0 7.69 27.57 0 7.69 27.48 0 8.26
4 322 22.99 0 3.24 25.39 0 5.82 25.39 0 6.5 22.73 0 8.31
3 322 22.99 0 3.24 25.39 0 3.43 25.39 0 5.82
4 322 25.39 0 5.82 25.83 0 5.76 25.83 0 6.56 25.39 0 6.5
4 322 26.23 0 6.78 25.83 0 6.56 25.83 0 5.76 26.23 0 5.55
4 322 26.54 0 7.16 27.48 0 7.13 27.57 0 7.69 26.67 0 7.69
4 322 27.24 0 5.71 26.54 0 5.16 26.67 0 4.63 27.48 0 5.2
4 322 27.48 0 4.06 27.57 0 4.63 27.48 0 5.2 26.67 0 4.63
4 322 26.54 0 7.16 26.23 0 6.78 26.94 0 6.16 27.24 0 6.61
3 322 26.23 0 5.55 26.54 0 5.16 27.24 0 5.71
4 322 26.23 0 6.78 26.23 0 5.55 27.24 0 5.71 26.94 0 6.16
3 322 27.24 0 6.61 27.48 0 7.13 26.54 0 7.16
4 322 25.39 0 2.76 26.94 0 3.1 25.39 0 3.43 22.99 0 3.24
4 322 25.83 0 3.5 26.94 0 3.1 27.24 0 3.55 26.23 0 3.71
3 322 26.23 0 3.71 27.24 0 3.55 26.54 0 4.1
4 322 27.24 0 3.55 27.48 0 4.06 26.67 0 4.63 26.54 0 4.1
3 322 25.83 0 3.5 25.39 0 3.43 26.94 0 3.1
4 322 25.39 0 -3.37 25.39 0 -2.7 22.86 0 -2.16 21.99 0 -2.69
3 322 22.86 0 -2.16 25.39 0 -2.7 25.39 0 -.31
4 322 26.23 0 -.58 26.23 0 .65 25.83 0 .43 25.83 0 -.37
4 322 25.39 0 .37 25.39 0 -.31 25.83 0 -.37 25.83 0 .43
4 322 26.54 0 1.03 27.48 0 1 27.57 0 1.56 26.67 0 1.56
4 322 26.94 0 .03 27.24 0 .48 26.54 0 1.03 26.23 0 .65
3 322 27.24 0 .48 27.48 0 1 26.54 0 1.03
4 322 26.23 0 -.58 26.54 0 -.97 27.48 0 -.93 27.24 0 -.42
4 322 27.24 0 -.42 26.94 0 .03 26.23 0 .65 26.23 0 -.58
4 322 26.54 0 2.09 26.67 0 1.56 27.57 0 1.56 27.48 0 2.13
4 322 25.83 0 2.7 26.23 0 2.48 27.24 0 2.65 26.94 0 3.1
4 322 25.39 0 -.31 25.39 0 .37 22.99 0 3.24 22.86 0 -2.16
3 322 22.99 0 3.24 25.39 0 .37 25.39 0 2.76
4 322 27.48 0 2.13 27.24 0 2.65 26.23 0 2.48 26.54 0 2.09
3 322 26.94 0 3.1 25.39 0 2.76 25.83 0 2.7
4 322 20.55 0 -3.17 25.39 0 -5.76 25.39 0 -3.37 21.99 0 -2.69
3 322 20.55 0 -3.17 18.54 0 -3.5 25.39 0 -5.76
3 322 13.78 0 -2.92 12.46 0 -1.89 12.49 0 -4.24
4 322 18.54 0 -3.5 16.69 0 -3.55 12.49 0 -4.24 25.39 0 -5.76
3 322 14.86 0 -3.41 13.78 0 -2.92 12.49 0 -4.24
3 322 16.69 0 -3.55 14.86 0 -3.41 12.49 0 -4.24
4 322 25.39 0 -3.37 25.83 0 -3.43 25.83 0 -2.63 25.39 0 -2.7
4 322 25.83 0 -2.63 25.83 0 -3.43 26.23 0 -3.65 26.23 0 -2.42
4 322 26.54 0 -2.03 27.48 0 -2.07 27.57 0 -1.5 26.67 0 -1.5
4 322 26.94 0 -3.03 27.24 0 -2.58 26.54 0 -2.03 26.23 0 -2.42
3 322 26.23 0 -3.65 26.54 0 -4.04 27.24 0 -3.48
4 322 26.23 0 -2.42 26.23 0 -3.65 27.24 0 -3.48 26.94 0 -3.03
3 322 27.24 0 -2.58 27.48 0 -2.07 26.54 0 -2.03
4 322 25.39 0 -6.44 25.39 0 -5.76 12.49 0 -4.24 12.39 0 -5.76
4 322 25.39 0 -6.44 12.39 0 -5.76 12.08 0 -7.62 25.39 0 -8.83
4 322 25.39 0 -6.44 25.83 0 -6.5 25.83 0 -5.7 25.39 0 -5.76
4 322 26.23 0 -6.71 26.23 0 -5.48 25.83 0 -5.7 25.83 0 -6.5
4 322 27.57 0 -7.63 27.48 0 -7.06 26.54 0 -7.1 26.67 0 -7.63
4 322 26.54 0 -7.1 27.24 0 -6.55 26.94 0 -6.1 26.23 0 -6.71
4 322 27.48 0 -4 26.67 0 -4.57 27.48 0 -5.13 27.57 0 -4.57
3 322 26.54 0 -5.09 26.23 0 -5.48 27.24 0 -5.65
3 322 27.48 0 -7.06 27.24 0 -6.55 26.54 0 -7.1
4 322 26.23 0 -6.71 26.94 0 -6.1 27.24 0 -5.65 26.23 0 -5.48
4 322 11.7 0 -9.23 25.39 0 -9.5 25.39 0 -8.83 12.08 0 -7.62
3 322 11.7 0 -9.23 25.39 0 -11.89 25.39 0 -9.5
4 322 25.83 0 -9.56 25.83 0 -8.76 25.39 0 -8.83 25.39 0 -9.5
4 322 25.83 0 -9.56 26.23 0 -9.78 26.23 0 -8.55 25.83 0 -8.76
4 322 27.57 0 -10.7 27.48 0 -10.13 26.54 0 -10.17 26.67 0 -10.7
4 322 26.23 0 -8.55 26.23 0 -9.78 27.24 0 -9.61 26.94 0 -9.16
3 322 27.57 0 -7.63 26.67 0 -7.63 27.48 0 -8.2
4 322 26.23 0 -9.78 26.54 0 -10.17 27.48 0 -10.13 27.24 0 -9.61
4 322 26.54 0 -8.16 26.23 0 -8.55 26.94 0 -9.16 27.24 0 -8.71
4 322 11.7 0 -9.23 11.08 0 -10.97 25.39 0 -12.57 25.39 0 -11.89
4 322 10.46 0 -12.27 25.39 0 -14.95 25.39 0 -12.57 11.08 0 -10.97
3 322 10.46 0 -12.27 9.67 0 -13.56 25.39 0 -14.95
4 322 25.83 0 -12.63 25.83 0 -11.83 25.39 0 -11.89 25.39 0 -12.57
4 322 26.23 0 -11.61 25.83 0 -11.83 25.83 0 -12.63 26.23 0 -12.84
4 322 26.54 0 -11.22 27.48 0 -11.26 27.57 0 -10.7 26.67 0 -10.7
4 322 26.54 0 -11.22 26.23 0 -11.61 26.94 0 -12.23 27.24 0 -11.78
3 322 26.23 0 -12.84 26.54 0 -13.23 27.24 0 -12.68
4 322 26.23 0 -11.61 26.23 0 -12.84 27.24 0 -12.68 26.94 0 -12.23
3 322 27.24 0 -11.78 27.48 0 -11.26 26.54 0 -11.22
4 322 9.67 0 -13.56 8.74 0 -14.59 25.39 0 -15.63 25.39 0 -14.95
4 322 7.57 0 -15.42 25.39 0 -18.02 25.39 0 -15.63 8.74 0 -14.59
3 322 7.57 0 -15.42 6.4 0 -15.8 25.39 0 -18.02
3 322 5.32 0 -15.71 4.1 0 -15.11 3.64 0 -15.81
4 322 3.64 0 -15.81 2.62 0 -16.72 6.4 0 -15.8 5.32 0 -15.71
4 322 2.62 0 -16.72 1.86 0 -17.1 25.39 0 -18.02 6.4 0 -15.8
3 322 1.86 0 -17.1 .82 0 -17.37 25.39 0 -18.02
4 322 -9.42 0 -13.24 -4.26 0 -13.63 -4.26 0 -12.33 -9.22 0 -12.17
4 322 -4.26 0 -13.63 -9.42 0 -13.24 -9.86 0 -14.24 -4 0 -14.63
4 322 -10.35 0 -14.81 -3.64 0 -15.42 -4 0 -14.63 -9.86 0 -14.24
4 322 -11.24 0 -15.37 -2.84 0 -16.35 -3.64 0 -15.42 -10.35 0 -14.81
4 322 -12.13 0 -15.63 -2.09 0 -16.86 -2.84 0 -16.35 -11.24 0 -15.37
3 322 -13.2 0 -15.77 -14.66 0 -15.59 -25.05 0 -18.02
4 322 -2.09 0 -16.86 -12.13 0 -15.63 -13.2 0 -15.77 -1.08 0 -17.26
4 322 -.02 0 -17.42 -1.08 0 -17.26 -13.2 0 -15.77 -25.05 0 -18.02
4 322 27.57 0 -16.82 27.48 0 -16.26 26.54 0 -16.3 26.67 0 -16.82
4 322 26.54 0 -14.29 26.23 0 -14.68 26.94 0 -15.29 27.24 0 -14.84
4 322 26.67 0 -13.76 26.54 0 -14.29 27.24 0 -14.84 27.48 0 -14.33
4 322 26.23 0 -14.68 26.23 0 -15.91 27.24 0 -15.74 26.94 0 -15.29
4 322 27.48 0 -16.26 27.24 0 -15.74 26.23 0 -15.91 26.54 0 -16.3
4 322 27.48 0 -13.19 26.67 0 -13.76 27.48 0 -14.33 27.57 0 -13.76
4 322 25.83 0 -14.89 25.83 0 -15.69 26.23 0 -15.91 26.23 0 -14.68
4 322 25.83 0 -15.69 25.83 0 -14.89 25.39 0 -14.95 25.39 0 -15.63
4 322 -27.14 0 -16.26 -27.24 0 -16.82 -27.14 0 -17.39 -26.34 0 -16.82
4 322 -26.34 0 -16.82 -27.14 0 -17.39 -26.91 0 -17.91 -26.2 0 -17.35
4 322 -26.2 0 -17.35 -26.91 0 -17.91 -26.6 0 -18.35 -25.89 0 -17.74
4 322 -25.49 0 -17.96 -25.89 0 -17.74 -26.6 0 -18.35 -26.12 0 -18.67
4 322 -25.05 0 -18.02 -25.49 0 -17.96 -26.12 0 -18.67 -25.43 0 -18.8
3 322 -25.43 0 -18.8 25.76 0 -18.8 25.39 0 -18.02
4 322 27.24 0 -17.91 26.23 0 -17.74 26.45 0 -18.67 26.93 0 -18.35
3 322 27.48 0 -17.39 27.57 0 -16.82 26.67 0 -16.82
4 322 27.24 0 -17.91 27.48 0 -17.39 26.67 0 -16.82 26.54 0 -17.35
3 322 26.45 0 -18.67 26.23 0 -17.74 25.83 0 -17.96
3 322 27.24 0 -17.91 26.54 0 -17.35 26.23 0 -17.74
4 322 -.02 0 -17.42 -25.05 0 -18.02 -25.43 0 -18.8 25.39 0 -18.02
3 322 -16.14 0 5.33 -16.2 0 5.56 -16.3 0 5.28
4 322 -16.78 0 6.37 -17.01 0 6.31 -17.19 0 6.22 -16.2 0 5.56
4 322 -17.56 0 5.46 -17.19 0 6.22 -17.36 0 6.11 -17.54 0 5.82
3 322 -17.56 0 5.46 -18.18 0 5.5 -16.3 0 5.28
3 322 -12.51 0 -4.51 -12.65 0 -4.16 -13.28 0 -5.59
4 322 -13.28 0 -5.59 -12.65 0 -4.16 -12.78 0 -3.97 -14.38 0 -4.72
4 322 -14.4 0 -3.89 -14.38 0 -4.72 -12.78 0 -3.97 -14.17 0 -3.75
3 322 -14.38 0 -4.72 -14.14 0 -5.62 -13.28 0 -5.59
4 322 -12.51 0 -4.51 -13.28 0 -5.59 -12.66 0 -5.27 -12.51 0 -4.93
