0 Roadsign Clip-on  2 x  2 Round with Ice Cream Pattern
0 Name: 30261p06.dat
0 Author: Takeshi Takahashi [RainbowDolphin]
0 !LDRAW_ORG Unofficial_Part
0 !LICENSE Licensed under CC BY 4.0 : see CAreadme.txt

0 BFC CERTIFY CCW

0 !CATEGORY Roadsign
0 !KEYWORDS Bricklink 30261pb023, Friends, Rebrickable 30261pr0001, Set 41030

1 16 0 0 0 1 0 0 0 1 0 0 0 1 s\30261s01.dat
1 16 0 0 -9 20 0 0 0 0 -20 0 1 0 4-4ering.dat

1 16 -11 .4 -9 3.4 0 0 0 0 -3.4 0 1 0 4-4ndis.dat
1 27 -11 .4 -9 3.4 0 0 0 0 -3.4 0 1 0 1-4chrd.dat
1 27 -11 .4 -9 -3.4 0 0 0 0 3.4 0 1 0 1-4chrd.dat
1 27 -11 .4 -9 0 0 -3.4 -3.4 0 0 0 1 0 1-4chrd.dat
1 27 -11 .4 -9 0 0 3.4 3.4 0 0 0 1 0 1-8chrd.dat
1 27 -11 .4 -9 3.4 0 0 0 0 3.4 0 1 0 1-8chrd.dat
4 5 -10.9 11.7 -9 -13.8 13 -9 -13.44 13.44 -9 -9.74 12.69 -9
4 5 -9.74 12.69 -9 -13.44 13.44 -9 -11.57 15.07 -9 -8 13.86 -9
4 5 -8 13.86 -9 -11.57 15.07 -9 -9.5 16.45 -9 -6.12 14.78 -9
4 5 -6.12 14.78 -9 -9.5 16.45 -9 -7.27 17.55 -9 -4.14 15.45 -9
4 5 -4.14 15.45 -9 -7.27 17.55 -9 -4.92 18.35 -9 -2.09 15.86 -9
4 5 -2.09 15.86 -9 -4.92 18.35 -9 -2.48 18.84 -9 0 16 -9
4 5 0 16 -9 -2.48 18.84 -9 0 19 -9 2.09 15.86 -9
4 5 2.09 15.86 -9 0 19 -9 2.48 18.84 -9 4.14 15.45 -9
4 5 4.14 15.45 -9 2.48 18.84 -9 4.92 18.35 -9 6.12 14.78 -9
4 5 6.12 14.78 -9 4.92 18.35 -9 7.27 17.55 -9 8 13.86 -9
4 5 8 13.86 -9 7.27 17.55 -9 9.5 16.45 -9 9.74 12.69 -9
4 5 9.74 12.69 -9 9.5 16.45 -9 11.57 15.07 -9 11.31 11.31 -9
4 5 11.31 11.31 -9 11.57 15.07 -9 13.44 13.44 -9 12.69 9.74 -9
4 5 12.69 9.74 -9 13.44 13.44 -9 15.07 11.57 -9 13.86 8 -9
4 5 13.86 8 -9 15.07 11.57 -9 16.45 9.5 -9 14.78 6.12 -9
4 5 14.78 6.12 -9 16.45 9.5 -9 17.55 7.27 -9 18.35 4.92 -9
3 5 18.8 3 -9 14.78 6.12 -9 18.35 4.92 -9
4 5 -18.35 4.92 -9 -18.1 5.8 -9 -15.1 5.1 -9 -15.45 4.14 -9
4 5 -18.84 2.48 -9 -18.35 4.92 -9 -15.45 4.14 -9 -15.86 2.09 -9
4 5 -19 0 -9 -18.84 2.48 -9 -15.86 2.09 -9 -16 0 -9
4 5 -18.9 -1.9 -9 -19 0 -9 -16 0 -9 -15.9 -1.8 -9
3 5 19 0 -9 16 0 -9 15.86 2.09 -9
3 5 19 0 -9 15.86 2.09 -9 15.7 3 -9
4 5 15.86 -2.09 -9 16 0 -9 19 0 -9 18.84 -2.48 -9
4 5 15.45 -4.14 -9 15.86 -2.09 -9 18.84 -2.48 -9 18.4 -4.4 -9
4 5 -14.78 -6.12 -9 -17.55 -7.27 -9 -18.1 -5.7 -9 -15.2 -5 -9
4 5 -16.9 -8.4 -9 -17.55 -7.27 -9 -14.78 -6.12 -9 -14.2 -7.3 -9
4 5 -13.44 -13.44 -9 -15.07 -11.57 -9 -12.5 -10 -9 -11.31 -11.31 -9
4 5 -12.9 -14 -9 -13.44 -13.44 -9 -11.31 -11.31 -9 -10.7 -11.8 -9
4 5 -9.5 -16.45 -9 -10 -16.1 -9 -8.4 -13.6 -9 -8 -13.86 -9
4 5 -7.8 -17.3 -9 -9.5 -16.45 -9 -8 -13.86 -9 -6.4 -14.6 -9
4 5 -2.48 -18.84 -9 -4.5 -18.4 -9 -3.8 -15.5 -9 -2.09 -15.86 -9
4 5 -2.1 -18.9 -9 -2.48 -18.84 -9 -2.09 -15.86 -9 -1.7 -15.9 -9
4 5 2.48 -18.84 -9 .9 -18.9 -9 .6 -15.9 -9 2.09 -15.86 -9
4 5 3 -18.7 -9 2.48 -18.84 -9 2.09 -15.86 -9 2.5 -15.8 -9
4 5 6.12 -14.78 -9 7.27 -17.55 -9 6 -18 -9 5 -15.2 -9
4 5 8.5 -17 -9 7.27 -17.55 -9 6.12 -14.78 -9 7 -14.4 -9
4 5 13.44 -13.44 -9 11.57 -15.07 -9 9.74 -12.69 -9 11.31 -11.31 -9
4 5 9.74 -12.69 -9 11.57 -15.07 -9 11.2 -15.3 -9 9.4 -13 -9
3 5 13.44 -13.44 -9 11.31 -11.31 -9 13.6 -13.3 -9
4 5 16.45 -9.5 -9 15.9 -10.5 -9 13.4 -8.9 -9 13.86 -8 -9
4 5 17.3 -7.8 -9 16.45 -9.5 -9 13.86 -8 -9 14.5 -6.6 -9
4 191 -15.1 5.1 -9 -18.1 5.8 -9 -17.55 7.27 -9 -16.45 9.5 -9
4 191 -10.9 11.7 -9 -15.1 5.1 -9 -16.45 9.5 -9 -15.07 11.57 -9
3 191 -15.07 11.57 -9 -13.8 13 -9 -10.9 11.7 -9
4 191 18.84 2.48 -9 19 0 -9 15.7 3 -9 18.8 3 -9
4 191 14.78 6.12 -9 18.8 3 -9 15.7 3 -9 12.8 7.3 -9
4 5 -5.4 -7.2 -9 -5.5 -7.6 -9 -6.3 -7.2 -9 -5.9 -6.7 -9
4 5 -5.9 -6.7 -9 -6.3 -7.2 -9 -6.9 -6.3 -9 -6.5 -5.7 -9
4 5 -6.5 -5.7 -9 -6.9 -6.3 -9 -7.4 -6.2 -9 -7.7 -5.6 -9
4 5 -6.7 -4.8 -9 -6.5 -5.7 -9 -7.7 -5.6 -9 -7.8 -4.9 -9
4 5 -6.8 -3.8 -9 -6.7 -4.8 -9 -7.9 -4.5 -9 -7.6 -3.4 -9
4 5 -6.5 -2.6 -9 -6.8 -3.8 -9 -7.6 -3.4 -9 -7 -1.8 -9
4 5 -5.7 -.8 -9 -6.5 -2.6 -9 -7 -1.8 -9 -6 -.2 -9
4 5 -4.5 1.3 -9 -5.7 -.8 -9 -6 -.2 -9 -5.1 1.1 -9
4 5 -2.9 -7.1 -9 -3.2 -7.3 -9 -3.7 -6.9 -9 -3.5 -6.3 -9
4 5 -3.5 -6.3 -9 -3.7 -6.9 -9 -4.5 -6.3 -9 -4.1 -5.7 -9
4 5 -4.1 -5.7 -9 -4.5 -6.3 -9 -5.1 -5.6 -9 -4.5 -5 -9
4 5 -4.5 -5 -9 -5.1 -5.6 -9 -5.5 -4.9 -9 -4.6 -4.2 -9
4 5 -4.6 -4.2 -9 -5.5 -4.9 -9 -5.4 -4 -9 -4.1 -3.4 -9
4 5 -4.1 -3.4 -9 -5.4 -4 -9 -4.9 -3.2 -9 -3.4 -2.9 -9
4 5 -3.4 -2.9 -9 -4.9 -3.2 -9 -4 -2.2 -9 -2.7 -2.1 -9
4 5 -2.7 -2.1 -9 -4 -2.2 -9 -3.4 -1.4 -9 -2.5 -1.4 -9
4 5 -2.5 -1.4 -9 -3.4 -1.4 -9 -3.3 -.6 -9 -2.6 -.1 -9
4 5 -2.6 -.1 -9 -3.3 -.6 -9 -3.5 .3 -9 -2.5 .7 -9
4 5 -2.5 .7 -9 -3.5 .3 -9 -3.2 .9 -9 -2.2 1.3 -9
3 5 -3.2 .9 -9 -2.9 1.3 -9 -2.2 1.3 -9
4 5 -1.7 -7.7 -9 -1.8 -8.4 -9 -2.1 -8.5 -9 -1.9 -7.4 -9
4 5 -1.4 -6.9 -9 -1.9 -7.4 -9 -1.9 -6.2 -9 -1.2 -5.7 -9
4 5 -1.2 -5.7 -9 -1.9 -6.2 -9 -1.8 -5.3 -9 -1 -5.2 -9
4 5 -1 -5.2 -9 -1.8 -5.3 -9 -1.6 -4.7 -9 -.5 -4.7 -9
4 5 -.5 -4.7 -9 -1.6 -4.7 -9 -.9 -4.2 -9 .2 -4.3 -9
4 5 .2 -4.3 -9 -.9 -4.2 -9 -.3 -3.7 -9 .7 -3.7 -9
4 5 .7 -3.7 -9 -.3 -3.7 -9 .1 -3 -9 .8 -2.9 -9
4 5 .8 -2.9 -9 .1 -3 -9 .2 -2.3 -9 .6 -2.1 -9
4 5 .6 -2.1 -9 .2 -2.3 -9 -.1 -1.2 -9 .6 -1.1 -9
4 5 .6 -1.1 -9 -.1 -1.2 -9 -.2 -.4 -9 .8 -.2 -9
4 5 .8 -.2 -9 -.2 -.4 -9 0 .3 -9 1.2 .6 -9
3 5 0 .3 -9 .4 .7 -9 1.2 .6 -9
4 5 -.4 -8 -9 -1.2 -8.5 -9 -1.4 -8.4 -9 -.5 -7.8 -9
4 5 .2 -7.8 -9 -.4 -8 -9 -.5 -7.8 -9 .2 -7.2 -9
3 5 .2 -7.8 -9 .2 -7.2 -9 .5 -7.5 -9
4 5 .5 -7.5 -9 .2 -7.2 -9 1.2 -6.8 -9 1 -7.4 -9
4 5 2.2 -7.1 -9 1 -7.4 -9 1.2 -6.8 -9 2.9 -5.8 -9
4 5 3.3 -6.7 -9 2.2 -7.1 -9 2.9 -5.8 -9 4.1 -5.7 -9
4 5 4.1 -5.7 -9 2.9 -5.8 -9 3.3 -5 -9 4.1 -4.7 -9
4 5 4.1 -4.7 -9 3.3 -5 -9 3.4 -3.8 -9 3.9 -3.4 -9
4 5 3.9 -3.4 -9 3.4 -3.8 -9 2.8 -2.4 -9 3.3 -1.9 -9
4 5 3.3 -1.9 -9 2.8 -2.4 -9 2.5 -1.6 -9 3.1 -1.2 -9
4 5 3.1 -1.2 -9 2.5 -1.6 -9 2.5 -1 -9 3.1 -.2 -9
3 5 3.1 -1.2 -9 3.1 -.2 -9 3.5 -.5 -9
4 5 -.2 -10.3 -9 -.7 -10.3 -9 -1.3 -9.8 -9 0 -10.1 -9
4 5 0 -10.1 -9 -1.3 -9.8 -9 -.8 -9.4 -9 .1 -9.1 -9
4 5 .1 -9.1 -9 -.8 -9.4 -9 -.7 -9 -9 -.2 -8.9 -9
4 5 -.2 -8.9 -9 -.7 -9 -9 -.8 -8.7 -9 -.4 -8.6 -9
4 5 0 -10.1 -9 .1 -9.1 -9 .6 -9.2 -9 1.1 -10.1 -9
4 5 1.4 -10.7 -9 0 -10.1 -9 1.1 -10.1 -9 1.4 -10.3 -9
4 5 1.9 -10.4 -9 1.4 -10.7 -9 1.4 -10.3 -9 1.8 -10.1 -9
4 5 2.3 -10 -9 1.9 -10.4 -9 1.8 -10.1 -9 2.2 -9.7 -9
4 5 2.7 -9.4 -9 2.3 -10 -9 2.2 -9.7 -9 2.3 -9.2 -9
4 5 2.8 -8.8 -9 2.7 -9.4 -9 2.3 -9.2 -9 2.8 -8.2 -9
4 5 2.8 -8.2 -9 2.3 -9.2 -9 2 -9.1 -9 2.1 -8.2 -9
4 5 1.8 -8.3 -9 2.1 -8.2 -9 2 -9.1 -9 1.7 -9.2 -9
4 5 1.2 -8.2 -9 1.8 -8.3 -9 1.7 -9.2 -9 1.2 -8.7 -9
4 5 1.2 -8.7 -9 1.7 -9.2 -9 1.3 -9.6 -9 1 -9.1 -9
4 5 1 -9.1 -9 1.3 -9.6 -9 1.1 -10.1 -9 .6 -9.2 -9
4 5 5.7 -9.1 -9 4.1 -7.2 -9 6.1 -8.8 -9 6.7 -9.5 -9
3 5 6.7 -9.8 -9 5.7 -9.1 -9 6.7 -9.5 -9
4 5 6.7 -9.8 -9 6.7 -9.5 -9 7.5 -9.8 -9 7.7 -10.2 -9
4 5 9 -10.2 -9 7.7 -10.2 -9 7.5 -9.8 -9 8.4 -9.6 -9
4 5 10.3 -9.9 -9 9 -10.2 -9 8.4 -9.6 -9 9.1 -9 -9
4 5 10.3 -9.9 -9 9.1 -9 -9 9.8 -8.8 -9 10.9 -8.8 -9
4 5 11.6 -9.1 -9 10.3 -9.9 -9 10.9 -8.8 -9 11.5 -8.5 -9
4 5 12 -8.5 -9 11.6 -9.1 -9 11.5 -8.5 -9 12 -8 -9
3 5 11.5 -8.5 -9 11.6 -8.2 -9 12 -8 -9
4 5 11.8 -6.8 -9 12 -8 -9 11.6 -8.2 -9 11.5 -7.7 -9
4 5 11.9 -5.8 -9 11.8 -6.8 -9 11.3 -5.8 -9 11.6 -5.2 -9
4 5 12.6 -4.7 -9 11.9 -5.8 -9 11.8 -4.7 -9 12.1 -4.3 -9
4 5 13.1 -4 -9 12.6 -4.7 -9 12.1 -4.3 -9 12.4 -3.9 -9
4 5 13.1 -3.1 -9 13.1 -4 -9 12.6 -3.6 -9 12.6 -3.3 -9
4 5 12.8 -1.6 -9 13.1 -3.1 -9 12.6 -3.3 -9 12 -3.1 -9
4 5 12.8 -1.6 -9 12 -3.1 -9 10.6 -.9 -9 11.9 1 -9
4 5 11.9 1 -9 10.6 -.9 -9 10 1.5 -9 10.5 3.5 -9
4 5 10.5 3.5 -9 10 1.5 -9 8.8 3.6 -9 9.5 4.9 -9
4 5 9.5 4.9 -9 8.8 3.6 -9 7.6 4.7 -9 8.3 6 -9
4 5 8.3 6 -9 7.6 4.7 -9 6.4 5.2 -9 6.9 6.4 -9
4 5 5.2 6.3 -9 6.9 6.4 -9 6.4 5.2 -9 5.7 5.1 -9
4 5 3.9 5.5 -9 5.2 6.3 -9 5.7 5.1 -9 3.4 4.8 -9
4 5 2.8 4 -9 3.4 4.8 -9 5.7 5.1 -9 3.3 1.4 -9
4 5 3.3 1.4 -9 5.7 5.1 -9 6.6 4.9 -9 7.8 3.9 -9
4 5 3.7 -.8 -9 3.3 1.4 -9 7.8 3.9 -9 9.2 1.6 -9
4 5 4.4 -3.5 -9 3.7 -.8 -9 9.2 1.6 -9 9.9 -.6 -9
4 5 4.6 -5.2 -9 4.4 -3.5 -9 9.9 -.6 -9 9.9 -3 -9
4 5 9.7 -4 -9 4.6 -5.2 -9 9.9 -3 -9 10.5 -3.3 -9
4 5 10.5 -3.3 -9 9.9 -3 -9 10.4 -2.2 -9 11.3 -3.1 -9
4 5 11.3 -3.1 -9 10.4 -2.2 -9 10.6 -.9 -9 12 -3.1 -9
4 5 9.1 -5.7 -9 4.6 -6.2 -9 4.6 -5.2 -9 9.5 -4.6 -9
3 5 9.7 -4 -9 9.5 -4.6 -9 4.6 -5.2 -9
4 5 4.6 -6.2 -9 9.1 -5.7 -9 9 -7.1 -9 4.5 -6.8 -9
4 5 4.5 -6.8 -9 9 -7.1 -9 9.3 -8.1 -9 4.1 -7.2 -9
4 5 6.1 -8.8 -9 4.1 -7.2 -9 9.3 -8.1 -9 6.9 -9.1 -9
4 5 7.9 -9.2 -9 6.9 -9.1 -9 9.3 -8.1 -9 9.1 -9 -9
3 5 9.1 -9 -9 9.3 -8.1 -9 9.8 -8.8 -9
4 5 -7.2 8 -9 -7.4 7.8 -9 -8 7.6 -9 -7.9 8.6 -9
4 5 -7.9 8.6 -9 -8 7.6 -9 -8.4 8.2 -9 -8.2 8.8 -9
4 5 -8.2 8.8 -9 -8.4 8.2 -9 -8.6 9 -9 -8.2 9.4 -9
4 5 -8.2 9.4 -9 -8.6 9 -9 -8.5 9.8 -9 -7.9 9.8 -9
4 5 -7.9 9.8 -9 -8.5 9.8 -9 -8.3 10.5 -9 -7.9 11 -9
4 5 -7.7 9.9 -9 -7.9 9.8 -9 -7.9 11 -9 -7.5 11 -9
4 5 -7.1 11.3 -9 -7.5 11 -9 -7.9 11 -9 -7.2 11.5 -9
4 5 -7.1 11.3 -9 -7.2 11.5 -9 -6.3 11.8 -9 -6.3 11.4 -9
4 5 -5.7 11.5 -9 -6.3 11.4 -9 -6.3 11.8 -9 -5.1 12 -9
3 5 -5.7 11.5 -9 -5.1 12 -9 -4.8 11.7 -9
4 5 -4.2 11.8 -9 -4.8 11.7 -9 -5.1 12 -9 -3.9 12 -9
4 5 -3.3 11.6 -9 -4.2 11.8 -9 -3.9 12 -9 -2.8 11.9 -9
4 5 -2.9 11.5 -9 -3.3 11.6 -9 -2.8 11.9 -9 -2.3 11.6 -9
4 5 -2.6 11 -9 -2.9 11.5 -9 -2.3 11.6 -9 -1.9 11.1 -9
4 5 -2.4 10.5 -9 -2.6 11 -9 -1.9 11.1 -9 -2 10 -9
4 5 -2 10 -9 -1.9 11.1 -9 -1.6 9.9 -9 -2 9.1 -9
4 5 -1.8 8.9 -9 -2 9.1 -9 -1.6 9.9 -9 -1.5 8.8 -9
4 5 -1.8 8.2 -9 -1.8 8.9 -9 -1.5 8.8 -9 -1.5 7.7 -9
4 5 -2.1 7.8 -9 -1.8 8.2 -9 -1.5 7.7 -9 -2.3 7.5 -9
4 5 -2.4 6.7 -9 -2.3 7.5 -9 -1.5 7.7 -9 -1.6 7.3 -9
4 5 -2.9 6.4 -9 -2.4 6.7 -9 -2.1 6 -9 -2.6 5.5 -9
4 5 -3.4 5.7 -9 -2.9 6.4 -9 -2.6 5.5 -9 -3.4 5.2 -9
4 5 -4.5 5.8 -9 -3.4 5.7 -9 -3.4 5.2 -9 -4.4 5.2 -9
4 5 -4.5 5.8 -9 -4.4 5.2 -9 -5 5.4 -9 -4.8 5.9 -9
4 5 -4.8 5.9 -9 -5 5.4 -9 -5.1 5.9 -9 -5.1 6.2 -9
4 5 -5.1 6.2 -9 -5.1 5.9 -9 -5.5 6.4 -9 -5.3 6.5 -9
4 5 -5.3 6.5 -9 -5.5 6.4 -9 -5.6 6.6 -9 -5.1 6.7 -9
4 5 -4.9 6.5 -9 -5.3 6.5 -9 -5.1 6.7 -9 -4.6 6.9 -9
4 5 -4.4 6.5 -9 -4.9 6.5 -9 -4.6 6.9 -9 -4 6.8 -9
4 5 -3.9 6.3 -9 -4.4 6.5 -9 -4 6.8 -9 -3.6 6.8 -9
4 5 -3.9 6.3 -9 -3.6 6.8 -9 -3.2 6.4 -9 -3.4 5.7 -9
3 5 -3.4 5.7 -9 -3.2 6.4 -9 -2.9 6.4 -9
3 5 -3.2 6.4 -9 -3.6 6.8 -9 -3.3 6.7 -9
4 5 -3 7.1 -9 -3.6 6.8 -9 -3.3 7.2 -9 -2.5 7.5 -9
4 5 -2.5 7.5 -9 -3.3 7.2 -9 -3.3 7.8 -9 -2.5 7.9 -9
4 5 -2.3 7.5 -9 -2.5 7.5 -9 -2.5 7.9 -9 -2.1 7.8 -9
4 5 -2.5 7.9 -9 -3.3 7.8 -9 -3.1 8.3 -9 -2.4 8.5 -9
4 5 -2.4 8.5 -9 -3.1 8.3 -9 -2.8 8.6 -9 -2 9.1 -9
4 5 -2 9.1 -9 -2.8 8.6 -9 -2.5 9.2 -9 -2.1 9.5 -9
3 5 -2 9.1 -9 -2.1 9.5 -9 -2 10 -9
4 5 -2.5 9.2 -9 -2.8 8.6 -9 -2.8 9.1 -9 -2.7 9.5 -9
3 5 -2.8 9.1 -9 -3.1 9.5 -9 -2.7 9.5 -9
4 5 -2.7 9.5 -9 -3.1 9.5 -9 -3.6 10.1 -9 -3.5 10.4 -9
4 5 -2.7 9.5 -9 -3.5 10.4 -9 -3.1 10.5 -9 -2.7 10.2 -9
4 5 -2.7 10.2 -9 -3.1 10.5 -9 -2.6 11 -9 -2.4 10.5 -9
4 5 -3.6 9.6 -9 -3.6 10.1 -9 -3.1 9.5 -9 -3.5 8.8 -9
4 5 -4 9 -9 -3.6 9.6 -9 -3.5 8.8 -9 -3.5 8.5 -9
4 5 -4.2 8.5 -9 -4 9 -9 -3.5 8.5 -9 -3.5 7.9 -9
4 5 -3.5 7.9 -9 -3.5 8.5 -9 -3.1 8.3 -9 -3.3 7.8 -9
4 5 -4.2 8.5 -9 -3.5 7.9 -9 -3.9 7.4 -9 -4.2 7.5 -9
4 5 -4.2 7.5 -9 -3.9 7.4 -9 -4 6.8 -9 -4.6 6.9 -9
4 5 -4.3 8.9 -9 -4 9 -9 -4.2 8.5 -9 -5.2 8.1 -9
4 5 -5.4 8.8 -9 -4.3 8.9 -9 -5.2 8.1 -9 -5.6 7.9 -9
4 5 -5.6 8.7 -9 -5.4 8.8 -9 -5.6 7.9 -9 -6.3 8 -9
4 5 -6.3 8 -9 -5.6 7.9 -9 -6 7.5 -9 -6.3 7.3 -9
4 5 -6.3 7.3 -9 -6 7.5 -9 -6.2 7.2 -9 -6.4 7.1 -9
3 5 -6.2 6.8 -9 -6.4 7.1 -9 -6.2 7.2 -9
4 5 -6.3 7.3 -9 -6.4 7.1 -9 -6.8 7.4 -9 -6.8 7.7 -9
4 5 -6.8 7.7 -9 -6.8 7.4 -9 -7.4 7.8 -9 -7.2 8 -9
4 5 -5.9 8.9 -9 -5.6 8.7 -9 -6.3 8 -9 -6.6 8.7 -9
4 5 -6 9.3 -9 -5.9 8.9 -9 -6.6 8.7 -9 -6.7 9.3 -9
4 5 -6.7 9.3 -9 -6.6 8.7 -9 -7.3 9.2 -9 -6.9 9.6 -9
4 5 -6.9 9.6 -9 -7.3 9.2 -9 -7.7 9.9 -9 -6.9 10.2 -9
4 5 -7.5 8.7 -9 -7.7 9.9 -9 -7.3 9.2 -9 -7.2 8.5 -9
4 5 -7.5 8.7 -9 -7.2 8.5 -9 -7.2 8 -9 -7.9 8.6 -9
4 5 -7.1 10.5 -9 -6.9 10.2 -9 -7.7 9.9 -9 -7.5 10.7 -9
3 5 -7.7 9.9 -9 -7.5 11 -9 -7.5 10.7 -9
4 5 -6.5 10.4 -9 -6.9 10.2 -9 -7.1 10.5 -9 -6.7 10.9 -9
4 5 -5.9 10.7 -9 -6.5 10.4 -9 -6.7 10.9 -9 -6.3 11.4 -9
3 5 -5.9 10.7 -9 -6.3 11.4 -9 -5.7 11.5 -9
4 5 -6.5 10.4 -9 -5.9 10.7 -9 -5.7 10.6 -9 -6.2 10.2 -9
4 5 -6.2 10.2 -9 -5.7 10.6 -9 -5.6 10 -9 -6.3 9.6 -9
4 5 -6.3 9.6 -9 -5.6 10 -9 -5.9 9.6 -9 -6.7 9.3 -9
3 5 -6 9.3 -9 -6.7 9.3 -9 -5.9 9.6 -9
4 5 -5 10.3 -9 -5.6 10 -9 -5.7 10.6 -9 -5.2 11 -9
4 5 -4.8 11.2 -9 -5 10.3 -9 -5.2 11 -9 -4.8 11.7 -9
3 5 -4.8 11.2 -9 -4.8 11.7 -9 -4.7 11.5 -9
3 5 -4.7 11.5 -9 -4.8 11.7 -9 -4.2 11.8 -9
3 5 -5 10.3 -9 -4.8 11.2 -9 -4.6 10.9 -9
4 5 -3.8 10.1 -9 -5 10.3 -9 -4.6 10.9 -9 -4.2 11 -9
4 5 -3.6 10.1 -9 -3.8 10.1 -9 -4.2 11 -9 -3.5 10.4 -9
4 5 -3.5 11 -9 -3.5 10.4 -9 -4.2 11 -9 -3.7 11.4 -9
4 5 -2.9 11.5 -9 -3.5 11 -9 -3.7 11.4 -9 -3.3 11.6 -9
3 5 -3.3 6.7 -9 -3.6 6.8 -9 -3 7.1 -9
4 5 -4.4 9.3 -9 -4.3 8.9 -9 -5.4 8.8 -9 -5 9.4 -9
4 5 -4.3 9.7 -9 -4.4 9.3 -9 -5 9.4 -9 -4.9 10 -9
4 5 -3.8 10.1 -9 -4.3 9.7 -9 -4.9 10 -9 -5 10.3 -9
4 27 -.3 -11.8 -9 -1.3 -12.4 -9 -1.5 -12.2 -9 -1.6 -11.7 -9
4 27 -.3 -11.8 -9 -1.6 -11.7 -9 -1.2 -10.9 -9 .6 -11.3 -9
4 27 -.2 -10.3 -9 .6 -11.3 -9 -1.2 -10.9 -9 -.7 -10.3 -9
4 27 .6 -11.3 -9 -.2 -10.3 -9 0 -10.1 -9 1.1 -10.9 -9
3 27 1.1 -10.9 -9 0 -10.1 -9 1.4 -10.7 -9
4 27 1.1 -10.9 -9 1.4 -10.7 -9 1.6 -11.9 -9 1.2 -12.9 -9
4 27 1.2 -12.9 -9 1.6 -11.9 -9 1.6 -13.2 -9 1.4 -13.7 -9
4 27 1 -13.7 -9 1.2 -12.9 -9 1.4 -13.7 -9 1.1 -13.9 -9
4 27 -6.4 7.1 -9 -6.2 6.8 -9 -6.4 6.6 -9 -7 6.9 -9
4 27 -6.8 7.4 -9 -6.4 7.1 -9 -7 6.9 -9 -7.7 7.3 -9
4 27 -7.4 7.8 -9 -6.8 7.4 -9 -7.7 7.3 -9 -8 7.6 -9
4 27 -6 5.5 -9 -6.4 6.6 -9 -6.2 6.8 -9 -5.6 6.6 -9
3 27 -6 5.5 -9 -5.6 6.6 -9 -5.5 6.4 -9
4 27 -6 5.5 -9 -5.5 6.4 -9 -5.1 5.9 -9 -5 5.4 -9
4 27 -5.4 4.7 -9 -6 5.5 -9 -5 5.4 -9 -5 4.6 -9
4 27 -5.6 6.6 -9 -6.2 6.8 -9 -6.2 7.2 -9 -5.1 6.7 -9
4 27 -5.1 6.7 -9 -6.2 7.2 -9 -6 7.5 -9 -4.6 6.9 -9
4 27 -4.6 6.9 -9 -6 7.5 -9 -5.6 7.9 -9 -4.2 7.5 -9
4 27 -4.2 7.5 -9 -5.6 7.9 -9 -5.2 8.1 -9 -4.2 8.5 -9
4 27 -5.1 6.2 -9 -5.3 6.5 -9 -4.9 6.5 -9 -4.8 5.9 -9
4 27 -4.8 5.9 -9 -4.9 6.5 -9 -4.4 6.5 -9 -4.5 5.8 -9
4 27 -4.5 5.8 -9 -4.4 6.5 -9 -3.9 6.3 -9 -3.4 5.7 -9
3 27 -6.3 7.3 -9 -6.8 7.7 -9 -6.3 8 -9
4 27 -6.3 8 -9 -6.8 7.7 -9 -7.2 8 -9 -6.6 8.7 -9
3 27 -7.2 8 -9 -7.2 8.5 -9 -6.6 8.7 -9
3 27 -7.2 8.5 -9 -7.3 9.2 -9 -6.6 8.7 -9
4 16 -11.6 -.4 -9 -12.1 -.9 -9 -12.2 -.6 -9 -11.9 -.3 -9
3 16 -12.2 -.6 -9 -12.1 -.4 -9 -11.9 -.3 -9
4 16 -12.1 -.9 -9 -11.6 -.4 -9 -11.4 -.7 -9 -11.7 -1.2 -9
4 16 -11.2 -1.4 -9 -11.7 -1.2 -9 -11.4 -.7 -9 -11.2 -.7 -9
4 16 -10.7 -1.3 -9 -11.2 -1.4 -9 -11.2 -.7 -9 -10.3 -.9 -9
4 16 -10.3 -.9 -9 -11.2 -.7 -9 -11.1 -.5 -9 -10.2 -.5 -9
4 16 -10.5 .1 -9 -10.2 -.5 -9 -11.1 -.5 -9 -11.2 -.2 -9
4 16 -11 .6 -9 -10.5 .1 -9 -11.2 -.2 -9 -11.9 .4 -9
4 16 -11.5 1.1 -9 -11 .6 -9 -11.9 .4 -9 -12.4 .9 -9
4 16 -11.5 1.1 -9 -12.4 .9 -9 -12.6 1.2 -9 -12.5 1.5 -9
4 16 -11.5 1.1 -9 -12.5 1.5 -9 -12.2 1.7 -9 -10.1 1.1 -9
4 16 -10.1 1.1 -9 -12.2 1.7 -9 -10.1 1.7 -9 -9.9 1.2 -9
3 16 -9.9 1.2 -9 -10.1 1.7 -9 -9.9 1.6 -9
4 16 -9.7 .2 -9 -9.7 -.3 -9 -10 -.2 -9 -10 .2 -9
3 16 -10 -.2 -9 -10.1 0 -9 -10 .2 -9
4 16 -9.7 -.3 -9 -9.7 .2 -9 -8.7 0 -9 -8.7 -.3 -9
3 16 -8.7 -.3 -9 -8.7 0 -9 -8.6 -.2 -9
4 16 -8.9 .6 -9 -9.2 .5 -9 -9.5 .6 -9 -9.6 1 -9
4 16 -8.9 1.3 -9 -8.9 .6 -9 -9.6 1 -9 -9.5 2.1 -9
3 16 -8.9 1.3 -9 -9.5 2.1 -9 -9.3 2.2 -9
3 27 -11 -3 -9 -11.2 -1.4 -9 -10.7 -1.3 -9
3 27 -11 -3 -9 -10.7 -1.3 -9 -10.3 -.9 -9
4 27 -11 -3 -9 -10.3 -.9 -9 -9.7 -.3 -9 -8.7 -.3 -9
4 27 -7.6 .4 -9 -11 -3 -9 -8.7 -.3 -9 -8.6 -.2 -9
3 27 -8.6 -.2 -9 -8.7 0 -9 -7.6 .4 -9
4 27 -7.6 .4 -9 -8.7 0 -9 -9.2 .5 -9 -8.9 .6 -9
4 27 -7.6 .4 -9 -8.9 .6 -9 -8.9 1.3 -9 -8.59586 2.80414 -9
3 27 -8.9 1.3 -9 -9.3 2.2 -9 -8.59586 2.80414 -9
4 27 -11 3.8 -9 -8.59586 2.80414 -9 -9.3 2.2 -9 -9.5 2.1 -9
4 27 -10.1 1.7 -9 -11 3.8 -9 -9.5 2.1 -9 -9.9 1.6 -9
4 27 -9.9 1.6 -9 -9.5 2.1 -9 -9.6 1 -9 -9.9 1.2 -9
4 27 -9.9 1.2 -9 -9.6 1 -9 -9.5 .6 -9 -10.1 1.1 -9
4 27 -10 .2 -9 -10.1 1.1 -9 -9.5 .6 -9 -9.7 .2 -9
4 27 -9.7 .2 -9 -9.5 .6 -9 -9.2 .5 -9 -8.7 0 -9
4 27 -10.1 1.1 -9 -10 .2 -9 -10.5 .1 -9 -11 .6 -9
3 27 -11 .6 -9 -11.5 1.1 -9 -10.1 1.1 -9
3 27 -10.1 0 -9 -10.5 .1 -9 -10 .2 -9
4 27 -10.2 -.5 -9 -10.5 .1 -9 -10.1 0 -9 -10 -.2 -9
4 27 -10.2 -.5 -9 -10 -.2 -9 -9.7 -.3 -9 -10.3 -.9 -9
3 27 -11 -3 -9 -11.7 -1.2 -9 -11.2 -1.4 -9
4 27 -12.1 -.9 -9 -11.7 -1.2 -9 -11 -3 -9 -14.4 .4 -9
3 27 -12.1 -.9 -9 -14.4 .4 -9 -12.2 -.6 -9
4 27 -12.1 -.4 -9 -12.2 -.6 -9 -14.4 .4 -9 -11.9 .4 -9
3 27 -12.1 -.4 -9 -11.9 .4 -9 -11.9 -.3 -9
4 27 -11.6 -.4 -9 -11.9 -.3 -9 -11.9 .4 -9 -11.2 -.2 -9
4 27 -11.6 -.4 -9 -11.2 -.2 -9 -11.1 -.5 -9 -11.4 -.7 -9
3 27 -11.2 -.7 -9 -11.4 -.7 -9 -11.1 -.5 -9
3 27 -11.9 .4 -9 -14.4 .4 -9 -12.4 .9 -9
3 27 -14.4 .4 -9 -12.6 1.2 -9 -12.4 .9 -9
3 27 -14.4 .4 -9 -12.5 1.5 -9 -12.6 1.2 -9
4 27 -12.5 1.5 -9 -14.4 .4 -9 -11 3.8 -9 -12.2 1.7 -9
3 27 -10.1 1.7 -9 -12.2 1.7 -9 -11 3.8 -9
4 191 -11 4.9 -9 -15.1 5.1 -9 -10.9 11.7 -9 -8.6 9 -9
3 191 -11 4.9 -9 -8.6 9 -9 -8.4 8.2 -9
3 191 -11 4.9 -9 -8.4 8.2 -9 -8 7.6 -9
3 191 -11 4.9 -9 -8 7.6 -9 -7.7 7.3 -9
3 191 -11 4.9 -9 -7.7 7.3 -9 -7 6.9 -9
4 191 -11 4.9 -9 -7 6.9 -9 -6.4 6.6 -9 -8.1 5.1 -9
3 191 -8.1 5.1 -9 -6.4 6.6 -9 -6 5.5 -9
3 191 -8.6 9 -9 -10.9 11.7 -9 -8.5 9.8 -9
3 191 -8.5 9.8 -9 -10.9 11.7 -9 -8.3 10.5 -9
3 191 -8.3 10.5 -9 -10.9 11.7 -9 -7.9 11 -9
3 191 -1.5 8.8 -9 -1.6 9.9 -9 -.3 11 -9
3 191 -1.6 9.9 -9 -1.9 11.1 -9 -.3 11 -9
4 191 2.6 8.2 -9 3.5 6.8 -9 2.2 6.5 -9 1.9 8.5 -9
3 191 2.6 8.2 -9 1.9 8.5 -9 2.1 9 -9
4 191 2.1 9 -9 1.9 8.5 -9 1.4 10.5 -9 2 10 -9
4 191 2.2 10.6 -9 2 10 -9 1.4 10.5 -9 1.1 11 -9
3 191 2.2 10.6 -9 1.1 11 -9 2.6 10.8 -9
4 191 6.9 6.8 -9 5.1 6.9 -9 4.8 7.4 -9 4.5 8.2 -9
3 191 6.9 6.8 -9 4.5 8.2 -9 4.3 9.1 -9
4 191 6.9 6.8 -9 4.3 9.1 -9 4 10 -9 7 9.8 -9
3 191 7 9.8 -9 4 10 -9 3.3 10.6 -9
4 191 9.5 6.3 -9 6.9 6.8 -9 7 9.8 -9 10.3 8.6 -9
4 191 12.3 5.1 -9 9.5 6.3 -9 10.3 8.6 -9 12.8 7.3 -9
3 191 15.7 3 -9 12.3 5.1 -9 12.8 7.3 -9
3 191 -5.4 -7.2 -9 -5.9 -6.7 -9 -5.2 -6.9 -9
4 191 -5 -6.7 -9 -5.2 -6.9 -9 -5.9 -6.7 -9 -5.8 -5.6 -9
4 191 -5.8 -5.6 -9 -5.9 -6.7 -9 -6.5 -5.7 -9 -6 -4.6 -9
4 191 -6 -4.6 -9 -6.5 -5.7 -9 -6.7 -4.8 -9 -6.8 -3.8 -9
4 191 -5.9 -3.5 -9 -6 -4.6 -9 -6.8 -3.8 -9 -6.5 -2.6 -9
4 191 -5.6 -2.5 -9 -5.9 -3.5 -9 -6.5 -2.6 -9 -5.7 -.8 -9
4 191 -4.8 -1.7 -9 -5.6 -2.5 -9 -5.7 -.8 -9 -4.3 -.9 -9
3 191 -4.3 -.9 -9 -5.7 -.8 -9 -4.4 0 -9
4 191 -4.4 0 -9 -5.7 -.8 -9 -4.5 1.3 -9 -3.9 1.4 -9
4 191 -2.5 -7.1 -9 -2.9 -7.1 -9 -3.5 -6.3 -9 -2.8 -5.8 -9
4 191 -2.8 -5.8 -9 -3.5 -6.3 -9 -4.1 -5.7 -9 -3 -4.6 -9
4 191 -3 -4.6 -9 -4.1 -5.7 -9 -4.5 -5 -9 -4.6 -4.2 -9
4 191 -2.9 -4 -9 -3 -4.6 -9 -4.6 -4.2 -9 -4.1 -3.4 -9
4 191 -2.4 -3.4 -9 -2.9 -4 -9 -4.1 -3.4 -9 -3.4 -2.9 -9
4 191 -1.7 -2.9 -9 -2.4 -3.4 -9 -3.4 -2.9 -9 -2.7 -2.1 -9
4 191 -1.1 -2.3 -9 -1.7 -2.9 -9 -2.7 -2.1 -9 -2.5 -1.4 -9
4 191 -.9 -1.4 -9 -1.1 -2.3 -9 -2.5 -1.4 -9 -1.1 -.4 -9
4 191 -1.1 -.4 -9 -2.5 -1.4 -9 -2.6 -.1 -9 -2.5 .7 -9
4 191 -1.1 .6 -9 -1.1 -.4 -9 -2.5 .7 -9 -2.2 1.3 -9
3 191 -1.1 .6 -9 -2.2 1.3 -9 -.9 1.1 -9
3 191 -3.5 -8.3 -9 -4.1 -8 -9 -4 -7.7 -9
4 191 -3.5 -8.3 -9 -4 -7.7 -9 -4 -7.5 -9 -3.2 -8.2 -9
4 191 -3 -8.7 -9 -3.5 -8.3 -9 -3.2 -8.2 -9 -2.7 -8.8 -9
4 191 -1.1 -6.7 -9 -1.4 -6.9 -9 -1.2 -5.7 -9 -.7 -6.3 -9
4 191 -.7 -6.3 -9 -1.2 -5.7 -9 -1 -5.2 -9 .1 -5.9 -9
4 191 .1 -5.9 -9 -1 -5.2 -9 -.5 -4.7 -9 1 -5.6 -9
4 191 1 -5.6 -9 -.5 -4.7 -9 .2 -4.3 -9 1.7 -5.2 -9
4 191 1.7 -5.2 -9 .2 -4.3 -9 .7 -3.7 -9 2.2 -4.5 -9
4 191 2.4 -3.8 -9 2.2 -4.5 -9 .7 -3.7 -9 .8 -2.9 -9
4 191 2.3 -2.9 -9 2.4 -3.8 -9 .8 -2.9 -9 .6 -2.1 -9
4 191 2.1 -1.9 -9 2.3 -2.9 -9 .6 -2.1 -9 1.7 -1.1 -9
4 191 -.4 -8.6 -9 -.8 -8.7 -9 -1.2 -8.5 -9 -.3 -8.2 -9
4 191 -.3 -8.2 -9 -1.2 -8.5 -9 -.4 -8 -9 -.1 -8 -9
3 191 -.1 -8 -9 -.4 -8 -9 .2 -7.8 -9
4 191 .7 -7.9 -9 .2 -7.8 -9 .5 -7.5 -9 1 -7.4 -9
4 191 1.2 -8.2 -9 .7 -7.9 -9 1 -7.4 -9 1.8 -8.3 -9
4 191 1.8 -8.3 -9 1 -7.4 -9 2.2 -7.1 -9 2.1 -8.2 -9
4 191 2.8 -8.2 -9 2.1 -8.2 -9 2.2 -7.1 -9 3.5 -7.8 -9
4 191 3.5 -7.8 -9 2.2 -7.1 -9 3.3 -6.7 -9 4.1 -7.2 -9
4 191 4.5 -6.8 -9 4.1 -7.2 -9 3.3 -6.7 -9 4.6 -6.2 -9
4 191 4.6 -6.2 -9 3.3 -6.7 -9 4.1 -5.7 -9 4.6 -5.2 -9
4 191 4.6 -5.2 -9 4.1 -5.7 -9 4.1 -4.7 -9 4.4 -3.5 -9
3 191 4.1 -4.7 -9 3.9 -3.4 -9 4.4 -3.5 -9
4 191 4.4 -3.5 -9 3.9 -3.4 -9 3.3 -1.9 -9 3.7 -.8 -9
4 191 3.7 -.8 -9 3.3 -1.9 -9 3.1 -1.2 -9 3.5 -.5 -9
4 191 6.7 -9.5 -9 6.1 -8.8 -9 6.9 -9.1 -9 7.5 -9.8 -9
4 191 7.5 -9.8 -9 6.9 -9.1 -9 7.9 -9.2 -9 8.4 -9.6 -9
3 191 8.4 -9.6 -9 7.9 -9.2 -9 9.1 -9 -9
4 191 10.4 -2.2 -9 9.9 -3 -9 9.9 -.6 -9 10.6 -.9 -9
4 191 10 1.5 -9 10.6 -.9 -9 9.9 -.6 -9 9.2 1.6 -9
4 191 8.8 3.6 -9 10 1.5 -9 9.2 1.6 -9 7.8 3.9 -9
4 191 7.6 4.7 -9 8.8 3.6 -9 7.8 3.9 -9 6.6 4.9 -9
4 191 6.4 5.2 -9 7.6 4.7 -9 6.6 4.9 -9 5.7 5.1 -9
4 191 9.8 -8.8 -9 9.3 -8.1 -9 10.1 -8 -9 10.9 -8.8 -9
4 191 10.9 -8.8 -9 10.1 -8 -9 11.1 -8.1 -9 11.5 -8.5 -9
3 191 11.5 -8.5 -9 11.1 -8.1 -9 11.6 -8.2 -9
4 191 11.4 -7.3 -9 11.5 -7.7 -9 10.4 -7.3 -9 10 -6.7 -9
4 191 10 -6.7 -9 10.4 -7.3 -9 9.6 -6.8 -9 9.4 -6.6 -9
4 191 10 -6.7 -9 9.4 -6.6 -9 9.4 -6.3 -9 9.7 -6.1 -9
4 191 10 -6.7 -9 9.7 -6.1 -9 10.5 -5.9 -9 10.4 -6.5 -9
4 191 10.4 -6.5 -9 10.5 -5.9 -9 11.3 -5.8 -9 11.3 -6.4 -9
3 5 11.5 -7.7 -9 11.4 -7.3 -9 11.8 -6.8 -9
4 5 11.8 -6.8 -9 11.4 -7.3 -9 11.3 -7 -9 11.3 -6.4 -9
4 191 9.9 -5.4 -9 9.1 -5.7 -9 9.5 -4.6 -9 10.4 -4.5 -9
4 191 10.8 -5.2 -9 9.9 -5.4 -9 10.4 -4.5 -9 11.4 -4.6 -9
4 191 10.8 -5.2 -9 11.4 -4.6 -9 11.8 -4.7 -9 11.6 -5.2 -9
3 5 11.9 -5.8 -9 11.6 -5.2 -9 11.8 -4.7 -9
4 191 12.1 -4.3 -9 11.3 -4.2 -9 11.3 -3.8 -9 12.4 -3.9 -9
4 191 11.3 -3.8 -9 11.3 -4.2 -9 10.6 -4 -9 10.6 -3.9 -9
4 191 11.4 -3.4 -9 10.5 -3.3 -9 11.3 -3.1 -9 12 -3.1 -9
3 191 11.4 -3.4 -9 12 -3.1 -9 12.6 -3.3 -9
3 5 13.1 -4 -9 12.4 -3.9 -9 12.6 -3.6 -9
4 191 1.7 -1.1 -9 .6 -2.1 -9 .6 -1.1 -9 1.5 -.6 -9
4 191 1.5 -.6 -9 .6 -1.1 -9 .8 -.2 -9 1.6 .1 -9
4 191 1.6 .1 -9 .8 -.2 -9 1.2 .6 -9 1.9 .4 -9
4 191 -3.4 13.6 -9 -1.8 13.6 -9 -2.6 12.8 -9 -3 12.9 -9
3 191 -3 12.9 -9 -3.3 13.2 -9 -3.4 13.6 -9
4 191 -2.2 12.9 -9 -2.6 12.8 -9 -1.8 13.6 -9 -1.9 13.2 -9
4 191 -2.6 14.4 -9 -1.8 13.6 -9 -3.4 13.6 -9 -3 14.3 -9
3 191 -3.4 13.6 -9 -3.3 14 -9 -3 14.3 -9
4 191 -1.8 13.6 -9 -2.6 14.4 -9 -2.2 14.3 -9 -1.9 14 -9
4 191 -1.2 13.6 -9 .4 13.6 -9 -.4 12.8 -9 -.8 12.9 -9
3 191 -.8 12.9 -9 -1.1 13.2 -9 -1.2 13.6 -9
4 191 0 12.9 -9 -.4 12.8 -9 .4 13.6 -9 .3 13.2 -9
4 191 -.4 14.4 -9 .4 13.6 -9 -1.2 13.6 -9 -.8 14.3 -9
3 191 -1.2 13.6 -9 -1.1 14 -9 -.8 14.3 -9
4 191 .4 13.6 -9 -.4 14.4 -9 0 14.3 -9 .3 14 -9
4 191 1 13.6 -9 2.6 13.6 -9 1.8 12.8 -9 1.4 12.9 -9
3 191 1.4 12.9 -9 1.1 13.2 -9 1 13.6 -9
4 191 2.2 12.9 -9 1.8 12.8 -9 2.6 13.6 -9 2.5 13.2 -9
4 191 1.8 14.4 -9 2.6 13.6 -9 1 13.6 -9 1.4 14.3 -9
3 191 1 13.6 -9 1.1 14 -9 1.4 14.3 -9
4 191 2.6 13.6 -9 1.8 14.4 -9 2.2 14.3 -9 2.5 14 -9
4 191 3.2 13.6 -9 4.8 13.6 -9 4 12.8 -9 3.6 12.9 -9
3 191 3.6 12.9 -9 3.3 13.2 -9 3.2 13.6 -9
4 191 4.4 12.9 -9 4 12.8 -9 4.8 13.6 -9 4.7 13.2 -9
4 191 4 14.4 -9 4.8 13.6 -9 3.2 13.6 -9 3.6 14.3 -9
3 191 3.2 13.6 -9 3.3 14 -9 3.6 14.3 -9
4 191 4.8 13.6 -9 4 14.4 -9 4.4 14.3 -9 4.7 14 -9
4 191 4.9 11.6 -9 6.5 11.6 -9 5.7 10.8 -9 5.3 10.9 -9
3 191 5.3 10.9 -9 5 11.2 -9 4.9 11.6 -9
4 191 6.1 10.9 -9 5.7 10.8 -9 6.5 11.6 -9 6.4 11.2 -9
4 191 5.7 12.4 -9 6.5 11.6 -9 4.9 11.6 -9 5.3 12.3 -9
3 191 4.9 11.6 -9 5 12 -9 5.3 12.3 -9
4 191 6.5 11.6 -9 5.7 12.4 -9 6.1 12.3 -9 6.4 12 -9
4 191 7.1 11.6 -9 8.7 11.6 -9 7.9 10.8 -9 7.5 10.9 -9
3 191 7.5 10.9 -9 7.2 11.2 -9 7.1 11.6 -9
4 191 8.3 10.9 -9 7.9 10.8 -9 8.7 11.6 -9 8.6 11.2 -9
4 191 7.9 12.4 -9 8.7 11.6 -9 7.1 11.6 -9 7.5 12.3 -9
3 191 7.1 11.6 -9 7.2 12 -9 7.5 12.3 -9
4 191 8.7 11.6 -9 7.9 12.4 -9 8.3 12.3 -9 8.6 12 -9
4 84 -11.6 -8 -9 -11.1 -7.6 -9 -10.3 -8.7 -9 -10.8 -9.3 -9
4 84 -10.8 -9.3 -9 -10.3 -8.7 -9 -9.4 -9.8 -9 -9.5 -10.5 -9
4 84 -9.5 -10.5 -9 -9.4 -9.8 -9 -7.9 -10.7 -9 -8.1 -11.2 -9
4 84 -8.1 -11.2 -9 -7.9 -10.7 -9 -6.3 -11.3 -9 -6.6 -11.8 -9
4 84 -10.9 -7.4 -9 -10.4 -7 -9 -10.3 -7.8 -9 -10.7 -7.8 -9
4 84 -8.4 -9.2 -9 -9.7 -9.1 -9 -10 -8.1 -9 -8.8 -8 -9
4 84 -6.5 -10.4 -9 -7.8 -10.4 -9 -8.2 -9.3 -9 -6.9 -9.3 -9
3 84 -6.1 -11.1 -9 -6.2 -10.5 -9 -5.6 -10.5 -9
4 84 -10 -7.7 -9 -10.2 -6.8 -9 -9.7 -6.4 -9 -9.3 -6.4 -9
3 84 -10 -7.7 -9 -9.3 -6.4 -9 -8.9 -7.6 -9
4 84 -8.2 -9 -9 -8.5 -8 -9 -7.3 -7.9 -9 -7 -9 -9
4 84 -5.5 -10.2 -9 -6.2 -10.2 -9 -6.5 -9.3 -9 -5.2 -9.2 -9
4 84 -5.4 -8.8 -9 -6.6 -8.9 -9 -6.9 -7.9 -9 -5.7 -7.8 -9
4 84 -7.4 -7.6 -9 -8.6 -7.6 -9 -9 -6.5 -9 -7.7 -6.4 -9
4 84 -9.1 -6.3 -9 -9.2 -6 -9 -8.4 -5.3 -9 -8.1 -5.3 -9
3 84 -9.1 -6.3 -9 -8.1 -5.3 -9 -7.8 -6.1 -9
4 84 -7.1 -7.6 -9 -7.4 -6.5 -9 -7.1 -6.5 -9 -6.6 -7.2 -9
4 84 -4.4 -8.3 -9 -4.8 -8.4 -9 -5.2 -8.2 -9 -5.5 -7.6 -9
4 84 -4.1 -8 -9 -4.4 -8.3 -9 -5.5 -7.6 -9 -5.4 -7.2 -9
4 84 -4 -7.7 -9 -4.1 -8 -9 -5.4 -7.2 -9 -4 -7.5 -9
4 84 -4 -7.5 -9 -5.4 -7.2 -9 -5.2 -6.9 -9 -5 -6.7 -9
4 84 -4 -7.2 -9 -4 -7.5 -9 -5 -6.7 -9 -4.2 -6.8 -9
3 84 -4.2 -6.8 -9 -5 -6.7 -9 -4.6 -6.7 -9
3 84 -5.2 -8.2 -9 -5.4 -8 -9 -5.5 -7.6 -9
4 84 -3 -10 -9 -3.4 -10.1 -9 -3.7 -10 -9 -3.9 -9.7 -9
4 84 -2.7 -9.8 -9 -3 -10 -9 -3.9 -9.7 -9 -4 -9.3 -9
4 84 -2.5 -9.5 -9 -2.7 -9.8 -9 -4 -9.3 -9 -3.8 -8.9 -9
4 84 -2.5 -9.1 -9 -2.5 -9.5 -9 -3.8 -8.9 -9 -3.5 -8.7 -9
4 84 -2.7 -8.8 -9 -2.5 -9.1 -9 -3.5 -8.7 -9 -3 -8.7 -9
4 84 -3.2 -7.3 -9 -2.9 -7.1 -9 -2.5 -7.1 -9 -2.2 -7.2 -9
4 84 -3.2 -7.3 -9 -2.2 -7.2 -9 -2.1 -7.5 -9 -3.3 -7.6 -9
4 84 -3.2 -7.9 -9 -3.3 -7.6 -9 -2.1 -7.5 -9 -2.2 -7.9 -9
4 84 -2.9 -8.2 -9 -3.2 -7.9 -9 -2.2 -7.9 -9 -2.4 -8.1 -9
4 84 -.8 -9.4 -9 -1.3 -9.8 -9 -1.7 -9.8 -9 -2.1 -9.5 -9
4 84 -.8 -9.4 -9 -2.1 -9.5 -9 -2.2 -9.1 -9 -.7 -9 -9
4 84 -.8 -8.7 -9 -.7 -9 -9 -2.2 -9.1 -9 -1.2 -8.5 -9
4 84 -1.2 -8.5 -9 -2.2 -9.1 -9 -2.1 -8.5 -9 -1.8 -8.4 -9
3 84 -1.2 -8.5 -9 -1.8 -8.4 -9 -1.4 -8.4 -9
4 84 -1.4 -6.9 -9 -1.1 -6.7 -9 -.6 -6.7 -9 -.4 -6.9 -9
4 84 -1.4 -6.9 -9 -.4 -6.9 -9 -.3 -7.3 -9 -.5 -7.6 -9
4 84 -1.4 -6.9 -9 -.5 -7.6 -9 -.8 -7.8 -9 -1.2 -7.8 -9
4 84 -1.4 -6.9 -9 -1.2 -7.8 -9 -1.5 -7.6 -9 -1.6 -7.4 -9
3 5 -1.7 -7.7 -9 -1.9 -7.4 -9 -1.6 -7.4 -9
3 5 -1.6 -7.4 -9 -1.9 -7.4 -9 -1.4 -6.9 -9
4 84 .1 -9.1 -9 -.2 -8.9 -9 -.4 -8.6 -9 -.3 -8.2 -9
4 84 .6 -9.2 -9 .1 -9.1 -9 -.3 -8.2 -9 -.1 -8 -9
4 84 1 -9.1 -9 .6 -9.2 -9 -.1 -8 -9 .2 -7.8 -9
4 84 1.2 -8.7 -9 1 -9.1 -9 .2 -7.8 -9 .7 -7.9 -9
3 84 1.2 -8.7 -9 .7 -7.9 -9 1.2 -8.2 -9
3 84 -7.1 -7.6 -9 -6.6 -7.2 -9 -6.3 -7.5 -9
4 84 5.1 6.9 -9 5.2 6.3 -9 3.9 5.5 -9 3.6 6.1 -9
4 84 5.1 6.9 -9 3.6 6.1 -9 3.5 6.8 -9 4.8 7.4 -9
4 84 4.8 7.4 -9 3.5 6.8 -9 2.6 8.2 -9 4.5 8.2 -9
4 84 4.5 8.2 -9 2.6 8.2 -9 2.1 9 -9 4.3 9.1 -9
4 84 4.3 9.1 -9 2.1 9 -9 2 10 -9 4 10 -9
4 84 4 10 -9 2 10 -9 2.2 10.6 -9 3.3 10.6 -9
3 84 3.3 10.6 -9 2.2 10.6 -9 2.6 10.8 -9
4 19 -11.1 -7.6 -9 -10.9 -7.4 -9 -10.7 -7.8 -9 -10.3 -8.7 -9
4 19 -10.3 -8.7 -9 -10.7 -7.8 -9 -9.7 -9.1 -9 -9.4 -9.8 -9
4 19 -9.4 -9.8 -9 -9.7 -9.1 -9 -7.8 -10.4 -9 -7.9 -10.7 -9
4 19 -6.3 -11.3 -9 -7.9 -10.7 -9 -7.8 -10.4 -9 -6.1 -11.1 -9
4 19 -6.1 -11.1 -9 -7.8 -10.4 -9 -6.5 -10.4 -9 -6.2 -10.5 -9
4 19 -6.2 -10.5 -9 -6.5 -10.4 -9 -6.2 -10.2 -9 -5.6 -10.5 -9
3 19 -5.6 -10.5 -9 -6.2 -10.2 -9 -5.5 -10.2 -9
4 19 -6.5 -9.3 -9 -6.2 -10.2 -9 -6.5 -10.4 -9 -6.9 -9.3 -9
4 19 -6.5 -9.3 -9 -6.9 -9.3 -9 -6.6 -8.9 -9 -5.4 -8.8 -9
3 19 -6.5 -9.3 -9 -5.4 -8.8 -9 -5.2 -9.2 -9
4 19 -4.8 -8.4 -9 -5.2 -9.2 -9 -5.4 -8.8 -9 -5.2 -8.2 -9
4 19 -5.4 -8 -9 -5.2 -8.2 -9 -5.4 -8.8 -9 -5.7 -7.8 -9
3 19 -5.4 -8 -9 -5.7 -7.8 -9 -5.5 -7.6 -9
4 19 -5.5 -7.6 -9 -5.7 -7.8 -9 -6.3 -7.5 -9 -6.3 -7.2 -9
4 19 -6.3 -7.2 -9 -6.3 -7.5 -9 -6.6 -7.2 -9 -6.9 -6.3 -9
3 19 -6.6 -7.2 -9 -7.1 -6.5 -9 -6.9 -6.3 -9
4 19 -7.4 -6.2 -9 -6.9 -6.3 -9 -7.1 -6.5 -9 -7.4 -6.5 -9
4 19 -7.4 -6.2 -9 -7.4 -6.5 -9 -7.7 -6.4 -9 -7.8 -6.1 -9
4 19 -7.7 -5.6 -9 -7.4 -6.2 -9 -7.8 -6.1 -9 -8.1 -5.3 -9
3 19 -7.7 -5.6 -9 -8.1 -5.3 -9 -7.8 -4.9 -9
3 19 -8.1 -5.3 -9 -8.4 -5.3 -9 -7.8 -4.9 -9
3 5 -7.8 -4.9 -9 -7.9 -4.5 -9 -6.7 -4.8 -9
3 5 11.8 -6.8 -9 11.3 -6.4 -9 11.3 -5.8 -9
4 19 -7.8 -6.1 -9 -7.7 -6.4 -9 -9 -6.5 -9 -9.1 -6.3 -9
4 19 -9.3 -6.4 -9 -9.1 -6.3 -9 -9 -6.5 -9 -8.9 -7.6 -9
4 19 -9.2 -6 -9 -9.1 -6.3 -9 -9.3 -6.4 -9 -9.7 -6.4 -9
4 19 -8.9 -7.6 -9 -9 -6.5 -9 -8.6 -7.6 -9 -8.8 -8 -9
4 19 -8.9 -7.6 -9 -8.8 -8 -9 -10 -8.1 -9 -10 -7.7 -9
4 19 -10 -7.7 -9 -10 -8.1 -9 -10.3 -7.8 -9 -10.4 -7 -9
3 19 -10 -7.7 -9 -10.4 -7 -9 -10.2 -6.8 -9
4 19 -10.7 -7.8 -9 -10.3 -7.8 -9 -10 -8.1 -9 -9.7 -9.1 -9
4 19 -8.5 -8 -9 -8.8 -8 -9 -8.6 -7.6 -9 -7.4 -7.6 -9
4 19 -8.8 -8 -9 -8.5 -8 -9 -8.2 -9 -9 -8.4 -9.2 -9
4 19 -8.2 -9.3 -9 -8.4 -9.2 -9 -8.2 -9 -9 -7 -9 -9
4 19 -9.7 -9.1 -9 -8.4 -9.2 -9 -8.2 -9.3 -9 -7.8 -10.4 -9
3 19 -6.9 -9.3 -9 -8.2 -9.3 -9 -7 -9 -9
4 19 -6.6 -8.9 -9 -6.9 -9.3 -9 -7 -9 -9 -6.9 -7.9 -9
4 19 -6.9 -7.9 -9 -7 -9 -9 -7.3 -7.9 -9 -7.1 -7.6 -9
4 19 -6.9 -7.9 -9 -7.1 -7.6 -9 -6.3 -7.5 -9 -5.7 -7.8 -9
4 19 -7.4 -7.6 -9 -7.1 -7.6 -9 -7.3 -7.9 -9 -8.5 -8 -9
4 19 -7.4 -6.5 -9 -7.1 -7.6 -9 -7.4 -7.6 -9 -7.7 -6.4 -9
4 19 -4.5 1.3 -9 -5.1 1.1 -9 -4.7 2.7 -9 -3.4 2.9 -9
3 19 -4.5 1.3 -9 -3.4 2.9 -9 -3.9 1.4 -9
4 19 -2.9 1.3 -9 -3.9 1.4 -9 -3.4 2.9 -9 -1.8 3 -9
3 19 -2.2 1.3 -9 -2.9 1.3 -9 -1.8 3 -9
4 19 -.9 1.1 -9 -2.2 1.3 -9 -1.8 3 -9 .1 2.6 -9
4 19 .4 .7 -9 -.9 1.1 -9 .1 2.6 -9 1.7 2.1 -9
3 19 1.2 .6 -9 .4 .7 -9 1.7 2.1 -9
4 19 1.9 .4 -9 1.2 .6 -9 1.7 2.1 -9 3.3 1.4 -9
3 19 3.1 -.2 -9 1.9 .4 -9 3.3 1.4 -9
3 19 3.5 -.5 -9 3.1 -.2 -9 3.3 1.4 -9
3 19 3.7 -.8 -9 3.5 -.5 -9 3.3 1.4 -9
4 19 -3.6 3.2 -9 -3.9 3.2 -9 -3.9 3.5 -9 -1.9 4.3 -9
3 19 -3.9 3.5 -9 -2.3 4.4 -9 -1.9 4.3 -9
4 19 -1.9 4.3 -9 -2.3 4.4 -9 -1.8 4.7 -9 -1.3 4.5 -9
4 19 -.3 3.7 -9 -1.9 4.3 -9 -1.3 4.5 -9 .2 3.9 -9
4 19 -.3 3.7 -9 .2 3.9 -9 .2 3.4 -9 -.9 3.2 -9
4 19 -1.3 3.5 -9 -.3 3.7 -9 -.9 3.2 -9 -1.4 3.2 -9
4 19 .2 3.4 -9 .2 3.9 -9 .7 3.6 -9 1.3 2.9 -9
4 19 1.3 2.9 -9 .7 3.6 -9 1.6 3.1 -9 2.3 2.1 -9
3 19 2.3 2.1 -9 1.6 3.1 -9 2.7 2.2 -9
4 19 .7 3.6 -9 .2 3.9 -9 2 3.9 -9 2.4 3.6 -9
4 19 2.4 4 -9 2.4 3.6 -9 2 3.9 -9 .9 4.9 -9
4 19 1.3 5 -9 2.4 4 -9 .9 4.9 -9 .5 5.2 -9
4 19 .5 5.2 -9 .9 4.9 -9 -1.3 4.5 -9 -1.8 4.7 -9
4 19 -1.8 4.7 -9 -2.3 4.4 -9 -3 4.7 -9 -2.6 4.9 -9
3 19 -3 4.7 -9 -3.1 5 -9 -2.6 4.9 -9
4 19 1.3 5 -9 .5 5.2 -9 1 5.3 -9 2 5.1 -9
3 19 2 5.1 -9 1 5.3 -9 2 5.4 -9
4 19 1 5.3 -9 .5 5.2 -9 -.9 5.9 -9 -.5 6.1 -9
4 19 -1 6.3 -9 -.5 6.1 -9 -.9 5.9 -9 -1.4 6.1 -9
4 19 -1.4 6.1 -9 -.9 5.9 -9 -1.7 5.6 -9 -1.9 5.9 -9
4 19 -2.6 5.5 -9 -1.9 5.9 -9 -1.7 5.6 -9 -2.5 5.2 -9
3 19 -2.5 5.2 -9 -3 5.2 -9 -2.6 5.5 -9
4 19 -1.8 6.6 -9 -1 6.3 -9 -1.4 6.1 -9 -1.9 6.3 -9
4 5 -1.9 6.3 -9 -2.1 6 -9 -2.4 6.7 -9 -1.8 6.6 -9
4 5 -1.7 6.9 -9 -1.8 6.6 -9 -2.4 6.7 -9 -1.6 7.3 -9
4 19 -.5 6.1 -9 -1 6.3 -9 .3 6.6 -9 .5 6.3 -9
4 19 .5 6.3 -9 .3 6.6 -9 1.3 6.6 -9 1.9 6.3 -9
4 19 1.9 6.6 -9 1.9 6.3 -9 1.3 6.6 -9 .1 7.5 -9
4 19 .1 7.5 -9 1.3 6.6 -9 -.3 7.4 -9 -.2 7.7 -9
4 19 -.6 7.6 -9 -.2 7.7 -9 -.3 7.4 -9 -1.7 6.9 -9
3 19 -1.7 6.9 -9 -1.6 7.3 -9 -.6 7.6 -9
4 19 -.2 7.7 -9 -.6 7.6 -9 -1.1 7.9 -9 -.9 8.2 -9
3 19 -1.1 7.9 -9 -1.2 8.1 -9 -.9 8.2 -9
4 19 .1 7.5 -9 -.2 7.7 -9 1.4 7.9 -9 1.6 7.6 -9
3 19 1.6 7.6 -9 1.4 7.9 -9 1.6 8.1 -9
4 19 1.6 8.1 -9 1.4 7.9 -9 .2 9.1 -9 .4 9.2 -9
4 19 .2 9.5 -9 .4 9.2 -9 .2 9.1 -9 -.2 9.3 -9
4 19 -.2 9.3 -9 .2 9.1 -9 -.6 8.6 -9 -.9 8.9 -9
3 19 -.6 8.6 -9 -.9 8.7 -9 -.9 8.9 -9
4 19 .4 9.2 -9 .2 9.5 -9 1 9.5 -9 1.1 9.2 -9
4 19 .2 9.5 -9 -.2 9.3 -9 -.5 9.6 -9 -.2 9.8 -9
3 19 -.5 9.6 -9 -.5 9.8 -9 -.2 9.8 -9
4 84 -4.7 2.7 -9 -3.9 3.2 -9 -3.6 3.2 -9 -3.4 2.9 -9
4 84 -1.8 3 -9 -3.4 2.9 -9 -3.6 3.2 -9 -1.4 3.2 -9
4 84 -1.8 3 -9 -1.4 3.2 -9 -.9 3.2 -9 .1 2.6 -9
4 84 .1 2.6 -9 -.9 3.2 -9 .2 3.4 -9 1.3 2.9 -9
4 84 1.7 2.1 -9 .1 2.6 -9 1.3 2.9 -9 2.3 2.1 -9
3 84 3.3 1.4 -9 1.7 2.1 -9 2.3 2.1 -9
3 84 3.3 1.4 -9 2.3 2.1 -9 2.7 2.2 -9
4 84 2.8 4 -9 3.3 1.4 -9 2.7 2.2 -9 2.4 3.6 -9
3 84 2.7 2.2 -9 1.6 3.1 -9 2.4 3.6 -9
3 84 1.6 3.1 -9 .7 3.6 -9 2.4 3.6 -9
3 84 2.4 3.6 -9 2.4 4 -9 2.8 4 -9
4 84 2.2 6.5 -9 2.8 4 -9 2.4 4 -9 2 5.4 -9
3 84 2.4 4 -9 2 5.1 -9 2 5.4 -9
3 84 2.4 4 -9 1.3 5 -9 2 5.1 -9
4 84 1.9 6.3 -9 2.2 6.5 -9 2 5.4 -9 1 5.3 -9
4 84 .5 6.3 -9 1.9 6.3 -9 1 5.3 -9 -.5 6.1 -9
3 84 1.9 6.3 -9 1.9 6.6 -9 2.2 6.5 -9
4 84 1.6 7.6 -9 2.2 6.5 -9 1.9 6.6 -9 .1 7.5 -9
4 84 2.2 6.5 -9 1.6 7.6 -9 1.6 8.1 -9 1.9 8.5 -9
4 84 1.1 9.2 -9 1.9 8.5 -9 1.6 8.1 -9 .4 9.2 -9
4 84 1.4 10.5 -9 1.9 8.5 -9 1.1 9.2 -9 1 9.5 -9
4 84 1.1 11 -9 1.4 10.5 -9 1 9.5 -9 .6 11.5 -9
4 84 .6 11.5 -9 1 9.5 -9 -.3 11 -9 -.1 11.4 -9
3 84 -.1 11.4 -9 .2 11.6 -9 .6 11.5 -9
4 84 -.3 11 -9 1 9.5 -9 .2 9.5 -9 -.2 9.8 -9
3 84 -.2 9.8 -9 -.5 9.8 -9 -.3 11 -9
3 84 -1.5 8.8 -9 -.3 11 -9 -.5 9.8 -9
4 84 -1.5 8.8 -9 -.5 9.8 -9 -.5 9.6 -9 -.9 8.9 -9
3 84 -.9 8.9 -9 -.5 9.6 -9 -.2 9.3 -9
4 84 -1.5 8.8 -9 -.9 8.9 -9 -.9 8.7 -9 -1.2 8.1 -9
4 84 -.9 8.2 -9 -1.2 8.1 -9 -.9 8.7 -9 -.6 8.6 -9
4 84 -.2 7.7 -9 -.9 8.2 -9 -.6 8.6 -9 .2 9.1 -9
3 84 -.2 7.7 -9 .2 9.1 -9 1.4 7.9 -9
3 84 -1.5 7.7 -9 -1.5 8.8 -9 -1.2 8.1 -9
4 84 -1.5 7.7 -9 -1.2 8.1 -9 -1.1 7.9 -9 -1.6 7.3 -9
3 84 -1.6 7.3 -9 -1.1 7.9 -9 -.6 7.6 -9
4 84 -1 6.3 -9 -1.8 6.6 -9 -1.7 6.9 -9 -.3 7.4 -9
3 84 -1 6.3 -9 -.3 7.4 -9 .3 6.6 -9
3 84 1.3 6.6 -9 .3 6.6 -9 -.3 7.4 -9
4 84 -1.9 6.3 -9 -1.4 6.1 -9 -1.9 5.9 -9 -2.1 6 -9
3 84 -2.6 5.5 -9 -2.1 6 -9 -1.9 5.9 -9
3 84 -3 5.2 -9 -3.4 5.2 -9 -2.6 5.5 -9
4 84 -3.1 5 -9 -3.4 5.2 -9 -3 5.2 -9 -2.6 4.9 -9
4 84 -2.6 4.9 -9 -3 5.2 -9 -2.5 5.2 -9 -1.8 4.7 -9
4 84 -1.8 4.7 -9 -2.5 5.2 -9 -1.7 5.6 -9 -.9 5.9 -9
3 84 -1.8 4.7 -9 -.9 5.9 -9 .5 5.2 -9
4 84 .2 3.9 -9 -1.3 4.5 -9 .9 4.9 -9 2 3.9 -9
4 84 -1.9 4.3 -9 -.3 3.7 -9 -1.3 3.5 -9 -3.6 3.2 -9
3 84 -1.4 3.2 -9 -3.6 3.2 -9 -1.3 3.5 -9
4 84 -3.4 5.2 -9 -3.1 5 -9 -3 4.7 -9 -3.9 3.5 -9
3 84 -3.9 3.5 -9 -3 4.7 -9 -2.3 4.4 -9
3 84 -4.7 2.7 -9 -3.4 5.2 -9 -3.9 3.5 -9
3 84 -4.7 2.7 -9 -3.9 3.5 -9 -3.9 3.2 -9
4 16 .9 -18.9 -9 0 -20 -9 -2.1 -18.9 -9 -1.7 -15.9 -9
3 16 0 -20 -9 .9 -18.9 -9 2.48 -18.84 -9
4 16 0 -20 -9 2.48 -18.84 -9 3 -18.7 -9 6 -18 -9
3 16 0 -20 -9 6 -18 -9 7.654 -18.478 -9
3 16 7.654 -18.478 -9 6 -18 -9 7.27 -17.55 -9
3 16 7.654 -18.478 -9 7.27 -17.55 -9 8.5 -17 -9
4 16 7.654 -18.478 -9 8.5 -17 -9 11.2 -15.3 -9 14.142 -14.142 -9
3 16 11.2 -15.3 -9 11.57 -15.07 -9 14.142 -14.142 -9
3 16 11.57 -15.07 -9 13.44 -13.44 -9 14.142 -14.142 -9
3 16 14.142 -14.142 -9 13.44 -13.44 -9 13.6 -13.3 -9
4 16 14.142 -14.142 -9 13.6 -13.3 -9 15.9 -10.5 -9 18.478 -7.654 -9
3 16 15.9 -10.5 -9 16.45 -9.5 -9 18.478 -7.654 -9
3 16 16.45 -9.5 -9 17.3 -7.8 -9 18.478 -7.654 -9
4 16 18.4 -4.4 -9 18.478 -7.654 -9 17.3 -7.8 -9 14.5 -6.6 -9
4 16 18.478 -7.654 -9 18.4 -4.4 -9 18.84 -2.48 -9 20 0 -9
3 16 18.84 -2.48 -9 19 0 -9 20 0 -9
3 16 20 0 -9 19 0 -9 18.84 2.48 -9
4 16 20 0 -9 18.84 2.48 -9 18.8 3 -9 18.478 7.654 -9
3 16 18.8 3 -9 18.35 4.92 -9 18.478 7.654 -9
3 16 18.35 4.92 -9 17.55 7.27 -9 18.478 7.654 -9
3 16 17.55 7.27 -9 16.45 9.5 -9 18.478 7.654 -9
4 16 18.478 7.654 -9 16.45 9.5 -9 15.07 11.57 -9 14.142 14.142 -9
3 16 15.07 11.57 -9 13.44 13.44 -9 14.142 14.142 -9
3 16 13.44 13.44 -9 11.57 15.07 -9 14.142 14.142 -9
4 16 14.142 14.142 -9 11.57 15.07 -9 9.5 16.45 -9 7.654 18.478 -9
3 16 9.5 16.45 -9 7.27 17.55 -9 7.654 18.478 -9
3 16 7.27 17.55 -9 4.92 18.35 -9 7.654 18.478 -9
4 16 7.654 18.478 -9 4.92 18.35 -9 2.48 18.84 -9 0 20 -9
3 16 2.48 18.84 -9 0 19 -9 0 20 -9
3 16 -2.48 18.84 -9 0 20 -9 0 19 -9
4 16 0 20 -9 -2.48 18.84 -9 -4.92 18.35 -9 -7.654 18.478 -9
3 16 -7.27 17.55 -9 -7.654 18.478 -9 -4.92 18.35 -9
3 16 -9.5 16.45 -9 -7.654 18.478 -9 -7.27 17.55 -9
4 16 -7.654 18.478 -9 -9.5 16.45 -9 -11.57 15.07 -9 -14.142 14.142 -9
3 16 -13.44 13.44 -9 -14.142 14.142 -9 -11.57 15.07 -9
4 16 -14.142 14.142 -9 -13.44 13.44 -9 -13.8 13 -9 -15.07 11.57 -9
4 16 -14.142 14.142 -9 -15.07 11.57 -9 -16.45 9.5 -9 -18.478 7.654 -9
3 16 -17.55 7.27 -9 -18.478 7.654 -9 -16.45 9.5 -9
3 16 -18.1 5.8 -9 -18.478 7.654 -9 -17.55 7.27 -9
3 16 -18.35 4.92 -9 -18.478 7.654 -9 -18.1 5.8 -9
4 16 -18.478 7.654 -9 -18.35 4.92 -9 -18.84 2.48 -9 -20 0 -9
3 16 -19 0 -9 -20 0 -9 -18.84 2.48 -9
3 16 -18.9 -1.9 -9 -20 0 -9 -19 0 -9
4 16 -20 0 -9 -18.9 -1.9 -9 -18.1 -5.7 -9 -18.478 -7.654 -9
3 16 -18.478 -7.654 -9 -18.1 -5.7 -9 -17.55 -7.27 -9
3 16 -16.9 -8.4 -9 -18.478 -7.654 -9 -17.55 -7.27 -9
4 16 -18.478 -7.654 -9 -16.9 -8.4 -9 -15.07 -11.57 -9 -14.142 -14.142 -9
3 16 -14.142 -14.142 -9 -15.07 -11.57 -9 -13.44 -13.44 -9
3 16 -14.142 -14.142 -9 -13.44 -13.44 -9 -12.9 -14 -9
4 16 -14.142 -14.142 -9 -12.9 -14 -9 -10 -16.1 -9 -7.654 -18.478 -9
3 16 -7.654 -18.478 -9 -10 -16.1 -9 -9.5 -16.45 -9
3 16 -7.654 -18.478 -9 -9.5 -16.45 -9 -7.8 -17.3 -9
4 16 -4.5 -18.4 -9 -7.654 -18.478 -9 -7.8 -17.3 -9 -6.4 -14.6 -9
4 16 -7.654 -18.478 -9 -4.5 -18.4 -9 -2.48 -18.84 -9 0 -20 -9
3 16 0 -20 -9 -2.48 -18.84 -9 -2.1 -18.9 -9
4 16 .6 -15.9 -9 .9 -18.9 -9 -1.7 -15.9 -9 -1.3 -12.4 -9
4 16 .6 -15.9 -9 -1.3 -12.4 -9 1 -13.7 -9 1.1 -13.9 -9
4 16 1.2 -12.9 -9 1 -13.7 -9 -1.3 -12.4 -9 -.3 -11.8 -9
3 16 1.2 -12.9 -9 -.3 -11.8 -9 .6 -11.3 -9
3 16 1.2 -12.9 -9 .6 -11.3 -9 1.1 -10.9 -9
4 16 2.09 -15.86 -9 .6 -15.9 -9 1.1 -13.9 -9 1.4 -13.7 -9
4 16 2.5 -15.8 -9 2.09 -15.86 -9 1.4 -13.7 -9 5 -15.2 -9
4 16 2.5 -15.8 -9 5 -15.2 -9 6 -18 -9 3 -18.7 -9
4 16 5 -15.2 -9 1.4 -13.7 -9 1.6 -13.2 -9 6.12 -14.78 -9
4 16 6.12 -14.78 -9 1.6 -13.2 -9 1.6 -11.9 -9 7 -14.4 -9
4 16 7 -14.4 -9 1.6 -11.9 -9 1.4 -10.7 -9 1.9 -10.4 -9
3 16 7 -14.4 -9 1.9 -10.4 -9 2.3 -10 -9
4 16 7 -14.4 -9 2.3 -10 -9 2.7 -9.4 -9 5.7 -9.1 -9
4 16 5.7 -9.1 -9 2.7 -9.4 -9 2.8 -8.8 -9 3.5 -7.8 -9
3 16 2.8 -8.8 -9 2.8 -8.2 -9 3.5 -7.8 -9
3 16 5.7 -9.1 -9 3.5 -7.8 -9 4.1 -7.2 -9
3 16 7 -14.4 -9 5.7 -9.1 -9 6.7 -9.8 -9
4 16 7 -14.4 -9 6.7 -9.8 -9 7.7 -10.2 -9 9.4 -13 -9
4 16 7 -14.4 -9 9.4 -13 -9 11.2 -15.3 -9 8.5 -17 -9
4 16 9.74 -12.69 -9 9.4 -13 -9 7.7 -10.2 -9 9 -10.2 -9
4 16 11.31 -11.31 -9 9.74 -12.69 -9 9 -10.2 -9 10.3 -9.9 -9
4 16 11.31 -11.31 -9 10.3 -9.9 -9 11.6 -9.1 -9 13.4 -8.9 -9
4 16 1.4 -10.3 -9 1.1 -10.1 -9 1.3 -9.6 -9 1.8 -10.1 -9
4 16 1.8 -10.1 -9 1.3 -9.6 -9 1.7 -9.2 -9 2.2 -9.7 -9
4 16 2.2 -9.7 -9 1.7 -9.2 -9 2 -9.1 -9 2.3 -9.2 -9
4 16 11.31 -11.31 -9 13.4 -8.9 -9 15.9 -10.5 -9 13.6 -13.3 -9
4 16 13.4 -8.9 -9 11.6 -9.1 -9 12 -8.5 -9 13.86 -8 -9
3 16 12 -8.5 -9 12 -8 -9 13.86 -8 -9
4 16 13.86 -8 -9 12 -8 -9 11.8 -6.8 -9 14.5 -6.6 -9
4 16 14.5 -6.6 -9 11.8 -6.8 -9 11.9 -5.8 -9 12.6 -4.7 -9
4 16 14.5 -6.6 -9 12.6 -4.7 -9 13.1 -4 -9 15.45 -4.14 -9
3 16 14.5 -6.6 -9 15.45 -4.14 -9 18.4 -4.4 -9
4 16 11.3 -7 -9 11.4 -7.3 -9 10 -6.7 -9 10.4 -6.5 -9
3 16 11.3 -7 -9 10.4 -6.5 -9 11.3 -6.4 -9
4 16 15.45 -4.14 -9 13.1 -4 -9 13.1 -3.1 -9 15.86 -2.09 -9
4 16 15.86 -2.09 -9 13.1 -3.1 -9 12.8 -1.6 -9 16 0 -9
4 16 16 0 -9 12.8 -1.6 -9 11.9 1 -9 15.86 2.09 -9
4 16 15.7 3 -9 15.86 2.09 -9 11.9 1 -9 10.5 3.5 -9
4 16 12.3 5.1 -9 15.7 3 -9 10.5 3.5 -9 9.5 4.9 -9
4 16 9.5 6.3 -9 12.3 5.1 -9 9.5 4.9 -9 8.3 6 -9
4 16 6.9 6.8 -9 9.5 6.3 -9 8.3 6 -9 6.9 6.4 -9
4 16 5.1 6.9 -9 6.9 6.8 -9 6.9 6.4 -9 5.2 6.3 -9
4 16 11.4 -3.4 -9 12.6 -3.3 -9 12.6 -3.6 -9 12.4 -3.9 -9
4 16 11.4 -3.4 -9 12.4 -3.9 -9 11.3 -3.8 -9 10.5 -3.3 -9
4 16 11.3 -3.8 -9 10.6 -3.9 -9 9.7 -4 -9 10.5 -3.3 -9
3 16 10.6 -3.9 -9 10.6 -4 -9 9.7 -4 -9
4 16 9.5 -4.6 -9 9.7 -4 -9 10.6 -4 -9 10.4 -4.5 -9
4 16 10.4 -4.5 -9 10.6 -4 -9 11.3 -4.2 -9 11.4 -4.6 -9
4 16 11.4 -4.6 -9 11.3 -4.2 -9 12.1 -4.3 -9 11.8 -4.7 -9
4 16 10.8 -5.2 -9 11.6 -5.2 -9 11.3 -5.8 -9 10.5 -5.9 -9
4 16 9.9 -5.4 -9 10.8 -5.2 -9 10.5 -5.9 -9 9.7 -6.1 -9
4 16 9.1 -5.7 -9 9.9 -5.4 -9 9.7 -6.1 -9 9.4 -6.3 -9
4 16 9.1 -5.7 -9 9.4 -6.3 -9 9.4 -6.6 -9 9 -7.1 -9
4 16 9 -7.1 -9 9.4 -6.6 -9 9.6 -6.8 -9 9.3 -8.1 -9
4 16 9.3 -8.1 -9 9.6 -6.8 -9 10.4 -7.3 -9 10.1 -8 -9
4 16 11.1 -8.1 -9 10.1 -8 -9 10.4 -7.3 -9 11.5 -7.7 -9
3 16 11.6 -8.2 -9 11.1 -8.1 -9 11.5 -7.7 -9
4 16 2.2 6.5 -9 3.5 6.8 -9 3.6 6.1 -9 3.4 4.8 -9
3 16 3.4 4.8 -9 3.6 6.1 -9 3.9 5.5 -9
3 16 2.8 4 -9 2.2 6.5 -9 3.4 4.8 -9
4 16 13.86 8 -9 14.78 6.12 -9 12.8 7.3 -9 12.69 9.74 -9
4 16 12.69 9.74 -9 12.8 7.3 -9 10.3 8.6 -9 11.31 11.31 -9
4 16 11.31 11.31 -9 10.3 8.6 -9 8.7 11.6 -9 8.6 12 -9
4 16 9.74 12.69 -9 11.31 11.31 -9 8.6 12 -9 8.3 12.3 -9
4 16 8 13.86 -9 9.74 12.69 -9 8.3 12.3 -9 7.9 12.4 -9
4 16 8 13.86 -9 7.9 12.4 -9 7.5 12.3 -9 6.1 12.3 -9
4 16 6.12 14.78 -9 8 13.86 -9 6.1 12.3 -9 5.7 12.4 -9
4 16 6.12 14.78 -9 5.7 12.4 -9 4.8 13.6 -9 4.7 14 -9
4 16 6.12 14.78 -9 4.7 14 -9 4.4 14.3 -9 4.14 15.45 -9
3 16 4.4 14.3 -9 4 14.4 -9 4.14 15.45 -9
4 16 4.14 15.45 -9 4 14.4 -9 3.6 14.3 -9 2.2 14.3 -9
4 16 2.09 15.86 -9 4.14 15.45 -9 2.2 14.3 -9 1.8 14.4 -9
4 16 2.09 15.86 -9 1.8 14.4 -9 1.4 14.3 -9 0 14.3 -9
4 16 0 16 -9 2.09 15.86 -9 0 14.3 -9 -.4 14.4 -9
4 16 0 16 -9 -.4 14.4 -9 -.8 14.3 -9 -2.09 15.86 -9
4 16 -2.09 15.86 -9 -.8 14.3 -9 -2.2 14.3 -9 -2.6 14.4 -9
4 16 -2.09 15.86 -9 -2.6 14.4 -9 -3 14.3 -9 -4.14 15.45 -9
3 16 -3.3 14 -9 -4.14 15.45 -9 -3 14.3 -9
4 16 -4.14 15.45 -9 -3.3 14 -9 -3.4 13.6 -9 -6.12 14.78 -9
4 16 -6.12 14.78 -9 -3.4 13.6 -9 -5.1 12 -9 -6.3 11.8 -9
4 16 -8 13.86 -9 -6.12 14.78 -9 -6.3 11.8 -9 -7.2 11.5 -9
4 16 -9.74 12.69 -9 -8 13.86 -9 -7.2 11.5 -9 -7.9 11 -9
3 16 -7.9 11 -9 -10.9 11.7 -9 -9.74 12.69 -9
4 16 -5.1 12 -9 -3.4 13.6 -9 -3.3 13.2 -9 -3.9 12 -9
4 16 -3.9 12 -9 -3.3 13.2 -9 -3 12.9 -9 -2.8 11.9 -9
4 16 -2.8 11.9 -9 -3 12.9 -9 -2.6 12.8 -9 -2.3 11.6 -9
4 16 -2.3 11.6 -9 -2.6 12.8 -9 -2.2 12.9 -9 -.8 12.9 -9
4 16 -.8 12.9 -9 -2.2 12.9 -9 -1.9 13.2 -9 -1.1 13.2 -9
4 16 -1.1 13.2 -9 -1.9 13.2 -9 -1.8 13.6 -9 -1.2 13.6 -9
4 16 -1.2 13.6 -9 -1.8 13.6 -9 -1.9 14 -9 -1.1 14 -9
4 16 -1.1 14 -9 -1.9 14 -9 -2.2 14.3 -9 -.8 14.3 -9
4 16 -2.3 11.6 -9 -.8 12.9 -9 -.4 12.8 -9 -.1 11.4 -9
4 16 -1.9 11.1 -9 -2.3 11.6 -9 -.1 11.4 -9 -.3 11 -9
4 16 .2 11.6 -9 -.1 11.4 -9 -.4 12.8 -9 0 12.9 -9
4 16 1.4 12.9 -9 .2 11.6 -9 0 12.9 -9 .3 13.2 -9
4 16 1.1 13.2 -9 1.4 12.9 -9 .3 13.2 -9 .4 13.6 -9
4 16 1 13.6 -9 1.1 13.2 -9 .4 13.6 -9 .3 14 -9
4 16 1.1 14 -9 1 13.6 -9 .3 14 -9 0 14.3 -9
3 16 1.1 14 -9 0 14.3 -9 1.4 14.3 -9
4 16 .6 11.5 -9 .2 11.6 -9 1.4 12.9 -9 1.8 12.8 -9
4 16 1.1 11 -9 .6 11.5 -9 1.8 12.8 -9 2.6 10.8 -9
4 16 2.6 10.8 -9 1.8 12.8 -9 2.2 12.9 -9 3.6 12.9 -9
4 16 3.6 12.9 -9 2.2 12.9 -9 2.5 13.2 -9 3.3 13.2 -9
4 16 3.3 13.2 -9 2.5 13.2 -9 2.6 13.6 -9 3.2 13.6 -9
4 16 3.2 13.6 -9 2.6 13.6 -9 2.5 14 -9 3.3 14 -9
4 16 3.3 14 -9 2.5 14 -9 2.2 14.3 -9 3.6 14.3 -9
4 16 3.3 10.6 -9 2.6 10.8 -9 3.6 12.9 -9 4 12.8 -9
4 16 4.9 11.6 -9 3.3 10.6 -9 4 12.8 -9 5 12 -9
4 16 5 12 -9 4 12.8 -9 4.4 12.9 -9 5.3 12.3 -9
4 16 5.3 12.3 -9 4.4 12.9 -9 4.7 13.2 -9 5.7 12.4 -9
3 16 5.7 12.4 -9 4.7 13.2 -9 4.8 13.6 -9
3 16 3.3 10.6 -9 4.9 11.6 -9 5 11.2 -9
3 16 3.3 10.6 -9 5 11.2 -9 5.3 10.9 -9
4 16 7 9.8 -9 3.3 10.6 -9 5.3 10.9 -9 5.7 10.8 -9
4 16 7 9.8 -9 5.7 10.8 -9 6.1 10.9 -9 7.5 10.9 -9
4 16 7.5 10.9 -9 6.1 10.9 -9 6.4 11.2 -9 7.2 11.2 -9
4 16 7.2 11.2 -9 6.4 11.2 -9 6.5 11.6 -9 7.1 11.6 -9
4 16 7.1 11.6 -9 6.5 11.6 -9 6.4 12 -9 7.2 12 -9
4 16 7.2 12 -9 6.4 12 -9 6.1 12.3 -9 7.5 12.3 -9
4 16 7 9.8 -9 7.5 10.9 -9 7.9 10.8 -9 10.3 8.6 -9
3 16 10.3 8.6 -9 7.9 10.8 -9 8.3 10.9 -9
3 16 10.3 8.6 -9 8.3 10.9 -9 8.6 11.2 -9
3 16 10.3 8.6 -9 8.6 11.2 -9 8.7 11.6 -9
4 16 -7.9 8.6 -9 -8.2 8.8 -9 -8.2 9.4 -9 -7.5 8.7 -9
4 16 -7.5 8.7 -9 -8.2 9.4 -9 -7.9 9.8 -9 -7.7 9.9 -9
4 16 -6.3 9.6 -9 -6.7 9.3 -9 -6.9 9.6 -9 -6.9 10.2 -9
4 16 -6.2 10.2 -9 -6.3 9.6 -9 -6.9 10.2 -9 -6.5 10.4 -9
4 16 -7.1 10.5 -9 -7.5 10.7 -9 -7.5 11 -9 -7.1 11.3 -9
4 16 -6.7 10.9 -9 -7.1 10.5 -9 -7.1 11.3 -9 -6.3 11.4 -9
4 16 -5.7 10.6 -9 -5.9 10.7 -9 -5.7 11.5 -9 -5.2 11 -9
3 16 -5.2 11 -9 -5.7 11.5 -9 -4.8 11.7 -9
4 16 -4.6 10.9 -9 -4.8 11.2 -9 -4.7 11.5 -9 -4.2 11 -9
4 16 -4.2 11 -9 -4.7 11.5 -9 -4.2 11.8 -9 -3.7 11.4 -9
3 16 -3.7 11.4 -9 -4.2 11.8 -9 -3.3 11.6 -9
4 16 -3.1 10.5 -9 -3.5 10.4 -9 -3.5 11 -9 -2.9 11.5 -9
3 16 -3.1 10.5 -9 -2.9 11.5 -9 -2.6 11 -9
4 16 -2.7 10.2 -9 -2.4 10.5 -9 -2 10 -9 -2.1 9.5 -9
4 16 -2.7 9.5 -9 -2.7 10.2 -9 -2.1 9.5 -9 -2.5 9.2 -9
4 16 -2.4 8.5 -9 -2 9.1 -9 -1.8 8.9 -9 -1.8 8.2 -9
4 16 -2.5 7.9 -9 -2.4 8.5 -9 -1.8 8.2 -9 -2.1 7.8 -9
4 16 -2.5 7.5 -9 -2.3 7.5 -9 -2.4 6.7 -9 -3 7.1 -9
4 16 -3 7.1 -9 -2.4 6.7 -9 -2.9 6.4 -9 -3.3 6.7 -9
3 16 -2.9 6.4 -9 -3.2 6.4 -9 -3.3 6.7 -9
4 16 -3.6 6.8 -9 -4 6.8 -9 -3.9 7.4 -9 -3.3 7.2 -9
4 16 -3.3 7.2 -9 -3.9 7.4 -9 -3.5 7.9 -9 -3.3 7.8 -9
4 16 -3.1 8.3 -9 -3.5 8.5 -9 -3.5 8.8 -9 -2.8 8.6 -9
4 16 -2.8 9.1 -9 -2.8 8.6 -9 -3.5 8.8 -9 -3.1 9.5 -9
4 16 -4 9 -9 -4.3 8.9 -9 -4.4 9.3 -9 -3.6 9.6 -9
4 16 -3.6 9.6 -9 -4.4 9.3 -9 -4.3 9.7 -9 -3.8 10.1 -9
3 16 -3.6 9.6 -9 -3.8 10.1 -9 -3.6 10.1 -9
4 16 -5.6 10 -9 -5 10.3 -9 -4.9 10 -9 -5 9.4 -9
4 16 -5.9 9.6 -9 -5.6 10 -9 -5 9.4 -9 -6 9.3 -9
4 16 -6 9.3 -9 -5 9.4 -9 -5.4 8.8 -9 -5.9 8.9 -9
3 16 -5.6 8.7 -9 -5.9 8.9 -9 -5.4 8.8 -9
4 16 -18.1 -5.7 -9 -18.9 -1.9 -9 -15.9 -1.8 -9 -15.2 -5 -9
4 16 -14.4 -3 -9 -15.2 -5 -9 -15.9 -1.8 -9 -16 0 -9
4 16 -14.4 .4 -9 -14.4 -3 -9 -16 0 -9 -15.86 2.09 -9
4 16 -14.4 3.8 -9 -14.4 .4 -9 -15.86 2.09 -9 -15.45 4.14 -9
4 16 -14.4 3.8 -9 -15.45 4.14 -9 -15.1 5.1 -9 -11 4.9 -9
4 16 -11 3.8 -9 -14.4 3.8 -9 -11 4.9 -9 -8.1 5.1 -9
4 16 -7.6 3.8 -9 -11 3.8 -9 -8.1 5.1 -9 -6 5.5 -9
4 16 -7.6 3.8 -9 -6 5.5 -9 -5.4 4.7 -9 -4.7 2.7 -9
3 16 -4.7 2.7 -9 -5.4 4.7 -9 -5 4.6 -9
4 16 -3.4 5.2 -9 -4.7 2.7 -9 -5 4.6 -9 -4.4 5.2 -9
3 16 -5 4.6 -9 -5 5.4 -9 -4.4 5.2 -9
4 16 -7.6 3.8 -9 -4.7 2.7 -9 -5.1 1.1 -9 -7.6 .4 -9
3 16 -6 -.2 -9 -7.6 .4 -9 -5.1 1.1 -9
3 16 -7 -1.8 -9 -7.6 .4 -9 -6 -.2 -9
3 16 -7.6 -3 -9 -7.6 .4 -9 -7 -1.8 -9
3 16 -7.6 -3.4 -9 -7.6 -3 -9 -7 -1.8 -9
4 16 -11 -3 -9 -7.6 -3 -9 -7.6 -3.4 -9 -7.9 -4.5 -9
4 16 -8.4 -5.3 -9 -11 -3 -9 -7.9 -4.5 -9 -7.8 -4.9 -9
4 16 -11 -3 -9 -8.4 -5.3 -9 -9.2 -6 -9 -9.7 -6.4 -9
3 16 -10.2 -6.8 -9 -11 -3 -9 -9.7 -6.4 -9
4 16 -11 -3 -9 -10.2 -6.8 -9 -10.4 -7 -9 -10.9 -7.4 -9
4 16 -11 -3 -9 -10.9 -7.4 -9 -11.1 -7.6 -9 -11.6 -8 -9
4 16 -11 -3 -9 -11.6 -8 -9 -14.2 -7.3 -9 -14.78 -6.12 -9
4 16 -11 -3 -9 -14.78 -6.12 -9 -15.2 -5 -9 -14.4 -3 -9
4 16 -14.2 -7.3 -9 -11.6 -8 -9 -12.5 -10 -9 -15.07 -11.57 -9
3 16 -15.07 -11.57 -9 -16.9 -8.4 -9 -14.2 -7.3 -9
4 16 -12.5 -10 -9 -11.6 -8 -9 -10.8 -9.3 -9 -11.31 -11.31 -9
4 16 -11.31 -11.31 -9 -10.8 -9.3 -9 -9.5 -10.5 -9 -10.7 -11.8 -9
4 16 -10.7 -11.8 -9 -9.5 -10.5 -9 -8.4 -13.6 -9 -10 -16.1 -9
3 16 -10 -16.1 -9 -12.9 -14 -9 -10.7 -11.8 -9
4 16 -8.4 -13.6 -9 -9.5 -10.5 -9 -8.1 -11.2 -9 -8 -13.86 -9
4 16 -8 -13.86 -9 -8.1 -11.2 -9 -6.6 -11.8 -9 -6.4 -14.6 -9
4 16 -6.4 -14.6 -9 -6.6 -11.8 -9 -3.8 -15.5 -9 -4.5 -18.4 -9
4 16 -3.8 -15.5 -9 -6.6 -11.8 -9 -6.3 -11.3 -9 -6.1 -11.1 -9
4 16 -3.8 -15.5 -9 -6.1 -11.1 -9 -5.6 -10.5 -9 -2.09 -15.86 -9
4 16 -2.09 -15.86 -9 -5.6 -10.5 -9 -1.5 -12.2 -9 -1.3 -12.4 -9
3 16 -1.7 -15.9 -9 -2.09 -15.86 -9 -1.3 -12.4 -9
4 16 -3.4 -10.1 -9 -1.5 -12.2 -9 -5.6 -10.5 -9 -3.7 -10 -9
4 16 -3.7 -10 -9 -5.6 -10.5 -9 -5.5 -10.2 -9 -3.9 -9.7 -9
4 16 -3.9 -9.7 -9 -5.5 -10.2 -9 -5.2 -9.2 -9 -4 -9.3 -9
4 16 -4 -9.3 -9 -5.2 -9.2 -9 -4.8 -8.4 -9 -3.8 -8.9 -9
4 16 -3.8 -8.9 -9 -4.8 -8.4 -9 -4.4 -8.3 -9 -3.5 -8.7 -9
4 16 -3.5 -8.7 -9 -4.4 -8.3 -9 -4.1 -8 -9 -3.5 -8.3 -9
3 16 -3 -8.7 -9 -3.5 -8.7 -9 -3.5 -8.3 -9
4 16 -1.5 -12.2 -9 -3.4 -10.1 -9 -3 -10 -9 -1.6 -11.7 -9
4 16 -1.6 -11.7 -9 -3 -10 -9 -2.7 -9.8 -9 -1.2 -10.9 -9
4 16 -1.7 -9.8 -9 -1.2 -10.9 -9 -2.7 -9.8 -9 -2.1 -9.5 -9
4 16 -1.2 -10.9 -9 -1.7 -9.8 -9 -1.3 -9.8 -9 -.7 -10.3 -9
4 16 -2.1 -9.5 -9 -2.7 -9.8 -9 -2.5 -9.5 -9 -2.2 -9.1 -9
4 16 -2.2 -9.1 -9 -2.5 -9.5 -9 -2.5 -9.1 -9 -2.4 -8.1 -9
4 16 -2.4 -8.1 -9 -2.5 -9.1 -9 -2.7 -8.8 -9 -2.9 -8.2 -9
4 16 -2.9 -8.2 -9 -2.7 -8.8 -9 -3.2 -8.2 -9 -3.2 -7.9 -9
4 16 -3.2 -7.9 -9 -3.2 -8.2 -9 -4 -7.5 -9 -3.3 -7.6 -9
4 16 -3.3 -7.6 -9 -4 -7.5 -9 -4 -7.2 -9 -3.2 -7.3 -9
4 16 -3.7 -6.9 -9 -3.2 -7.3 -9 -4 -7.2 -9 -4.2 -6.8 -9
4 16 -4.5 -6.3 -9 -3.7 -6.9 -9 -4.2 -6.8 -9 -4.6 -6.7 -9
4 16 -4.5 -6.3 -9 -4.6 -6.7 -9 -5 -6.7 -9 -5.1 -5.6 -9
4 16 -5.1 -5.6 -9 -5 -6.7 -9 -5.8 -5.6 -9 -5.5 -4.9 -9
4 16 -5.5 -4.9 -9 -5.8 -5.6 -9 -6 -4.6 -9 -5.4 -4 -9
4 16 -5.4 -4 -9 -6 -4.6 -9 -5.9 -3.5 -9 -4.9 -3.2 -9
4 16 -4.9 -3.2 -9 -5.9 -3.5 -9 -5.6 -2.5 -9 -4 -2.2 -9
4 16 -4 -2.2 -9 -5.6 -2.5 -9 -4.8 -1.7 -9 -3.4 -1.4 -9
4 16 -3.4 -1.4 -9 -4.8 -1.7 -9 -4.3 -.9 -9 -3.3 -.6 -9
4 16 -3.3 -.6 -9 -4.3 -.9 -9 -4.4 0 -9 -3.5 .3 -9
4 16 -3.5 .3 -9 -4.4 0 -9 -3.9 1.4 -9 -3.2 .9 -9
3 16 -3.2 .9 -9 -3.9 1.4 -9 -2.9 1.3 -9
4 16 -2.1 -8.5 -9 -2.2 -9.1 -9 -2.4 -8.1 -9 -2.2 -7.9 -9
4 16 -2.1 -8.5 -9 -2.2 -7.9 -9 -2.1 -7.5 -9 -1.9 -7.4 -9
4 16 -1.9 -7.4 -9 -2.1 -7.5 -9 -2.2 -7.2 -9 -1.9 -6.2 -9
4 16 -1.9 -6.2 -9 -2.2 -7.2 -9 -2.5 -7.1 -9 -2.8 -5.8 -9
4 16 -1.8 -5.3 -9 -1.9 -6.2 -9 -2.8 -5.8 -9 -3 -4.6 -9
4 16 -1.6 -4.7 -9 -1.8 -5.3 -9 -3 -4.6 -9 -2.9 -4 -9
4 16 -.9 -4.2 -9 -1.6 -4.7 -9 -2.9 -4 -9 -2.4 -3.4 -9
4 16 -.3 -3.7 -9 -.9 -4.2 -9 -2.4 -3.4 -9 -1.7 -2.9 -9
4 16 .1 -3 -9 -.3 -3.7 -9 -1.7 -2.9 -9 -1.1 -2.3 -9
4 16 .2 -2.3 -9 .1 -3 -9 -1.1 -2.3 -9 -.9 -1.4 -9
4 16 -.1 -1.2 -9 .2 -2.3 -9 -.9 -1.4 -9 -1.1 -.4 -9
4 16 -.2 -.4 -9 -.1 -1.2 -9 -1.1 -.4 -9 -1.1 .6 -9
4 16 0 .3 -9 -.2 -.4 -9 -1.1 .6 -9 -.9 1.1 -9
3 16 0 .3 -9 -.9 1.1 -9 .4 .7 -9
4 16 -1.5 -7.6 -9 -1.8 -8.4 -9 -1.7 -7.7 -9 -1.6 -7.4 -9
4 16 -1.4 -8.4 -9 -1.8 -8.4 -9 -1.5 -7.6 -9 -1.2 -7.8 -9
3 16 -1.4 -8.4 -9 -1.2 -7.8 -9 -.8 -7.8 -9
4 16 -.5 -7.8 -9 -1.4 -8.4 -9 -.8 -7.8 -9 -.5 -7.6 -9
4 16 .2 -7.2 -9 -.5 -7.8 -9 -.5 -7.6 -9 -.3 -7.3 -9
4 16 .2 -7.2 -9 -.3 -7.3 -9 -.4 -6.9 -9 .1 -5.9 -9
4 16 .1 -5.9 -9 -.4 -6.9 -9 -.6 -6.7 -9 -.7 -6.3 -9
3 16 -.6 -6.7 -9 -1.1 -6.7 -9 -.7 -6.3 -9
4 16 1.2 -6.8 -9 .2 -7.2 -9 .1 -5.9 -9 1 -5.6 -9
4 16 1.2 -6.8 -9 1 -5.6 -9 1.7 -5.2 -9 2.9 -5.8 -9
4 16 2.9 -5.8 -9 1.7 -5.2 -9 2.2 -4.5 -9 3.3 -5 -9
4 16 3.4 -3.8 -9 3.3 -5 -9 2.2 -4.5 -9 2.4 -3.8 -9
4 16 3.4 -3.8 -9 2.4 -3.8 -9 2.3 -2.9 -9 2.8 -2.4 -9
4 16 2.8 -2.4 -9 2.3 -2.9 -9 2.1 -1.9 -9 2.5 -1.6 -9
4 16 2.5 -1.6 -9 2.1 -1.9 -9 1.7 -1.1 -9 2.5 -1 -9
4 16 2.5 -1 -9 1.7 -1.1 -9 1.5 -.6 -9 3.1 -.2 -9
4 16 3.1 -.2 -9 1.5 -.6 -9 1.6 .1 -9 1.9 .4 -9