0 Plate  6 x  6 x  0.667 with 4 Studs and Card-holder - "STAR WARS"
0 Name: 30566.dat
0 Author: Jeff Jones [notmaster]
0 !LDRAW_ORG Unofficial_Part
0 !LICENSE Licensed under CC BY 4.0 : see CAreadme.txt

0 BFC CERTIFY CCW

0 !CATEGORY Minifig Accessory
0 !KEYWORDS Mini Heroes Collection, Minifigure Stand, Set 3340, Set 3341
0 !KEYWORDS Set 3342, Set 3343

1 16 0 0 0 1 0 0 0 1 0 0 0 1 s\45522s01.dat
4 16 -7.4 0 -47.7 -5.4 0 -41.3 -5.4 1 -41.3 -7.4 1 -47.7
1 16 -5.45 .5 -47.7 -1.95 0 0 0 0 .5 0 1 0 rect.dat
4 16 -5.4 1 -41.3 -5.4 0 -41.3 -3.5 0 -47.7 -3.5 1 -47.7
1 16 -5.4 .5 -38.5 -3.6 0 0 0 0 .5 0 1 0 rect.dat
4 16 -9 0 -38.5 -13.4 0 -52.7 -13.4 1 -52.7 -9 1 -38.5
4 16 2.6 0 -52.7 -1.8 0 -38.5 -1.8 1 -38.5 2.6 1 -52.7
1 16 .65 .5 -52.7 0 0 -1.95 .5 0 0 0 -1 0 rect.dat
4 16 -2.6 0 -50.5 -1.3 0 -52.7 -1.3 1 -52.7 -2.6 1 -50.5
1 16 -5.4 .5 -50.5 2.8 0 0 0 0 .5 0 -1 0 rect.dat
4 16 -9.5 0 -52.7 -8.2 0 -50.5 -8.2 1 -50.5 -9.5 1 -52.7
1 16 -11.45 .5 -52.7 0 0 1.95 -.5 0 0 0 -1 0 rect3.dat
3 16 -5.4 0 -41.3 -7.4 0 -47.7 -3.5 0 -47.7
4 16 -2.6 0 -50.5 -8.2 0 -50.5 -9.5 0 -52.7 -1.3 0 -52.7
4 16 -9 1 -38.5 -13.4 1 -52.7 -9.5 1 -52.7 -8.2 1 -50.5
4 16 -1.3 1 -52.7 2.6 1 -52.7 -1.8 1 -38.5 -2.6 1 -50.5
3 16 -1.8 1 -38.5 -9 1 -38.5 -5.4 1 -41.3
3 16 -9 1 -38.5 -7.4 1 -47.7 -5.4 1 -41.3
4 16 -7.4 1 -47.7 -8.2 1 -50.5 -2.6 1 -50.5 -3.5 1 -47.7
3 16 -9 1 -38.5 -8.2 1 -50.5 -7.4 1 -47.7
4 16 -2.6 1 -50.5 -1.8 1 -38.5 -5.4 1 -41.3 -3.5 1 -47.7
2 24 -7.4 1 -47.7 -5.4 1 -41.3
2 24 -1.3 0 -52.7 -2.6 0 -50.5
2 24 -3.5 0 -47.7 -5.4 0 -41.3
2 24 -8.2 0 -50.5 -9.5 0 -52.7
2 24 -5.4 0 -41.3 -7.4 0 -47.7
2 24 -5.4 1 -41.3 -3.5 1 -47.7
2 24 -5.4 0 -41.3 -5.4 1 -41.3
2 24 2.6 0 -52.7 -1.8 0 -38.5
2 24 -13.4 0 -52.7 -9 0 -38.5
2 24 -2.6 1 -50.5 -1.3 1 -52.7
2 24 -9.5 1 -52.7 -8.2 1 -50.5
2 24 -9 1 -38.5 -13.4 1 -52.7
2 24 2.6 1 -52.7 -1.8 1 -38.5

1 16 12.4 0 -43.7 0 0 1.76 0 1 0 -1.76 0 0 2-4chrd.dat
1 16 12.4 0 -43.7 0 0 1.76 0 1 0 -1.76 0 0 2-4cylo.dat
0 BFC INVERTNEXT
1 16 25.1 0 -42.5 0 0 -4 0 1 0 4 0 0 5-16cylo.dat
0 BFC INVERTNEXT
1 16 27.2 0 -48.7 0 0 4 0 1 0 -4 0 0 5-16cylo.dat
1 16 12.4 1 -43.7 0 0 1.76 0 1 0 -1.76 0 0 2-4ndis.dat
4 16 13.9 1 -48.5 15.73696 1 -48.134715 17.29408 1 -47.09408 18.33472 1 -45.53696

1 16 13.9 1 -43.3 4.8 0 0 0 1 0 0 0 4.8 1-4chrd.dat
0 BFC INVERTNEXT
1 16 13.9 1 -43.3 4.8 0 0 0 -1 0 0 0 4.8 1-4cylo.dat
1 16 25.1 0 -42.5 0 0 -4 0 1 0 4 0 0 5-16ndis.dat
1 16 27.2 0 -48.7 4 0 0 0 1 0 0 0 -4 1-4ndis.dat
1 16 13.9 0 -43.3 4.8 0 0 0 1 0 0 0 4.8 1-4ndis.dat
4 16 9.3 1 -45.46 9.3 1 -41.94 4.9 1 -38.5 4.9 1 -52.7
3 16 9.3 1 -45.46 4.9 1 -52.7 9.3 1 -47.2
3 16 9.3 1 -47.2 4.9 1 -52.7 9.3 1 -52.7
3 16 13.9 1 -38.5 12.4 1 -41.94 14.16 1 -41.94
4 16 9.7 1 -47.2 14.7 1 -52.7 13.9 1 -48.5 12.4 1 -45.46
4 16 14.16 1 -45.46 12.4 1 -45.46 13.9 1 -48.5 18.33472 1 -45.53696
4 16 27.5 1 -42.5 25.1 1 -38.5 21.4044 1 -44.0308 27.5 1 -42.9
4 16 30.8956 1 -47.1692 27.5 1 -42.9 21.4044 1 -44.0308 25.5 1 -47.7
4 16 25.1 1 -38.5 27.5 1 -42.5 33 1 -42.5 33 1 -38.5
1 16 20.95 .5 -52.7 0 0 -6.25 .5 0 0 0 -1 0 rect3.dat
1 16 9.4 .5 -38.5 -4.5 0 0 0 0 .5 0 1 0 rect2p.dat
4 16 9.7 0 -47.2 9.3 0 -47.2 9.3 0 -52.7 14.7 0 -52.7
4 16 18.7 0 -43.3 18.33472 0 -45.53696 21.1 0 -46.5 21.1 0 -42.5
3 16 21.1 0 -46.5 18.33472 0 -45.53696 17.29408 0 -47.09408
4 16 14.16 1 -43.7 14.16 1 -45.46 18.33472 1 -45.53696 18.7 1 -43.3
3 16 14.16 1 -41.94 14.16 1 -43.7 18.7 1 -43.3
4 16 18.33472 1 -45.53696 18.33472 0 -45.53696 18.7 0 -43.3 18.7 1 -43.3
3 16 21.1 0 -46.5 17.29408 0 -47.09408 25.5 0 -47.7
3 16 21.1 0 -46.5 25.5 0 -47.7 21.4044 0 -44.0308
4 16 13.9 1 -38.5 4.9 1 -38.5 9.3 1 -41.94 12.4 1 -41.94
4 16 12.4 1 -45.46 9.3 1 -45.46 9.3 1 -47.2 9.7 1 -47.2
3 16 13.9 1 -38.5 14.16 1 -41.94 18.7 1 -43.3
4 16 18.7 0 -38.5 18.7 0 -43.3 21.1 0 -42.5 21.1 0 -38.5
4 16 9.7 1 -47.2 9.7 0 -47.2 14.7 0 -52.7 14.7 1 -52.7
4 16 27.5 1 -42.9 30.8956 1 -47.1692 30.8956 0 -47.1692 27.5 0 -42.9
4 16 17.29408 0 -47.09408 18.33472 0 -45.53696 18.33472 1 -45.53696 17.29408 1 -47.09408
4 16 27.5 0 -42.5 27.5 0 -42.9 30.8956 0 -47.1692 33 0 -42.5
4 16 25.5 1 -47.7 21.4044 1 -44.0308 21.4044 0 -44.0308 25.5 0 -47.7
2 24 17.29408 0 -47.09408 18.33472 0 -45.53696
2 24 17.29408 1 -47.09408 18.33472 1 -45.53696
2 24 18.33472 1 -45.53696 18.7 1 -43.3
2 24 9.7 1 -47.2 14.7 1 -52.7
5 24 18.33472 0 -45.53696 18.33472 1 -45.53696 18.7 0 -43.3 17.29408 1 -47.09408
2 24 18.7 0 -43.3 18.33472 0 -45.53696
5 24 17.29408 1 -47.09408 17.29408 0 -47.09408 18.33472 0 -45.53696 15.73696 1 -48.134715
2 24 9.7 0 -47.2 14.7 0 -52.7
2 24 15.73696 0 -48.134715 17.29408 0 -47.09408
2 24 21.4044 1 -44.0308 25.5 1 -47.7
2 24 30.8956 1 -47.1692 27.5 1 -42.9
2 24 27.5 0 -42.9 30.8956 0 -47.1692
2 24 21.4044 0 -44.0308 25.5 0 -47.7
1 16 25.1 1 -42.5 0 0 -4 0 1 0 4 0 0 5-16chrd.dat
1 16 27.2 1 -48.7 0 0 4 0 1 0 -4 0 0 5-16chrd.dat

4 16 -28.22 1 -44.2 -30.52 1 -38.5 -35.7 1 -38.5 -30.74 1 -52.7
1 16 -28.64 .5 -52.7 2.1 0 0 0 0 .5 0 -1 0 rect.dat
4 16 -26.54 1 -52.7 -26.54 0 -52.7 -24.22 0 -46.2 -24.22 1 -46.2
1 16 -33.11 .5 -38.5 -2.59 0 0 0 0 .5 0 1 0 rect.dat
4 16 -35.7 1 -38.5 -35.7 0 -38.5 -30.74 0 -52.7 -30.74 1 -52.7
3 16 -26.22 0 -38.5 -30.52 0 -38.5 -28.22 0 -44.2
4 16 -26.22 1 -38.5 -26.22 0 -38.5 -28.22 0 -44.2 -28.22 1 -44.2
4 16 -28.22 1 -44.2 -28.22 0 -44.2 -30.52 0 -38.5 -30.52 1 -38.5
2 24 -26.22 1 -38.5 -28.22 1 -44.2
2 24 -28.22 1 -44.2 -30.52 1 -38.5
2 24 -28.22 0 -44.2 -26.22 0 -38.5
2 24 -28.22 0 -44.2 -28.22 1 -44.2
2 24 -30.52 0 -38.5 -28.22 0 -44.2
2 24 -30.74 0 -52.7 -35.7 0 -38.5
2 24 -24.22 0 -46.2 -26.54 0 -52.7
2 24 -35.7 1 -38.5 -30.74 1 -52.7
2 24 -26.54 1 -52.7 -24.22 1 -46.2
4 16 -12.74 1 -38.5 -17.92 1 -38.5 -20.22 1 -44.2 -17.7 1 -52.7
1 16 -19.8 .5 -52.7 0 0 2.1 -.5 0 0 0 -1 0 rect.dat
4 16 -24.22 0 -46.2 -21.9 0 -52.7 -21.9 1 -52.7 -24.22 1 -46.2
1 16 -15.33 .5 -38.5 0 0 -2.59 -.5 0 0 0 1 0 rect.dat
4 16 -17.7 0 -52.7 -12.74 0 -38.5 -12.74 1 -38.5 -17.7 1 -52.7
3 16 -17.92 0 -38.5 -22.22 0 -38.5 -20.22 0 -44.2
4 16 -20.22 0 -44.2 -22.22 0 -38.5 -22.22 1 -38.5 -20.22 1 -44.2
4 16 -17.92 0 -38.5 -20.22 0 -44.2 -20.22 1 -44.2 -17.92 1 -38.5
2 24 -20.22 1 -44.2 -22.22 1 -38.5
2 24 -17.92 1 -38.5 -20.22 1 -44.2
2 24 -22.22 0 -38.5 -20.22 0 -44.2
2 24 -20.22 1 -44.2 -20.22 0 -44.2
2 24 -20.22 0 -44.2 -17.92 0 -38.5
2 24 -12.74 0 -38.5 -17.7 0 -52.7
2 24 -21.9 0 -52.7 -24.22 0 -46.2
2 24 -17.7 1 -52.7 -12.74 1 -38.5
2 24 -24.22 1 -46.2 -21.9 1 -52.7
1 16 -24.22 .5 -38.5 -2 0 0 0 0 .5 0 1 0 rect.dat
4 16 -28.22 1 -44.2 -24.22 1 -46.2 -22.22 1 -38.5 -26.22 1 -38.5
4 16 -30.74 1 -52.7 -26.54 1 -52.7 -24.22 1 -46.2 -28.22 1 -44.2
3 16 -22.22 1 -38.5 -24.22 1 -46.2 -20.22 1 -44.2
4 16 -24.22 1 -46.2 -21.9 1 -52.7 -17.7 1 -52.7 -20.22 1 -44.2
2 24 -24.22 0 -46.2 -24.22 1 -46.2
4 16 .3 0 -31 2.3 0 -24.6 2.3 1 -24.6 .3 1 -31
1 16 2.25 .5 -31 -1.95 0 0 0 0 .5 0 1 0 rect.dat
4 16 2.3 1 -24.6 2.3 0 -24.6 4.2 0 -31 4.2 1 -31
1 16 2.3 .5 -21.8 -3.6 0 0 0 0 .5 0 1 0 rect.dat
4 16 -1.3 0 -21.8 -5.7 0 -36 -5.7 1 -36 -1.3 1 -21.8
4 16 10.3 0 -36 5.9 0 -21.8 5.9 1 -21.8 10.3 1 -36
1 16 8.35 .5 -36 0 0 -1.95 .5 0 0 0 -1 0 rect.dat
4 16 5.1 0 -33.8 6.4 0 -36 6.4 1 -36 5.1 1 -33.8
1 16 2.3 .5 -33.8 2.8 0 0 0 0 .5 0 -1 0 rect.dat
4 16 -1.8 0 -36 -.5 0 -33.8 -.5 1 -33.8 -1.8 1 -36
1 16 -3.75 .5 -36 0 0 1.95 -.5 0 0 0 -1 0 rect.dat
3 16 2.3 0 -24.6 .3 0 -31 4.2 0 -31
3 16 -.5 0 -33.8 6.4 0 -36 5.1 0 -33.8
2 24 .3 1 -31 2.3 1 -24.6
2 24 6.4 0 -36 5.1 0 -33.8
2 24 4.2 0 -31 2.3 0 -24.6
2 24 -.5 0 -33.8 -1.8 0 -36
2 24 2.3 0 -24.6 .3 0 -31
2 24 2.3 1 -24.6 4.2 1 -31
2 24 2.3 0 -24.6 2.3 1 -24.6
2 24 10.3 0 -36 5.9 0 -21.8
2 24 -5.7 0 -36 -1.3 0 -21.8
2 24 5.1 1 -33.8 6.4 1 -36
2 24 -1.8 1 -36 -.5 1 -33.8
2 24 10.3 1 -36 5.9 1 -21.8
2 24 -1.3 1 -21.8 -5.7 1 -36
4 16 -1.3 1 -21.8 -5.7 1 -36 -1.8 1 -36 -.5 1 -33.8
4 16 6.4 1 -36 10.3 1 -36 5.9 1 -21.8 5.1 1 -33.8
3 16 5.9 1 -21.8 -1.3 1 -21.8 2.3 1 -24.6
3 16 -1.3 1 -21.8 .3 1 -31 2.3 1 -24.6
4 16 .3 1 -31 -.5 1 -33.8 5.1 1 -33.8 4.2 1 -31
3 16 -1.3 1 -21.8 -.5 1 -33.8 .3 1 -31
4 16 5.1 1 -33.8 5.9 1 -21.8 2.3 1 -24.6 4.2 1 -31
2 24 -13.4 0 -52.7 -14.4 1 -52.7

0 BFC INVERTNEXT
1 16 -25.1 0 -25.8 0 0 -4 0 1 0 4 0 0 5-16cylo.dat
0 BFC INVERTNEXT
1 16 -23.1 0 -32 0 0 4 0 1 0 -4 0 0 5-16cylo.dat
1 16 20.5 0 -27 0 0 1.76 0 1 0 -1.76 0 0 2-4chrd.dat
1 16 20.5 0 -27 0 0 1.76 0 1 0 -1.76 0 0 2-4cylo.dat

0 BFC INVERTNEXT
1 16 22 0 -26.6 4.8 0 0 0 1 0 0 0 4.8 1-4cylo.dat

1 16 -25.1 1 -25.8 0 0 -4 0 1 0 4 0 0 5-16chrd.dat
1 16 -23.1 1 -32 0 0 4 0 1 0 -4 0 0 5-16chrd.dat
1 16 20.5 1 -27 0 0 1.76 0 1 0 -1.76 0 0 2-4ndis.dat
1 16 22 1 -26.6 4.8 0 0 0 1 0 0 0 4.8 1-4chrd.dat
1 16 22 1 -27 0 0 4.8 0 1 0 -4.8 0 0 3-16chrd.dat
4 16 -22.8 1 -25.8 -25.1 1 -21.8 -28.7956 1 -27.3308 -22.8 1 -26.2
4 16 -25.1 1 -21.8 -22.8 1 -25.8 -15 1 -25.8 -5.6 1 -21.8
3 16 -5.6 1 -21.8 -15 1 -25.8 -11 1 -25.8
3 16 -5.6 1 -21.8 -11 1 -25.8 -5.6 1 -25.8
4 16 17.4 1 -28.76 17.4 1 -25.24 13 1 -21.8 13 1 -36
3 16 17.4 1 -28.76 13 1 -36 17.4 1 -30.5
3 16 17.4 1 -30.5 13 1 -36 17.4 1 -36
4 16 22 1 -21.8 13 1 -21.8 17.4 1 -25.24 20.5 1 -25.24
4 16 20.5 1 -28.76 17.4 1 -28.76 17.4 1 -30.5 17.8 1 -30.5
4 16 23.83696 1 -31.43472 22.8 1 -36 33 1 -36 33 1 -31.436
3 16 22 1 -21.8 20.5 1 -25.24 22.26 1 -25.24
4 16 17.8 1 -30.5 22.8 1 -36 22 1 -31.8 20.5 1 -28.76
3 16 23.83696 1 -31.43472 22 1 -31.8 22.8 1 -36
4 16 22.26 1 -28.76 20.5 1 -28.76 22 1 -31.8 26.43472 1 -28.83696
4 16 22.26 1 -27 22.26 1 -28.76 26.43472 1 -28.83696 26.8 1 -26.6
3 16 22.26 1 -25.24 22.26 1 -27 26.8 1 -26.6
3 16 22 1 -21.8 22.26 1 -25.24 26.8 1 -26.6
4 16 -22.8 1 -26.2 -28.7956 1 -27.3308 -24.8 1 -31 -19.4044 1 -30.4692
1 16 -15.35 .5 -21.8 0 0 9.75 .5 0 0 0 1 0 rect3.dat
4 16 -28.7956 1 -27.3308 -28.7956 0 -27.3308 -24.8 0 -31 -24.8 1 -31
4 16 -22.8 1 -26.2 -19.4044 1 -30.4692 -19.4044 0 -30.4692 -22.8 0 -26.2
1 16 17.5 .5 -21.8 -4.5 0 0 0 0 .5 0 1 0 rect2p.dat
4 16 26.43472 1 -28.83696 26.43472 0 -28.83696 26.8 0 -26.6 26.8 1 -26.6
4 16 25.39408 1 -30.39408 25.39408 0 -30.39408 26.43472 0 -28.83696 26.43472 1 -28.83696
4 16 23.83696 0 -31.43472 25.39408 0 -30.39408 25.39408 1 -30.39408 23.83696 1 -31.43472
4 16 33 0 -31.436 23.83696 0 -31.43472 23.83696 1 -31.43472 33 1 -31.436
4 16 17.8 0 -30.5 22.8 0 -36 22.8 1 -36 17.8 1 -30.5
1 16 -25.1 0 -25.8 0 0 -4 0 1 0 4 0 0 5-16ndis.dat
1 16 -23.1 0 -32 4 0 0 0 1 0 0 0 -4 1-4ndis.dat
3 16 -35.7 0 -38.5 -35.7 0 -36 -60 0 -60
3 16 -35.7 0 -38.5 -60 0 -60 -30.74 0 -52.7
4 16 33 0 -38.5 33 0 -36 22.8 0 -36 25.1 0 -38.5
4 16 17.8 0 -30.5 17.4 0 -30.5 17.4 0 -36 22.8 0 -36
4 16 13 0 -36 13.9 0 -38.5 18.7 0 -38.5 17.4 0 -36
4 16 17.4 0 -36 18.7 0 -38.5 21.1 0 -38.5 22.8 0 -36
3 16 22.8 0 -36 21.1 0 -38.5 25.1 0 -38.5
4 16 13 0 -36 10.3 0 -36 4.9 0 -38.5 13.9 0 -38.5
3 16 4.9 0 -38.5 10.3 0 -36 6.4 0 -36
4 16 -.5 0 -33.8 -1.8 0 -36 4.9 0 -38.5 6.4 0 -36
1 16 22 0 -26.6 4.8 0 0 0 1 0 0 0 4.8 1-4ndis.dat
3 16 25.39408 0 -30.39408 23.83696 0 -31.43472 33 0 -31.436
3 16 25.39408 0 -30.39408 33 0 -31.436 26.43472 0 -28.83696
4 16 13 0 -21.8 5.9 0 -21.8 10.3 0 -36 13 0 -36
4 16 -22.8 0 -25.8 -22.8 0 -26.2 -19.4044 0 -30.4692 -15 0 -25.8
4 16 -5.7 0 -36 -11 0 -36 -9 0 -38.5 -1.8 0 -38.5
4 16 -11 0 -36 -5.7 0 -36 -5.6 0 -25.8 -11 0 -25.8
3 16 -5.6 0 -25.8 -5.7 0 -36 -1.3 0 -21.8
3 16 -5.6 0 -25.8 -1.3 0 -21.8 -5.6 0 -21.8
4 16 -1.8 0 -36 -5.7 0 -36 -1.8 0 -38.5 4.9 0 -38.5
4 16 4.9 0 -52.7 4.9 0 -38.5 -1.8 0 -38.5 2.6 0 -52.7
4 16 31.2 0 -48.7 60 0 -60 33 0 -42.5 30.8956 0 -47.1692
2 24 -24.8 0 -31 -28.7956 0 -27.3308
2 24 -28.7956 1 -27.3308 -24.8 1 -31

2 24 -19.4044 1 -30.4692 -22.8 1 -26.2
2 24 -22.8 0 -26.2 -19.4044 0 -30.4692
2 24 17.8 1 -30.5 22.8 1 -36
2 24 33 1 -31.436 23.83696 1 -31.43472
2 24 25.39408 0 -30.39408 23.83696 0 -31.43472
2 24 26.43472 0 -28.83696 25.39408 0 -30.39408
2 24 17.8 0 -30.5 22.8 0 -36
5 24 25.39408 1 -30.39408 25.39408 0 -30.39408 26.43472 0 -28.83696 23.83696 1 -31.43472
2 24 26.8 0 -26.6 26.43472 0 -28.83696
5 24 26.43472 1 -28.83696 26.43472 0 -28.83696 25.39408 1 -30.39408 26.8 0 -26.6
2 24 23.83696 1 -31.43472 23.83696 0 -31.43472
2 24 23.83696 0 -31.43472 33 0 -31.436
2 24 26.43472 1 -28.83696 26.8 1 -26.6
2 24 26.43472 1 -28.83696 25.39408 1 -30.39408
2 24 25.39408 1 -30.39408 23.83696 1 -31.43472
4 16 -24.8 1 -31 -24.8 1 -31.4347 -23.1 1 -36 -19.4044 1 -30.4692
4 16 -35.7 1 -36 -23.1 1 -36 -24.8 1 -31.4347 -35.7 1 -31.4347
4 16 -24.8 0 -31 -28.7956 0 -27.3308 -29.1 0 -29.8 -24.8 0 -31.4347
4 16 -35.7 0 -38.5 -30.52 0 -38.5 -23.1 0 -36 -35.7 0 -36
3 16 -30.52 0 -38.5 -26.22 0 -38.5 -23.1 0 -36
3 16 -23.1 0 -36 -26.22 0 -38.5 -22.22 0 -38.5
4 16 -23.1 0 -36 -22.22 0 -38.5 -17.92 0 -38.5 -19.1 0 -36
3 16 -15 0 -36 -17.92 0 -38.5 -12.74 0 -38.5
4 16 -15 0 -36 -12.74 0 -38.5 -9 0 -38.5 -11 0 -36
4 16 -9 0 -38.5 -12.74 0 -38.5 -17.7 0 -52.7 -13.4 0 -52.7
4 16 -19.4044 0 -30.4692 -19.1 0 -32 -15 0 -36 -15 0 -25.8
4 16 -17.92 0 -38.5 -15 0 -36 -19.1 0 -32 -19.1 0 -36
3 16 60 0 -60 31.2 0 -48.7 31.2 0 -52.7
4 16 31.2 0 -52.7 -30.74 0 -52.7 -60 0 -60 0 0 -59
3 16 31.2 0 -52.7 0 0 -59 60 0 -60
3 16 60 0 -60 0 0 -59 -60 0 -60
3 16 -26.54 0 -52.7 -21.9 0 -52.7 -24.22 0 -46.2
3 16 33 0 -36 33 0 -38.5 60 0 -60
3 16 33 0 -38.5 33 0 -42.5 60 0 -60
1 16 10.85 1 -43.7 0 0 -1.55 0 -1 0 1.76 0 0 box4-4a.dat
1 16 18.95 1 -27 0 0 -1.55 0 -1 0 1.76 0 0 box4-4a.dat
0 BFC INVERTNEXT
1 16 -13 .5 -25.8 0 0 -2 .5 0 0 0 -10.2 0 box3u5p.dat
1 16 -13 1 -30.9 -2 0 0 0 1 0 0 0 -5.1 rect3.dat
0 BFC INVERTNEXT
1 16 -8.3 .5 -23.8 0 2.7 0 .5 0 0 0 0 -2 box2-7.dat
1 16 -18.9 .5 -26 0 -3.9 0 .5 0 0 0 0 .2 box2-7.dat
2 24 -22.8 0 -26.2 -22.8 1 -26.2
0 BFC INVERTNEXT
1 16 -29.4 .5 -33.71735 0 0 -6.3 .5 0 0 0 -2.28265 0 box2-7.dat
2 24 -35.7 0 -31.4347 -35.7 1 -31.4347
1 16 -30.25 .5 -31.21735 0 0 5.45 .5 0 0 0 -.21735 0 box2-7.dat
2 24 -24.8 0 -31 -24.8 1 -31
0 BFC INVERTNEXT
1 16 15.2 .5 -28.9 0 -2.2 0 .5 0 0 0 0 -7.1 box2-5.dat
1 16 17.6 .5 -33.25 0 -.2 0 -.5 0 0 0 0 2.75 box2-7.dat
2 24 17.8 0 -30.5 17.8 1 -30.5
0 BFC INVERTNEXT
1 16 27.9 .5 -33.718 0 0 5.1 .5 0 0 0 -2.282 0 box2-5.dat
0 BFC INVERTNEXT
1 16 7.1 .5 -45.6 0 -2.2 0 .5 0 0 0 0 -7.1 box2-5.dat
1 16 9.5 .5 -49.95 0 -.2 0 -.5 0 0 0 0 2.75 box2-7.dat
1 16 20.61848 .5 -47.917355 0 0 4.88152 .5 0 0 0 -.217355 0 box2-5.dat
1 16 30.25 .5 -42.7 0 0 -2.75 -.5 0 0 0 .2 0 box2-5.dat
0 BFC INVERTNEXT
1 16 29.05 .5 -40.5 0 0 3.95 .5 0 0 0 2 0 box2-7.dat
4 16 17.29408 0 -47.09408 15.73696 0 -48.13471 25.5 0 -48.13471 25.5 0 -47.7
4 16 15.73696 1 -48.13471 15.73696 0 -48.134715 17.29408 0 -47.09408 17.29408 1 -47.09408
2 24 15.73696 1 -48.13471 17.29408 1 -47.09408
3 16 15.73696 1 -48.13471 13.9 1 -48.5 14.7 1 -52.7
4 16 27.2 1 -52.7 25.5 1 -48.13471 15.73696 1 -48.13471 14.7 1 -52.7
4 16 25.5 1 -47.7 25.5 1 -48.13471 27.2 1 -52.7 30.8956 1 -47.1692
3 16 22 0 -21.8 26.8 0 -21.8 60 0 27.5
3 16 -29.1 0 -21.8 -25.1 0 -21.8 -60 0 27.5
4 16 -60 0 -60 -35.7 0 -36 -35.7 0 -31.4347 -60 0 27.5
4 16 -29.1 0 -25.8 -29.1 0 -21.8 -60 0 27.5 -35.7 0 -31.4347
3 16 -29.1 0 -29.8 -29.1 0 -25.8 -35.7 0 -31.4347
3 16 -29.1 0 -29.8 -35.7 0 -31.4347 -24.8 0 -31.4347
4 16 33 0 -31.436 33 0 -36 60 0 -60 60 0 27.5
4 16 26.8 0 -26.6 26.43472 0 -28.83696 33 0 -31.436 60 0 27.5
3 16 26.8 0 -21.8 26.8 0 -26.6 60 0 27.5
4 16 -60 0 27.5 13 0 -21.8 22 0 -21.8 60 0 27.5
3 16 13 0 -21.8 -60 0 27.5 5.9 0 -21.8
3 16 5.9 0 -21.8 -60 0 27.5 -1.3 0 -21.8
3 16 -1.3 0 -21.8 -60 0 27.5 -5.6 0 -21.8
3 16 -5.6 0 -21.8 -60 0 27.5 -25.1 0 -21.8