0 Car Mudguard  6 x  7 x  3.667
0 Name: 30843.dat
0 Author: Massimo Maso [Sirio]
0 !LDRAW_ORG Unofficial_Part
0 !LICENSE Licensed under CC BY 4.0 : see CAreadme.txt

0 BFC CERTIFY CCW

0 !CATEGORY Car

0 !HISTORY 2018-01-28 {LEGO Digital Designer} Original part shape
0 !HISTORY 2025-05-12 [Sirio] File preparation for LDraw Parts Tracker

0 // Subparts
1 16 0 0 0 1 0 0 0 1 0 0 0 1 s\30843s01.dat
1 16 0 0 0 -1 0 0 0 1 0 0 0 1 s\30843s01.dat
0 // Primitives
1 16 -30 0 -10 0 0 -1 0 1 0 1 0 0 stug-1x6.dat
1 16 -10 0 -10 0 0 -1 0 1 0 1 0 0 stug-1x6.dat
1 16 10 0 -10 0 0 -1 0 1 0 1 0 0 stug-1x6.dat
1 16 30 0 -10 0 0 -1 0 1 0 1 0 0 stug-1x6.dat
1 16 0 4 30 1 0 0 0 -15 0 0 0 1 stud4a.dat
1 16 0 4 -30 1 0 0 0 -15 0 0 0 1 stud4a.dat
1 16 0 4 30 6 0 0 0 1 0 0 0 6 4-4edge.dat
1 16 0 4 -30 6 0 0 0 1 0 0 0 6 4-4edge.dat
0 BFC INVERTNEXT
1 16 0 12 60 40 0 0 0 12 0 0 0 -10 box2-5.dat
1 16 0 20 -10 40 0 0 0 -20 0 0 0 -60 box2-7.dat
1 16 -30 24 60 0 0 -1 0 1 0 1 0 0 stud2.dat
1 16 0 24 60 0 0 -1 0 1 0 1 0 0 stug-2x1.dat
1 16 30 24 60 0 0 -1 0 1 0 1 0 0 stud2.dat
0 BFC INVERTNEXT
1 16 0 28 0 15 0 0 0 -24 0 0 0 10 box5-4a.dat
1 16 0 34 47 9 0 0 0 0 30 0 1 0 rect2p.dat
1 16 0 34 13 9 0 0 0 0 30 0 -1 0 rect2p.dat
1 16 0 34 -13 9 0 0 0 0 30 0 1 0 rect2p.dat
1 16 0 34 -47 9 0 0 0 0 30 0 -1 0 rect2p.dat
0 BFC INVERTNEXT
1 16 0 34 -58 17.5 0 0 0 -30 0 0 0 8 box2-5.dat
0 BFC INVERTNEXT
1 16 0 52 58 17 0 0 0 -14 0 0 0 8 box5-2p.dat
1 16 0 64 -68 40 0 0 0 24 0 0 0 -2 box2-7.dat
0 // Faces
4 16 21 25 70 -21 25 70 -40 24 70 40 24 70
4 16 21 25 70 21 34 70 -21 34 70 -21 25 70
4 16 21 43 70 -21 43 70 -21 34 70 21 34 70
4 16 21 43 70 40 64 70 -40 64 70 -21 43 70
4 16 36 64 66 -36 64 66 -40 64 70 40 64 70
4 16 36 64 66 17 52 66 -17 52 66 -36 64 66
4 16 20 64 50 -20 64 50 -17 52 50 17 52 50
4 16 20 64 50 17 64 47 -17 64 47 -20 64 50
4 16 17 4 47 17 4 13 -17 4 13 -17 4 47
4 16 20 64 10 -20 64 10 -17 64 13 17 64 13
4 16 20 64 10 15 28 10 -15 28 10 -20 64 10
4 16 20 64 -10 -20 64 -10 -15 28 -10 15 28 -10
4 16 20 64 -10 17 64 -13 -17 64 -13 -20 64 -10
4 16 17 4 -47 -17 4 -47 -17 4 -13 17 4 -13
4 16 20 64 -50 -20 64 -50 -17 64 -47 17 64 -47
4 16 17.5 80 -66 40 88 -66 -40 88 -66 -17.5 80 -66
4 16 17.5 80 -66 -17.5 80 -66 -17.5 4 -66 17.5 4 -66
0 // Edges
2 24 40 64 70 -40 64 70
2 24 36 64 66 -36 64 66
2 24 20 64 50 -20 64 50
2 24 20 64 10 -20 64 10
2 24 20 64 -10 -20 64 -10
2 24 20 64 -50 -20 64 -50
2 24 40 88 -66 -40 88 -66