0 ~Minifig Balloon with Thin Bar on Handle - Balloon Half
0 Name: 35702.dat
0 Author: Gerald Lasser [GeraldLasser]
0 !LDRAW_ORG Unofficial_Part
0 !LICENSE Licensed under CC BY 4.0 : see CAreadme.txt

0 BFC CERTIFY CCW

0 !CATEGORY Minifig Accessory

1 16 0 0 0 1 0 0 0 1 0 0 0 1 s\35702s01.dat
1 16 0 0 0 1 0 0 0 1 0 0 0 -1 s\35702s01.dat

5 24 -16.1683 -83.1887 0 -15.155 -79.875 0 -14.6386 -79.875 -3.9224 -14.6386 -79.875 3.9224
5 24 -12.3743 -106.7278 0 -14.5198 -103.9792 0 -14.025 -103.9792 -3.758 -14.025 -103.9792 3.758
5 24 -2.2838 -111.8452 0 -4.529 -111.3862 0 -4.3747 -111.3862 -1.1722 -4.3747 -111.3862 1.1722
5 24 -10.654 -71.5865 0 -8.75 -69.5355 0 -8.4519 -69.5355 -2.2647 -8.4519 -69.5355 2.2647
5 24 -4.426 -63.637 0 -5.2 -63.5 0 -4.8043 -63.5 -1.99 -4.8043 -63.5 1.99
5 24 -15.155 -79.875 0 -13.8845 -76.8014 0 -13.4114 -76.8014 -3.5936 -13.4114 -76.8014 3.5936
5 24 -16.9033 -86.6889 0 -16.1683 -83.1887 0 -15.6174 -83.1887 -4.1847 -15.6174 -83.1887 4.1847
5 24 -17.3495 -90.3134 0 -16.9033 -86.6889 0 -16.3273 -86.6889 4.3749 -16.3273 -86.6889 -4.3749
5 24 -4.4775 -66.6996 0 -3.9394 -66.3607 0 -3.8051 -66.3607 -1.0195 -3.8051 -66.3607 1.0195
5 24 -8.75 -69.5355 0 -6.6973 -67.8998 0 -6.4691 -67.8998 -1.7334 -6.4691 -67.8998 1.7334
5 24 -1.7334 -67.8998 -6.4691 -.6929 -68.71 -7.6602 -2.2647 -69.5355 -8.4519 -.5303 -68.5425 -7.4637
5 24 -6.6973 -110.6302 0 -9.702 -108.9346 0 -9.3715 -108.9346 -2.5111 -9.3715 -108.9346 2.5111
5 24 -6.6973 -67.8998 0 -4.4775 -66.6996 0 -4.3249 -66.6996 -1.1588 -4.3249 -66.6996 1.1588
5 24 -.6929 -68.71 -7.6602 -2.2647 -69.5355 -8.4519 -.75 -68.9018 -7.9022 -1.7334 -67.8998 -6.4691
5 24 -9.702 -108.9346 0 -12.3743 -106.7278 0 -11.9527 -106.7278 -3.2027 -11.9527 -106.7278 3.2027
5 24 -3.6142 -65.8741 0 -3.5 -65.3 0 -3.491 -65.8741 -.9354 -3.491 -65.8741 .9354
5 24 -14.5198 -103.9792 0 -16.1683 -100.8886 0 -15.6174 -100.8886 -4.1847 -15.6174 -100.8886 4.1847
5 24 -12.3743 -74.0244 0 -10.654 -71.5865 0 -10.291 -71.5865 -2.7575 -10.291 -71.5865 2.7575
5 24 -.75 -111.9492 0 -2.2838 -111.8452 0 -2.11 -111.8452 .874 -2.11 -111.8452 -.874
5 24 -1.7334 -67.8998 6.4691 -.6929 -68.71 7.6602 -2.2647 -69.5355 8.4519 -.5303 -68.5425 7.4637
5 24 -4 -68.8 0 -5.9319 -69.5167 0 -3.6956 -68.8 -1.5308 -3.6956 -68.8 1.5308
5 24 -13.8845 -76.8014 0 -12.3743 -74.0244 0 -11.9527 -74.0244 -3.2027 -11.9527 -74.0244 3.2027
5 24 -5.9319 -109.2444 0 -.75 -110.3412 0 -.75 -109.2828 -5 -.75 -109.2828 5
5 24 -3.6142 -64.6111 0 -3.9394 -64.0272 0 -3.6395 -64.0272 1.5076 -3.6395 -64.0272 -1.5076
5 24 -16.1683 -100.8886 0 -17.1264 -97.5037 0 -16.5429 -97.5037 -4.4327 -16.5429 -97.5037 4.4327
5 24 -4.529 -111.3862 0 -6.6973 -110.6302 0 -6.4691 -110.6302 -1.7334 -6.4691 -110.6302 1.7334
5 24 -3.5 -65.3 0 -3.6142 -64.6111 0 -3.3391 -64.6111 1.3831 -3.3391 -64.6111 -1.3831
5 24 -3.9394 -66.3607 0 -3.6142 -65.8741 0 -3.491 -65.8741 -.9354 -3.491 -65.8741 .9354
5 24 -.6929 -68.71 7.6602 -2.2647 -69.5355 8.4519 -.75 -68.9018 7.9022 -1.7334 -67.8998 6.4691
5 24 -17.5 -94 0 -17.3495 -90.3134 0 -16.7584 -90.3134 4.4904 -16.7584 -90.3134 -4.4904
5 24 -17.1264 -97.5037 0 -17.5 -94 0 -16.9037 -94 4.5293 -16.9037 -94 -4.5293