0 Minifig Head with Black Eyebrows, Open Mouth and Scowl Pattern
0 Name: 3626cpsb.dat
0 Author: Evert-Jan Boer [ejboer]
0 !LDRAW_ORG Unofficial_Part
0 !LICENSE Licensed under CC BY 4.0 : see CAreadme.txt

0 BFC CERTIFY CCW

0 !CATEGORY Minifig
0 !KEYWORDS BrickLink 3626pb2925, Rebrickable 3626cpr3546, Set 75311, Set 75313
0 !KEYWORDS Set 75320, Star Wars

1 16 0 0 0 1 0 0 0 1 0 0 0 1 s\3626cs01.dat

1 16 0 4 0 0 0 -8 0 -6.4 0 -8 0 0 t04o6250.dat
1 16 0 4 0 8 0 0 0 -6.4 0 0 0 -8 t04o6250.dat
1 16 0 17 0 8 0 0 0 6.4 0 0 0 -8 t04o6250.dat
1 16 0 17 0 -8 0 0 0 6.4 0 0 0 -8 t04o6250.dat
1 16 0 4 0 13 0 0 0 13 0 0 0 -13 1-8cyli.dat
1 16 0 4 0 -13 0 0 0 13 0 0 0 -13 1-8cyli.dat

3 0 -4.9751 10.252 -12.0107 -4.9751 9.448 -12.0107 -5.047 9.85 -11.9627
4 0 -6.95 6.8 -10.6909 -7.25 7.2 -10.4904 -7.05 7.35 -10.624 -6.55 7.1 -10.9582
4 0 -6.35 6.3 -11.0918 -6.95 6.8 -10.6909 -6.55 7.1 -10.9582 -5.9 6.95 -11.3926
4 0 -5.75 6.05 -11.4928 -6.35 6.3 -11.0918 -5.9 6.95 -11.3926 -5.25 6.9 -11.827
4 0 -4.9751 6.9367 -12.0107 -4.9751 6.0292 -12.0107 -5.75 6.05 -11.4928 -5.25 6.9 -11.827
3 16 -9.1923 4 -9.1923 -7.25 7.2 -10.4904 -6.95 6.8 -10.6909
4 16 -9.1923 4 -9.1923 -6.95 6.8 -10.6909 -6.35 6.3 -11.0918 -4.9751 4 -12.0107
3 16 -4.9751 4 -12.0107 -6.35 6.3 -11.0918 -5.75 6.05 -11.4928
3 16 -4.9751 4 -12.0107 -5.75 6.05 -11.4928 -4.9751 6.0292 -12.0107
3 16 -9.1923 4 -9.1923 -9.1923 17 -9.1923 -7.25 7.2 -10.4904
4 16 -7.05 7.35 -10.624 -7.25 7.2 -10.4904 -9.1923 17 -9.1923 -4.9751 17 -12.0107
4 16 -5.047 9.85 -11.9627 -7.05 7.35 -10.624 -4.9751 17 -12.0107 -4.9751 10.252 -12.0107
4 16 -7.05 7.35 -10.624 -5.047 9.85 -11.9627 -4.9751 9.448 -12.0107 -6.55 7.1 -10.9582
4 16 -5.9 6.95 -11.3926 -6.55 7.1 -10.9582 -4.9751 9.448 -12.0107 -5.25 6.9 -11.827
3 16 -4.9751 9.448 -12.0107 -4.9751 6.9367 -12.0107 -5.25 6.9 -11.827
4 15 -3.7896 9.7783 -12.2464 -4.1283 8.9604 -12.1791 -4.176 9.2 -12.1696 -4.1283 9.4396 -12.1791
3 15 -3.7896 9.7783 -12.2464 -4.1283 9.4396 -12.1791 -3.9926 9.6426 -12.2061
3 15 -3.7896 9.7783 -12.2464 -3.55 9.826 -12.2941 -3.3104 9.7783 -12.3417
4 15 -3.7896 9.7783 -12.2464 -3.3104 9.7783 -12.3417 -3.1074 9.6426 -12.3821 -2.9717 9.4396 -12.4091
4 15 -3.7896 9.7783 -12.2464 -2.9717 9.4396 -12.4091 -2.924 9.2 -12.4186 -2.9717 8.9604 -12.4091
4 15 -3.7896 9.7783 -12.2464 -2.9717 8.9604 -12.4091 -3.1074 8.7574 -12.3821 -3.3104 8.6217 -12.3417
4 15 -3.7896 9.7783 -12.2464 -3.3104 8.6217 -12.3417 -3.55 8.574 -12.2941 -3.7896 8.6217 -12.2464
4 15 -3.7896 9.7783 -12.2464 -3.7896 8.6217 -12.2464 -3.9926 8.7574 -12.2061 -4.1283 8.9604 -12.1791
4 15 -2.55 15.3 -12.4929 -2.75 15.5 -12.4532 -2.75 15.8 -12.4532 -2.3 15.85 -12.5426
4 15 -2 15.1 -12.6023 -2.55 15.3 -12.4929 -2.3 15.85 -12.5426 -1.5 15.9 -12.7017
4 15 -1.1 15 -12.7813 -2 15.1 -12.6023 -1.5 15.9 -12.7017 0 15.95 -13
3 15 0 14.95 -13 -1.1 15 -12.7813 0 15.95 -13
3 15 -2.75 15.5 -12.4532 -2.8 15.65 -12.4432 -2.75 15.8 -12.4532
4 0 -3.3 15.15 -12.3438 -2.8 15.65 -12.4432 -2.75 15.5 -12.4532 -3 14.8 -12.4035
4 0 -3 14.8 -12.4035 -2.75 15.5 -12.4532 -2.55 15.3 -12.4929 -2.45 14.5 -12.5128
4 0 -2.45 14.5 -12.5128 -2.55 15.3 -12.4929 -2 15.1 -12.6023 -1.8 14.35 -12.6421
4 0 -1.8 14.35 -12.6421 -2 15.1 -12.6023 -1.1 15 -12.7813 -1.05 14.3 -12.7912
4 0 0 14.35 -13 -1.05 14.3 -12.7912 -1.1 15 -12.7813 0 14.95 -13
4 0 -2.8 15.65 -12.4432 -3.3 15.15 -12.3438 -3.45 15.6 -12.314 -2.75 15.8 -12.4532
4 0 -2.75 15.8 -12.4532 -3.45 15.6 -12.314 -3.45 16 -12.314 -3.3 16.4 -12.3438
4 0 -2.3 15.85 -12.5426 -2.75 15.8 -12.4532 -3.3 16.4 -12.3438 -2.9 16.65 -12.4233
4 0 -2.3 15.85 -12.5426 -2.9 16.65 -12.4233 -2.2 16.8 -12.5625 -1.5 15.9 -12.7017
4 0 -1.5 15.9 -12.7017 -2.2 16.8 -12.5625 -1.15 16.85 -12.7713 0 15.95 -13
3 0 0 15.95 -13 -1.15 16.85 -12.7713 0 16.85 -13
4 0 -3.55 8.185 -12.2941 -3.55 8.574 -12.2941 -3.3104 8.6217 -12.3417 -2.9771 8.3117 -12.408
4 0 -2.9771 8.3117 -12.408 -3.3104 8.6217 -12.3417 -3.1074 8.7574 -12.3821 -2.4915 8.6727 -12.5046
4 0 -2.4915 8.6727 -12.5046 -3.1074 8.7574 -12.3821 -2.9717 8.9604 -12.4091 -2.167 9.2128 -12.5691
4 0 -2.167 9.2128 -12.5691 -2.9717 8.9604 -12.4091 -2.924 9.2 -12.4186 -2.053 9.85 -12.5918
4 0 -2.053 9.85 -12.5918 -2.924 9.2 -12.4186 -2.9717 9.4396 -12.4091 -2.167 10.4872 -12.5691
4 0 -2.167 10.4872 -12.5691 -2.9717 9.4396 -12.4091 -3.1074 9.6426 -12.3821 -2.4915 11.0273 -12.5046
4 0 -2.4915 11.0273 -12.5046 -3.1074 9.6426 -12.3821 -3.3104 9.7783 -12.3417 -2.9771 11.3883 -12.408
4 0 -2.9771 11.3883 -12.408 -3.3104 9.7783 -12.3417 -3.55 9.826 -12.2941 -3.55 11.515 -12.2941
4 0 -3.55 11.515 -12.2941 -3.55 9.826 -12.2941 -3.7896 9.7783 -12.2464 -4.1229 11.3883 -12.1802
4 0 -4.6085 11.0273 -12.0836 -4.1229 11.3883 -12.1802 -3.7896 9.7783 -12.2464 -3.9926 9.6426 -12.2061
4 0 -4.9751 10.252 -12.0107 -4.933 10.4872 -12.0191 -4.6085 11.0273 -12.0836 -3.9926 9.6426 -12.2061
4 0 -4.9751 9.448 -12.0107 -4.9751 10.252 -12.0107 -3.9926 9.6426 -12.2061 -4.933 9.2128 -12.0191
3 0 -3.9926 9.6426 -12.2061 -4.1283 9.4396 -12.1791 -4.933 9.2128 -12.0191
4 0 -4.933 9.2128 -12.0191 -4.1283 9.4396 -12.1791 -4.176 9.2 -12.1696 -4.6085 8.6727 -12.0836
4 0 -4.6085 8.6727 -12.0836 -4.176 9.2 -12.1696 -4.1283 8.9604 -12.1791 -4.1229 8.3117 -12.1802
3 0 -4.1229 8.3117 -12.1802 -4.1283 8.9604 -12.1791 -3.9926 8.7574 -12.2061
4 0 -4.1229 8.3117 -12.1802 -3.9926 8.7574 -12.2061 -3.7896 8.6217 -12.2464 -3.55 8.185 -12.2941
3 0 -3.55 8.185 -12.2941 -3.7896 8.6217 -12.2464 -3.55 8.574 -12.2941
4 0 -4.9751 6.0292 -12.0107 -4.9751 6.9367 -12.0107 -4.5 7 -12.1052 -4.55 6.1 -12.0952
3 0 -4.5 7 -12.1052 -3.9 6.25 -12.2245 -4.55 6.1 -12.0952
4 0 -3.9 6.25 -12.2245 -4.5 7 -12.1052 -3.6 7.3 -12.2841 -2.9 6.75 -12.4233
4 0 -2.9 6.75 -12.4233 -3.6 7.3 -12.2841 -2.65 7.6 -12.4731 -2.05 7.05 -12.5924
4 0 -2.05 7.05 -12.5924 -2.65 7.6 -12.4731 -1.95 7.7 -12.6122 -1.6 7.15 -12.6818
4 0 -1.6 7.15 -12.6818 -1.95 7.7 -12.6122 -1.55 7.6 -12.6918 -1.3 7.15 -12.7415
3 0 -1.3 7.15 -12.7415 -1.55 7.6 -12.6918 -1.25 7.4 -12.7514
3 16 -4.9751 6.0292 -12.0107 -4.55 6.1 -12.0952 -4.9751 4 -12.0107
4 16 -4.9751 4 -12.0107 -4.55 6.1 -12.0952 -3.9 6.25 -12.2245 0 4 -13
4 16 0 4 -13 -3.9 6.25 -12.2245 -2.9 6.75 -12.4233 -2.05 7.05 -12.5924
4 16 0 4 -13 -2.05 7.05 -12.5924 -1.6 7.15 -12.6818 -1.3 7.15 -12.7415
3 16 0 4 -13 -1.3 7.15 -12.7415 -1.25 7.4 -12.7514
4 16 -1.05 14.3 -12.7912 0 14.35 -13 0 4 -13 -1.25 7.4 -12.7514
3 16 -4.933 10.4872 -12.0191 -4.9751 10.252 -12.0107 -4.9751 17 -12.0107
4 16 -4.5 7 -12.1052 -4.6085 8.6727 -12.0836 -4.1229 8.3117 -12.1802 -3.6 7.3 -12.2841
4 16 -3.6 7.3 -12.2841 -4.1229 8.3117 -12.1802 -3.55 8.185 -12.2941 -2.65 7.6 -12.4731
4 16 -2.65 7.6 -12.4731 -3.55 8.185 -12.2941 -2.9771 8.3117 -12.408 -1.95 7.7 -12.6122
3 16 -1.95 7.7 -12.6122 -2.9771 8.3117 -12.408 -2.4915 8.6727 -12.5046
4 16 -1.95 7.7 -12.6122 -2.4915 8.6727 -12.5046 -2.167 9.2128 -12.5691 -1.55 7.6 -12.6918
4 16 -2.167 10.4872 -12.5691 -1.8 14.35 -12.6421 -1.05 14.3 -12.7912 -2.053 9.85 -12.5918
4 16 -2.4915 11.0273 -12.5046 -2.45 14.5 -12.5128 -1.8 14.35 -12.6421 -2.167 10.4872 -12.5691
4 16 -2.45 14.5 -12.5128 -2.4915 11.0273 -12.5046 -2.9771 11.3883 -12.408 -3 14.8 -12.4035
4 16 -3 14.8 -12.4035 -2.9771 11.3883 -12.408 -3.55 11.515 -12.2941 -3.3 15.15 -12.3438
4 16 -3.3 15.15 -12.3438 -3.55 11.515 -12.2941 -4.1229 11.3883 -12.1802 -3.45 15.6 -12.314
4 16 -3.45 15.6 -12.314 -4.1229 11.3883 -12.1802 -4.6085 11.0273 -12.0836 -4.9751 17 -12.0107
3 16 -4.933 10.4872 -12.0191 -4.9751 17 -12.0107 -4.6085 11.0273 -12.0836
3 16 -3.45 15.6 -12.314 -4.9751 17 -12.0107 -3.45 16 -12.314
3 16 -3.45 16 -12.314 -4.9751 17 -12.0107 -3.3 16.4 -12.3438
3 16 -3.3 16.4 -12.3438 -4.9751 17 -12.0107 -2.9 16.65 -12.4233
3 16 -2.9 16.65 -12.4233 -4.9751 17 -12.0107 -2.2 16.8 -12.5625
4 16 0 17 -13 0 16.85 -13 -1.15 16.85 -12.7713 -4.9751 17 -12.0107
3 16 -2.2 16.8 -12.5625 -4.9751 17 -12.0107 -1.15 16.85 -12.7713
4 15 3.3104 9.7783 -12.3417 2.9717 8.9604 -12.4091 2.924 9.2 -12.4186 2.9717 9.4396 -12.4091
3 15 3.3104 9.7783 -12.3417 2.9717 9.4396 -12.4091 3.1074 9.6426 -12.3821
3 15 3.3104 9.7783 -12.3417 3.55 9.826 -12.2941 3.7896 9.7783 -12.2464
4 15 3.3104 9.7783 -12.3417 3.7896 9.7783 -12.2464 3.9926 9.6426 -12.2061 4.1283 9.4396 -12.1791
4 15 3.3104 9.7783 -12.3417 4.1283 9.4396 -12.1791 4.176 9.2 -12.1696 4.1283 8.9604 -12.1791
4 15 3.3104 9.7783 -12.3417 4.1283 8.9604 -12.1791 3.9926 8.7574 -12.2061 3.7896 8.6217 -12.2464
4 15 3.3104 9.7783 -12.3417 3.7896 8.6217 -12.2464 3.55 8.574 -12.2941 3.3104 8.6217 -12.3417
4 15 3.3104 9.7783 -12.3417 3.3104 8.6217 -12.3417 3.1074 8.7574 -12.3821 2.9717 8.9604 -12.4091
3 15 1.1 15 -12.7813 0 14.95 -13 0 15.95 -13
4 15 2.75 15.8 -12.4532 2.75 15.5 -12.4532 2.55 15.3 -12.4929 2.3 15.85 -12.5426
4 15 2.3 15.85 -12.5426 2.55 15.3 -12.4929 2 15.1 -12.6023 1.5 15.9 -12.7017
4 15 1.5 15.9 -12.7017 2 15.1 -12.6023 1.1 15 -12.7813 0 15.95 -13
3 15 2.75 15.5 -12.4532 2.75 15.8 -12.4532 2.8 15.65 -12.4432
4 0 2.75 15.5 -12.4532 2.8 15.65 -12.4432 3.3 15.2 -12.3438 3 14.9 -12.4035
4 0 2.55 15.3 -12.4929 2.75 15.5 -12.4532 3 14.9 -12.4035 2.45 14.7 -12.5128
4 0 2 15.1 -12.6023 2.55 15.3 -12.4929 2.45 14.7 -12.5128 1.8 14.55 -12.6421
4 0 1.1 15 -12.7813 2 15.1 -12.6023 1.8 14.55 -12.6421 .8 14.4 -12.8409
4 0 1.1 15 -12.7813 .8 14.4 -12.8409 0 14.35 -13 0 14.95 -13
4 0 3.45 15.65 -12.314 3.3 15.2 -12.3438 2.8 15.65 -12.4432 2.75 15.8 -12.4532
4 0 3.45 16.05 -12.314 3.45 15.65 -12.314 2.75 15.8 -12.4532 3.3 16.45 -12.3438
4 0 3.3 16.45 -12.3438 2.75 15.8 -12.4532 2.3 15.85 -12.5426 2.9 16.7 -12.4233
4 0 2.2 16.8 -12.5625 2.9 16.7 -12.4233 2.3 15.85 -12.5426 1.5 15.9 -12.7017
4 0 1.15 16.85 -12.7713 2.2 16.8 -12.5625 1.5 15.9 -12.7017 0 15.95 -13
3 0 0 15.95 -13 0 16.85 -13 1.15 16.85 -12.7713
4 0 2.924 9.2 -12.4186 2.9717 8.9604 -12.4091 2.4415 8.7227 -12.5145 2.167 9.2128 -12.5691
4 0 2.9717 9.4396 -12.4091 2.924 9.2 -12.4186 2.167 9.2128 -12.5691 2.053 9.85 -12.5918
4 0 3.1074 9.6426 -12.3821 2.9717 9.4396 -12.4091 2.053 9.85 -12.5918 2.167 10.4872 -12.5691
4 0 3.3104 9.7783 -12.3417 3.1074 9.6426 -12.3821 2.167 10.4872 -12.5691 2.4915 11.0273 -12.5046
4 0 3.3104 9.7783 -12.3417 2.4915 11.0273 -12.5046 2.9771 11.3883 -12.408 3.55 9.826 -12.2941
4 0 3.55 9.826 -12.2941 2.9771 11.3883 -12.408 3.55 11.515 -12.2941 4.1229 11.3883 -12.1802
4 0 3.7896 9.7783 -12.2464 3.55 9.826 -12.2941 4.1229 11.3883 -12.1802 4.6085 11.0273 -12.0836
4 0 3.9926 9.6426 -12.2061 3.7896 9.7783 -12.2464 4.6085 11.0273 -12.0836 4.933 10.4872 -12.0191
4 0 3.9926 9.6426 -12.2061 4.933 10.4872 -12.0191 4.9751 10.252 -12.0107 4.1283 9.4396 -12.1791
3 0 4.9751 10.252 -12.0107 4.9751 9.448 -12.0107 4.1283 9.4396 -12.1791
4 0 4.933 9.2128 -12.0191 4.176 9.2 -12.1696 4.1283 9.4396 -12.1791 4.9751 9.448 -12.0107
4 0 4.1283 8.9604 -12.1791 4.176 9.2 -12.1696 4.933 9.2128 -12.0191 4.6085 8.6727 -12.0836
4 0 3.9926 8.7574 -12.2061 4.1283 8.9604 -12.1791 4.6085 8.6727 -12.0836 4.2229 8.3117 -12.1603
3 0 4.2229 8.3117 -12.1603 3.7896 8.6217 -12.2464 3.9926 8.7574 -12.2061
3 0 2.4415 8.7227 -12.5145 2.9717 8.9604 -12.4091 3.1074 8.7574 -12.3821
4 0 2.4415 8.7227 -12.5145 3.1074 8.7574 -12.3821 3.3104 8.6217 -12.3417 3.1 7.65 -12.3836
4 0 3.55 8.574 -12.2941 3.7896 8.6217 -12.2464 4.2229 8.3117 -12.1603 3.1 7.65 -12.3836
4 0 1.65 8.25 -12.6719 1.1 8.35 -12.7813 1.4 8.65 -12.7216 1.85 8.75 -12.6321
4 0 2.35 8 -12.5327 1.65 8.25 -12.6719 1.85 8.75 -12.6321 2.4415 8.7227 -12.5145
3 0 3.1 7.65 -12.3836 2.35 8 -12.5327 2.4415 8.7227 -12.5145
3 0 3.1 7.65 -12.3836 3.3104 8.6217 -12.3417 3.55 8.574 -12.2941
4 0 4.15 7.15 -12.1748 3.1 7.65 -12.3836 4.2229 8.3117 -12.1603 4.75 8 -12.0555
4 0 4.15 7.15 -12.1748 4.75 8 -12.0555 4.9751 7.9325 -12.0107 4.9751 6.8925 -12.0107
3 16 1.1 8.35 -12.7813 0 4 -13 0 14.35 -13
4 16 0 4 -13 1.1 8.35 -12.7813 1.65 8.25 -12.6719 2.35 8 -12.5327
4 16 0 4 -13 2.35 8 -12.5327 3.1 7.65 -12.3836 4.15 7.15 -12.1748
4 16 4.9751 4 -12.0107 0 4 -13 4.15 7.15 -12.1748 4.9751 6.8925 -12.0107
4 16 4.75 8 -12.0555 4.2229 8.3117 -12.1603 4.6085 8.6727 -12.0836 4.9751 7.9325 -12.0107
4 16 1.15 16.85 -12.7713 0 16.85 -13 0 17 -13 4.9751 17 -12.0107
3 16 2.2 16.8 -12.5625 1.15 16.85 -12.7713 4.9751 17 -12.0107
3 16 2.9 16.7 -12.4233 2.2 16.8 -12.5625 4.9751 17 -12.0107
3 16 3.3 16.45 -12.3438 2.9 16.7 -12.4233 4.9751 17 -12.0107
3 16 3.45 16.05 -12.314 3.3 16.45 -12.3438 4.9751 17 -12.0107
4 16 3.45 15.65 -12.314 3.45 16.05 -12.314 4.9751 17 -12.0107 3.55 11.515 -12.2941
3 16 4.1229 11.3883 -12.1802 3.55 11.515 -12.2941 4.9751 17 -12.0107
3 16 3.55 11.515 -12.2941 3.3 15.2 -12.3438 3.45 15.65 -12.314
4 16 3 14.9 -12.4035 3.3 15.2 -12.3438 3.55 11.515 -12.2941 2.9771 11.3883 -12.408
4 16 2.45 14.7 -12.5128 3 14.9 -12.4035 2.9771 11.3883 -12.408 2.4915 11.0273 -12.5046
4 16 1.8 14.55 -12.6421 2.45 14.7 -12.5128 2.4915 11.0273 -12.5046 2.167 10.4872 -12.5691
4 16 .8 14.4 -12.8409 1.8 14.55 -12.6421 2.167 10.4872 -12.5691 2.053 9.85 -12.5918
4 16 0 14.35 -13 .8 14.4 -12.8409 2.053 9.85 -12.5918 1.4 8.65 -12.7216
3 16 1.1 8.35 -12.7813 0 14.35 -13 1.4 8.65 -12.7216
4 16 1.4 8.65 -12.7216 2.053 9.85 -12.5918 2.167 9.2128 -12.5691 1.85 8.75 -12.6321
3 16 2.4415 8.7227 -12.5145 1.85 8.75 -12.6321 2.167 9.2128 -12.5691
3 0 4.9751 9.448 -12.0107 4.9751 10.252 -12.0107 5.047 9.85 -11.9627
3 0 4.9751 6.8925 -12.0107 4.9751 7.9325 -12.0107 5.25 7.85 -11.827
4 0 5.85 6.9 -11.426 5.4 6.85 -11.7267 4.9751 6.8925 -12.0107 5.25 7.85 -11.827
4 0 5.85 6.9 -11.426 5.25 7.85 -11.827 5.85 7.8 -11.426 6.35 7.15 -11.0918
4 0 6.35 7.15 -11.0918 5.85 7.8 -11.426 6.6 7.85 -10.9248 6.95 7.6 -10.6909
4 0 7.2 7.9 -10.5238 6.95 7.6 -10.6909 6.6 7.85 -10.9248 7.05 8.05 -10.624
3 16 4.9751 6.8925 -12.0107 5.4 6.85 -11.7267 4.9751 4 -12.0107
4 16 4.9751 4 -12.0107 5.4 6.85 -11.7267 5.85 6.9 -11.426 9.1923 4 -9.1923
3 16 9.1923 4 -9.1923 5.85 6.9 -11.426 6.35 7.15 -11.0918
3 16 9.1923 4 -9.1923 6.35 7.15 -11.0918 6.95 7.6 -10.6909
3 16 9.1923 4 -9.1923 6.95 7.6 -10.6909 7.2 7.9 -10.5238
3 16 9.1923 17 -9.1923 4.9751 10.252 -12.0107 4.9751 17 -12.0107
4 16 4.9751 9.448 -12.0107 5.85 7.8 -11.426 5.25 7.85 -11.827 4.9751 7.9325 -12.0107
3 16 4.9751 9.448 -12.0107 5.047 9.85 -11.9627 5.85 7.8 -11.426
4 16 4.9751 10.252 -12.0107 6.6 7.85 -10.9248 5.85 7.8 -11.426 5.047 9.85 -11.9627
3 16 4.9751 10.252 -12.0107 7.05 8.05 -10.624 6.6 7.85 -10.9248
4 16 4.9751 10.252 -12.0107 9.1923 17 -9.1923 7.2 7.9 -10.5238 7.05 8.05 -10.624
3 16 9.1923 4 -9.1923 7.2 7.9 -10.5238 9.1923 17 -9.1923
3 16 4.9751 10.252 -12.0107 4.933 10.4872 -12.0191 4.9751 17 -12.0107
3 16 4.933 10.4872 -12.0191 4.6085 11.0273 -12.0836 4.9751 17 -12.0107
3 16 4.6085 11.0273 -12.0836 4.1229 11.3883 -12.1802 4.9751 17 -12.0107
3 16 -2.167 9.2128 -12.5691 -2.053 9.85 -12.5918 -1.55 7.6 -12.6918
4 16 -1.05 14.3 -12.7912 -1.25 7.4 -12.7514 -1.55 7.6 -12.6918 -2.053 9.85 -12.5918
3 16 -4.9751 9.448 -12.0107 -4.933 9.2128 -12.0191 -4.9751 6.9367 -12.0107
4 16 -4.5 7 -12.1052 -4.9751 6.9367 -12.0107 -4.933 9.2128 -12.0191 -4.6085 8.6727 -12.0836
3 16 4.6085 8.6727 -12.0836 4.933 9.2128 -12.0191 4.9751 7.9325 -12.0107
3 16 4.9751 7.9325 -12.0107 4.933 9.2128 -12.0191 4.9751 9.448 -12.0107
5 24 -9.1923 17 -9.1923 -9.1923 4 -9.1923 -12.0107 17 -4.9751 -4.9751 17 -12.0107
5 24 -4.9751 17 -12.0107 -4.9751 4 -12.0107 -9.1923 17 -9.1923 0 17 -13
5 24 0 17 -13 0 4 -13 -4.9751 17 -12.0107 4.9751 17 -12.0107
5 24 4.9751 17 -12.0107 4.9751 4 -12.0107 0 17 -13 9.1923 17 -9.1923
5 24 9.1923 17 -9.1923 9.1923 4 -9.1923 4.9751 17 -12.0107 12.0107 17 -4.9751
