0 Minifig Head with Dark Brown Eyebrows, Medium Nougat Chin Dimple, Grin / Scared Open Mouth with Teeth  2-Sided Pattern
0 Name: 3626cp7r.dat
0 Author: Philippe Hurbain [Philo]
0 !LDRAW_ORG Unofficial_Part
0 !LICENSE Licensed under CC BY 4.0 : see CAreadme.txt

0 BFC CERTIFY CCW

0 !CATEGORY Minifig
0 !KEYWORDS Bricklink 3626pb2169, Brickowl 265488, Brickset 39528
0 !KEYWORDS hermione granger, Rebrickable 3626cpr9929, Set 21360, set 75954
0 !KEYWORDS Set 75955, Violet Beauregarde

1 16 0 0 0 1 0 0 0 1 0 0 0 1 s\28621s01.dat
1 16 0 4 0 0 0 8 0 -6.4 0 8 0 0 t04o6250.dat
1 16 0 4 0 0 0 -8 0 -6.4 0 8 0 0 t04o6250.dat
1 16 0 4 0 0 0 -8 0 -6.4 0 -8 0 0 t04o6250.dat
1 16 0 4 0 0 0 8 0 -6.4 0 -8 0 0 t04o6250.dat
1 16 0 17 0 -8 0 0 0 6.4 0 0 0 8 t08o6250.dat
1 16 0 17 0 8 0 0 0 6.4 0 0 0 8 t08o6250.dat
1 16 0 17 0 -8 0 0 0 6.4 0 0 0 -8 t08o6250.dat
1 16 0 17 0 8 0 0 0 6.4 0 0 0 -8 t08o6250.dat
1 16 0 4 0 13 0 0 0 13 0 0 0 -13 1-8cyli.dat
1 16 0 4 0 13 0 0 0 13 0 0 0 13 1-8cyli.dat
1 16 0 4 0 -13 0 0 0 13 0 0 0 13 1-8cyli.dat
1 16 0 4 0 -13 0 0 0 13 0 0 0 -13 1-8cyli.dat

0 // Front
5 24 3.7936 20.69536 -9.1592 3.0616 21 -7.3912 5.6568 21 -5.6568 0 21 -8
5 24 4.4144 19.82816 -10.6576 3.7936 20.69536 -9.1592 7.0096 20.69536 -7.0096 0 20.69536 -9.9136
5 24 7.0096 20.69536 -7.0096 3.7936 20.69536 -9.1592 4.4144 19.82816 -10.6576 3.0616 21 -7.3912
5 24 4.8296 18.53088 -11.6592 4.4144 19.82816 -10.6576 8.1568 19.82816 -8.1568 0 19.82816 -11.5352
5 24 8.1568 19.82816 -8.1568 4.4144 19.82816 -10.6576 4.8296 18.53088 -11.6592 3.7936 20.69536 -9.1592
5 24 8.9232 18.53088 -8.9232 4.8296 18.53088 -11.6592 4.9751 17 -12.0107 4.4144 19.82816 -10.6576
5 24 7.0096 20.69536 -7.0096 5.6568 21 -5.6568 7.3912 21 -3.0616 3.0616 21 -7.3912
5 24 8.1568 19.82816 -8.1568 7.0096 20.69536 -7.0096 9.1592 20.69536 -3.7936 3.7936 20.69536 -9.1592
5 24 8.9232 18.53088 -8.9232 8.1568 19.82816 -8.1568 10.6576 19.82816 -4.4144 4.4144 19.82816 -10.6576
5 24 9.1923 17 -9.1923 8.9232 18.53088 -8.9232 11.6592 18.53088 -4.8296 4.8296 18.53088 -11.6592
5 24 3.7936 20.69536 -9.1592 0 20.69536 -9.9136 0 19.82816 -11.5352 0 21 -8
5 24 4.4144 19.82816 -10.6576 0 19.82816 -11.5352 0 18.53088 -12.6192 0 20.69536 -9.9136
5 24 4.8296 18.53088 -11.6592 0 18.53088 -12.6192 0 17 -13 0 19.82816 -11.5352
5 24 4.9751 17 -12.0107 4.8296 18.53088 -11.6592 8.9232 18.53088 -8.9232 0 18.53088 -12.6192
5 24 9.1923 17 -9.1923 4.9751 17 -12.0107 4.9752 15.343 -12.0104 4.8296 18.53088 -11.6592
5 24 4.9751 17 -12.0107 0 17 -13 0 15.343 -13 0 18.53088 -12.6192
5 24 4.9751 4 -12.0107 4.9751 17 -12.0107 9.1923 17 -9.1923 0 17 -13
5 24 9.1923 4 -9.1923 9.1923 17 -9.1923 12.0107 17 -4.9751 4.9751 17 -12.0107
5 24 -3.7936 20.69536 -9.1592 -3.0616 21 -7.3912 -5.6568 21 -5.6568 0 21 -8
5 24 -4.4144 19.82816 -10.6576 -3.7936 20.69536 -9.1592 -7.0096 20.69536 -7.0096 0 20.69536 -9.9136
5 24 -7.0096 20.69536 -7.0096 -3.7936 20.69536 -9.1592 -4.4144 19.82816 -10.6576 -3.0616 21 -7.3912
5 24 -4.8296 18.53088 -11.6592 -4.4144 19.82816 -10.6576 -8.1568 19.82816 -8.1568 0 19.82816 -11.5352
5 24 -8.1568 19.82816 -8.1568 -4.4144 19.82816 -10.6576 -4.8296 18.53088 -11.6592 -3.7936 20.69536 -9.1592
5 24 -8.9232 18.53088 -8.9232 -4.8296 18.53088 -11.6592 -4.9751 17 -12.0107 -4.4144 19.82816 -10.6576
5 24 -7.0096 20.69536 -7.0096 -5.6568 21 -5.6568 -7.3912 21 -3.0616 -3.0616 21 -7.3912
5 24 -8.1568 19.82816 -8.1568 -7.0096 20.69536 -7.0096 -9.1592 20.69536 -3.7936 -3.7936 20.69536 -9.1592
5 24 -8.9232 18.53088 -8.9232 -8.1568 19.82816 -8.1568 -10.6576 19.82816 -4.4144 -4.4144 19.82816 -10.6576
5 24 -9.1923 17 -9.1923 -8.9232 18.53088 -8.9232 -11.6592 18.53088 -4.8296 -4.8296 18.53088 -11.6592
5 24 -3.7936 20.69536 -9.1592 0 20.69536 -9.9136 0 19.82816 -11.5352 0 21 -8
5 24 -4.4144 19.82816 -10.6576 0 19.82816 -11.5352 0 18.53088 -12.6192 0 20.69536 -9.9136
5 24 -4.8296 18.53088 -11.6592 0 18.53088 -12.6192 0 17 -13 0 19.82816 -11.5352
5 24 -4.9751 17 -12.0107 -4.8296 18.53088 -11.6592 -8.9232 18.53088 -8.9232 0 18.53088 -12.6192
5 24 -9.1923 17 -9.1923 -4.9751 17 -12.0107 -4.9752 15.343 -12.0104 -4.8296 18.53088 -11.6592
5 24 -4.9751 17 -12.0107 0 17 -13 0 15.343 -13 0 18.53088 -12.6192
5 24 -4.9751 4 -12.0107 -4.9751 17 -12.0107 -9.1923 17 -9.1923 0 17 -13
5 24 -9.1923 4 -9.1923 -9.1923 17 -9.1923 -12.0107 17 -4.9751 -4.9751 17 -12.0107
5 24 0 17 -13 0 4 -13 -4.9751 4 -12.0107 4.9751 4 -12.0107
5 24 0 18.53088 -12.6192 0 17 -13 4.9751 17 -12.0107 -4.9751 17 -12.0107
5 24 0 19.82816 -11.5352 0 18.53088 -12.6192 4.8296 18.53088 -11.6592 -4.8296 18.53088 -11.6592
5 24 0 19.82816 -11.5352 0 20.69536 -9.9136 -4.4144 19.82816 -10.6576 4.4144 19.82816 -10.6576
5 24 0 20.69536 -9.9136 0 21 -8 -3.7936 20.69536 -9.1592 3.7936 20.69536 -9.1592
4 0 -4.5173 11.5852 -12.1017 -4.0625 11.8374 -12.1922 -3.4644 9.9645 -12.3111 -3.8165 9.8872 -12.2411
4 0 -3.647 7.9659 -12.2748 -4.3538 8.0141 -12.1342 -4.0671 8.9259 -12.1913 -3.7689 8.7158 -12.2506
4 0 2.2715 15.2107 -12.5483 3.0504 14.5817 -12.3934 2.7491 14.26 -12.4533 2.0735 14.6466 -12.5877
4 0 2.5219 8.4545 -12.4985 3.0333 8.9448 -12.3968 3.3315 8.7346 -12.3375 2.9748 8.1392 -12.4085
4 0 -4.5173 11.5852 -12.1017 -3.8165 9.8872 -12.2411 -4.9751 10.9668 -12.0107 -4.8654 11.2068 -12.0325
3 0 -4.081 9.6257 -12.1885 -4.9751 10.9668 -12.0107 -3.8165 9.8872 -12.2411
4 0 -4.0625 11.8374 -12.1922 -3.5568 11.925 -12.2927 -3.0444 11.8448 -12.3946 -3.4644 9.9645 -12.3111
4 0 -3.0444 11.8448 -12.3946 -2.5903 11.6048 -12.4849 -2.2448 11.2227 -12.5536 -3.4644 9.9645 -12.3111
4 0 -3.4644 9.9645 -12.3111 -2.2448 11.2227 -12.5536 -1.995 10.772 -12.6033 -3.1278 9.8185 -12.378
4 0 -1.8545 10.2764 -12.6312 -1.8421 9.761 -12.6337 -1.9568 9.26 -12.6109 -2.9118 9.5244 -12.421
4 0 -1.995 10.772 -12.6033 -1.8545 10.2764 -12.6312 -2.9118 9.5244 -12.421 -3.1278 9.8185 -12.378
4 0 -2.9118 9.5244 -12.421 -1.9568 9.26 -12.6109 -2.1769 8.7878 -12.5671 -2.8941 9.1606 -12.4245
4 0 -4.9751 8.1564 -12.0107 -4.9751 10.9668 -12.0107 -4.081 9.6257 -12.1885 -4.1667 9.2764 -12.1714
4 0 -2.1769 8.7878 -12.5671 -2.5158 8.4077 -12.4997 -3.0849 8.8443 -12.3866 -2.8941 9.1606 -12.4245
4 0 -2.9589 8.1356 -12.4116 -3.647 7.9659 -12.2748 -3.7689 8.7158 -12.2506 -3.4074 8.6717 -12.3224
4 0 -4.3538 8.0141 -12.1342 -4.9751 8.1564 -12.0107 -4.1667 9.2764 -12.1714 -4.0671 8.9259 -12.1913
4 0 -2.5158 8.4077 -12.4997 -2.9589 8.1356 -12.4116 -3.4074 8.6717 -12.3224 -3.0849 8.8443 -12.3866
4 0 -.5156 15.7733 -12.8975 0 15.803 -13 0 15.0976 -13 -.1485 15.1024 -12.9705
4 0 -.1485 15.1024 -12.9705 -.8008 15.039 -12.8408 -1.3284 15.5924 -12.7359 -.5156 15.7733 -12.8975
4 0 -1.6605 14.9009 -12.6698 -2.6543 14.6344 -12.4722 -2.8126 14.86 -12.4407 -2.3495 15.178 -12.5328
4 0 -.8008 15.039 -12.8408 -1.6605 14.9009 -12.6698 -2.3495 15.178 -12.5328 -1.3284 15.5924 -12.7359
3 0 -2.6543 14.6344 -12.4722 -2.9713 14.6189 -12.4091 -2.8126 14.86 -12.4407
4 0 .6357 15.7685 -12.8736 1.496 15.5763 -12.7025 2.2715 15.2107 -12.5483 1.23 14.9499 -12.7554
3 0 3.4101 14.0555 -12.3219 3.463 13.8052 -12.3114 3.3037 13.8427 -12.3431
4 0 3.0504 14.5817 -12.3934 3.4101 14.0555 -12.3219 3.3037 13.8427 -12.3431 2.7491 14.26 -12.4533
4 0 .0454 15.8056 -12.991 .6357 15.7685 -12.8736 1.23 14.9499 -12.7554 .4265 15.0837 -12.9152
3 0 2.2715 15.2107 -12.5483 2.0735 14.6466 -12.5877 1.23 14.9499 -12.7554
4 0 0 15.803 -13 .0454 15.8056 -12.991 .4265 15.0837 -12.9152 0 15.0976 -13
3 0 4.9751 11.0393 -12.0107 4.9751 8.1754 -12.0107 4.1886 9.5433 -12.1671
4 0 3.9726 9.8374 -12.2101 3.636 9.9834 -12.277 4.442 11.6669 -12.1167 4.8361 11.2859 -12.0383
4 0 4.1886 9.5433 -12.1671 3.9726 9.8374 -12.2101 4.8361 11.2859 -12.0383 4.9751 11.0393 -12.0107
4 0 4.442 11.6669 -12.1167 3.636 9.9834 -12.277 3.3921 11.9175 -12.3255 3.9392 11.8785 -12.2167
3 0 2.8704 11.7582 -12.4292 3.3921 11.9175 -12.3255 3.636 9.9834 -12.277
4 0 2.4339 11.4235 -12.516 2.8704 11.7582 -12.4292 3.636 9.9834 -12.277 3.2839 9.9061 -12.347
3 0 2.1112 10.981 -12.5802 2.4339 11.4235 -12.516 3.2839 9.9061 -12.347
4 0 1.9541 9.3756 -12.6114 1.8854 9.9179 -12.6251 1.93 10.4635 -12.6162 3.0194 9.6446 -12.3996
4 0 2.1112 10.981 -12.5802 3.2839 9.9061 -12.347 3.0194 9.6446 -12.3996 1.93 10.4635 -12.6162
4 0 2.1718 8.8741 -12.5681 1.9541 9.3756 -12.6114 3.0194 9.6446 -12.3996 2.9337 9.2953 -12.4166
3 0 4.0155 8.8632 -12.2015 4.2063 9.1795 -12.1636 4.7958 8.1791 -12.0464
4 0 4.1886 9.5433 -12.1671 4.9751 8.1754 -12.0107 4.7958 8.1791 -12.0464 4.2063 9.1795 -12.1636
4 0 4.0155 8.8632 -12.2015 4.7958 8.1791 -12.0464 3.5011 7.9978 -12.3038 3.693 8.6905 -12.2656
4 0 2.9748 8.1392 -12.4085 3.3315 8.7346 -12.3375 3.693 8.6905 -12.2656 3.5011 7.9978 -12.3038
4 0 2.5219 8.4545 -12.4985 2.1718 8.8741 -12.5681 2.9337 9.2953 -12.4166 3.0333 8.9448 -12.3968
3 0 4.9751 8.1754 -12.0107 4.9751 11.0393 -12.0107 5.1498 9.1889 -11.8939
3 0 4.9751 11.0393 -12.0107 5.105 10.8089 -11.9239 5.2419 10.2768 -11.8324
4 0 5.1498 9.1889 -11.8939 4.9751 11.0393 -12.0107 5.2419 10.2768 -11.8324 5.2416 9.7305 -11.8326
3 0 5.4199 9.0263 -11.7134 5.6644 8.7741 -11.55 5.4747 8.1651 -11.6768
4 0 5.1498 9.1889 -11.8939 5.4199 9.0263 -11.7134 5.4747 8.1651 -11.6768 4.9751 8.1754 -12.0107
4 0 5.6644 8.7741 -11.55 5.9223 8.3356 -11.3777 5.981 8.0748 -11.3384 5.4747 8.1651 -11.6768
4 0 -5.1714 9.7166 -11.8795 -4.9751 10.9668 -12.0107 -4.9751 8.1564 -12.0107 -5.1149 9.2042 -11.9172
4 0 -5.4099 8.9942 -11.7201 -5.1149 9.2042 -11.9172 -4.9751 8.1564 -12.0107 -5.0662 8.1772 -11.9498
3 0 -5.0662 8.1772 -11.9498 -5.916 8.0905 -11.3819 -5.8282 8.4227 -11.4405
4 0 -5.4099 8.9942 -11.7201 -5.0662 8.1772 -11.9498 -5.8282 8.4227 -11.4405 -5.6728 8.6888 -11.5444
4 0 -5.1714 9.7166 -11.8795 -5.1813 10.2327 -11.8729 -5.0803 10.7369 -11.9404 -4.9751 10.9668 -12.0107
4 15 3.2839 9.9061 -12.347 3.9726 9.8374 -12.2101 4.0155 8.8632 -12.2015 3.3315 8.7346 -12.3375
4 15 -4.0671 8.9259 -12.1913 -4.1667 9.2764 -12.1714 -4.081 9.6257 -12.1885 -3.7689 8.7158 -12.2506
3 15 -4.081 9.6257 -12.1885 -3.8165 9.8872 -12.2411 -3.7689 8.7158 -12.2506
3 15 -3.8165 9.8872 -12.2411 -3.4644 9.9645 -12.3111 -3.1278 9.8185 -12.378
4 15 -3.1278 9.8185 -12.378 -2.9118 9.5244 -12.421 -2.8941 9.1606 -12.4245 -3.0849 8.8443 -12.3866
3 15 -3.0849 8.8443 -12.3866 -3.4074 8.6717 -12.3224 -3.7689 8.7158 -12.2506
4 15 -3.0849 8.8443 -12.3866 -3.7689 8.7158 -12.2506 -3.8165 9.8872 -12.2411 -3.1278 9.8185 -12.378
4 15 3.0194 9.6446 -12.3996 3.3315 8.7346 -12.3375 3.0333 8.9448 -12.3968 2.9337 9.2953 -12.4166
3 15 3.0194 9.6446 -12.3996 3.2839 9.9061 -12.347 3.3315 8.7346 -12.3375
3 15 3.2839 9.9061 -12.347 3.636 9.9834 -12.277 3.9726 9.8374 -12.2101
4 15 3.9726 9.8374 -12.2101 4.1886 9.5433 -12.1671 4.2063 9.1795 -12.1636 4.0155 8.8632 -12.2015
3 15 4.0155 8.8632 -12.2015 3.693 8.6905 -12.2656 3.3315 8.7346 -12.3375
4 16 5.981 8.0748 -11.3384 6.1001 6.8578 -11.2589 4.9751 6.9298 -12.0107 5.4747 8.1651 -11.6768
4 16 3.0616 21 -7.3912 3.7936 20.6954 -9.1592 0 20.6954 -9.9136 0 21 -8
4 16 4.4144 19.8282 -10.6576 0 19.8282 -11.5352 0 20.6954 -9.9136 3.7936 20.6954 -9.1592
4 16 4.8296 18.5309 -11.6592 0 18.5309 -12.6192 0 19.8282 -11.5352 4.4144 19.8282 -10.6576
4 16 0 18.5309 -12.6192 4.8296 18.5309 -11.6592 1.2785 17.0667 -12.7292 .9832 17.2503 -12.7422
4 16 5.6568 21 -5.6568 7.0096 20.6954 -7.0096 3.7936 20.6954 -9.1592 3.0616 21 -7.3912
4 16 7.0096 20.6954 -7.0096 8.1568 19.8282 -8.1568 4.4144 19.8282 -10.6576 3.7936 20.6954 -9.1592
4 16 -3.7936 20.6954 -9.1592 -7.0096 20.6954 -7.0096 -5.6568 21 -5.6568 -3.0616 21 -7.3912
4 16 -4.4144 19.8282 -10.6576 -8.1568 19.8282 -8.1568 -7.0096 20.6954 -7.0096 -3.7936 20.6954 -9.1592
4 16 -4.4144 19.8282 -10.6576 -4.8296 18.5309 -11.6592 -8.9232 18.5309 -8.9232 -8.1568 19.8282 -8.1568
4 16 -4.9751 17 -12.0107 -9.1923 17 -9.1923 -8.9232 18.5309 -8.9232 -4.8296 18.5309 -11.6592
4 16 0 20.6954 -9.9136 -3.7936 20.6954 -9.1592 -3.0616 21 -7.3912 0 21 -8
4 16 0 20.6954 -9.9136 0 19.8282 -11.5352 -4.4144 19.8282 -10.6576 -3.7936 20.6954 -9.1592
4 16 0 19.8282 -11.5352 0 18.5309 -12.6192 -4.8296 18.5309 -11.6592 -4.4144 19.8282 -10.6576
4 16 -4.8296 18.5309 -11.6592 0 18.5309 -12.6192 -.659 17.2972 -12.7951 -.9954 17.1253 -12.7709
4 16 4.9751 6.9298 -12.0107 2.4576 7.091 -12.5113 2.9748 8.1392 -12.4085 3.5011 7.9978 -12.3038
3 16 -9.1923 4 -9.1923 -9.1923 17 -9.1923 -7.7438 6.9875 -10.1603
4 16 -7.5861 7.0601 -10.2658 -7.7438 6.9875 -10.1603 -9.1923 17 -9.1923 -5.0803 10.7369 -11.9404
4 16 -4.9751 17 -12.0107 -4.9751 10.9668 -12.0107 -5.0803 10.7369 -11.9404 -9.1923 17 -9.1923
4 16 -5.6728 8.6888 -11.5444 -7.5861 7.0601 -10.2658 -5.0803 10.7369 -11.9404 -5.1813 10.2327 -11.8729
3 16 -4.9751 5.9802 -12.0107 -4.9751 4 -12.0107 -5.447 5.9589 -11.6953
3 16 -5.447 5.9589 -11.6953 -4.9751 4 -12.0107 -6.4318 6.0811 -11.0372
3 16 -5.1714 9.7166 -11.8795 -5.1149 9.2042 -11.9172 -5.4099 8.9942 -11.7201
4 16 -5.4099 8.9942 -11.7201 -5.6728 8.6888 -11.5444 -5.1813 10.2327 -11.8729 -5.1714 9.7166 -11.8795
3 16 -5.6728 8.6888 -11.5444 -5.8282 8.4227 -11.4405 -7.5861 7.0601 -10.2658
4 16 -4.9751 4 -12.0107 -9.1923 4 -9.1923 -7.0525 6.2844 -10.6223 -6.4318 6.0811 -11.0372
3 16 -5.0662 8.1772 -11.9498 -4.9751 8.1564 -12.0107 -4.9751 6.936 -12.0107
4 16 -6.4866 6.8815 -11.0006 -7.5861 7.0601 -10.2658 -5.8282 8.4227 -11.4405 -5.916 8.0905 -11.3819
3 16 -7.5053 6.5725 -10.3197 -7.0525 6.2844 -10.6223 -9.1923 4 -9.1923
3 16 -7.7438 6.9875 -10.1603 -7.5053 6.5725 -10.3197 -9.1923 4 -9.1923
4 16 -5.916 8.0905 -11.3819 -5.0662 8.1772 -11.9498 -4.9751 6.936 -12.0107 -5.6575 6.8702 -11.5547
3 16 -5.6575 6.8702 -11.5547 -6.4866 6.8815 -11.0006 -5.916 8.0905 -11.3819
3 16 -4.9751 17 -12.0107 -1.1425 17 -12.7728 -1.3828 16.7951 -12.725
4 16 -2.8126 14.86 -12.4407 -4.9751 17 -12.0107 -1.3828 16.7951 -12.725 -2.3495 15.178 -12.5328
3 16 -1.3828 16.7951 -12.725 -1.3837 16.6738 -12.7249 -2.3495 15.178 -12.5328
3 16 -4.8654 11.2068 -12.0325 -4.9751 10.9668 -12.0107 -4.9751 17 -12.0107
3 16 -2.3495 15.178 -12.5328 -1.3837 16.6738 -12.7249 -1.3284 15.5924 -12.7359
4 16 -1.2542 16.6492 -12.7506 0 16.8389 -13 0 15.803 -13 -.5156 15.7733 -12.8975
3 16 -4.0625 11.8374 -12.1922 -4.5173 11.5852 -12.1017 -2.9713 14.6189 -12.4091
4 16 -4.8654 11.2068 -12.0325 -4.9751 17 -12.0107 -2.9713 14.6189 -12.4091 -4.5173 11.5852 -12.1017
3 16 -3.5568 11.925 -12.2927 -4.0625 11.8374 -12.1922 -2.9713 14.6189 -12.4091
4 16 -1.3837 16.6738 -12.7249 -1.2542 16.6492 -12.7506 -.5156 15.7733 -12.8975 -1.3284 15.5924 -12.7359
4 16 -2.6543 14.6344 -12.4722 -3.0444 11.8448 -12.3946 -3.5568 11.925 -12.2927 -2.9713 14.6189 -12.4091
4 16 -1.6605 14.9009 -12.6698 -2.5903 11.6048 -12.4849 -3.0444 11.8448 -12.3946 -2.6543 14.6344 -12.4722
3 16 -4.9751 17 -12.0107 -2.8126 14.86 -12.4407 -2.9713 14.6189 -12.4091
4 16 -2.2448 11.2227 -12.5536 -2.5903 11.6048 -12.4849 -1.6605 14.9009 -12.6698 -.8008 15.039 -12.8408
3 16 -.8008 15.039 -12.8408 -.1485 15.1024 -12.9705 -2.2448 11.2227 -12.5536
4 16 -1.995 10.772 -12.6033 -2.2448 11.2227 -12.5536 -.1485 15.1024 -12.9705 0 15.0976 -13
3 16 -1.8545 10.2764 -12.6312 -1.995 10.772 -12.6033 0 15.0976 -13
3 16 -4.9751 4 -12.0107 -4.9751 5.9802 -12.0107 -4.7048 5.9925 -12.0644
4 16 0 4 -13 -4.9751 4 -12.0107 -4.7048 5.9925 -12.0644 -2.9976 6.2647 -12.4039
3 16 -1.8545 10.2764 -12.6312 0 15.0976 -13 -1.8421 9.761 -12.6337
4 16 0 4 -13 -1.3547 6.7557 -12.7306 -1.8421 9.761 -12.6337 0 15.0976 -13
3 16 0 4 -13 -2.9976 6.2647 -12.4039 -1.6066 6.5792 -12.6805
3 16 0 4 -13 -1.6066 6.5792 -12.6805 -1.3547 6.7557 -12.7306
3 16 -2.1769 8.7878 -12.5671 -1.9568 9.26 -12.6109 -1.4701 6.8687 -12.7077
4 16 -1.8421 9.761 -12.6337 -1.3547 6.7557 -12.7306 -1.4701 6.8687 -12.7077 -1.9568 9.26 -12.6109
4 16 -2.5158 8.4077 -12.4997 -2.1769 8.7878 -12.5671 -1.4701 6.8687 -12.7077 -1.7403 6.9873 -12.6539
4 16 -2.9589 8.1356 -12.4116 -2.5158 8.4077 -12.4997 -1.7403 6.9873 -12.6539 -2.5353 7.1019 -12.4958
4 16 -3.647 7.9659 -12.2748 -2.9589 8.1356 -12.4116 -2.5353 7.1019 -12.4958 -3.5514 7.0733 -12.2938
4 16 -3.647 7.9659 -12.2748 -3.5514 7.0733 -12.2938 -4.9751 6.936 -12.0107 -4.3538 8.0141 -12.1342
3 16 -4.9751 6.936 -12.0107 -4.9751 8.1564 -12.0107 -4.3538 8.0141 -12.1342
4 16 5.105 10.8089 -11.9239 4.9751 11.0393 -12.0107 4.9751 17 -12.0107 9.1923 17 -9.1923
4 16 5.555 5.9555 -11.6231 6.3414 6.0448 -11.0976 9.1923 4 -9.1923 4.9751 4 -12.0107
3 16 4.9751 4 -12.0107 4.9751 5.9996 -12.0107 5.555 5.9555 -11.6231
3 16 9.1923 4 -9.1923 6.3414 6.0448 -11.0976 7.0148 6.2903 -10.6475
4 16 5.105 10.8089 -11.9239 9.1923 17 -9.1923 7.7209 6.9931 -10.1756 5.2419 10.2768 -11.8324
4 16 5.2416 9.7305 -11.8326 5.2419 10.2768 -11.8324 5.9223 8.3356 -11.3777 5.6644 8.7741 -11.55
3 16 5.4199 9.0263 -11.7134 5.1498 9.1889 -11.8939 5.2416 9.7305 -11.8326
3 16 5.6644 8.7741 -11.55 5.4199 9.0263 -11.7134 5.2416 9.7305 -11.8326
3 16 9.1923 4 -9.1923 7.0148 6.2903 -10.6475 7.536 6.6327 -10.2992
3 16 9.1923 4 -9.1923 7.536 6.6327 -10.2992 7.7209 6.9931 -10.1756
3 16 5.9223 8.3356 -11.3777 5.2419 10.2768 -11.8324 7.7209 6.9931 -10.1756
3 16 9.1923 17 -9.1923 9.1923 4 -9.1923 7.7209 6.9931 -10.1756
4 16 7.5191 7.0412 -10.3105 6.5885 6.8864 -10.9325 6.1001 6.8578 -11.2589 5.981 8.0748 -11.3384
4 16 7.7209 6.9931 -10.1756 7.5191 7.0412 -10.3105 5.981 8.0748 -11.3384 5.9223 8.3356 -11.3777
3 16 4.9751 8.1754 -12.0107 5.4747 8.1651 -11.6768 4.9751 6.9298 -12.0107
3 16 0 17.4188 -12.8958 0 18.5309 -12.6192 .4696 17.3996 -12.8072
3 16 .4696 17.3996 -12.8072 0 18.5309 -12.6192 .9832 17.2503 -12.7422
4 16 4.9751 17 -12.0107 1.3529 17 -12.731 1.2785 17.0667 -12.7292 4.8296 18.5309 -11.6592
4 16 4.4144 19.8282 -10.6576 8.1568 19.8282 -8.1568 8.9232 18.5309 -8.9232 4.8296 18.5309 -11.6592
4 16 4.9751 17 -12.0107 4.8296 18.5309 -11.6592 8.9232 18.5309 -8.9232 9.1923 17 -9.1923
4 16 -4.9751 17 -12.0107 -4.8296 18.5309 -11.6592 -.9954 17.1253 -12.7709 -1.1425 17 -12.7728
3 16 0 18.5309 -12.6192 0 17.4188 -12.8958 -.0614 17.4213 -12.883
3 16 0 18.5309 -12.6192 -.0614 17.4213 -12.883 -.659 17.2972 -12.7951
4 16 0 15.803 -13 0 16.8389 -13 .0624 16.8483 -12.9876 .0454 15.8056 -12.991
3 16 .8978 16.7286 -12.8215 1.5265 16.502 -12.6965 .6357 15.7685 -12.8736
4 16 .8978 16.7286 -12.8215 .6357 15.7685 -12.8736 .0454 15.8056 -12.991 .0624 16.8483 -12.9876
4 16 1.6657 16.5127 -12.6688 1.496 15.5763 -12.7025 .6357 15.7685 -12.8736 1.5265 16.502 -12.6965
4 16 1.6783 16.5737 -12.6663 2.2715 15.2107 -12.5483 1.496 15.5763 -12.7025 1.6657 16.5127 -12.6688
4 16 3.0504 14.5817 -12.3934 2.2715 15.2107 -12.5483 1.6783 16.5737 -12.6663 4.9751 17 -12.0107
3 16 1.541 16.8315 -12.6936 1.3529 17 -12.731 4.9751 17 -12.0107
3 16 1.6783 16.5737 -12.6663 1.541 16.8315 -12.6936 4.9751 17 -12.0107
3 16 3.4101 14.0555 -12.3219 3.0504 14.5817 -12.3934 4.9751 17 -12.0107
3 16 4.9751 17 -12.0107 4.9751 11.0393 -12.0107 4.8361 11.2859 -12.0383
3 16 4.9751 17 -12.0107 4.8361 11.2859 -12.0383 4.442 11.6669 -12.1167
4 16 3.4101 14.0555 -12.3219 4.9751 17 -12.0107 4.442 11.6669 -12.1167 3.463 13.8052 -12.3114
3 16 4.442 11.6669 -12.1167 3.9392 11.8785 -12.2167 3.463 13.8052 -12.3114
3 16 3.9392 11.8785 -12.2167 3.3921 11.9175 -12.3255 3.463 13.8052 -12.3114
4 16 2.8704 11.7582 -12.4292 3.3037 13.8427 -12.3431 3.463 13.8052 -12.3114 3.3921 11.9175 -12.3255
3 16 2.7491 14.26 -12.4533 3.3037 13.8427 -12.3431 2.8704 11.7582 -12.4292
4 16 2.0735 14.6466 -12.5877 2.7491 14.26 -12.4533 2.8704 11.7582 -12.4292 2.4339 11.4235 -12.516
4 16 .4265 15.0837 -12.9152 1.23 14.9499 -12.7554 2.0735 14.6466 -12.5877 2.4339 11.4235 -12.516
4 16 0 15.0976 -13 .4265 15.0837 -12.9152 2.4339 11.4235 -12.516 2.1112 10.981 -12.5802
3 16 4.9751 5.9996 -12.0107 4.9751 4 -12.0107 4.2525 6.0546 -12.1544
3 16 4.2525 6.0546 -12.1544 4.9751 4 -12.0107 2.8702 6.2911 -12.4293
4 16 0 4 -13 0 15.0976 -13 1.8854 9.9179 -12.6251 1.3305 6.7557 -12.7354
4 16 4.9751 4 -12.0107 0 4 -13 1.5903 6.5756 -12.6838 2.8702 6.2911 -12.4293
3 16 2.1112 10.981 -12.5802 1.93 10.4635 -12.6162 0 15.0976 -13
3 16 1.93 10.4635 -12.6162 1.8854 9.9179 -12.6251 0 15.0976 -13
3 16 1.3305 6.7557 -12.7354 1.5903 6.5756 -12.6838 0 4 -13
4 16 1.8854 9.9179 -12.6251 1.9541 9.3756 -12.6114 1.5373 6.9232 -12.6943 1.3305 6.7557 -12.7354
3 16 1.5373 6.9232 -12.6943 1.9541 9.3756 -12.6114 2.1718 8.8741 -12.5681
4 16 2.5219 8.4545 -12.4985 1.9516 7.0419 -12.6119 1.5373 6.9232 -12.6943 2.1718 8.8741 -12.5681
4 16 4.9751 8.1754 -12.0107 4.9751 6.9298 -12.0107 3.5011 7.9978 -12.3038 4.7958 8.1791 -12.0464
4 16 1.9516 7.0419 -12.6119 2.5219 8.4545 -12.4985 2.9748 8.1392 -12.4085 2.4576 7.091 -12.5113
4 70 4.2525 6.0546 -12.1544 2.8702 6.2911 -12.4293 2.4576 7.091 -12.5113 4.9751 6.9298 -12.0107
4 70 -5.447 5.9589 -11.6953 -6.4318 6.0811 -11.0372 -6.4866 6.8815 -11.0006 -5.6575 6.8702 -11.5547
3 70 -4.9751 5.9802 -12.0107 -4.9751 6.936 -12.0107 -4.7048 5.9925 -12.0644
4 70 -2.9976 6.2647 -12.4039 -4.7048 5.9925 -12.0644 -4.9751 6.936 -12.0107 -3.5514 7.0733 -12.2938
3 70 -2.5353 7.1019 -12.4958 -1.7403 6.9873 -12.6539 -1.6066 6.5792 -12.6805
4 70 -3.5514 7.0733 -12.2938 -2.5353 7.1019 -12.4958 -1.6066 6.5792 -12.6805 -2.9976 6.2647 -12.4039
4 70 -1.7403 6.9873 -12.6539 -1.4701 6.8687 -12.7077 -1.3547 6.7557 -12.7306 -1.6066 6.5792 -12.6805
3 70 4.9751 6.9298 -12.0107 4.9751 5.9996 -12.0107 4.2525 6.0546 -12.1544
4 70 1.5903 6.5756 -12.6838 1.9516 7.0419 -12.6119 2.4576 7.091 -12.5113 2.8702 6.2911 -12.4293
4 70 1.9516 7.0419 -12.6119 1.5903 6.5756 -12.6838 1.3305 6.7557 -12.7354 1.5373 6.9232 -12.6943
4 70 4.9751 5.9996 -12.0107 4.9751 6.9298 -12.0107 6.1001 6.8578 -11.2589 5.555 5.9555 -11.6231
4 70 7.536 6.6327 -10.2992 7.0148 6.2903 -10.6475 6.5885 6.8864 -10.9325 7.5191 7.0412 -10.3105
3 70 7.5191 7.0412 -10.3105 7.7209 6.9931 -10.1756 7.536 6.6327 -10.2992
4 70 7.0148 6.2903 -10.6475 6.3414 6.0448 -11.0976 6.1001 6.8578 -11.2589 6.5885 6.8864 -10.9325
3 70 6.3414 6.0448 -11.0976 5.555 5.9555 -11.6231 6.1001 6.8578 -11.2589
4 70 -7.0525 6.2844 -10.6223 -7.5053 6.5725 -10.3197 -7.7438 6.9875 -10.1603 -7.5861 7.0601 -10.2658
4 70 -6.4318 6.0811 -11.0372 -7.0525 6.2844 -10.6223 -7.5861 7.0601 -10.2658 -6.4866 6.8815 -11.0006
4 70 -4.9751 5.9802 -12.0107 -5.447 5.9589 -11.6953 -5.6575 6.8702 -11.5547 -4.9751 6.936 -12.0107
4 84 -1.3837 16.6738 -12.7249 -1.3828 16.7951 -12.725 -1.1425 17 -12.7728 -1.2542 16.6492 -12.7506
4 84 -.659 17.2972 -12.7951 -.0614 17.4213 -12.883 0 17.4188 -12.8958 0 17 -13
4 84 .9832 17.2503 -12.7422 1.2785 17.0667 -12.7292 1.3529 17 -12.731 0 17 -13
4 84 .0624 16.8483 -12.9876 0 17 -13 1.3529 17 -12.731 .8978 16.7286 -12.8215
4 84 1.541 16.8315 -12.6936 1.5265 16.502 -12.6965 .8978 16.7286 -12.8215 1.3529 17 -12.731
4 84 1.541 16.8315 -12.6936 1.6783 16.5737 -12.6663 1.6657 16.5127 -12.6688 1.5265 16.502 -12.6965
3 84 .0624 16.8483 -12.9876 0 16.8389 -13 0 17 -13
4 84 0 17 -13 0 16.8389 -13 -1.2542 16.6492 -12.7506 -1.1425 17 -12.7728
4 84 -1.1425 17 -12.7728 -.9954 17.1253 -12.7709 -.659 17.2972 -12.7951 0 17 -13
4 84 0 17.4188 -12.8958 .4696 17.3996 -12.8072 .9832 17.2503 -12.7422 0 17 -13

0 // Back
5 24 3.0616 21 7.3912 3.7936 20.69536 9.1592 5.6568 21 5.6568 0 21 8
5 24 3.7936 20.69536 9.1592 4.4144 19.82816 10.6576 7.0096 20.69536 7.0096 0 20.69536 9.9136
5 24 3.7936 20.69536 9.1592 7.0096 20.69536 7.0096 4.4144 19.82816 10.6576 3.0616 21 7.3912
5 24 4.4144 19.82816 10.6576 4.8296 18.53088 11.6592 8.1568 19.82816 8.1568 0 19.82816 11.5352
5 24 4.4144 19.82816 10.6576 8.1568 19.82816 8.1568 4.8296 18.53088 11.6592 3.7936 20.69536 9.1592
5 24 4.8296 18.53088 11.6592 8.9232 18.53088 8.9232 4.9751 17 12.0107 4.4144 19.82816 10.6576
5 24 5.6568 21 5.6568 7.0096 20.69536 7.0096 7.3912 21 3.0616 3.0616 21 7.3912
5 24 7.0096 20.69536 7.0096 8.1568 19.82816 8.1568 9.1592 20.69536 3.7936 3.7936 20.69536 9.1592
5 24 8.1568 19.82816 8.1568 8.9232 18.53088 8.9232 10.6576 19.82816 4.4144 4.4144 19.82816 10.6576
5 24 8.9232 18.53088 8.9232 9.1923 17 9.1923 11.6592 18.53088 4.8296 4.8296 18.53088 11.6592
5 24 0 20.69536 9.9136 3.7936 20.69536 9.1592 0 19.82816 11.5352 0 21 8
5 24 0 19.82816 11.5352 4.4144 19.82816 10.6576 0 18.53088 12.6192 0 20.69536 9.9136
5 24 0 18.53088 12.6192 4.8296 18.53088 11.6592 0 17 13 0 19.82816 11.5352
5 24 4.8296 18.53088 11.6592 4.9751 17 12.0107 8.9232 18.53088 8.9232 0 18.53088 12.6192
5 24 4.9751 17 12.0107 9.1923 17 9.1923 4.9752 15.343 12.0104 4.8296 18.53088 11.6592
5 24 0 17 13 4.9751 17 12.0107 0 15.343 13 0 18.53088 12.6192
5 24 4.9751 17 12.0107 4.9751 4 12.0107 9.1923 17 9.1923 0 17 13
5 24 9.1923 17 9.1923 9.1923 4 9.1923 12.0107 17 4.9751 4.9751 17 12.0107
5 24 -3.0616 21 7.3912 -3.7936 20.69536 9.1592 -5.6568 21 5.6568 0 21 8
5 24 -3.7936 20.69536 9.1592 -4.4144 19.82816 10.6576 -7.0096 20.69536 7.0096 0 20.69536 9.9136
5 24 -3.7936 20.69536 9.1592 -7.0096 20.69536 7.0096 -4.4144 19.82816 10.6576 -3.0616 21 7.3912
5 24 -4.4144 19.82816 10.6576 -4.8296 18.53088 11.6592 -8.1568 19.82816 8.1568 0 19.82816 11.5352
5 24 -4.4144 19.82816 10.6576 -8.1568 19.82816 8.1568 -4.8296 18.53088 11.6592 -3.7936 20.69536 9.1592
5 24 -4.8296 18.53088 11.6592 -8.9232 18.53088 8.9232 -4.9751 17 12.0107 -4.4144 19.82816 10.6576
5 24 -5.6568 21 5.6568 -7.0096 20.69536 7.0096 -7.3912 21 3.0616 -3.0616 21 7.3912
5 24 -7.0096 20.69536 7.0096 -8.1568 19.82816 8.1568 -9.1592 20.69536 3.7936 -3.7936 20.69536 9.1592
5 24 -8.1568 19.82816 8.1568 -8.9232 18.53088 8.9232 -10.6576 19.82816 4.4144 -4.4144 19.82816 10.6576
5 24 -8.9232 18.53088 8.9232 -9.1923 17 9.1923 -11.6592 18.53088 4.8296 -4.8296 18.53088 11.6592
5 24 0 20.69536 9.9136 -3.7936 20.69536 9.1592 0 19.82816 11.5352 0 21 8
5 24 0 19.82816 11.5352 -4.4144 19.82816 10.6576 0 18.53088 12.6192 0 20.69536 9.9136
5 24 0 18.53088 12.6192 -4.8296 18.53088 11.6592 0 17 13 0 19.82816 11.5352
5 24 -4.8296 18.53088 11.6592 -4.9751 17 12.0107 -8.9232 18.53088 8.9232 0 18.53088 12.6192
5 24 -4.9751 17 12.0107 -9.1923 17 9.1923 -4.9752 15.343 12.0104 -4.8296 18.53088 11.6592
5 24 0 17 13 -4.9751 17 12.0107 0 15.343 13 0 18.53088 12.6192
5 24 -4.9751 17 12.0107 -4.9751 4 12.0107 -9.1923 17 9.1923 0 17 13
5 24 -9.1923 17 9.1923 -9.1923 4 9.1923 -12.0107 17 4.9751 -4.9751 17 12.0107
5 24 0 4 13 0 17 13 -4.9751 4 12.0107 4.9751 4 12.0107
5 24 0 17 13 0 18.53088 12.6192 4.9751 17 12.0107 -4.9751 17 12.0107
5 24 0 18.53088 12.6192 0 19.82816 11.5352 4.8296 18.53088 11.6592 -4.8296 18.53088 11.6592
5 24 0 20.69536 9.9136 0 19.82816 11.5352 -4.4144 19.82816 10.6576 4.4144 19.82816 10.6576
5 24 0 21 8 0 20.69536 9.9136 -3.7936 20.69536 9.1592 3.7936 20.69536 9.1592

4 0 4.5173 11.5852 12.1017 4.0625 11.8374 12.1922 3.4644 9.9645 12.3111 3.8165 9.8872 12.2411
4 0 3.647 7.9659 12.2748 4.3538 8.0141 12.1342 4.0671 8.9259 12.1913 3.7689 8.7158 12.2506
4 0 1.5806 14.9761 12.6857 1.7667 14.9117 12.6487 1.9128 15.334 12.6196 1.5522 15.2108 12.6913
4 0 -3.6055 14.8792 12.283 -3.332 14.5107 12.3374 -2.6128 14.8506 12.4804 -3.1118 15.4613 12.3812
4 0 -4.8361 11.2859 12.0383 -4.9751 11.0393 12.0107 -4.1886 9.5433 12.1671 -3.9726 9.8374 12.2101
4 0 -2.5219 8.4545 12.4985 -3.0333 8.9448 12.3968 -3.3315 8.7346 12.3375 -2.9748 8.1392 12.4085
4 0 -5.981 8.0748 11.3384 -5.4747 8.1651 11.6768 -5.6644 8.7741 11.55 -5.9223 8.3356 11.3777
4 0 4.9751 8.1564 12.0107 5.0662 8.1772 11.9498 5.4099 8.9942 11.7201 5.1149 9.2042 11.9172
3 0 4.081 9.6257 12.1885 4.9751 10.9668 12.0107 3.8165 9.8872 12.2411
4 0 4.9751 10.9668 12.0107 4.8654 11.2067 12.0325 4.5173 11.5852 12.1017 3.8165 9.8872 12.2411
4 0 4.0625 11.8374 12.1922 3.5568 11.925 12.2927 3.0444 11.8448 12.3946 3.4644 9.9645 12.3111
4 0 3.0444 11.8448 12.3946 2.5903 11.6048 12.4849 2.2448 11.2227 12.5536 3.4644 9.9645 12.3111
4 0 3.4644 9.9645 12.3111 2.2448 11.2227 12.5536 1.995 10.772 12.6033 3.1278 9.8185 12.378
4 0 1.8545 10.2764 12.6312 1.8421 9.761 12.6337 1.9568 9.26 12.6109 2.9118 9.5244 12.421
4 0 1.995 10.772 12.6033 1.8545 10.2764 12.6312 2.9118 9.5244 12.421 3.1278 9.8185 12.378
4 0 2.9118 9.5244 12.421 1.9568 9.26 12.6109 2.1769 8.7878 12.5671 2.8941 9.1606 12.4245
4 0 4.9751 8.1564 12.0107 4.9751 10.9668 12.0107 4.081 9.6257 12.1885 4.1667 9.2764 12.1714
4 0 3.0849 8.8443 12.3866 2.8941 9.1606 12.4245 2.1769 8.7878 12.5671 2.5158 8.4077 12.4997
4 0 2.9589 8.1356 12.4116 3.647 7.9659 12.2748 3.7689 8.7158 12.2506 3.4074 8.6717 12.3224
4 0 4.3538 8.0141 12.1342 4.9751 8.1564 12.0107 4.1667 9.2764 12.1714 4.0671 8.9259 12.1913
4 0 2.5158 8.4077 12.4997 2.9589 8.1356 12.4116 3.4074 8.6717 12.3224 3.0849 8.8443 12.3866
4 0 0 14.0038 13 0 13.3098 13 .3235 13.3116 12.9357 .1652 13.9956 12.9671
4 0 1.7307 14.4082 12.6559 1.08 14.1709 12.7853 1.08 13.4379 12.7852 1.9146 13.7117 12.6193
4 0 2.1435 14.6845 12.5738 1.7307 14.4082 12.6559 1.9146 13.7117 12.6193 2.4684 14.0512 12.5092
4 0 2.9789 14.5007 12.4077 3.3819 15.0864 12.3275 2.8483 15.5643 12.4336 2.7865 15.4331 12.4459
4 0 3.3819 15.0864 12.3275 3.5103 15.4102 12.302 3.5245 15.7505 12.2992 2.8483 15.5643 12.4336
4 0 2.8388 15.7019 12.4355 3.4251 16.0807 12.3189 3.2135 16.3523 12.361 2.7432 15.8187 12.4545
4 0 2.5468 15.8873 12.4936 2.7432 15.8187 12.4545 3.2135 16.3523 12.361 2.918 16.5262 12.4198
3 0 2.918 16.5262 12.4198 2.5812 16.6069 12.4867 2.5468 15.8873 12.4936
4 0 2.2146 15.8773 12.5596 1.0402 16.361 12.7932 0 16.2422 13 0 15.4906 13
4 0 1.991 16.5793 12.6041 2.2146 15.8773 12.5596 2.5468 15.8873 12.4936 2.5812 16.6069 12.4867
3 0 1.991 16.5793 12.6041 1.0402 16.361 12.7932 2.2146 15.8773 12.5596
4 0 3.4251 16.0807 12.3189 2.8388 15.7019 12.4355 2.8483 15.5643 12.4336 3.5245 15.7505 12.2992
4 0 .3235 13.3116 12.9357 1.08 13.4379 12.7852 1.08 14.1709 12.7853 .1652 13.9956 12.9671
4 0 2.9789 14.5007 12.4077 2.3072 14.8609 12.5412 2.1435 14.6845 12.5738 2.4684 14.0512 12.5092
3 0 1.7667 14.9117 12.6487 2.3072 14.8609 12.5412 1.9128 15.334 12.6196
3 0 1.5522 15.2108 12.6913 1.4499 15.0882 12.7117 1.5806 14.9761 12.6857
4 0 2.9789 14.5007 12.4077 2.7865 15.4331 12.4459 1.9128 15.334 12.6196 2.3072 14.8609 12.5412
4 0 -3.0755 15.8219 12.3884 -2.6301 15.8889 12.477 -2.4547 16.5847 12.5119 -2.908 16.5941 12.4217
4 0 0 16.2422 13 -.2389 16.2149 12.9525 -.0511 15.4817 12.9898 0 15.4906 13
4 0 -.0511 15.4817 12.9898 -.2389 16.2149 12.9525 -1.4047 16.3574 12.7207 -.6542 15.5094 12.8699
4 0 -2.4547 16.5847 12.5119 -2.6301 15.8889 12.477 -.6542 15.5094 12.8699 -1.4047 16.3574 12.7207
4 0 -2.908 16.5941 12.4217 -3.3465 16.4599 12.3345 -3.6999 16.1698 12.2643 -3.0755 15.8219 12.3884
4 0 -3.0755 15.8219 12.3884 -3.6999 16.1698 12.2643 -3.8614 15.7399 12.2322 -3.1966 15.6341 12.3643
3 0 -3.8192 15.285 12.2406 -3.6055 14.8792 12.283 -3.1118 15.4613 12.3812
4 0 -3.8614 15.7399 12.2322 -3.8192 15.285 12.2406 -3.1118 15.4613 12.3812 -3.1966 15.6341 12.3643
4 0 -2.6128 14.8506 12.4804 -3.332 14.5107 12.3374 -2.8873 14.1143 12.4259 -2.5973 14.7812 12.4835
4 0 -.939 14.0504 12.8133 -1.8923 14.3182 12.6237 -2.2979 13.7279 12.5431 -1.4371 13.441 12.7142
3 0 -.4622 13.3073 12.9081 0 13.3098 13 0 14.0038 13
4 0 -1.4371 13.441 12.7142 -.4622 13.3073 12.9081 0 14.0038 13 -.939 14.0504 12.8133
4 0 -2.2979 13.7279 12.5431 -1.8923 14.3182 12.6237 -2.5973 14.7812 12.4835 -2.8873 14.1143 12.4259
4 0 -1.9169 14.9763 12.6188 -1.8761 15.196 12.6269 -2.4042 15.3664 12.5219 -2.2266 14.8862 12.5572
4 0 -2.2266 14.8862 12.5572 -2.4042 15.3664 12.5219 -3.1118 15.4613 12.3812 -2.6128 14.8506 12.4804
3 0 -1.9169 14.9763 12.6188 -1.783 15.1131 12.6455 -1.8761 15.196 12.6269
4 0 -4.9751 11.0393 12.0107 -4.9751 8.1754 12.0107 -4.2063 9.1795 12.1636 -4.1886 9.5433 12.1671
4 0 -3.9726 9.8374 12.2101 -3.636 9.9834 12.277 -4.442 11.6669 12.1167 -4.8361 11.2859 12.0383
4 0 -3.3921 11.9175 12.3255 -3.9392 11.8785 12.2167 -4.442 11.6669 12.1167 -3.636 9.9834 12.277
4 0 -2.1112 10.981 12.5802 -2.4339 11.4235 12.516 -2.8704 11.7582 12.4292 -3.2839 9.9061 12.347
4 0 -3.3921 11.9175 12.3255 -3.636 9.9834 12.277 -3.2839 9.9061 12.347 -2.8704 11.7582 12.4292
4 0 -1.9541 9.3756 12.6114 -1.8854 9.9179 12.6251 -1.93 10.4635 12.6162 -3.0194 9.6446 12.3996
4 0 -2.1112 10.981 12.5802 -3.2839 9.9061 12.347 -3.0194 9.6446 12.3996 -1.93 10.4635 12.6162
4 0 -2.1718 8.8741 12.5681 -1.9541 9.3756 12.6114 -3.0194 9.6446 12.3996 -2.9337 9.2953 12.4166
4 0 -4.0155 8.8632 12.2015 -4.2063 9.1795 12.1636 -4.9751 8.1754 12.0107 -4.7958 8.1791 12.0464
4 0 -4.0155 8.8632 12.2015 -4.7958 8.1791 12.0464 -3.5011 7.9978 12.3038 -3.693 8.6905 12.2656
4 0 -2.9748 8.1392 12.4085 -3.3315 8.7346 12.3375 -3.693 8.6905 12.2656 -3.5011 7.9978 12.3038
4 0 -2.5219 8.4545 12.4985 -2.1718 8.8741 12.5681 -2.9337 9.2953 12.4166 -3.0333 8.9448 12.3968
3 0 -4.9751 8.1754 12.0107 -4.9751 11.0393 12.0107 -5.1498 9.1889 11.8939
3 0 -5.1498 9.1889 11.8939 -4.9751 11.0393 12.0107 -5.2416 9.7305 11.8326
4 0 -5.105 10.8089 11.9239 -5.2419 10.2768 11.8324 -5.2416 9.7305 11.8326 -4.9751 11.0393 12.0107
3 0 -5.1498 9.1889 11.8939 -5.4199 9.0263 11.7134 -4.9751 8.1754 12.0107
4 0 -5.6644 8.7741 11.55 -5.4747 8.1651 11.6768 -4.9751 8.1754 12.0107 -5.4199 9.0263 11.7134
4 0 5.916 8.0905 11.3819 5.8282 8.4227 11.4405 5.6728 8.6888 11.5444 5.0662 8.1772 11.9498
3 0 5.6728 8.6888 11.5444 5.4099 8.9942 11.7201 5.0662 8.1772 11.9498
4 0 4.9751 8.1564 12.0107 5.1149 9.2042 11.9172 5.1714 9.7166 11.8795 4.9751 10.9668 12.0107
4 0 5.0803 10.7369 11.9404 4.9751 10.9668 12.0107 5.1714 9.7166 11.8795 5.1813 10.2327 11.8729
3 15 1.4499 15.0882 12.7117 1.5522 15.2108 12.6913 0 15.4906 13
3 15 -.6542 15.5094 12.8699 -1.8761 15.196 12.6269 -1.783 15.1131 12.6455
4 15 -3.2839 9.9061 12.347 -3.9726 9.8374 12.2101 -4.0155 8.8632 12.2015 -3.3315 8.7346 12.3375
4 15 4.0671 8.9259 12.1913 4.1667 9.2764 12.1714 4.081 9.6257 12.1885 3.7689 8.7158 12.2506
3 15 4.081 9.6257 12.1885 3.8165 9.8872 12.2411 3.7689 8.7158 12.2506
3 15 3.8165 9.8872 12.2411 3.4644 9.9645 12.3111 3.1278 9.8185 12.378
4 15 3.1278 9.8185 12.378 2.9118 9.5244 12.421 2.8941 9.1606 12.4245 3.0849 8.8443 12.3866
3 15 3.0849 8.8443 12.3866 3.4074 8.6717 12.3224 3.7689 8.7158 12.2506
4 15 3.0849 8.8443 12.3866 3.7689 8.7158 12.2506 3.8165 9.8872 12.2411 3.1278 9.8185 12.378
3 15 0 15.4906 13 0 14.0038 13 .1652 13.9956 12.9671
4 15 1.4499 15.0882 12.7117 0 15.4906 13 .1652 13.9956 12.9671 1.08 14.1709 12.7853
4 15 1.7307 14.4082 12.6559 2.1435 14.6845 12.5738 2.3072 14.8609 12.5412 1.7667 14.9117 12.6487
3 15 1.5806 14.9761 12.6857 1.7307 14.4082 12.6559 1.7667 14.9117 12.6487
4 15 0 15.4906 13 1.5522 15.2108 12.6913 1.9128 15.334 12.6196 2.2146 15.8773 12.5596
4 15 2.7865 15.4331 12.4459 2.8483 15.5643 12.4336 2.8388 15.7019 12.4355 2.7432 15.8187 12.4545
4 15 2.2146 15.8773 12.5596 2.7865 15.4331 12.4459 2.7432 15.8187 12.4545 2.5468 15.8873 12.4936
3 15 1.9128 15.334 12.6196 2.7865 15.4331 12.4459 2.2146 15.8773 12.5596
4 15 1.7307 14.4082 12.6559 1.5806 14.9761 12.6857 1.4499 15.0882 12.7117 1.08 14.1709 12.7853
3 15 0 14.0038 13 0 15.4906 13 -.0511 15.4817 12.9898
4 15 -2.4042 15.3664 12.5219 -1.8761 15.196 12.6269 -.6542 15.5094 12.8699 -2.6301 15.8889 12.477
4 15 -.939 14.0504 12.8133 0 14.0038 13 -.0511 15.4817 12.9898 -.6542 15.5094 12.8699
4 15 -2.6128 14.8506 12.4804 -2.5973 14.7812 12.4835 -1.8923 14.3182 12.6237 -2.2266 14.8862 12.5572
4 15 -1.8923 14.3182 12.6237 -.939 14.0504 12.8133 -.6542 15.5094 12.8699 -1.783 15.1131 12.6455
3 15 -3.0755 15.8219 12.3884 -3.1966 15.6341 12.3643 -3.1118 15.4613 12.3812
4 15 -3.0755 15.8219 12.3884 -3.1118 15.4613 12.3812 -2.4042 15.3664 12.5219 -2.6301 15.8889 12.477
3 15 -1.9169 14.9763 12.6188 -2.2266 14.8862 12.5572 -1.8923 14.3182 12.6237
3 15 -1.783 15.1131 12.6455 -1.9169 14.9763 12.6188 -1.8923 14.3182 12.6237
4 15 -3.0333 8.9448 12.3968 -2.9337 9.2953 12.4166 -3.0194 9.6446 12.3996 -3.3315 8.7346 12.3375
3 15 -3.0194 9.6446 12.3996 -3.2839 9.9061 12.347 -3.3315 8.7346 12.3375
3 15 -3.2839 9.9061 12.347 -3.636 9.9834 12.277 -3.9726 9.8374 12.2101
4 15 -4.2063 9.1795 12.1636 -4.0155 8.8632 12.2015 -3.9726 9.8374 12.2101 -4.1886 9.5433 12.1671
3 15 -4.0155 8.8632 12.2015 -3.693 8.6905 12.2656 -3.3315 8.7346 12.3375
3 16 -6.7229 8.1003 10.8426 -4.9751 7.4175 12.0107 -5.981 8.0748 11.3384
4 16 -4.8296 18.5309 11.6592 0 18.5309 12.6192 0 19.8282 11.5352 -4.4144 19.8282 10.6576
3 16 -4.9751 17 12.0107 -1.1429 17.3504 12.6856 -1.2688 17.4841 12.6273
4 16 -5.6568 21 5.6568 -7.0096 20.6954 7.0096 -3.7936 20.6954 9.1592 -3.0616 21 7.3912
4 16 -7.0096 20.6954 7.0096 -8.1568 19.8282 8.1568 -4.4144 19.8282 10.6576 -3.7936 20.6954 9.1592
4 16 -8.9232 18.5309 8.9232 -4.8296 18.5309 11.6592 -4.4144 19.8282 10.6576 -8.1568 19.8282 8.1568
4 16 -8.9232 18.5309 8.9232 -9.1923 17 9.1923 -4.9751 17 12.0107 -4.8296 18.5309 11.6592
4 16 4.4144 19.8282 10.6576 4.8296 18.5309 11.6592 8.9232 18.5309 8.9232 8.1568 19.8282 8.1568
4 16 4.9751 17 12.0107 9.1923 17 9.1923 8.9232 18.5309 8.9232 4.8296 18.5309 11.6592
4 16 0 20.6954 9.9136 3.7936 20.6954 9.1592 3.0616 21 7.3912 0 21 8
4 16 0 20.6954 9.9136 0 19.8282 11.5352 4.4144 19.8282 10.6576 3.7936 20.6954 9.1592
4 16 0 19.8282 11.5352 0 18.5309 12.6192 4.8296 18.5309 11.6592 4.4144 19.8282 10.6576
4 16 7.187 7.9787 10.5325 9.1923 4 9.1923 9.1923 17 9.1923 7.2106 8.1479 10.5167
3 16 7.2106 8.1479 10.5167 9.1923 17 9.1923 5.0803 10.7369 11.9404
4 16 4.9751 17 12.0107 4.9751 10.9668 12.0107 5.0803 10.7369 11.9404 9.1923 17 9.1923
4 16 6.8443 8.1236 10.7615 7.2106 8.1479 10.5167 5.0803 10.7369 11.9404 5.1813 10.2327 11.8729
3 16 4.9751 6.403 12.0107 4.9751 4 12.0107 5.0683 6.4429 11.9484
4 16 7.0258 7.7376 10.6402 6.1373 7.0206 11.234 4.9751 4 12.0107 9.1923 4 9.1923
3 16 5.0683 6.4429 11.9484 4.9751 4 12.0107 6.1373 7.0206 11.234
3 16 5.1714 9.7166 11.8795 5.1149 9.2042 11.9172 5.4099 8.9942 11.7201
4 16 5.4099 8.9942 11.7201 5.6728 8.6888 11.5444 5.1813 10.2327 11.8729 5.1714 9.7166 11.8795
4 16 5.1813 10.2327 11.8729 5.6728 8.6888 11.5444 5.8282 8.4227 11.4405 6.8443 8.1236 10.7615
3 16 5.0662 8.1772 11.9498 4.9751 8.1564 12.0107 4.9751 7.4109 12.0107
4 16 6.0277 7.8318 11.3072 6.8443 8.1236 10.7615 5.8282 8.4227 11.4405 5.916 8.0905 11.3819
3 16 7.187 7.9787 10.5325 7.0258 7.7376 10.6402 9.1923 4 9.1923
4 16 5.0662 8.1772 11.9498 4.9751 7.4109 12.0107 6.0277 7.8318 11.3072 5.916 8.0905 11.3819
4 16 0 16.2422 13 1.0402 16.361 12.7932 1.991 16.5793 12.6041 0 17 13
3 16 4.8654 11.2067 12.0325 4.9751 10.9668 12.0107 4.9751 17 12.0107
4 16 4.9751 17 12.0107 0 17 13 1.991 16.5793 12.6041 2.5812 16.6069 12.4867
4 16 4.8654 11.2067 12.0325 4.9751 17 12.0107 3.5103 15.4102 12.302 4.5173 11.5852 12.1017
4 16 4.0625 11.8374 12.1922 4.5173 11.5852 12.1017 3.5103 15.4102 12.302 3.3819 15.0864 12.3275
3 16 4.9751 17 12.0107 2.5812 16.6069 12.4867 2.918 16.5262 12.4198
3 16 4.9751 17 12.0107 2.918 16.5262 12.4198 3.2135 16.3523 12.361
4 16 1.9146 13.7117 12.6193 3.0444 11.8448 12.3946 3.5568 11.925 12.2927 2.4684 14.0512 12.5092
3 16 4.0625 11.8374 12.1922 3.3819 15.0864 12.3275 2.9789 14.5007 12.4077
4 16 1.08 13.4379 12.7852 2.5903 11.6048 12.4849 3.0444 11.8448 12.3946 1.9146 13.7117 12.6193
3 16 4.9751 17 12.0107 3.2135 16.3523 12.361 3.4251 16.0807 12.3189
3 16 4.9751 17 12.0107 3.4251 16.0807 12.3189 3.5245 15.7505 12.2992
4 16 .3235 13.3116 12.9357 2.2448 11.2227 12.5536 2.5903 11.6048 12.4849 1.08 13.4379 12.7852
4 16 4.0625 11.8374 12.1922 2.9789 14.5007 12.4077 2.4684 14.0512 12.5092 3.5568 11.925 12.2927
3 16 4.9751 17 12.0107 3.5245 15.7505 12.2992 3.5103 15.4102 12.302
3 16 1.8545 10.2764 12.6312 1.995 10.772 12.6033 0 13.3098 13
3 16 1.8421 9.761 12.6337 1.8545 10.2764 12.6312 0 13.3098 13
4 16 2.2448 11.2227 12.5536 .3235 13.3116 12.9357 0 13.3098 13 1.995 10.772 12.6033
4 16 1.9568 9.26 12.6109 1.8421 9.761 12.6337 0 13.3098 13 0 4 13
4 16 1.9304 4.8756 12.6161 4.9751 4 12.0107 4.9751 6.403 12.0107 3.4912 5.7687 12.3058
4 16 1.7909 5.2283 12.6439 2.1769 8.7878 12.5671 1.9568 9.26 12.6109 0 4 13
4 16 4.9751 4 12.0107 1.9304 4.8756 12.6161 1.6892 4.8417 12.6641 0 4 13
4 16 1.7909 5.2283 12.6439 2.1471 5.7162 12.5731 2.5158 8.4077 12.4997 2.1769 8.7878 12.5671
3 16 2.7411 6.272 12.4549 2.5158 8.4077 12.4997 2.1471 5.7162 12.5731
3 16 0 4 13 1.6892 4.8417 12.6641 1.7909 5.2283 12.6439
4 16 4.4275 7.192 12.1196 3.647 7.9659 12.2748 2.9589 8.1356 12.4116 3.2929 6.6325 12.3452
3 16 4.3538 8.0141 12.1342 3.647 7.9659 12.2748 4.4275 7.192 12.1196
4 16 2.5158 8.4077 12.4997 2.7411 6.272 12.4549 3.2929 6.6325 12.3452 2.9589 8.1356 12.4116
4 16 4.9751 8.1564 12.0107 4.3538 8.0141 12.1342 4.4275 7.192 12.1196 4.9751 7.4109 12.0107
4 16 -2.908 16.5941 12.4217 -2.4547 16.5847 12.5119 0 17 13 -4.9751 17 12.0107
4 16 -4.9751 11.0393 12.0107 -4.8361 11.2859 12.0383 -3.8192 15.285 12.2406 -4.9751 17 12.0107
4 16 -3.6055 14.8792 12.283 -3.8192 15.285 12.2406 -4.8361 11.2859 12.0383 -4.442 11.6669 12.1167
4 16 0 16.2422 13 0 17 13 -1.4047 16.3574 12.7207 -.2389 16.2149 12.9525
3 16 -2.4547 16.5847 12.5119 -1.4047 16.3574 12.7207 0 17 13
4 16 -3.9392 11.8785 12.2167 -3.332 14.5107 12.3374 -3.6055 14.8792 12.283 -4.442 11.6669 12.1167
4 16 -3.3921 11.9175 12.3255 -2.8873 14.1143 12.4259 -3.332 14.5107 12.3374 -3.9392 11.8785 12.2167
3 16 -3.3465 16.4599 12.3345 -2.908 16.5941 12.4217 -4.9751 17 12.0107
3 16 -3.6999 16.1698 12.2643 -3.3465 16.4599 12.3345 -4.9751 17 12.0107
4 16 -.4622 13.3073 12.9081 -1.4371 13.441 12.7142 -2.4339 11.4235 12.516 -2.1112 10.981 12.5802
3 16 -3.8614 15.7399 12.2322 -3.6999 16.1698 12.2643 -4.9751 17 12.0107
3 16 -3.8192 15.285 12.2406 -3.8614 15.7399 12.2322 -4.9751 17 12.0107
4 16 -2.8704 11.7582 12.4292 -2.2979 13.7279 12.5431 -2.8873 14.1143 12.4259 -3.3921 11.9175 12.3255
4 16 -2.4339 11.4235 12.516 -1.4371 13.441 12.7142 -2.2979 13.7279 12.5431 -2.8704 11.7582 12.4292
4 16 0 13.3098 13 -.4622 13.3073 12.9081 -2.1112 10.981 12.5802 -1.93 10.4635 12.6162
3 16 -1.8854 9.9179 12.6251 0 13.3098 13 -1.93 10.4635 12.6162
3 16 -4.8759 6.3608 12.0304 -4.9751 6.4124 12.0107 -4.9751 4 12.0107
4 16 -1.9366 4.8897 12.6149 -3.5365 5.8031 12.2968 -4.8759 6.3608 12.0304 -4.9751 4 12.0107
4 16 0 4 13 0 13.3098 13 -1.8854 9.9179 12.6251 -1.9541 9.3756 12.6114
4 16 -1.9366 4.8897 12.6149 -4.9751 4 12.0107 0 4 13 -1.7686 4.8239 12.6483
4 16 -1.9541 9.3756 12.6114 -2.1718 8.8741 12.5681 -1.7535 5.2013 12.6513 0 4 13
4 16 -2.4845 6.0834 12.506 -2.1408 5.7375 12.5743 -2.1718 8.8741 12.5681 -2.5219 8.4545 12.4985
3 16 -1.6497 4.8599 12.6719 -1.7686 4.8239 12.6483 0 4 13
3 16 -1.7535 5.2013 12.6513 -1.6497 4.8599 12.6719 0 4 13
3 16 -2.1718 8.8741 12.5681 -2.1408 5.7375 12.5743 -1.7535 5.2013 12.6513
4 16 -4.9751 8.1754 12.0107 -4.9751 7.4175 12.0107 -4.5915 7.2676 12.087 -4.7958 8.1791 12.0464
4 16 -3.8271 6.9334 12.239 -3.0944 6.5291 12.3847 -2.9748 8.1392 12.4085 -3.5011 7.9978 12.3038
4 16 -2.5219 8.4545 12.4985 -2.9748 8.1392 12.4085 -3.0944 6.5291 12.3847 -2.4845 6.0834 12.506
4 16 -4.7958 8.1791 12.0464 -4.5915 7.2676 12.087 -3.8271 6.9334 12.239 -3.5011 7.9978 12.3038
3 16 -4.9751 4 12.0107 -4.9751 6.4124 12.0107 -5.7166 6.7977 11.5151
4 16 -4.9751 17 12.0107 -9.1923 17 9.1923 -5.105 10.8089 11.9239 -4.9751 11.0393 12.0107
4 16 -7.0205 8.1579 10.6437 -5.2419 10.2768 11.8324 -5.105 10.8089 11.9239 -7.1727 8.1566 10.542
3 16 -5.105 10.8089 11.9239 -9.1923 17 9.1923 -7.1727 8.1566 10.542
4 16 -4.9751 4 12.0107 -5.7166 6.7977 11.5151 -6.5495 7.3336 10.9585 -9.1923 4 9.1923
3 16 -9.1923 4 9.1923 -6.5495 7.3336 10.9585 -6.8761 7.6181 10.7402
3 16 -5.4199 9.0263 11.7134 -5.1498 9.1889 11.8939 -5.2416 9.7305 11.8326
4 16 -5.2419 10.2768 11.8324 -5.6644 8.7741 11.55 -5.4199 9.0263 11.7134 -5.2416 9.7305 11.8326
3 16 -9.1923 4 9.1923 -6.8761 7.6181 10.7402 -7.1654 7.988 10.5469
3 16 -7.0205 8.1579 10.6437 -5.6644 8.7741 11.55 -5.2419 10.2768 11.8324
4 16 -7.0205 8.1579 10.6437 -6.7229 8.1003 10.8426 -5.9223 8.3356 11.3777 -5.6644 8.7741 11.55
4 16 -7.1654 7.988 10.5469 -7.1727 8.1566 10.542 -9.1923 17 9.1923 -9.1923 4 9.1923
3 16 -5.981 8.0748 11.3384 -5.9223 8.3356 11.3777 -6.7229 8.1003 10.8426
4 16 -4.9751 8.1754 12.0107 -5.4747 8.1651 11.6768 -5.981 8.0748 11.3384 -4.9751 7.4175 12.0107
4 16 0 20.6954 9.9136 0 21 8 -3.0616 21 7.3912 -3.7936 20.6954 9.1592
4 16 0 20.6954 9.9136 -3.7936 20.6954 9.1592 -4.4144 19.8282 10.6576 0 19.8282 11.5352
3 16 0 17.7431 12.8151 0 18.5309 12.6192 -.8168 17.6877 12.6665
4 16 -4.8296 18.5309 11.6592 -1.1694 17.611 12.6155 -.8168 17.6877 12.6665 0 18.5309 12.6192
3 16 0 17 13 0 17.1702 12.9577 -.427 17.1487 12.8781
4 16 -.427 17.1487 12.8781 -.8271 17.2036 12.7849 -4.9751 17 12.0107 0 17 13
3 16 -4.9751 17 12.0107 -.8271 17.2036 12.7849 -1.1429 17.3504 12.6856
4 16 -1.1694 17.611 12.6155 -4.8296 18.5309 11.6592 -4.9751 17 12.0107 -1.2688 17.4841 12.6273
4 16 5.6568 21 5.6568 3.0616 21 7.3912 3.7936 20.6954 9.1592 7.0096 20.6954 7.0096
4 16 7.0096 20.6954 7.0096 3.7936 20.6954 9.1592 4.4144 19.8282 10.6576 8.1568 19.8282 8.1568
4 16 .9428 17.5336 12.6799 4.9751 17 12.0107 4.8296 18.5309 11.6592 .9391 17.6464 12.6526
3 16 0 18.5309 12.6192 0 17.7431 12.8151 .4863 17.7761 12.7103
4 16 4.8296 18.5309 11.6592 0 18.5309 12.6192 .4863 17.7761 12.7103 .8342 17.7487 12.6479
4 16 0 17.1702 12.9577 0 17 13 4.9751 17 12.0107 .3739 17.2528 12.8628
3 16 4.8296 18.5309 11.6592 .8342 17.7487 12.6479 .9391 17.6464 12.6526
3 16 .9428 17.5336 12.6799 .3739 17.2528 12.8628 4.9751 17 12.0107
4 70 4.4275 7.192 12.1196 3.2929 6.6325 12.3452 3.4912 5.7687 12.3058 4.9751 6.403 12.0107
4 70 -1.9366 4.8897 12.6149 -1.7686 4.8239 12.6483 -1.6497 4.8599 12.6719 -1.7535 5.2013 12.6513
4 70 -7.0205 8.1579 10.6437 -6.8761 7.6181 10.7402 -6.5495 7.3336 10.9585 -6.7229 8.1003 10.8426
4 70 5.0683 6.4429 11.9484 6.1373 7.0206 11.234 6.0277 7.8318 11.3072 4.9751 7.4109 12.0107
3 70 4.9751 6.403 12.0107 4.9751 7.4109 12.0107 4.4275 7.192 12.1196
3 70 3.2929 6.6325 12.3452 2.7411 6.272 12.4549 3.4912 5.7687 12.3058
4 70 2.7411 6.272 12.4549 2.1471 5.7162 12.5731 1.9304 4.8756 12.6161 3.4912 5.7687 12.3058
4 70 2.1471 5.7162 12.5731 1.7909 5.2283 12.6439 1.6892 4.8417 12.6641 1.9304 4.8756 12.6161
4 70 -4.9751 7.4175 12.0107 -4.9751 6.4124 12.0107 -4.8759 6.3608 12.0304 -4.5915 7.2676 12.087
4 70 -1.9366 4.8897 12.6149 -2.1408 5.7375 12.5743 -2.4845 6.0834 12.506 -3.5365 5.8031 12.2968
4 70 -3.5365 5.8031 12.2968 -3.8271 6.9334 12.239 -4.5915 7.2676 12.087 -4.8759 6.3608 12.0304
4 70 -3.8271 6.9334 12.239 -3.5365 5.8031 12.2968 -2.4845 6.0834 12.506 -3.0944 6.5291 12.3847
3 70 -1.7535 5.2013 12.6513 -2.1408 5.7375 12.5743 -1.9366 4.8897 12.6149
3 70 -4.9751 6.4124 12.0107 -4.9751 7.4175 12.0107 -5.7166 6.7977 11.5151
4 70 -6.7229 8.1003 10.8426 -6.5495 7.3336 10.9585 -5.7166 6.7977 11.5151 -4.9751 7.4175 12.0107
4 70 -7.1727 8.1566 10.542 -7.1654 7.988 10.5469 -6.8761 7.6181 10.7402 -7.0205 8.1579 10.6437
3 70 4.9751 7.4109 12.0107 4.9751 6.403 12.0107 5.0683 6.4429 11.9484
4 70 7.0258 7.7376 10.6402 7.187 7.9787 10.5325 7.2106 8.1479 10.5167 6.8443 8.1236 10.7615
4 70 6.1373 7.0206 11.234 7.0258 7.7376 10.6402 6.8443 8.1236 10.7615 6.0277 7.8318 11.3072
4 84 0 17.1702 12.9577 .3739 17.2528 12.8628 .4863 17.7761 12.7103 0 17.7431 12.8151
4 84 -1.1429 17.3504 12.6856 -.8271 17.2036 12.7849 -.427 17.1487 12.8781 -.8168 17.6877 12.6665
3 84 .9428 17.5336 12.6799 .9391 17.6464 12.6526 .8342 17.7487 12.6479
4 84 .3739 17.2528 12.8628 .9428 17.5336 12.6799 .8342 17.7487 12.6479 .4863 17.7761 12.7103
4 84 0 17.1702 12.9577 0 17.7431 12.8151 -.8168 17.6877 12.6665 -.427 17.1487 12.8781
4 84 -.8168 17.6877 12.6665 -1.1694 17.611 12.6155 -1.2688 17.4841 12.6273 -1.1429 17.3504 12.6856