0 Minifig Bicycle Frame Heavy Mountain with Handlebars
0 Name: 36934.dat
0 Author: Philippe Hurbain [Philo]
0 !LDRAW_ORG Unofficial_Part
0 !LICENSE Licensed under CC BY 4.0 : see CAreadme.txt

0 !HELP Wheels:
0 !HELP 1 4 0 -4.4 40 0 0 -1 0 1 0 1 0 0 50862.dat
0 !HELP 1 256 0 -4.4 40 0 0 -1 0 1 0 1 0 0 50861.dat
0 !HELP 1 4 0 -4.4 -50 0 0 -1 0 1 0 1 0 0 50862.dat
0 !HELP 1 256 0 -4.4 -50 0 0 -1 0 1 0 1 0 0 50861.dat
0 !HELP Minifig:
0 !HELP 1 15 0 -53.9564 2.1045 1 0 0 0 0.80488 -0.59341 0 0.59342 0.80489 3815b.dat
0 !HELP 1 15 0 -44.2978 9.2255 1 0 0 0 0.970298 0.241923 0 -0.241923 0.970298 3816c.dat
0 !HELP 1 15 0 -44.2978 9.2255 1 0 0 0 0.970298 0.241923 0 -0.241923 0.970298 3817c.dat
0 !HELP 1 15 0 -79.71256 -16.88494 1 0 0 0 0.80488 -0.59341 0 0.59342 0.80489 973p14.dat
0 !HELP 1 15 15.552 -72.46864 -11.54416 0.984747 0.088456 0.145198 -0.136794 0.918903 0.36838 -0.100855 -0.382719 0.918022 3819.dat
0 !HELP 1 14 20.711012 -59.441163 -28.34931 0.078605 0.992541 0.040034 -0.913916 0.087947 -0.388425 -0.391946 -0.004493 0.917746 3820.dat
0 !HELP 1 14 0 -99.029882 -31.127169 1 0 0 0 0.804888 -0.593426 0 0.593426 0.804888 3626cp8v.dat
0 !HELP 1 15 -15.552 -72.46864 -11.54416 0.984753 -0.086736 -0.14623 0.136795 0.914499 0.379183 0.100856 -0.393494 0.913449 3818.dat
0 !HELP 1 14 -20.668362 -59.631114 -28.507581 0.079084 -0.99242 -0.041976 0.918309 0.089068 -0.377697 0.381438 -0.00712 0.922126 3820.dat
0 !HELP 1 4 0 -99.029882 -31.127169 -1 0 0 0 0.804888 0.593426 0 0.593426 -0.804888 86035.dat

0 BFC CERTIFY CCW

0 !CATEGORY Vehicle
0 !KEYWORDS Brickowl 132302

0 !HISTORY 2025-01-30 {LEGO Instructions App} Original part shape
0 !HISTORY 2025-01-30 [Philo] File preparation for LDraw Parts Tracker

1 16 0 0 0 1 0 0 0 1 0 0 0 1 s\36934s01.dat
1 16 0 0 0 -1 0 0 0 1 0 0 0 1 s\36934s01.dat
1 16 1.25 0 0 0 -2.5 0 7.5 0 0 0 0 -7.5 5-16cylo.dat
1 16 1.25 0 0 0 -2.5 0 7.5 0 0 0 0 7.5 3-16cylo.dat
2 24 4 -21.676 18.464 -4 -21.676 18.464
4 16 4 -31.09 33.146 4 -30.0257 29.8238 -4 -30.0257 29.8238 -4 -31.09 33.146
4 16 4 -21.676 18.464 4 -22.078 17.359 -4 -22.078 17.359 -4 -21.676 18.464
4 16 4 -26.0257 22.8956 4 -21.676 18.464 -4 -21.676 18.464 -4 -26.0257 22.8956
4 16 4 -30.883 18.779 4 -34.937 20.0272 -4 -34.937 20.0272 -4 -30.883 18.779
4 16 4 -21.923 16.027 4 -30.883 18.779 -4 -30.883 18.779 -4 -21.923 16.027
4 16 4 -37.9 24 4 -37.9 34.3 -4 -37.9 34.3 -4 -37.9 24
4 16 4 -31.733 36.711 4 -31.09 33.146 -4 -31.09 33.146 -4 -31.733 36.711
4 16 4 -32.1 39.1 4 -31.733 36.711 -4 -31.733 36.711 -4 -32.1 39.1
5 24 4 -22.078 17.359 -4 -22.078 17.359 4 -21.923 16.027 4 -21.676 18.464
5 24 4 -31.09 33.146 -4 -31.09 33.146 4 -30.0257 29.8238 4 -31.733 36.711
5 24 4 -31.733 36.711 -4 -31.733 36.711 4 -31.09 33.146 4 -32.1 39.1
4 16 4 -30.0257 29.8238 4 -26.0257 22.8956 -4 -26.0257 22.8956 -4 -30.0257 29.8238
3 16 0 -5.521 12.338 -9 -4.2608 2.2875 9 -4.2608 2.2875
2 24 1.25 -4.7171 6.1222 -1.25 -4.7171 6.1222
4 16 1.25 -21.923 16.027 1.25 -21.341 10.609 -1.25 -21.341 10.609 -1.25 -21.923 16.027
4 16 1.25 -5.55 5.624 1.25 -4.7171 6.1222 -1.25 -4.7171 6.1222 -1.25 -5.55 5.624
4 16 1.25 -20.91 10.011 1.25 -5.55 5.624 -1.25 -5.55 5.624 -1.25 -20.91 10.011
4 16 1.25 -21.341 10.609 1.25 -20.91 10.011 -1.25 -20.91 10.011 -1.25 -21.341 10.609
5 24 1.25 -21.341 10.609 -1.25 -21.341 10.609 1.25 -20.91 10.011 1.25 -21.923 16.027
5 24 1.25 -5.55 5.624 -1.25 -5.55 5.624 1.25 -4.7171 6.1222 1.25 -20.91 10.011
5 24 1.25 -20.91 10.011 -1.25 -20.91 10.011 1.25 -5.55 5.624 1.25 -21.341 10.609
3 16 1.25 -21.923 16.027 4 -22.078 17.359 4 -21.923 16.027
3 16 -4 -21.923 16.027 -4 -22.078 17.359 -1.25 -21.923 16.027
4 16 1.25 -21.923 16.027 -1.25 -21.923 16.027 -4 -22.078 17.359 4 -22.078 17.359
2 24 1.25 -21.923 16.027 4 -21.923 16.027
2 24 -4 -21.923 16.027 -1.25 -21.923 16.027
2 24 -1.25 -30.883 18.779 1.25 -30.883 18.779
3 16 1.25 3.3076 6.637 -1.25 3.3076 6.637 0 3.1521 8.0454
2 24 -1.25 3.3076 6.637 1.25 3.3076 6.637
4 16 -9 3.6909 3.1654 -1.25 3.3076 6.637 1.25 3.3076 6.637 9 3.6909 3.1654
0 BFC INVERTNEXT
1 16 1.25 -57.2 9.5 0 -2.5 0 24.24871 0 14 -14 0 24.24871 48\1-8cylo.dat
4 16 1.25 -30.883 18.779 -1.25 -30.883 18.779 -1.25 -30.1543 16.7469 1.25 -30.1543 16.7469
4 16 3.5741 -32.5344 -12.2169 4 -35.9173 -12.7758 -4 -35.9173 -12.7758 -3.5741 -32.5344 -12.2169
4 16 3.2599 -29.8169 -11.1428 3.5741 -32.5344 -12.2169 -3.5741 -32.5344 -12.2169 -3.2599 -29.8169 -11.1428
4 16 3.0137 -27.4045 -9.4548 3.2599 -29.8169 -11.1428 -3.2599 -29.8169 -11.1428 -3.0137 -27.4045 -9.4548
5 24 3.2599 -29.8169 -11.1428 -3.2599 -29.8169 -11.1428 3.5741 -32.5344 -12.2169 3.0137 -27.4045 -9.4548
4 16 1.25 -25.719 -7.6633 3.0137 -27.4045 -9.4548 -3.0137 -27.4045 -9.4548 -1.25 -25.719 -7.663
5 24 -1.25 -21.79 .432 1.25 -21.79 .432 -1.25 -22.586 -.001 -1.25 -10.7369 -2.7447
5 24 -1.25 -22.586 -.001 1.25 -22.586 -.001 -1.25 -21.79 .432 -1.25 -23.912 -3.943
4 16 -1.25 -21.79 .432 1.25 -21.79 .432 1.25 -22.586 -.001 -1.25 -22.586 -.001
4 16 -1.25 -22.586 -.001 1.25 -22.586 -.001 1.25 -23.912 -3.943 -1.25 -23.912 -3.943
4 16 -1.25 -10.7369 -2.7447 1.25 -10.7995 -2.7267 1.25 -21.79 .432 -1.25 -21.79 .432
4 16 -1.25 -23.912 -3.943 1.25 -23.912 -3.943 1.25 -25.719 -7.6633 -1.25 -25.719 -7.663
5 24 -1.25 -23.912 -3.943 1.25 -23.912 -3.943 1.25 -22.586 -.001 1.25 -25.719 -7.6633
2 24 1.25 -33.3471 -5.0944 -1.25 -33.3471 -5.0944
4 16 -1.25 -32.9513 -4.5 -1.25 -33.3471 -5.0944 1.25 -33.3471 -5.0944 1.25 -32.9513 -4.5
3 16 1.25 -33.3471 -5.0944 -1.25 -33.3471 -5.0944 0 -37.1404 -3.8252
4 16 -1.5308 -29.9718 -24.3469 1.5308 -29.9718 -24.3469 1.5308 -31.6166 -28.7026 -1.5308 -31.6166 -28.7026
4 16 1.25 -3.2111 -6.7015 -1.25 -3.2111 -6.7015 -1.25 -2.8703 -6.9293 1.25 -2.8703 -6.9293
5 24 1.25 -2.8703 -6.9293 -1.25 -2.8703 -6.9293 -1.25 -3.2111 -6.7015 -1.5 0 -7.5
2 24 0 -11.1137 -2.6364 1.25 -10.7995 -2.7267
2 24 0 -11.1137 -2.6364 -1.25 -10.7369 -2.7447
1 16 4 -32.1 33.9 0 -8 0 -5.8 0 0 .4 0 5.2 1-4cylo.dat
2 24 4 -32.1 39.1 -4 -32.1 39.1
1 16 4 -33.1 24 0 -8 0 -4.8 0 0 0 0 -4.3 3-16cylo.dat
5 24 0 -1.937 10.928 0 -2.599 11.754 -7.627 -1.739 11.103 7.627 -1.739 11.103
5 24 0 -5.521 12.338 9 -4.2608 2.2875 -9 -4.2608 2.2875 7.044 -5.485 12.559
5 24 4 -30.0257 29.8238 -4 -30.0257 29.8238 4 -26.0257 22.8956 -4 -31.09 33.146
5 24 4 -30.0257 29.8238 4 -26.0257 22.8956 5.713 -30.0089 29.8335 -4 -26.0257 22.8956
5 24 0 -5.521 12.338 -9 -4.2608 2.2875 -7.044 -5.485 12.559 9 -4.2608 2.2875
5 24 -4 -26.0257 22.8956 -4 -30.0257 29.8238 4 -30.0257 29.8238 -5.713 -30.0089 29.8335
5 24 0 -28.9747 -29.5301 0 -37.889 -26.5475 5.232 -37.947 -26.7209 -5.232 -37.947 -26.7209
5 24 -1.25 -21.923 16.027 1.25 -21.923 16.027 -4 -22.078 17.359 1.25 -21.341 10.609
5 24 -4 -26.0257 22.8956 4 -26.0257 22.8956 -4 -30.0257 29.8238 4 -21.676 18.464
5 24 0 -.3479 8.0454 0 -1.937 10.928 6.232 -.3571 8.1294 -6.232 -.3571 8.1294
5 24 -3.0137 -27.4045 -9.4548 3.0137 -27.4045 -9.4548 3.2599 -29.8169 -11.1428 -1.25 -25.719 -7.663
5 24 0 3.1521 8.0454 0 -.3479 8.0454 6.232 -.3571 8.1294 -6.232 -.3571 8.1294
5 24 0 -40.5543 -34.5134 0 -31.6401 -37.496 5.232 -31.6981 -37.6694 -5.232 -31.6981 -37.6694
5 24 0 -2.599 11.754 0 -3.588 12.135 7.575 -3.394 12.338 -7.575 -3.394 12.338
5 24 0 -3.588 12.135 0 -5.521 12.338 7.044 -5.485 12.559 -7.044 -5.485 12.559
5 24 -1.25 -25.719 -7.663 1.25 -25.719 -7.6633 3.0137 -27.4045 -9.4548 -1.25 -23.912 -3.943
5 24 4 -34.937 20.0272 -4 -34.937 20.0272 4 -30.883 18.779 4 -36.4941 20.9595
5 24 -1.25 -30.1543 16.7469 1.25 -30.1543 16.7469 1.25 -30.883 18.779 1.5 -29.4379 13.155
5 24 1.25 -32.9513 -4.5 -1.25 -32.9513 -4.5 -1.25 -33.3471 -5.0944 1.5 -31.3328 -1.2151