0 Minifig Hips with Silver Armour Sides Pattern
0 Name: 3815bpxd.dat
0 Author: Chris Böhnke [KnightOfTarenta]
0 !LDRAW_ORG Unofficial_Part
0 !LICENSE Licensed under CC BY 4.0 : see CAreadme.txt

0 BFC CERTIFY CCW

0 !CATEGORY Minifig
0 !KEYWORDS Armor, Foot Clan, Nickelodeon, Oroku Saki, Set 79101, Set 79122
0 !KEYWORDS Shredder, Teenage Mutant Ninja Turtles, TMNT

0 // Base Part
1 16 0 0 0 1 0 0 0 1 0 0 0 1 s\3815bs01.dat
1 16 -2 12 0 0 4 0 8.08395 0 -3.34848 -3.34848 0 -8.08395 5-16cyli.dat

0 // Pattern
0 // Colour 0 Black
3 0 -12.424 3.722 -10 -12.326 4.155 -10 -11.893 3.86 -10
3 0 -12.183 4.783 -10 -12.02 5.5 -10 -11.499 5.5 -10
3 0 12.424 3.722 -10 11.893 3.86 -10 12.326 4.155 -10
3 0 12.183 4.783 -10 11.499 5.5 -10 12.02 5.5 -10
4 0 -11.893 3.86 -10 -12.094 2.186 -10 -12.582 2.381 -10 -12.424 3.722 -10
4 0 -12.582 2.381 -10 -12.094 2.186 -10 -12.099 .5 -10 -12.6 .5 -10
4 0 -9.523 5.5 -10 -8.652 5.5 -10 -6.49 .5 -10 -7.362 .5 -10
4 0 -13.418 5.5 -10 -12.8 5.5 -10 -12.183 4.783 -10 -12.326 4.155 -10
4 0 -11.893 3.86 -10 -12.326 4.155 -10 -12.183 4.783 -10 -11.499 5.5 -10
4 0 12.582 2.381 -10 12.094 2.186 -10 11.893 3.86 -10 12.424 3.722 -10
4 0 12.099 .5 -10 12.094 2.186 -10 12.582 2.381 -10 12.6 .5 -10
4 0 6.49 .5 -10 8.652 5.5 -10 9.523 5.5 -10 7.362 .5 -10
4 0 12.183 4.783 -10 12.8 5.5 -10 13.418 5.5 -10 12.326 4.155 -10
4 0 12.183 4.783 -10 12.326 4.155 -10 11.893 3.86 -10 11.499 5.5 -10

0 // Colour 16 Main Colour
3 16 -13.418 5.5 -10 -17.5 5.5 -10 -18 6 -10
3 16 -12.8 5.5 -10 -13.418 5.5 -10 -18 6 -10
3 16 -12.02 5.5 -10 -12.8 5.5 -10 -18 6 -10
3 16 -11.499 5.5 -10 -12.02 5.5 -10 -18 6 -10
3 16 -9.523 5.5 -10 -11.499 5.5 -10 -18 6 -10
3 16 -18 0 -10 -12.099 .5 -10 -7.362 .5 -10
3 16 -18 0 -10 -12.6 .5 -10 -12.099 .5 -10
3 16 -18 0 -10 -17.5 .5 -10 -12.6 .5 -10
3 16 17.5 5.5 -10 13.418 5.5 -10 18 6 -10
3 16 13.418 5.5 -10 12.8 5.5 -10 18 6 -10
3 16 12.8 5.5 -10 12.02 5.5 -10 18 6 -10
3 16 12.02 5.5 -10 11.499 5.5 -10 18 6 -10
3 16 11.499 5.5 -10 9.523 5.5 -10 18 6 -10
3 16 18 0 -10 7.362 .5 -10 12.099 .5 -10
3 16 18 0 -10 12.099 .5 -10 12.6 .5 -10
3 16 18 0 -10 12.6 .5 -10 17.5 .5 -10
4 16 -17.5 5.5 -10 -17.5 .5 -10 -18 0 -10 -18 6 -10
4 16 -8.652 5.5 -10 -9.523 5.5 -10 -18 6 -10 0 6 -10
4 16 -6.49 .5 -10 -8.652 5.5 -10 0 6 -10 0 0 -10
4 16 -18 0 -10 -7.362 .5 -10 -6.49 .5 -10 0 0 -10
4 16 18 0 -10 17.5 .5 -10 17.5 5.5 -10 18 6 -10
4 16 18 6 -10 9.523 5.5 -10 8.652 5.5 -10 0 6 -10
4 16 0 6 -10 8.652 5.5 -10 6.49 .5 -10 0 0 -10
4 16 6.49 .5 -10 7.362 .5 -10 18 0 -10 0 0 -10

0 // Colour 80 Silver
3 80 -12.183 4.783 -10 -12.8 5.5 -10 -12.02 5.5 -10
3 80 -12.6 .5 -10 -17.5 .5 -10 -12.582 2.381 -10
3 80 12.183 4.783 -10 12.02 5.5 -10 12.8 5.5 -10
3 80 17.5 .5 -10 12.6 .5 -10 12.582 2.381 -10
4 80 -7.362 .5 -10 -12.099 .5 -10 -12.094 2.186 -10 -11.893 3.86 -10
4 80 -9.523 5.5 -10 -7.362 .5 -10 -11.893 3.86 -10 -11.499 5.5 -10
4 80 -13.418 5.5 -10 -12.326 4.155 -10 -12.424 3.722 -10 -17.5 5.5 -10
4 80 -17.5 5.5 -10 -12.424 3.722 -10 -12.582 2.381 -10 -17.5 .5 -10
4 80 12.094 2.186 -10 12.099 .5 -10 7.362 .5 -10 11.893 3.86 -10
4 80 11.893 3.86 -10 7.362 .5 -10 9.523 5.5 -10 11.499 5.5 -10
4 80 12.424 3.722 -10 12.326 4.155 -10 13.418 5.5 -10 17.5 5.5 -10
4 80 12.582 2.381 -10 12.424 3.722 -10 17.5 5.5 -10 17.5 .5 -10