0 Minifig Leg Right with Magenta Flowers on Lime Shorts Pattern
0 Name: 3816cpx5.dat
0 Author: Jeff Jones [notmaster]
0 !LDRAW_ORG Unofficial_Part
0 !LICENSE Licensed under CC BY 4.0 : see CAreadme.txt

0 !HELP Move down 12 units to align with hips
0 !HELP Move at z=1.25 relative to stud grid
0 !HELP 1 16 0 0 1.25 1 0 0 0 1 0 0 0 1 3817cpx5.dat
0 !HELP 1 16 0 28 0 1 0 0 0 1 0 0 0 1 stug-1x2.dat

0 BFC CERTIFY CCW

0 !CATEGORY Minifig
0 !KEYWORDS Bricklink 970c90pb02, Patrick Star, set 3816, Set 3818, Set 3827
0 !KEYWORDS Set 3830, Set 3832, Set 4982, Set Set 3833, SpongeBob SquarePants

1 16 0 0 0 -1 0 0 0 1 0 0 0 1 s\3817cs01.dat
4 16 -1.25 20 -11.25 -18.978 20 -11.25 -19.25 28 -11.25 -1.25 28 -11.25
4 16 -18.978 20 -5.75 -18.978 20 -11.25 -1.25 20 -11.25 -1.25 20 -5.75
4 26 -18.27117 6.187 -6.187 -18.27735 6.479 -5.75 -14.87886 6.479 -5.75 -14.54174 6.187 -6.187
4 26 -18.27117 6.187 -6.187 -14.54174 6.187 -6.187 -14.058 5.768 -6.46707 -18.21114 3.349 -8.084
4 26 -13.67 4.321 -7.43429 -18.21114 3.349 -8.084 -14.058 5.768 -6.46707 -13.758 5.168 -6.86813
4 26 -14.1857 3.349 -8.084 -18.21114 3.349 -8.084 -13.67 4.321 -7.43429 -13.899 3.704 -7.84671
4 26 -14.94 2.415 -8.26974 -16.969 1.586 -8.4346 -18.169 1.357 -8.48014 -14.1857 3.349 -8.084
3 26 -18.169 1.357 -8.48014 -18.21114 3.349 -8.084 -14.1857 3.349 -8.084
4 26 -8.45161 -6.187 -6.187 -11.54508 -6.187 -6.187 -11.225 -5.722 -6.49782 -9.104 -5.661 -6.53859
4 26 -9.104 -5.661 -6.53859 -11.225 -5.722 -6.49782 -10.621 -5.396 -6.71573 -9.69 -5.396 -6.71573
4 26 -2.5 -6.187 -6.187 -4.95327 -6.187 -6.187 -5.361 -5.568 -6.60076 -2.5 -3.349 -8.084
4 26 -2.5 -3.349 -8.084 -5.361 -5.568 -6.60076 -6.118 -3.841 -7.75513 -6.118 -3.349 -8.084
4 26 -2.5 -3.349 -8.084 -6.118 -3.349 -8.084 -6.118 -2.677 -8.21764 -2.70219 0 -8.75
4 26 -5.491 -1.389 -8.47378 -4.797 -.721 -8.60662 -4.129 -.374 -8.67562 -2.70219 0 -8.75
3 26 -2.70219 0 -8.75 -2.5 .053 -8.73946 -2.5 -3.349 -8.084
3 26 -6.118 -2.677 -8.21764 -5.491 -1.389 -8.47378 -2.70219 0 -8.75
3 26 -15.769 7.25 -5.75 -14.87886 6.479 -5.75 -18.27735 6.479 -5.75
4 26 -9.047 8.344 -5.75 -9.876 7.938 -5.75 -11.058 8.026 -5.75 -8.376 9.173 -5.75
4 26 -7.9 10.902 -5.75 -8.376 9.173 -5.75 -11.058 8.026 -5.75 -14.464 9.826 -5.75
4 26 -7.9 12.1701 -5.75 -7.9 10.902 -5.75 -14.464 9.826 -5.75 -15.381 9.826 -5.75
4 26 -7.9 14.641 -5.75 -7.9 12.1701 -5.75 -15.381 9.826 -5.75 -18.45 14.641 -5.75
3 26 -16.175 8.979 -5.75 -16.175 8.15 -5.75 -18.27735 6.479 -5.75
3 26 -18.27735 6.479 -5.75 -16.175 8.15 -5.75 -15.769 7.25 -5.75
4 27 -11.54508 -6.187 -6.187 -18.00905 -6.187 -6.187 -18.06922 -3.349 -8.084 -11.225 -5.722 -6.49782
4 27 -18.06922 -3.349 -8.084 -6.118 -3.349 -8.084 -6.118 -3.841 -7.75513 -10.621 -5.396 -6.71573
3 27 -9.69 -5.396 -6.71573 -6.118 -3.841 -7.75513 -9.104 -5.661 -6.53859
3 27 -10.621 -5.396 -6.71573 -11.225 -5.722 -6.49782 -18.06922 -3.349 -8.084
4 27 -8.45161 -6.187 -6.187 -9.104 -5.661 -6.53859 -5.361 -5.568 -6.60076 -4.95327 -6.187 -6.187
3 27 -9.104 -5.661 -6.53859 -6.118 -3.841 -7.75513 -5.361 -5.568 -6.60076
4 27 -5.491 -1.389 -8.47378 -6.118 -2.677 -8.21764 -18.06922 -3.349 -8.084 -18.14023 0 -8.75
3 27 -6.118 -2.677 -8.21764 -6.118 -3.349 -8.084 -18.06922 -3.349 -8.084
3 27 -5.491 -1.389 -8.47378 -18.14023 0 -8.75 -4.797 -.721 -8.60662
3 27 -4.129 -.374 -8.67562 -4.797 -.721 -8.60662 -18.14023 0 -8.75
3 27 -2.70219 0 -8.75 -4.129 -.374 -8.67562 -18.14023 0 -8.75
3 27 -18.14023 0 -8.75 -18.169 1.357 -8.48014 -16.969 1.586 -8.4346
3 27 -14.058 5.768 -6.46707 -14.54174 6.187 -6.187 -2.5 6.187 -6.187
3 27 -14.058 5.768 -6.46707 -2.5 6.187 -6.187 -2.5 3.349 -8.084
3 27 -14.058 5.768 -6.46707 -2.5 3.349 -8.084 -13.758 5.168 -6.86813
3 27 -13.67 4.321 -7.43429 -13.758 5.168 -6.86813 -2.5 3.349 -8.084
3 27 -13.67 4.321 -7.43429 -2.5 3.349 -8.084 -13.899 3.704 -7.84671
3 27 -13.899 3.704 -7.84671 -2.5 3.349 -8.084 -14.1857 3.349 -8.084
3 27 -14.1857 3.349 -8.084 -2.5 3.349 -8.084 -2.5 .053 -8.73946
3 27 -14.1857 3.349 -8.084 -2.5 .053 -8.73946 -2.70219 0 -8.75
3 27 -14.1857 3.349 -8.084 -2.70219 0 -8.75 -14.94 2.415 -8.26974
3 27 -14.94 2.415 -8.26974 -2.70219 0 -8.75 -18.14023 0 -8.75
3 27 -16.969 1.586 -8.4346 -14.94 2.415 -8.26974 -18.14023 0 -8.75
4 27 -2.5 6.187 -6.187 -14.54174 6.187 -6.187 -14.87886 6.479 -5.75 -2.5 6.479 -5.75
4 27 -16.175 8.15 -5.75 -16.175 8.979 -5.75 -15.381 9.826 -5.75 -14.464 9.826 -5.75
4 27 -16.175 8.15 -5.75 -14.464 9.826 -5.75 -11.058 8.026 -5.75 -15.769 7.25 -5.75
4 27 -14.87886 6.479 -5.75 -15.769 7.25 -5.75 -11.058 8.026 -5.75 -9.876 7.938 -5.75
3 27 -14.87886 6.479 -5.75 -9.876 7.938 -5.75 -2.5 6.479 -5.75
3 27 -2.5 6.479 -5.75 -9.876 7.938 -5.75 -9.047 8.344 -5.75
3 27 -2.5 6.479 -5.75 -9.047 8.344 -5.75 -2.5 8.3534 -5.75
3 27 -2.5 8.3534 -5.75 -9.047 8.344 -5.75 -8.376 9.173 -5.75
3 27 -2.5 8.3534 -5.75 -8.376 9.173 -5.75 -7.9 10.902 -5.75
3 27 -2.5 8.3534 -5.75 -7.9 10.902 -5.75 -2.5 14.641 -5.75
3 27 -2.5 14.641 -5.75 -7.9 10.902 -5.75 -7.9 12.1701 -5.75
3 27 -7.9 12.1701 -5.75 -7.9 14.641 -5.75 -2.5 14.641 -5.75
4 16 -2 -6.187 -6.187 -2.5 -6.187 -6.187 -2.5 -3.349 -8.084 -2 -3.349 -8.084
3 16 -2.5 -3.349 -8.084 -2.5 .053 -8.73946 -2 0 -8.75
3 16 -2 0 -8.75 -2 -3.349 -8.084 -2.5 -3.349 -8.084
4 16 -2 0 -8.75 -2.5 .053 -8.73946 -2.5 3.349 -8.084 -2 3.349 -8.084
4 16 -2 3.349 -8.084 -2.5 3.349 -8.084 -2.5 6.187 -6.187 -2 6.187 -6.187
4 16 -2 6.187 -6.187 -2.5 6.187 -6.187 -2.5 6.479 -5.75 -2 6.479 -5.75
4 16 -2.5 6.479 -5.75 -2.5 8.3534 -5.75 -2 8 -5.75 -2 6.479 -5.75
4 16 -1.25 8 -5.75 -2 8 -5.75 -2.5 8.3534 -5.75 -1.25 20 -5.75
3 16 -2.5 8.3534 -5.75 -2.5 14.641 -5.75 -1.25 20 -5.75
3 16 -18.45 14.641 -5.75 -18.978 20 -5.75 -7.9 14.641 -5.75
3 16 -7.9 14.641 -5.75 -18.978 20 -5.75 -2.5 14.641 -5.75
3 16 -2.5 14.641 -5.75 -18.978 20 -5.75 -1.25 20 -5.75
4 16 -18.508 6.187 -6.187 -18.518 6.479 -5.75 -18.27735 6.479 -5.75 -18.27117 6.187 -6.187
4 16 -18.412 3.349 -8.084 -18.508 6.187 -6.187 -18.27117 6.187 -6.187 -18.21114 3.349 -8.084
3 16 -18.412 3.349 -8.084 -18.21114 3.349 -8.084 -18.169 1.357 -8.48014
3 16 -18.298 0 -8.75 -18.412 3.349 -8.084 -18.169 1.357 -8.48014
3 16 -18.14023 0 -8.75 -18.298 0 -8.75 -18.169 1.357 -8.48014
4 16 -18.184 -3.349 -8.084 -18.298 0 -8.75 -18.14023 0 -8.75 -18.06922 -3.349 -8.084
3 16 -18.27735 6.479 -5.75 -18.518 6.479 -5.75 -18.45 14.641 -5.75
3 16 -18.45 14.641 -5.75 -18.518 6.479 -5.75 -18.978 20 -5.75
4 16 -18.184 -3.349 -8.084 -18.06922 -3.349 -8.084 -18.00905 -6.187 -6.187 -18.087 -6.187 -6.187
3 27 -9.69 -5.396 -6.71573 -10.621 -5.396 -6.71573 -6.118 -3.841 -7.75513
3 26 -16.175 8.979 -5.75 -18.27735 6.479 -5.75 -18.45 14.641 -5.75
3 26 -15.381 9.826 -5.75 -16.175 8.979 -5.75 -18.45 14.641 -5.75