0 Dish  4 x  4 Inverted with Black Eyebrows and Clock Hands, White Eyes and Open Mouth Smile with Dark Pink Tongue on Tan Background Pattern
0 Name: 3960p0k.dat
0 Author: Gerald Lasser [GeraldLasser]
0 !LDRAW_ORG Unofficial_Part
0 !LICENSE Licensed under CC BY 4.0 : see CAreadme.txt

0 BFC CERTIFY CCW

0 !CATEGORY Dish
0 !KEYWORDS Bricklink 3960pb074, Cogsworth, Disney Duos, Rebrickable 3960pr0057
0 !KEYWORDS Set 43226

0 !CMDLINE -c70

1 16 0 0 0 1 0 0 0 1 0 0 0 1 s\3960s01.dat

1 16 0 0 0 1 0 0 0 1 0 0 0 1 s\3960p0ks01.dat
1 16 0 0 0 -1 0 0 0 1 0 0 0 1 s\3960p0ks01.dat

1 16 0 0 0 1 0 0 0 1 0 0 0 1 s\3960s05.dat

4 0 -9.91445 0 -1.30526 -10 0 0 -10.5 .08333 0 -10.41017 .08341 -1.37053
4 0 -9.65926 0 2.58819 -9.2388 0 3.82683 -9.70074 .08329 4.01818 -9.95 .08367 3.29
4 0 -23.70431 2.67764 -6.35125 -25.22 3.13321 -7.19 -24.41 2.95652 -7.52 -22.64 2.45793 -6.93
4 0 -22.64 2.45793 -6.93 -24.41 2.95652 -7.52 -23.14 2.71574 -8.46 -20.74819 2.12192 -8.59436
3 0 -23.14 2.71574 -8.46 -22.25065 2.55557 -9.21672 -20.74819 2.12192 -8.59436
4 0 -20.74819 2.12192 -8.59436 -22.25065 2.55557 -9.21672 -20.87 2.36823 -10.43 -19.8039 2 -9.47673
4 0 -19.8039 2 -9.47673 -20.87 2.36823 -10.43 -19.69419 2.19775 -11.37078 -19.052 2 -11
3 0 -19.8039 2 -9.47673 -19.052 2 -11 -18.35779 1.8664 -10.59919
4 0 -17.15 1.78581 -11.54 -18.35779 1.8664 -10.59919 -19.052 2 -11 -17.85678 2 -12.79118
3 0 -19.052 2 -11 -19.69419 2.19775 -11.37078 -17.85678 2 -12.79118
4 0 -17.15 1.78581 -11.54 -17.85678 2 -12.79118 -17.21922 1.95051 -13.21283 -16.04244 1.70331 -12.30985
4 0 -14.88 1.64117 -13.07 -16.04244 1.70331 -12.30985 -17.21922 1.95051 -13.21283 -16.49 1.93581 -13.91
4 0 -13.735 1.57073 -13.735 -14.88 1.64117 -13.07 -16.49 1.93581 -13.91 -15.83 1.95434 -14.83
3 0 -13.735 1.57073 -13.735 -15.83 1.95434 -14.83 -15.5562 2 -15.5562
3 0 -15.5562 2 -15.5562 -14.21802 2.36111 -18.5292 -13.3936 2 -17.4548
4 0 -13.735 1.57073 -13.735 -15.5562 2 -15.5562 -13.3936 2 -17.4548 -12.59 1.52301 -14.36
3 0 -12.59 1.52301 -14.36 -13.3936 2 -17.4548 -11.45651 1.4697 -14.93035
4 0 -11.45651 1.4697 -14.93035 -13.3936 2 -17.4548 -11 2 -19.052 -9.13296 1.37765 -15.81829
4 0 -9.13296 1.37765 -15.81829 -11 2 -19.052 -8.4194 2 -20.3258 -6.8107 1.29941 -16.44214
4 0 -6.8107 1.29941 -16.44214 -8.4194 2 -20.3258 -5.6936 2 -21.2498 -4.49808 1.23009 -16.78784
4 0 -4.49808 1.23009 -16.78784 -5.6936 2 -21.2498 -2.871 2 -21.8108 -2.22321 1.17268 -16.88958
4 0 -2.22321 1.17268 -16.88958 -2.871 2 -21.8108 0 2 -22 0 1.14667 -16.88
4 0 0 1.14667 -16.88 0 2 -22 2.871 2 -21.8108 2.19345 1.13467 -16.66349
4 0 2.19345 1.13467 -16.66349 2.871 2 -21.8108 5.6936 2 -21.2498 4.37705 1.15215 -16.33615
4 0 4.37705 1.15215 -16.33615 5.6936 2 -21.2498 8.4194 2 -20.3258 6.55256 1.18699 -15.81894
4 0 6.55256 1.18699 -15.81894 8.4194 2 -20.3258 11 2 -19.052 8.76467 1.25489 -15.1804
4 0 8.76467 1.25489 -15.1804 11 2 -19.052 13.3936 2 -17.4548 11.01108 1.34776 -14.34986
4 0 11.01108 1.34776 -14.34986 13.3936 2 -17.4548 14.2 1.92007 -16.11 12.38 1.4208 -13.73
4 0 12.38 1.4208 -13.73 14.2 1.92007 -16.11 14.985 1.86537 -14.985 13.27 1.46113 -13.27
4 0 13.27 1.46113 -13.27 14.985 1.86537 -14.985 15.86 1.838 -13.74 14.47 1.53021 -12.53
4 0 14.47 1.53021 -12.53 15.86 1.838 -13.74 16.72011 1.84567 -12.82985 15.48376 1.58595 -11.88116
4 0 15.48376 1.58595 -11.88116 16.72011 1.84567 -12.82985 17.95 1.91828 -11.77 16.76 1.67786 -10.96
4 0 16.76 1.67786 -10.96 17.95 1.91828 -11.77 19.052 2 -11 17.69477 1.73879 -10.21638
4 0 19.96575 1.93505 -8.27026 17.69477 1.73879 -10.21638 19.052 2 -11 20.3258 2 -8.4194
4 0 20.3258 2 -8.4194 19.052 2 -11 20.43 2.18946 -9.81 21.44114 2.32192 -8.8814
4 0 20.3258 2 -8.4194 21.44114 2.32192 -8.8814 22.93 2.57336 -7.42 20.54326 2 -7.77789
3 0 20.54326 2 -7.77789 19.96575 1.93505 -8.27026 20.3258 2 -8.4194
4 0 21.73 2.20187 -6.63 20.54326 2 -7.77789 22.93 2.57336 -7.42 22.49036 2.34249 -6.02599
3 0 22.49036 2.34249 -6.02599 22.93 2.57336 -7.42 24.29978 2.84204 -6.5108
4 0 23.08 2.47278 -5.56 22.49036 2.34249 -6.02599 24.29978 2.84204 -6.5108 24.57 2.82947 -4.91
4 0 -13.3936 2 -17.4548 -14.21802 2.36111 -18.5292 -12.59544 2.8509 -21.81531 -11 2 -19.052
4 0 -11 2 -19.052 -12.59544 2.8509 -21.81531 -10.32 2.76739 -22.59 -9.1999 2.54385 -22.21004
3 0 -11 2 -19.052 -9.1999 2.54385 -22.21004 -8.4194 2 -20.3258
4 0 -8.4194 2 -20.3258 -9.1999 2.54385 -22.21004 -7.53 2.31452 -21.87 -5.6936 2 -21.2498
3 0 -5.6936 2 -21.2498 -7.53 2.31452 -21.87 -5.81961 2.12984 -21.7201
3 0 -5.6936 2 -21.2498 -5.81961 2.12984 -21.7201 -4.6 2.08987 -21.81
4 0 -5.6936 2 -21.2498 -4.6 2.08987 -21.81 -3.6 2.1033 -22.06 -2.871 2 -21.8108
3 0 -2.871 2 -21.8108 -3.6 2.1033 -22.06 -2.93694 2.13474 -22.31172
4 0 -2.871 2 -21.8108 -2.93694 2.13474 -22.31172 -1.82 2.30132 -23.01 -.42 2.29005 -23.06
4 0 0 2 -22 -2.871 2 -21.8108 -.42 2.29005 -23.06 0 2.22133 -22.83
4 0 -.42 2.29005 -23.06 -1.82 2.30132 -23.01 -.73 2.51683 -23.89 0 2.376 -23.41
3 0 0 2.376 -23.41 -.73 2.51683 -23.89 0 2.664 -24.49
4 0 .63 2.6164 -24.27 0 2.376 -23.41 0 2.664 -24.49 .65 2.88342 -25.27
4 0 .65 2.88342 -25.27 .9 2.89315 -25.29 .95 2.83269 -25.06 .63 2.6164 -24.27
3 0 0 2 -22 0 2.22133 -22.83 .79 2.17122 -22.59
3 0 0 2 -22 .79 2.17122 -22.59 1.77 2.1191 -22.33
4 0 0 2 -22 1.77 2.1191 -22.33 2.91426 2.0884 -22.13944 2.871 2 -21.8108
4 0 2.871 2 -21.8108 2.91426 2.0884 -22.13944 4.23 2.11777 -21.99 5.6936 2 -21.2498
3 0 5.6936 2 -21.2498 4.23 2.11777 -21.99 5.87046 2.18223 -21.90988
4 0 5.6936 2 -21.2498 5.87046 2.18223 -21.90988 7.35 2.3497 -22.07 8.4194 2 -20.3258
3 0 8.4194 2 -20.3258 7.35 2.3497 -22.07 8.57 2.5556 -22.47
3 0 8.4194 2 -20.3258 8.57 2.5556 -22.47 9.07 2.64912 -22.67
4 0 -9.77982 2.94795 -23.61007 -10.32 2.76739 -22.59 -12.59544 2.8509 -21.81531 -10.40328 3.38237 -25.11521
4 0 -8.95 3.16273 -24.74 -9.77982 2.94795 -23.61007 -10.40328 3.38237 -25.11521 -8.94 3.68324 -26.8
3 0 -8.95 3.16273 -24.74 -8.94 3.68324 -26.8 -7.9 3.35105 -25.84
4 0 -7.1053 3.45461 -26.51858 -7.9 3.35105 -25.84 -8.94 3.68324 -26.8 -7.50891 3.87049 -28.02493
4 0 -6.1 3.61231 -27.32 -7.1053 3.45461 -26.51858 -7.50891 3.87049 -28.02493 -6.42678 4 -28.73411
3 0 -6.1 3.61231 -27.32 -6.42678 4 -28.73411 -4.93 3.70076 -27.89
4 0 -3.72993 3.75516 -28.33606 -4.93 3.70076 -27.89 -6.42678 4 -28.73411 -3.84975 4 -29.2463
4 0 -3.84975 4 -29.2463 -6.42678 4 -28.73411 -4.88 4.14958 -29.46 -3.91966 4.19481 -29.77741
4 0 -3.84975 4 -29.2463 -3.91966 4.19481 -29.77741 -2.12 4.26171 -30.08 0 4 -29.5
3 0 0 4 -29.5 -2.12 4.26171 -30.08 0 4.24727 -30.18
3 0 -3.72993 3.75516 -28.33606 -3.84975 4 -29.2463 -2.1 3.8289 -28.72
4 0 -.75 3.83185 -28.82 -2.1 3.8289 -28.72 -3.84975 4 -29.2463 0 4 -29.5
3 0 0 3.816 -28.81 -.75 3.83185 -28.82 0 4 -29.5
4 0 1.45 3.80415 -28.67 0 3.816 -28.81 0 4 -29.5 3.84975 4 -29.2463
3 0 2.6 3.75502 -28.41 1.45 3.80415 -28.67 3.84975 4 -29.2463
3 0 3.68431 3.66193 -27.98943 2.6 3.75502 -28.41 3.84975 4 -29.2463
4 0 4.99 3.52564 -27.21 3.68431 3.66193 -27.98943 3.84975 4 -29.2463 4.58793 4 -29.09959
4 0 0 4 -29.5 0 4.24727 -30.18 2.12 4.2108 -29.94 3.84975 4 -29.2463
3 0 3.84975 4 -29.2463 2.12 4.2108 -29.94 3.87403 4.06767 -29.43079
3 0 4.58793 4 -29.09959 3.84975 4 -29.2463 3.87403 4.06767 -29.43079
4 0 4.99 3.52564 -27.21 4.58793 4 -29.09959 5.99 3.87394 -28.34 6.23 3.34385 -26.27
4 0 6.23 3.34385 -26.27 5.99 3.87394 -28.34 7.30302 3.65834 -27.25651 6.8724 3.21463 -25.64936
4 0 8.03 2.96991 -24.29 6.8724 3.21463 -25.64936 7.30302 3.65834 -27.25651 8.64 3.41453 -25.84
4 0 8.03 2.96991 -24.29 8.64 3.41453 -25.84 9.96675 3.0782 -24.06135 8.83 2.7652 -23.21
3 0 9.07 2.64912 -22.67 8.83 2.7652 -23.21 9.96675 3.0782 -24.06135
3 0 8.4194 2 -20.3258 9.07 2.64912 -22.67 9.96675 3.0782 -24.06135
4 0 8.4194 2 -20.3258 9.96675 3.0782 -24.06135 11.07 2.76505 -22.21 11.86184 2.45965 -20.54471
3 0 11 2 -19.052 8.4194 2 -20.3258 11.86184 2.45965 -20.54471
3 0 13.3936 2 -17.4548 11 2 -19.052 11.86184 2.45965 -20.54471
4 0 -8.58389 5.33383 -32.037 -8.35447 5.01148 -31.18076 -9.35 4.92406 -30.59 -9.47 5.13137 -31.15
4 0 -9.76 5.00999 -30.7 -9.47 5.13137 -31.15 -9.35 4.92406 -30.59 -9.69 4.92932 -30.49
4 0 -8.35447 5.01148 -31.18076 -8.58389 5.33383 -32.037 -7.4 5.5439 -32.86 -6.75 5.21177 -32.06
4 0 -6.75 5.21177 -32.06 -7.4 5.5439 -32.86 -5.9 5.71256 -33.63 -5.4 5.3053 -32.59
4 0 -4.33085 5.34059 -32.9012 -5.4 5.3053 -32.59 -5.9 5.71256 -33.63 -4.49031 5.78491 -34.11259
4 0 -4.33085 5.34059 -32.9012 -4.49031 5.78491 -34.11259 -2.93 5.87749 -34.47 -2.81 5.41643 -33.21
4 0 -2.81 5.41643 -33.21 -2.93 5.87749 -34.47 -1.19 5.89761 -34.64 -1.14 5.42005 -33.33
4 0 0 5.39636 -33.34 -1.14 5.42005 -33.33 -1.19 5.89761 -34.64 0 5.88364 -34.68
4 0 0 5.39636 -33.34 0 5.88364 -34.68 1.5 5.85049 -34.49 1.49 5.37752 -33.19
4 0 1.49 5.37752 -33.19 1.5 5.85049 -34.49 2.91 5.79337 -34.24 3.19 5.29463 -32.85
4 0 3.19 5.29463 -32.85 2.91 5.79337 -34.24 4.44901 5.66982 -33.79881 4.27695 5.19039 -32.49172
4 0 4.27695 5.19039 -32.49172 4.44901 5.66982 -33.79881 5.8 5.55176 -33.2 5.55 5.11937 -32.04
4 0 5.55 5.11937 -32.04 5.8 5.55176 -33.2 6.98 5.31389 -32.3 6.59 4.98236 -31.45
4 0 6.59 4.98236 -31.45 6.98 5.31389 -32.3 7.69 5.09268 -31.54 7.48 4.84185 -30.88
4 0 7.48 4.84185 -30.88 7.69 5.09268 -31.54 8.14 4.8387 -30.74 7.91 4.75087 -30.54
3 0 8.15992 4.73812 -30.45466 7.91 4.75087 -30.54 8.14 4.8387 -30.74
3 0 -23.70431 2.67764 -6.35125 -26.89813 3.5594 -7.20699 -25.22 3.13321 -7.19
4 0 -25.78 3.33844 -7.93 -25.22 3.13321 -7.19 -26.89813 3.5594 -7.20699 -27.09 3.65883 -7.8
4 0 -25.78 3.33844 -7.93 -27.09 3.65883 -7.8 -27.2 3.74673 -8.5 -26.12 3.48712 -8.66
4 0 -26.12 3.48712 -8.66 -27.2 3.74673 -8.5 -27.2 3.80679 -9.2 -26.5 3.64678 -9.4
4 0 -26.7 3.71456 -9.6 -26.5 3.64678 -9.4 -27.2 3.80679 -9.2 -27 3.78191 -9.5
4 0 -26.89813 3.5594 -7.20699 -23.70431 2.67764 -6.35125 -24.17 2.79131 -6.19 -26.42 3.38577 -6.28
4 0 -24.97 2.93953 -5.01 -24.17 2.79131 -6.19 -23.52 2.59592 -5.71 -24.05 2.68223 -4.7
4 0 -23.28 2.47675 -4.63 -24.05 2.68223 -4.7 -23.52 2.59592 -5.71 -22.75 2.37898 -5.42
4 0 -22.67 2.32311 -4.75 -23.28 2.47675 -4.63 -22.75 2.37898 -5.42 -22.38 2.27314 -5.25
3 0 -22.67 2.32311 -4.75 -22.38 2.27314 -5.25 -22.3 2.23915 -5
4 0 -25.805 3.18836 -5.585 -26.42 3.38577 -6.28 -24.17 2.79131 -6.19 -24.97 2.93953 -5.01
4 0 23.58 2.53871 -4.31 22.12 2.2003 -5.16 23.08 2.47278 -5.56 24.57 2.82947 -4.91
4 0 25.52 3.12955 -5.89 24.57 2.82947 -4.91 24.29978 2.84204 -6.5108 26.01207 3.31477 -6.96959
4 0 26.01207 3.31477 -6.96959 24.29978 2.84204 -6.5108 24.75 3.02027 -7.26 25.37 3.25697 -8.19
4 0 26.17 3.44572 -8.03 26.01207 3.31477 -6.96959 25.37 3.25697 -8.19 26.1 3.47348 -8.56
3 0 25.37 3.25697 -8.19 25.79 3.4036 -8.66 26.1 3.47348 -8.56
4 0 21.54067 2 -4.23013 21.38507 2 -5.013 22.12 2.2003 -5.16 22.5 2.24364 -4.08
3 0 22.5 2.24364 -4.08 22.12 2.2003 -5.16 23.58 2.53871 -4.31
4 0 21.38507 2 -5.013 21.54067 2 -4.23013 21.14 1.94217 -4.47 21.01 1.93325 -4.85
3 0 -31.47 4.85666 4.72 -32.56906 5.21876 4.28713 -30.54982 4.47812 4.02134
4 0 -32.56906 5.21876 4.28713 -31.47 4.85666 4.72 -33.4 5.66232 6.35 -34.42941 6 5.92392
3 0 -34.17327 6 7.21264 -34.42941 6 5.92392 -33.4 5.66232 6.35
4 0 -34.17327 6 7.21264 -33.4 5.66232 6.35 -30.95 4.82922 6.95 -32.16 5.31855 7.75
4 0 -32.16 5.31855 7.75 -30.95 4.82922 6.95 -29.22 4.23216 7.25 -30.21641 4.64842 8.09608
4 0 -30.21641 4.64842 8.09608 -29.22 4.23216 7.25 -28.54868 4 7.35974 -28.49405 4 7.6346
3 0 -28.49405 4 7.6346 -28.54868 4 7.35974 -27.83766 3.81878 7.45873
4 0 -28.22701 4 8.42238 -28.49405 4 7.6346 -27.83766 3.81878 7.45873 -27.25 3.75338 8.43
3 0 -28.22701 4 8.42238 -30.21641 4.64842 8.09608 -28.49405 4 7.6346
3 0 -34.17327 6 7.21264 -35.28 6.40525 6.83 -34.42941 6 5.92392
4 0 -30.54982 4.47812 4.02134 -32.56906 5.21876 4.28713 -30.53 4.43733 2.62 -29.30089 4 3.02138
3 0 -29.30089 4 3.02138 -30.53 4.43733 2.62 -29.37 3.99826 1.9
4 0 -28.41 3.75239 2.45 -29.30089 4 3.02138 -29.37 3.99826 1.9 -28.47 3.75099 1.46
4 0 -27.78 3.57999 2.2 -28.41 3.75239 2.45 -28.47 3.75099 1.46 -27.63 3.52453 1.32
4 0 -27.14 3.40863 2.16 -27.78 3.57999 2.2 -27.63 3.52453 1.32 -26.71 3.27955 1.34
4 0 -26.55 3.25323 2.27 -27.14 3.40863 2.16 -26.71 3.27955 1.34 -25.89 3.06721 1.7
4 0 -26.24 3.17724 2.65 -26.55 3.25323 2.27 -25.89 3.06721 1.7 -25.35 2.93375 2.3
4 0 -26.24 3.17724 2.65 -25.35 2.93375 2.3 -25.19 2.89882 2.74 -25.17735 2.90553 3.31415
3 0 -25.17735 2.90553 3.31415 -26.05 3.13237 2.98 -26.24 3.17724 2.65
3 0 -26.03512 3.13626 3.42706 -26.05 3.13237 2.98 -25.17735 2.90553 3.31415
4 0 -26.21 3.19996 3.77 -26.03512 3.13626 3.42706 -25.17735 2.90553 3.31415 -25.42 3.00852 4.07
4 0 -26.59 3.31754 4.115 -26.21 3.19996 3.77 -25.42 3.00852 4.07 -26.35 3.31533 5.28
4 0 -26.59 3.31754 4.115 -26.35 3.31533 5.28 -27.28 3.55181 5.14 -27.38 3.55145 4.63
3 0 -27.28 3.55181 5.14 -28.28 3.80976 5.06 -27.38 3.55145 4.63
4 0 -25.65 3.14643 5.56 -26.35 3.31533 5.28 -25.42 3.00852 4.07 -25.05 2.95581 4.92
4 0 -25.32 3.08077 5.96 -25.65 3.14643 5.56 -25.05 2.95581 4.92 -24.52 2.84554 5.47
4 0 -25.32 3.08077 5.96 -24.52 2.84554 5.47 -24.38 2.83854 6.04 -25.27 3.08329 6.26
4 0 -25.27 3.08329 6.26 -24.38 2.83854 6.04 -24.41 2.87141 6.52 -25.38 3.1288 6.58
3 0 -25.60521 3.20244 6.86057 -25.38 3.1288 6.58 -24.41 2.87141 6.52
4 0 -25.60521 3.20244 6.86057 -24.41 2.87141 6.52 -24.68 2.99654 7.19 -25.3 3.20408 7.78
4 0 -26.22 3.39489 7.29 -25.60521 3.20244 6.86057 -25.3 3.20408 7.78 -26.1 3.44602 8.24
4 0 -26.98 3.60354 7.48 -26.22 3.39489 7.29 -26.1 3.44602 8.24 -27.25 3.75338 8.43
3 0 -27.25 3.75338 8.43 -27.83766 3.81878 7.45873 -26.98 3.60354 7.48
4 0 -21.48715 2 4.49943 -25.05 2.95581 4.92 -25.42 3.00852 4.07 -21.75171 2 3.16829
4 0 -21.48715 2 4.49943 -21.75171 2 3.16829 -18.56814 1.45487 2.44416 -13.38125 .64228 3.58533
4 0 -13.38125 .64228 3.58533 -18.56814 1.45487 2.44416 -9.91445 0 1.30526 -9.65926 0 2.58819
3 0 -13.38125 .64228 3.58533 -9.65926 0 2.58819 -9.95 .08367 3.29
3 0 -18.56814 1.45487 2.44416 -10.47 .08361 .48 -9.91445 0 1.30526
4 0 -10 0 0 -9.91445 0 1.30526 -10.47 .08361 .48 -10.5 .08333 0
3 0 29.30015 4 3.03265 29.36156 4 2.10076 29.84 4.18738 2.66
4 0 28.04 3.63035 1.12 29.36156 4 2.10076 29.30015 4 3.03265 27.52097 3.53592 3.62264
4 0 26 3.06667 0 28.04 3.63035 1.12 27.52097 3.53592 3.62264 21.8108 2 2.871
4 0 21.8108 2 2.871 27.52097 3.53592 3.62264 24.91 2.88004 4.17 21.65078 2 3.67612
4 0 22.41 2.23412 4.35 21.65078 2 3.67612 24.91 2.88004 4.17 22.89 2.36879 4.52
3 0 21.8108 2 2.871 22 2 0 26 3.06667 0
4 0 23.85 2.51056 -.98 26 3.06667 0 22 2 0 21.96903 2 -.46994
3 0 21.96903 2 -.46994 23.27 2.35712 -1.05 23.85 2.51056 -.98
3 0 22 2 0 21.21 1.86833 0 21.96903 2 -.46994
4 0 20.11 1.69489 .9 21.21 1.86833 0 22 2 0 20.07 1.69821 1.81
4 0 20.79 1.82865 2.76 20.07 1.69821 1.81 22 2 0 21.8108 2 2.871
3 0 21.65078 2 3.67612 20.79 1.82865 2.76 21.8108 2 2.871
4 0 20.11 1.69489 .9 20.07 1.69821 1.81 16.73 1.14144 1.8 16.78 1.13604 .55
4 0 16.78 1.13604 .55 16.73 1.14144 1.8 14.95 .82873 .34 15.95 .99452 .26
4 0 12.2 .36689 .02 14.95 .82873 .34 14.58 .7831 1.8 13.5 .60277 1.77
4 0 9.239 0 3.827 9.65926 0 2.58819 10.14222 .08339 2.7176 9.70074 .08329 4.01818
3 0 12.2 .36689 .02 10 0 0 10.49 .08397 -.21
4 0 9.914 0 1.305 10 0 0 12.2 .36689 .02 13.5 .60277 1.77
3 0 13.5 .60277 1.77 10.33 .08329 1.77 9.914 0 1.305
4 0 10.33 .08329 1.77 10.14222 .08339 2.7176 9.65926 0 2.58819 9.914 0 1.305
4 0 10.49 .08397 -.21 10 0 0 9.91445 0 -1.30526 10.41017 .08342 -1.37053
4 0 16.78 1.13604 .55 15.95 .99452 .26 16.44 1.07333 0 17.17 1.19764 .24
3 0 17.17 1.19764 .24 16.44 1.07333 0 17.37 1.22833 0
4 0 17.37 1.22833 0 16.44 1.07333 0 16.83 1.1435 -.47 17.56 1.26725 -.66
4 0 17.56 1.26725 -.66 16.83 1.1435 -.47 16.86 1.15278 -.86 17.45 1.25671 -1.37
4 0 17.45 1.25671 -1.37 16.86 1.15278 -.86 16.64 1.12073 -1.28 17.15 1.21221 -1.87
4 0 16.62883 1.12885 -2.18889 17.15 1.21221 -1.87 16.64 1.12073 -1.28 16.34 1.07347 -1.53
4 0 16.62883 1.12885 -2.18889 16.34 1.07347 -1.53 15.91 1.00235 -1.58 15.14092 .87871 -1.99303
4 0 16.09 1.04484 -2.32 16.62883 1.12885 -2.18889 15.14092 .87871 -1.99303 15.5 .9446 -2.21
4 0 15.14092 .87871 -1.99303 15.91 1.00235 -1.58 15.53 .93737 -1.43 14.7 .8 -1.52
4 0 14.7 .8 -1.52 15.53 .93737 -1.43 15.24 .8852 -1.08 14.51 .76166 -.91
4 0 14.51 .76166 -.91 15.24 .8852 -1.08 15.17 .86892 -.66 14.56 .7634 -.31
4 0 14.56 .7634 -.31 15.17 .86892 -.66 15.38 .8982 -.14 14.72 .78667 0
3 0 15.55 .925 0 14.72 .78667 0 15.38 .8982 -.14
4 0 14.72 .78667 0 15.55 .925 0 15.95 .99452 .26 14.95 .82873 .34
4 0 15.3132 .90767 2.01571 14.44119 .76108 1.90092 14.58 .7831 1.8 15.74 .97644 1.8
4 0 15.74 .97644 1.8 14.95 .82873 .34 16.73 1.14144 1.8 16.14071 1.04679 2.12463
3 0 15.74 .97644 1.8 14.58 .7831 1.8 14.95 .82873 .34
4 0 16.14071 1.04679 2.12463 16.73 1.14144 1.8 16.95 1.18162 2.12 17.01995 1.1946 2.24037
4 0 16.41 1.10182 2.46 16.14071 1.04679 2.12463 17.01995 1.1946 2.24037 17.1 1.22561 2.79
4 0 16.48 1.1286 2.93 16.41 1.10182 2.46 17.1 1.22561 2.79 17.03 1.23433 3.41
4 0 16.33 1.119 3.39 16.48 1.1286 2.93 17.03 1.23433 3.41 16.72 1.2021 3.98
4 0 16 1.07405 3.67 16.33 1.119 3.39 16.72 1.2021 3.98 16.13455 1.11736 4.32304
4 0 15.5 .99409 3.73 16 1.07405 3.67 16.13455 1.11736 4.32304 14.48007 .83188 3.87974
4 0 14.9 .91709 4.23 14.48007 .83188 3.87974 16.13455 1.11736 4.32304 15.49 1.01846 4.38
4 0 15.04 .91287 3.55 15.5 .99409 3.73 14.48007 .83188 3.87974 14.17 .76611 3.42
4 0 14.82 .86478 3.18 15.04 .91287 3.55 14.17 .76611 3.42 14.08 .73281 2.85
4 0 14.83 .85242 2.75 14.82 .86478 3.18 14.08 .73281 2.85 14.19 .73292 2.3
4 0 15.04 .8712 2.27 14.83 .85242 2.75 14.19 .73292 2.3 14.44119 .76108 1.90092
3 0 15.04 .8712 2.27 14.44119 .76108 1.90092 15.3132 .90767 2.01571

4 15 -13.49451 1.42847 12.71782 -17.4548 2 13.3936 -11.17284 .68037 8.57326 -12.69336 1.27608 12.24745
4 15 -11.956 1.15142 11.956 -12.69336 1.27608 12.24745 -11.17284 .68037 8.57326 -9.96 .46938 8.04
3 15 -11.956 1.15142 11.956 -9.96 .46938 8.04 -9.26 .40907 8.29
4 15 -19.052 2 11 -19.13079 2 10.84039 -18.05 1.74569 9.59 -16.74644 1.55628 9.66885
4 15 -17.4548 2 13.3936 -19.052 2 11 -16.74644 1.55628 9.66885 -14.75 1.26604 9.53
3 15 -17.4548 2 13.3936 -14.75 1.26604 9.53 -13.21 1.02706 9.26
3 15 -17.4548 2 13.3936 -13.21 1.02706 9.26 -11.17284 .68037 8.57326
4 15 12.52284 .96441 9.61326 17.4548 2 13.3936 13.49451 1.42847 12.71782 12.69336 1.27608 12.24745
4 15 12.52284 .96441 9.61326 12.69336 1.27608 12.24745 11.956 1.15142 11.956 11.50642 .8014 9.29163
4 15 11.956 1.15142 11.956 9.26 .40907 8.29 9.54 .42658 8.13 10.46321 .61528 8.79082
4 15 18.62 1.87911 10.24 19.13079 2 10.84039 19.052 2 11 17.86515 1.77158 10.31475
4 15 16.59644 1.59292 10.28885 19.052 2 11 17.4548 2 13.3936 15.32 1.40549 10.18
3 15 17.4548 2 13.3936 13.78 1.16651 9.91 15.32 1.40549 10.18
3 15 17.4548 2 13.3936 12.52284 .96441 9.61326 13.78 1.16651 9.91
3 15 11.956 1.15142 11.956 10.46321 .61528 8.79082 11.50642 .8014 9.29163
3 15 19.052 2 11 16.59644 1.59292 10.28885 17.86515 1.77158 10.31475

3 5 -9.1999 2.54385 -22.21004 -10.32 2.76739 -22.59 -9.77982 2.94795 -23.61007
4 5 -7.53 2.31452 -21.87 -9.1999 2.54385 -22.21004 -9.77982 2.94795 -23.61007 -8.95 3.16273 -24.74
4 5 -7.53 2.31452 -21.87 -8.95 3.16273 -24.74 -7.9 3.35105 -25.84 -5.81961 2.12984 -21.7201
3 5 -5.81961 2.12984 -21.7201 -7.9 3.35105 -25.84 -7.1053 3.45461 -26.51858
4 5 -4.6 2.08987 -21.81 -5.81961 2.12984 -21.7201 -7.1053 3.45461 -26.51858 -3.6 2.1033 -22.06
4 5 -3.6 2.1033 -22.06 -7.1053 3.45461 -26.51858 -6.1 3.61231 -27.32 -4.93 3.70076 -27.89
4 5 -3.6 2.1033 -22.06 -4.93 3.70076 -27.89 -3.72993 3.75516 -28.33606 -2.93694 2.13474 -22.31172
4 5 -1.82 2.30132 -23.01 -2.93694 2.13474 -22.31172 -3.72993 3.75516 -28.33606 -0.73 2.51683 -23.89
4 5 -0.73 2.51683 -23.89 -3.72993 3.75516 -28.33606 -2.1 3.8289 -28.72 -0.75 3.83185 -28.82
4 5 -0.73 2.51683 -23.89 -0.75 3.83185 -28.82 0 3.816 -28.81 0 2.664 -24.49
4 5 0.65 2.88342 -25.27 0 2.664 -24.49 0 3.816 -28.81 1.45 3.80415 -28.67
4 5 0.9 2.89315 -25.29 0.65 2.88342 -25.27 1.45 3.80415 -28.67 2.6 3.75502 -28.41
4 5 0.9 2.89315 -25.29 2.6 3.75502 -28.41 3.68431 3.66193 -27.98943 0.95 2.83269 -25.06
4 5 0.95 2.83269 -25.06 3.68431 3.66193 -27.98943 2.91426 2.0884 -22.13944 1.77 2.1191 -22.33
4 5 0.63 2.6164 -24.27 0.95 2.83269 -25.06 1.77 2.1191 -22.33 0.79 2.17122 -22.59
4 5 0 2.376 -23.41 0.63 2.6164 -24.27 0.79 2.17122 -22.59 0 2.22133 -22.83
3 5 0 2.22133 -22.83 -0.42 2.29005 -23.06 0 2.376 -23.41
4 5 4.23 2.11777 -21.99 2.91426 2.0884 -22.13944 3.68431 3.66193 -27.98943 4.99 3.52564 -27.21
4 5 4.23 2.11777 -21.99 4.99 3.52564 -27.21 6.23 3.34385 -26.27 5.87046 2.18223 -21.90988
3 5 5.87046 2.18223 -21.90988 6.23 3.34385 -26.27 6.8724 3.21463 -25.64936
4 5 5.87046 2.18223 -21.90988 6.8724 3.21463 -25.64936 8.03 2.96991 -24.29 7.35 2.3497 -22.07
4 5 8.57 2.5556 -22.47 7.35 2.3497 -22.07 8.03 2.96991 -24.29 8.83 2.7652 -23.21
3 5 8.57 2.5556 -22.47 8.83 2.7652 -23.21 9.07 2.64912 -22.67

3 19 -19.13079 2 10.84039 -20.3258 2 8.4194 -18.05 1.74569 9.59
3 19 -9.26 .40907 8.29 -9.96 .46938 8.04 -8.33021 .08323 6.392
3 19 -11.17284 .68037 8.57326 -8.33021 .08323 6.392 -9.96 .46938 8.04
4 19 -9.09327 .08337 5.25 -8.33021 .08323 6.392 -11.17284 .68037 8.57326 -13.21 1.02706 9.26
4 19 -9.09327 .08337 5.25 -13.21 1.02706 9.26 -14.75 1.26604 9.53 -16.74644 1.55628 9.66885
4 19 -9.09327 .08337 5.25 -16.74644 1.55628 9.66885 -18.05 1.74569 9.59 -9.70074 .08329 4.01818
3 19 -18.05 1.74569 9.59 -20.3258 2 8.4194 -9.70074 .08329 4.01818
3 19 19.13079 2 10.84039 18.62 1.87911 10.24 20.3258 2 8.4194
3 19 9.26 .40907 8.29 8.33021 .08323 6.392 9.54 .42658 8.13
4 19 12.52284 .96441 9.61326 8.33021 .08323 6.392 9.09327 .08337 5.25 13.78 1.16651 9.91
4 19 15.32 1.40549 10.18 13.78 1.16651 9.91 9.09327 .08337 5.25 16.59644 1.59292 10.28885
4 19 18.62 1.87911 10.24 9.09327 .08337 5.25 9.70074 .08329 4.01818 20.3258 2 8.4194
4 19 8.33021 .08323 6.392 12.52284 .96441 9.61326 11.50642 .8014 9.29163 10.46321 .61528 8.79082
3 19 10.46321 .61528 8.79082 9.54 .42658 8.13 8.33021 .08323 6.392
3 19 17.86515 1.77158 10.31475 9.09327 .08337 5.25 18.62 1.87911 10.24
3 19 17.86515 1.77158 10.31475 16.59644 1.59292 10.28885 9.09327 .08337 5.25
4 19 -10.40328 3.38237 -25.11521 -12.59544 2.8509 -21.81531 -14.75 4 -25.547 -11.28965 4 -27.25505
4 19 0 4.24727 -30.18 -2.81 5.41643 -33.21 -1.14 5.42005 -33.33 0 5.39636 -33.34
4 19 2.12 4.2108 -29.94 0 4.24727 -30.18 0 5.39636 -33.34 1.49 5.37752 -33.19
3 19 -2.12 4.26171 -30.08 -2.81 5.41643 -33.21 0 4.24727 -30.18
4 19 -2.81 5.41643 -33.21 -2.12 4.26171 -30.08 -3.91966 4.19481 -29.77741 -4.33085 5.34059 -32.9012
4 19 -5.4 5.3053 -32.59 -4.33085 5.34059 -32.9012 -4.88 4.14958 -29.46 -6.75 5.21177 -32.06
4 19 0 6 -35 0 5.88364 -34.68 -1.19 5.89761 -34.64 -4.5675 6 -34.699
4 19 1.5 5.85049 -34.49 0 5.88364 -34.68 0 6 -35 4.5675 6 -34.699
3 19 -2.93 5.87749 -34.47 -4.5675 6 -34.699 -1.19 5.89761 -34.64
3 19 -5.9 5.71256 -33.63 -4.5675 6 -34.699 -4.49031 5.78491 -34.11259
4 19 -8.35447 5.01148 -31.18076 -6.75 5.21177 -32.06 -4.88 4.14958 -29.46 -6.42678 4 -28.73411
4 19 -4.5675 6 -34.699 -5.9 5.71256 -33.63 -7.4 5.5439 -32.86 -9.058 6 -33.8065
4 19 -9.058 6 -33.8065 -9.47 5.13137 -31.15 -9.76 5.00999 -30.7 -13.3945 6 -32.3365
3 19 -9.47 5.13137 -31.15 -9.058 6 -33.8065 -8.58389 5.33383 -32.037
4 19 2.12 4.2108 -29.94 1.49 5.37752 -33.19 3.19 5.29463 -32.85 3.87403 4.06767 -29.43079
3 19 4.44901 5.66982 -33.79881 2.91 5.79337 -34.24 4.5675 6 -34.699
3 19 2.91 5.79337 -34.24 1.5 5.85049 -34.49 4.5675 6 -34.699
4 19 4.58793 4 -29.09959 4.27695 5.19039 -32.49172 5.55 5.11937 -32.04 6.59 4.98236 -31.45
4 19 6.98 5.31389 -32.3 5.8 5.55176 -33.2 4.5675 6 -34.699 9.058 6 -33.8065
4 19 7.48 4.84185 -30.88 7.91 4.75087 -30.54 4.58793 4 -29.09959 6.59 4.98236 -31.45
3 19 8.14 4.8387 -30.74 7.69 5.09268 -31.54 9.058 6 -33.8065
3 19 7.69 5.09268 -31.54 6.98 5.31389 -32.3 9.058 6 -33.8065
4 19 4.58793 4 -29.09959 7.91 4.75087 -30.54 8.15992 4.73812 -30.45466 7.6346 4 -28.49405
3 19 8.15992 4.73812 -30.45466 8.14 4.8387 -30.74 9.058 6 -33.8065
3 19 4.58793 4 -29.09959 3.87403 4.06767 -29.43079 4.27695 5.19039 -32.49172
4 19 7.6346 4 -28.49405 11.28965 4 -27.25505 8.64 3.41453 -25.84 7.30302 3.65834 -27.25651
4 19 14.75 4 -25.547 11.07 2.76505 -22.21 9.96675 3.0782 -24.06135 11.28965 4 -27.25505
4 19 14.2 1.92007 -16.11 13.3936 2 -17.4548 15.5562 2 -15.5562 14.985 1.86537 -14.985
4 19 15.86 1.838 -13.74 14.985 1.86537 -14.985 15.5562 2 -15.5562 17.4548 2 -13.3936
3 19 16.72011 1.84567 -12.82985 15.86 1.838 -13.74 17.4548 2 -13.3936
3 19 -4.49031 5.78491 -34.11259 -4.5675 6 -34.699 -2.93 5.87749 -34.47
3 19 -4.88 4.14958 -29.46 -4.33085 5.34059 -32.9012 -3.91966 4.19481 -29.77741
3 19 3.87403 4.06767 -29.43079 3.19 5.29463 -32.85 4.27695 5.19039 -32.49172
3 19 5.99 3.87394 -28.34 4.58793 4 -29.09959 7.6346 4 -28.49405
3 19 7.30302 3.65834 -27.25651 5.99 3.87394 -28.34 7.6346 4 -28.49405
4 19 11.28965 4 -27.25505 7.6346 4 -28.49405 8.15992 4.73812 -30.45466 13.3945 6 -32.3365
3 19 8.15992 4.73812 -30.45466 9.058 6 -33.8065 13.3945 6 -32.3365
3 19 5.8 5.55176 -33.2 4.44901 5.66982 -33.79881 4.5675 6 -34.699
3 19 -8.58389 5.33383 -32.037 -9.058 6 -33.8065 -7.4 5.5439 -32.86
4 19 -13.3945 6 -32.3365 -9.76 5.00999 -30.7 -9.69 4.92932 -30.49 -11.28965 4 -27.25505
4 19 -11.28965 4 -27.25505 -9.69 4.92932 -30.49 -9.35 4.92406 -30.59 -7.6346 4 -28.49405
3 19 -7.6346 4 -28.49405 -9.35 4.92406 -30.59 -8.35447 5.01148 -31.18076
3 19 -7.6346 4 -28.49405 -8.35447 5.01148 -31.18076 -6.42678 4 -28.73411
3 19 -7.50891 3.87049 -28.02493 -7.6346 4 -28.49405 -6.42678 4 -28.73411
4 19 -11.28965 4 -27.25505 -7.6346 4 -28.49405 -7.50891 3.87049 -28.02493 -8.94 3.68324 -26.8
3 19 -10.40328 3.38237 -25.11521 -11.28965 4 -27.25505 -8.94 3.68324 -26.8
3 19 9.96675 3.0782 -24.06135 8.64 3.41453 -25.84 11.28965 4 -27.25505
4 19 -17.9596 4 -23.4053 -14.75 4 -25.547 -12.59544 2.8509 -21.81531 -14.21802 2.36111 -18.5292
4 19 -20.85945 4 -20.85945 -17.9596 4 -23.4053 -14.21802 2.36111 -18.5292 -15.5562 2 -15.5562
3 19 11.86184 2.45965 -20.54471 11.07 2.76505 -22.21 14.75 4 -25.547
4 19 11.86184 2.45965 -20.54471 14.75 4 -25.547 17.9596 4 -23.4053 13.3936 2 -17.4548
4 19 15.5562 2 -15.5562 13.3936 2 -17.4548 17.9596 4 -23.4053 20.85945 4 -20.85945
3 19 -17.85678 2 -12.79118 -17.4548 2 -13.3936 -17.21922 1.95051 -13.21283
4 19 -16.49 1.93581 -13.91 -17.21922 1.95051 -13.21283 -17.4548 2 -13.3936 -15.83 1.95434 -14.83
3 19 -17.4548 2 -13.3936 -15.5562 2 -15.5562 -15.83 1.95434 -14.83
4 19 17.95 1.91828 -11.77 16.72011 1.84567 -12.82985 17.4548 2 -13.3936 19.052 2 -11
4 19 -23.4053 4 -17.9596 -20.85945 4 -20.85945 -15.5562 2 -15.5562 -17.4548 2 -13.3936
4 19 -25.547 4 -14.75 -23.4053 4 -17.9596 -17.4548 2 -13.3936 -17.85678 2 -12.79118
3 19 -19.69419 2.19775 -11.37078 -25.547 4 -14.75 -17.85678 2 -12.79118
3 19 -20.87 2.36823 -10.43 -25.547 4 -14.75 -19.69419 2.19775 -11.37078
4 19 -25.547 4 -14.75 -20.87 2.36823 -10.43 -22.25065 2.55557 -9.21672 -27.25505 4 -11.28965
4 19 15.5562 2 -15.5562 20.85945 4 -20.85945 23.4053 4 -17.9596 17.4548 2 -13.3936
4 19 17.4548 2 -13.3936 23.4053 4 -17.9596 25.547 4 -14.75 19.052 2 -11
3 19 20.43 2.18946 -9.81 19.052 2 -11 25.547 4 -14.75
4 19 21.44114 2.32192 -8.8814 20.43 2.18946 -9.81 25.547 4 -14.75 27.25505 4 -11.28965
4 19 4.01818 .08329 -9.70074 2.7176 .08339 -10.14222 4.37705 1.15215 -16.33615 6.55256 1.18699 -15.81894
4 19 -2.22321 1.17268 -16.88958 0 1.14667 -16.88 0 .08333 -10.5 -1.37053 .08342 -10.41017
4 19 -5.25 .08337 -9.09327 -9.13296 1.37765 -15.81829 -6.8107 1.29941 -16.44214 -4.01818 .08329 -9.70074
4 19 -14.88 1.64117 -13.07 -13.735 1.57073 -13.735 -7.42462 .08335 -7.42462 -8.33021 .08323 -6.392
4 19 -17.15 1.78581 -11.54 -16.04244 1.70331 -12.30985 -8.33021 .08323 -6.392 -18.35779 1.8664 -10.59919
4 19 -2.22321 1.17268 -16.88958 -1.37053 .08342 -10.41017 -2.7176 .08339 -10.14222 -4.49808 1.23009 -16.78784
4 19 -4.49808 1.23009 -16.78784 -2.7176 .08339 -10.14222 -4.01818 .08329 -9.70074 -6.8107 1.29941 -16.44214
4 19 -6.392 .08323 -8.33021 -7.42462 .08335 -7.42462 -13.735 1.57073 -13.735 -12.59 1.52301 -14.36
3 19 -6.392 .08323 -8.33021 -12.59 1.52301 -14.36 -11.45651 1.4697 -14.93035
4 19 -6.392 .08323 -8.33021 -11.45651 1.4697 -14.93035 -9.13296 1.37765 -15.81829 -5.25 .08337 -9.09327
3 19 -8.33021 .08323 -6.392 -16.04244 1.70331 -12.30985 -14.88 1.64117 -13.07
3 19 -9.09327 .08337 -5.25 -18.35779 1.8664 -10.59919 -8.33021 .08323 -6.392
4 19 -18.35779 1.8664 -10.59919 -9.09327 .08337 -5.25 -9.70074 .08329 -4.01818 -19.8039 2 -9.47673
3 19 -9.70074 .08329 -4.01818 -20.3258 2 -8.4194 -19.8039 2 -9.47673
3 19 -20.3258 2 -8.4194 -20.74819 2.12192 -8.59436 -19.8039 2 -9.47673
4 19 -20.74819 2.12192 -8.59436 -20.3258 2 -8.4194 -21.2498 2 -5.6936 -22.64 2.45793 -6.93
3 19 -21.2498 2 -5.6936 -23.70431 2.67764 -6.35125 -22.64 2.45793 -6.93
4 19 0 .08333 -10.5 0 1.14667 -16.88 2.19345 1.13467 -16.66349 1.37053 .08342 -10.41017
4 19 2.7176 .08339 -10.14222 1.37053 .08342 -10.41017 2.19345 1.13467 -16.66349 4.37705 1.15215 -16.33615
4 19 5.25 .08337 -9.09327 4.01818 .08329 -9.70074 6.55256 1.18699 -15.81894 8.76467 1.25489 -15.1804
4 19 5.25 .08337 -9.09327 8.76467 1.25489 -15.1804 11.01108 1.34776 -14.34986 6.392 .08323 -8.33021
4 19 7.42462 .08335 -7.42462 6.392 .08323 -8.33021 11.01108 1.34776 -14.34986 12.38 1.4208 -13.73
3 19 7.42462 .08335 -7.42462 12.38 1.4208 -13.73 13.27 1.46113 -13.27
4 19 7.42462 .08335 -7.42462 13.27 1.46113 -13.27 14.47 1.53021 -12.53 15.48376 1.58595 -11.88116
3 19 8.33021 .08323 -6.392 7.42462 .08335 -7.42462 15.48376 1.58595 -11.88116
4 19 9.09327 .08337 -5.25 8.33021 .08323 -6.392 15.48376 1.58595 -11.88116 16.76 1.67786 -10.96
3 19 9.09327 .08337 -5.25 16.76 1.67786 -10.96 17.69477 1.73879 -10.21638
4 19 9.09327 .08337 -5.25 17.69477 1.73879 -10.21638 19.96575 1.93505 -8.27026 9.70074 .08329 -4.01818
4 19 10.14222 .08338 -2.7176 9.70074 .08329 -4.01818 19.96575 1.93505 -8.27026 20.54326 2 -7.77789
3 19 10.14222 .08338 -2.7176 20.54326 2 -7.77789 21.2498 2 -5.6936
3 19 21.2498 2 -5.6936 20.54326 2 -7.77789 21.73 2.20187 -6.63
3 19 21.2498 2 -5.6936 21.73 2.20187 -6.63 22.49036 2.34249 -6.02599
4 19 -24.41 2.95652 -7.52 -25.22 3.13321 -7.19 -25.78 3.33844 -7.93 -23.14 2.71574 -8.46
4 19 -23.14 2.71574 -8.46 -25.78 3.33844 -7.93 -26.12 3.48712 -8.66 -22.25065 2.55557 -9.21672
3 19 -26.12 3.48712 -8.66 -26.5 3.64678 -9.4 -22.25065 2.55557 -9.21672
4 19 -22.25065 2.55557 -9.21672 -26.5 3.64678 -9.4 -26.7 3.71456 -9.6 -27.25505 4 -11.28965
3 19 -27 3.78191 -9.5 -27.25505 4 -11.28965 -26.7 3.71456 -9.6
4 19 -27.25505 4 -11.28965 -27 3.78191 -9.5 -27.2 3.80679 -9.2 -28.49405 4 -7.6346
3 19 -28.49405 4 -7.6346 -27.2 3.80679 -9.2 -27.2 3.74673 -8.5
3 19 -28.49405 4 -7.6346 -27.2 3.74673 -8.5 -27.09 3.65883 -7.8
3 19 -26.89813 3.5594 -7.20699 -28.49405 4 -7.6346 -27.09 3.65883 -7.8
4 19 -28.49405 4 -7.6346 -26.89813 3.5594 -7.20699 -26.42 3.38577 -6.28 -29.2463 4 -3.84975
3 19 -29.2463 4 -3.84975 -26.42 3.38577 -6.28 -25.805 3.18836 -5.585
3 19 -29.2463 4 -3.84975 -25.805 3.18836 -5.585 -24.97 2.93953 -5.01
4 19 -29.2463 4 -3.84975 -24.97 2.93953 -5.01 -24.05 2.68223 -4.7 -21.8108 2 -2.871
3 19 -21.8108 2 -2.871 -24.05 2.68223 -4.7 -23.28 2.47675 -4.63
3 19 -21.8108 2 -2.871 -23.28 2.47675 -4.63 -22.67 2.32311 -4.75
4 19 -21.8108 2 -2.871 -22.67 2.32311 -4.75 -22.3 2.23915 -5 -21.2498 2 -5.6936
3 19 -22.3 2.23915 -5 -22.38 2.27314 -5.25 -21.2498 2 -5.6936
4 19 -21.2498 2 -5.6936 -22.38 2.27314 -5.25 -22.75 2.37898 -5.42 -23.70431 2.67764 -6.35125
4 19 -23.70431 2.67764 -6.35125 -22.75 2.37898 -5.42 -23.52 2.59592 -5.71 -24.17 2.79131 -6.19
4 19 -20.3258 2 -8.4194 -9.70074 .08329 -4.01818 -10.14222 .08338 -2.7176 -21.2498 2 -5.6936
4 19 -21.8108 2 -2.871 -21.2498 2 -5.6936 -10.14222 .08338 -2.7176 -10.41017 .08341 -1.37053
4 19 -21.8108 2 -2.871 -10.41017 .08341 -1.37053 -10.5 .08333 0 -22 2 0
4 19 -29.2463 4 -3.84975 -21.8108 2 -2.871 -22 2 0 -29.5 4 0
4 19 22.49036 2.34249 -6.02599 23.08 2.47278 -5.56 22.12 2.2003 -5.16 21.2498 2 -5.6936
3 19 21.38507 2 -5.013 21.2498 2 -5.6936 22.12 2.2003 -5.16
4 19 21.2498 2 -5.6936 21.38507 2 -5.013 21.01 1.93325 -4.85 10.14222 .08338 -2.7176
4 19 24.75 3.02027 -7.26 24.29978 2.84204 -6.5108 22.93 2.57336 -7.42 21.44114 2.32192 -8.8814
3 19 24.75 3.02027 -7.26 21.44114 2.32192 -8.8814 25.37 3.25697 -8.19
4 19 25.79 3.4036 -8.66 25.37 3.25697 -8.19 21.44114 2.32192 -8.8814 27.25505 4 -11.28965
3 19 26.1 3.47348 -8.56 25.79 3.4036 -8.66 27.25505 4 -11.28965
4 19 26.1 3.47348 -8.56 27.25505 4 -11.28965 28.49405 4 -7.6346 26.17 3.44572 -8.03
3 19 26.01207 3.31477 -6.96959 26.17 3.44572 -8.03 28.49405 4 -7.6346
4 19 26.01207 3.31477 -6.96959 28.49405 4 -7.6346 29.2463 4 -3.84975 25.52 3.12955 -5.89
3 19 29.2463 4 -3.84975 24.57 2.82947 -4.91 25.52 3.12955 -5.89
4 19 23.58 2.53871 -4.31 24.57 2.82947 -4.91 29.2463 4 -3.84975 21.8108 2 -2.871
3 19 21.8108 2 -2.871 22.5 2.24364 -4.08 23.58 2.53871 -4.31
3 19 21.8108 2 -2.871 21.54067 2 -4.23013 22.5 2.24364 -4.08
4 19 21.14 1.94217 -4.47 21.54067 2 -4.23013 21.8108 2 -2.871 16.62883 1.12885 -2.18889
4 19 -30.95 4.82922 6.95 -33.4 5.66232 6.35 -31.47 4.85666 4.72 -30.54982 4.47812 4.02134
4 19 -29.22 4.23216 7.25 -30.95 4.82922 6.95 -30.54982 4.47812 4.02134 -29.2463 4 3.84975
3 19 -28.54868 4 7.35974 -29.22 4.23216 7.25 -29.2463 4 3.84975
4 19 -28.54868 4 7.35974 -29.2463 4 3.84975 -28.28 3.80976 5.06 -27.83766 3.81878 7.45873
4 19 -27.83766 3.81878 7.45873 -28.28 3.80976 5.06 -27.28 3.55181 5.14 -26.35 3.31533 5.28
4 19 -27.83766 3.81878 7.45873 -26.35 3.31533 5.28 -25.65 3.14643 5.56 -25.32 3.08077 5.96
4 19 -27.83766 3.81878 7.45873 -25.32 3.08077 5.96 -25.27 3.08329 6.26 -25.38 3.1288 6.58
3 19 -27.83766 3.81878 7.45873 -25.38 3.1288 6.58 -25.60521 3.20244 6.86057
3 19 -30.54982 4.47812 4.02134 -29.30089 4 3.02138 -29.2463 4 3.84975
4 19 -29.2463 4 3.84975 -29.30089 4 3.02138 -28.41 3.75239 2.45 -27.78 3.57999 2.2
4 19 -29.2463 4 3.84975 -27.78 3.57999 2.2 -27.14 3.40863 2.16 -26.55 3.25323 2.27
4 19 -29.2463 4 3.84975 -26.55 3.25323 2.27 -26.24 3.17724 2.65 -26.05 3.13237 2.98
3 19 -29.2463 4 3.84975 -26.05 3.13237 2.98 -26.03512 3.13626 3.42706
4 19 -29.2463 4 3.84975 -26.03512 3.13626 3.42706 -26.21 3.19996 3.77 -26.59 3.31754 4.115
4 19 -27.38 3.55145 4.63 -28.28 3.80976 5.06 -29.2463 4 3.84975 -26.59 3.31754 4.115
4 19 -26.98 3.60354 7.48 -27.83766 3.81878 7.45873 -25.60521 3.20244 6.86057 -26.22 3.39489 7.29
3 19 -27.25505 4 11.28965 -28.22701 4 8.42238 -27.25 3.75338 8.43
3 19 -33.8065 6 9.058 -34.17327 6 7.21264 -32.16 5.31855 7.75
3 19 -27.25505 4 11.28965 -27.25 3.75338 8.43 -26.1 3.44602 8.24
3 19 -27.25505 4 11.28965 -26.1 3.44602 8.24 -25.3 3.20408 7.78
4 19 -27.25505 4 11.28965 -25.3 3.20408 7.78 -24.68 2.99654 7.19 -20.3258 2 8.4194
4 19 -24.41 2.87141 6.52 -24.38 2.83854 6.04 -21.48715 2 4.49943 -21.2498 2 5.6936
3 19 -24.38 2.83854 6.04 -24.52 2.84554 5.47 -21.48715 2 4.49943
3 19 -24.52 2.84554 5.47 -25.05 2.95581 4.92 -21.48715 2 4.49943
4 19 -25.19 2.89882 2.74 -25.35 2.93375 2.3 -22 2 0 -21.8108 2 2.871
3 19 -25.35 2.93375 2.3 -25.89 3.06721 1.7 -22 2 0
3 19 -25.89 3.06721 1.7 -26.71 3.27955 1.34 -22 2 0
4 19 -22 2 0 -26.71 3.27955 1.34 -27.63 3.52453 1.32 -29.5 4 0
3 19 -28.47 3.75099 1.46 -29.5 4 0 -27.63 3.52453 1.32
3 19 -29.37 3.99826 1.9 -29.5 4 0 -28.47 3.75099 1.46
4 19 -35 6 0 -29.5 4 0 -30.53 4.43733 2.62 -32.56906 5.21876 4.28713
3 19 -34.699 6 4.5675 -35 6 0 -32.56906 5.21876 4.28713
4 19 -34.699 6 4.5675 -34.42941 6 5.92392 -35.28 6.40525 6.83 -38.36892 7.48072 5.05136
4 19 -38.36892 7.48072 5.05136 -35.28 6.40525 6.83 -33.8065 6 9.058 -37.38133 7.48047 10.0163
4 19 -10.5 .08333 0 -10.47 .08361 .48 -18.56814 1.45487 2.44416 -22 2 0
4 19 -13.38125 .64228 3.58533 -9.95 .08367 3.29 -9.70074 .08329 4.01818 -20.3258 2 8.4194
3 19 -34.42941 6 5.92392 -34.699 6 4.5675 -32.56906 5.21876 4.28713
3 19 -33.8065 6 9.058 -35.28 6.40525 6.83 -34.17327 6 7.21264
3 19 -33.8065 6 9.058 -32.16 5.31855 7.75 -30.21641 4.64842 8.09608
4 19 -32.3365 6 13.3945 -33.8065 6 9.058 -30.21641 4.64842 8.09608 -28.22701 4 8.42238
3 19 -32.3365 6 13.3945 -28.22701 4 8.42238 -27.25505 4 11.28965
4 19 -20.3258 2 8.4194 -24.68 2.99654 7.19 -24.41 2.87141 6.52 -21.2498 2 5.6936
3 19 -21.2498 2 5.6936 -21.48715 2 4.49943 -13.38125 .64228 3.58533
3 19 -20.3258 2 8.4194 -21.2498 2 5.6936 -13.38125 .64228 3.58533
4 19 -25.17735 2.90553 3.31415 -21.8108 2 2.871 -21.75171 2 3.16829 -25.42 3.00852 4.07
3 19 -21.75171 2 3.16829 -21.8108 2 2.871 -18.56814 1.45487 2.44416
3 19 -21.8108 2 2.871 -22 2 0 -18.56814 1.45487 2.44416
3 19 -30.53 4.43733 2.62 -29.5 4 0 -29.37 3.99826 1.9
3 19 -25.17735 2.90553 3.31415 -25.19 2.89882 2.74 -21.8108 2 2.871
4 19 16 1.07405 3.67 15.5 .99409 3.73 15.04 .91287 3.55 16.33 1.119 3.39
4 19 15.04 .91287 3.55 14.82 .86478 3.18 14.83 .85242 2.75 16.33 1.119 3.39
4 19 16.33 1.119 3.39 14.83 .85242 2.75 15.04 .8712 2.27 16.48 1.1286 2.93
4 19 16.41 1.10182 2.46 16.48 1.1286 2.93 15.04 .8712 2.27 15.3132 .90767 2.01571
3 19 16.41 1.10182 2.46 15.3132 .90767 2.01571 16.14071 1.04679 2.12463
3 19 15.95 .99452 .26 15.55 .925 0 16.44 1.07333 0
4 19 16.44 1.07333 0 15.55 .925 0 15.38 .8982 -.14 15.17 .86892 -.66
4 19 16.83 1.1435 -.47 16.44 1.07333 0 15.17 .86892 -.66 15.24 .8852 -1.08
4 19 16.86 1.15278 -.86 16.83 1.1435 -.47 15.24 .8852 -1.08 15.53 .93737 -1.43
4 19 16.64 1.12073 -1.28 16.86 1.15278 -.86 15.53 .93737 -1.43 15.91 1.00235 -1.58
3 19 16.64 1.12073 -1.28 15.91 1.00235 -1.58 16.34 1.07347 -1.53
4 19 20.11 1.69489 .9 17.17 1.19764 .24 17.37 1.22833 0 21.21 1.86833 0
3 19 20.11 1.69489 .9 16.78 1.13604 .55 17.17 1.19764 .24
3 19 21.21 1.86833 0 17.37 1.22833 0 17.56 1.26725 -.66
4 19 17.01995 1.1946 2.24037 16.95 1.18162 2.12 20.07 1.69821 1.81 20.79 1.82865 2.76
3 19 16.95 1.18162 2.12 16.73 1.14144 1.8 20.07 1.69821 1.81
3 19 17.03 1.23433 3.41 17.1 1.22561 2.79 20.79 1.82865 2.76
4 19 16.72 1.2021 3.98 17.03 1.23433 3.41 20.79 1.82865 2.76 21.65078 2 3.67612
4 19 10.14222 .08339 2.7176 14.48007 .83188 3.87974 14.9 .91709 4.23 9.70074 .08329 4.01818
3 19 14.08 .73281 2.85 10.33 .08329 1.77 14.19 .73292 2.3
3 19 14.17 .76611 3.42 10.33 .08329 1.77 14.08 .73281 2.85
4 19 14.44119 .76108 1.90092 14.19 .73292 2.3 10.33 .08329 1.77 13.5 .60277 1.77
4 19 9.70074 .08329 4.01818 14.9 .91709 4.23 15.49 1.01846 4.38 20.3258 2 8.4194
4 19 15.5 .9446 -2.21 15.14092 .87871 -1.99303 10.41017 .08342 -1.37053 10.14222 .08338 -2.7176
3 19 10.49 .08397 -.21 14.51 .76166 -.91 14.56 .7634 -.31
4 19 14.7 .8 -1.52 14.51 .76166 -.91 10.49 .08397 -.21 10.41017 .08342 -1.37053
3 19 14.95 .82873 .34 12.2 .36689 .02 14.72 .78667 0
4 19 10.49 .08397 -.21 14.56 .7634 -.31 14.72 .78667 0 12.2 .36689 .02
3 19 10.41017 .08342 -1.37053 15.14092 .87871 -1.99303 14.7 .8 -1.52
4 19 14.48007 .83188 3.87974 10.14222 .08339 2.7176 10.33 .08329 1.77 14.17 .76611 3.42
3 19 16.14071 1.04679 2.12463 15.3132 .90767 2.01571 15.74 .97644 1.8
3 19 14.44119 .76108 1.90092 13.5 .60277 1.77 14.58 .7831 1.8
3 19 17.1 1.22561 2.79 17.01995 1.1946 2.24037 20.79 1.82865 2.76
4 19 21.21 1.86833 0 17.56 1.26725 -.66 17.45 1.25671 -1.37 21.96903 2 -.46994
4 19 21.8108 2 -2.871 21.96903 2 -.46994 17.45 1.25671 -1.37 17.15 1.21221 -1.87
3 19 17.15 1.21221 -1.87 16.62883 1.12885 -2.18889 21.8108 2 -2.871
4 19 21.01 1.93325 -4.85 21.14 1.94217 -4.47 16.62883 1.12885 -2.18889 16.09 1.04484 -2.32
4 19 10.14222 .08338 -2.7176 21.01 1.93325 -4.85 16.09 1.04484 -2.32 15.5 .9446 -2.21
3 19 21.2498 2 5.6936 21.65078 2 3.67612 22.41 2.23412 4.35
4 19 21.2498 2 5.6936 22.41 2.23412 4.35 22.89 2.36879 4.52 28.49405 4 7.6346
3 19 28.49405 4 7.6346 22.89 2.36879 4.52 24.91 2.88004 4.17
4 19 28.49405 4 7.6346 24.91 2.88004 4.17 27.52097 3.53592 3.62264 29.2463 4 3.84975
3 19 29.2463 4 3.84975 27.52097 3.53592 3.62264 29.30015 4 3.03265
4 19 34.699 6 4.5675 29.2463 4 3.84975 29.30015 4 3.03265 29.84 4.18738 2.66
4 19 35 6 0 34.699 6 4.5675 29.84 4.18738 2.66 29.36156 4 2.10076
3 19 29.36156 4 2.10076 29.5 4 0 35 6 0
3 19 29.36156 4 2.10076 28.04 3.63035 1.12 29.5 4 0
3 19 28.04 3.63035 1.12 26 3.06667 0 29.5 4 0
4 19 29.2463 4 -3.84975 29.5 4 0 26 3.06667 0 23.85 2.51056 -.98
4 19 29.2463 4 -3.84975 23.85 2.51056 -.98 23.27 2.35712 -1.05 21.8108 2 -2.871
3 19 21.96903 2 -.46994 21.8108 2 -2.871 23.27 2.35712 -1.05
4 19 28.49405 4 7.6346 29.2463 4 3.84975 34.699 6 4.5675 33.8065 6 9.058
4 19 33.8065 6 9.058 34.699 6 4.5675 38.36892 7.48072 5.05136 37.38133 7.48045 10.0163
4 19 27.25505 4 11.28965 28.49405 4 7.6346 33.8065 6 9.058 32.3365 6 13.3945
4 19 27.25505 4 11.28965 20.3258 2 8.4194 21.2498 2 5.6936 28.49405 4 7.6346
4 19 20.3258 2 8.4194 15.49 1.01846 4.38 16.13455 1.11736 4.32304 21.2498 2 5.6936
4 19 21.2498 2 5.6936 16.13455 1.11736 4.32304 16.72 1.2021 3.98 21.65078 2 3.67612