0 Dish  8 x  8 Inverted Solid Studs with SW TIE Interceptor Hatch Pattern
0 Name: 3961ps1.dat
0 Author: Fredrik Hareide [fhareide]
0 !LDRAW_ORG Unofficial_Part
0 !LICENSE Licensed under CC BY 4.0 : see CAreadme.txt

0 BFC CERTIFY CCW

0 !CATEGORY Dish
0 !KEYWORDS BrickLink 3961pb05, Rebrickable 3961pr9993, Set 75382, Star Wars

1 16 0 0 0 0 0 1 0 1 0 -1 0 0 s\3961s01.dat
1 16 0 0 0 1 0 0 0 1 0 0 0 1 stug-2x2.dat

1 16 0 0 0 1 0 0 0 1 0 0 0 1 s\3961ps1s01.dat
1 16 0 0 0 -1 0 0 0 1 0 0 0 1 s\3961ps1s01.dat

0 // Black
4 0 -40.687 9.922 47.452 -40.848 9.975 47.512 -41.38 9.786 46.326 -37.938 9 46.366
4 0 -35.699 8.623 46.651 -35.7 9 48.156 -36.528 9 47.604 -35.733 8.608 46.569
4 0 29.547 8.261 49.306 29.627 8.222 49.099 30.407 8.523 49.779 30.112 8.552 50.092
4 0 -36.644 9 47.503 -35.968 8.614 46.389 -35.733 8.608 46.569 -36.528 9 47.604
4 0 21.504 7.153 49.301 21.694 7.201 49.387 20.855 7.287 50.119 20.563 7.119 49.642
4 0 -40.815 11.664 53.875 -40.632 11.652 53.957 -41.379 12.017 54.708 -41.649 11.944 54.277
4 0 -40.905 10.031 47.673 -40.896 11.511 53.297 -41.649 11.944 54.277 -41.625 9.906 46.567
4 0 -41.625 9.906 46.567 -41.56 9.845 46.391 -41.38 9.786 46.326 -40.848 9.975 47.512
3 0 -36.644 9 47.503 -36.837 9.029 47.444 -37.938 9 46.366
3 0 -36.837 9.029 47.444 -40.687 9.922 47.452 -37.938 9 46.366
3 0 -41.625 9.906 46.567 -40.848 9.975 47.512 -40.905 10.031 47.673
4 0 28.923 8.354 50.095 28.521 8.112 49.398 29.36 8.251 49.39 30.112 8.552 50.092
3 0 30.112 8.552 50.092 30.407 8.523 49.779 30.324 8.565 50.005
4 0 29.704 6.659 42.798 30.505 6.498 41.618 30.407 8.523 49.779 29.627 8.222 49.099
4 0 30.211 6.374 41.317 30.422 6.43 41.402 30.505 6.498 41.618 29.626 6.603 42.624
3 0 29.626 6.603 42.624 30.505 6.498 41.618 29.704 6.659 42.798
4 0 24.578 5.747 42.568 23.873 5.324 41.348 30.211 6.374 41.317 29.435 6.553 42.554
3 0 29.435 6.553 42.554 30.211 6.374 41.317 29.626 6.603 42.624
3 0 29.547 8.261 49.306 30.112 8.552 50.092 29.36 8.251 49.39
3 0 -35.968 8.614 46.389 -35.778 8.593 46.462 -35.733 8.608 46.569
3 0 -36.644 9 47.503 -37.938 9 46.366 -35.968 8.614 46.389
4 0 23.873 5.324 41.348 24.578 5.747 42.568 21.65 5.359 42.577 20.9 4.932 41.363
4 0 20.603 4.973 41.661 20.687 4.926 41.447 20.9 4.932 41.363 21.464 5.354 42.649
4 0 20.563 7.119 49.642 20.603 4.973 41.661 21.386 5.39 42.82 21.428 7.087 49.095
3 0 20.563 7.119 49.642 21.428 7.087 49.095 21.504 7.153 49.301
4 0 28.521 8.112 49.398 28.923 8.354 50.095 25.503 7.901 50.105 25.509 7.719 49.424
3 0 21.65 5.359 42.577 21.464 5.354 42.649 20.9 4.932 41.363
4 0 25.503 7.901 50.105 20.855 7.287 50.119 21.694 7.201 49.387 25.509 7.719 49.424
3 0 21.464 5.354 42.649 21.386 5.39 42.82 20.603 4.973 41.661
3 0 -41.649 11.944 54.277 -40.896 11.511 53.297 -40.896 11.625 53.686
4 0 -41.649 11.992 54.44 -41.649 11.944 54.277 -41.379 12.017 54.708 -41.569 12.031 54.629
3 0 -40.815 11.664 53.875 -41.649 11.944 54.277 -40.896 11.625 53.686
4 0 -36.821 10.908 53.947 -35.957 10.948 54.661 -41.379 12.017 54.708 -40.632 11.652 53.957
4 0 -35.707 10.825 54.408 -35.779 10.893 54.592 -35.957 10.948 54.661 -36.658 10.857 53.881
3 0 -36.658 10.857 53.881 -35.957 10.948 54.661 -36.821 10.908 53.947
4 0 -35.7 9 48.156 -35.707 10.825 54.408 -36.592 10.795 53.712 -36.528 9 47.604
3 0 -36.592 10.795 53.712 -35.707 10.825 54.408 -36.658 10.857 53.881

4 72 44.744 10.147 44.744 44.786 12.124 52.207 36.528 9 47.604 42.426 9 42.426
4 72 40.513 12.195 55.896 34.445 12.112 59.66 30 9 51.96 36.528 9 47.604
4 72 34.03 12.128 59.917 26.358 12.106 63.632 22.962 9 55.434 30 9 51.96
4 72 25.711 12.137 63.945 17.83 12.113 66.545 15.528 9 57.954 22.962 9 55.434
4 72 -25.711 12.137 63.945 -26.358 12.106 63.632 -22.962 9 55.434 -15.528 9 57.954
4 72 -34.03 12.128 59.917 -34.445 12.112 59.66 -30 9 51.96 -22.962 9 55.434
4 72 -41.379 12.017 54.708 -35.957 10.948 54.661 -40.513 12.195 55.896 -42.02 12.157 54.761
4 72 -40.905 10.031 47.673 -40.848 9.975 47.512 -40.687 9.922 47.452 -36.837 9.029 47.444
3 72 -44.716 9 39.818 -42.426 9 42.426 -44.744 10.147 44.744
4 72 42.426 9 42.426 35.219 5.942 35.219 44.184 7.963 35.197 44.716 9 39.818
4 72 -42.426 9 42.426 -41.38 9.786 46.326 -41.56 9.845 46.391 -44.744 10.147 44.744
4 72 -15.438 3.102 37.269 -22.962 9 55.434 -20.355 3.213 35.255 -18.747 3 35.259
4 72 15.437 3 36.892 15.436 2.826 35.6 15.758 2.802 35.266 18.747 3 35.259
4 72 -15.464 12.057 66.852 -15.541 12.122 67.025 -15.724 12.147 67.062 -17.17 12.143 66.763
4 72 35.219 5.942 35.219 42.426 9 42.426 36.528 9 47.604 27.04 4.324 35.238
4 72 -30 9 51.96 -35.699 8.623 46.651 -27.04 4.324 35.238 -20.355 3.213 35.255
3 72 36.528 9 47.604 30.407 8.523 49.779 30.505 6.498 41.618
4 72 24.578 5.747 42.568 29.435 6.553 42.554 29.704 6.659 42.798 28.521 8.112 49.398
3 72 44.744 10.147 44.744 42.426 9 42.426 44.716 9 39.818
4 72 17.83 12.113 66.545 17.17 12.143 66.763 15.464 12.057 66.852 15.528 9 57.954
4 72 -35.778 8.593 46.462 -35.968 8.614 46.389 -35.219 5.942 35.219 -27.04 4.324 35.238
3 72 20.355 3.213 35.255 23.873 5.324 41.348 20.9 4.932 41.363
4 72 25.509 7.719 49.424 21.694 7.201 49.387 21.428 7.087 49.095 24.578 5.747 42.568
4 72 22.962 9 55.434 20.855 7.287 50.119 25.503 7.901 50.105 30 9 51.96
4 72 -15.758 2.802 35.266 -15.511 2.792 35.313 -15.436 2.826 35.6 -15.437 3 36.892
4 72 -42.426 9 42.426 -44.716 9 39.818 -44.184 7.963 35.197 -35.219 5.942 35.219
4 72 -36.592 10.795 53.712 -36.821 10.908 53.947 -40.896 11.511 53.297 -36.528 9 47.604
3 72 20.563 7.119 49.642 15.528 9 57.954 15.438 3.102 37.269
3 72 -15.438 3.102 37.269 -15.528 9 57.954 -22.962 9 55.434
4 72 42.02 12.157 54.761 36.528 9 47.604 44.786 12.124 52.207 44.342 12.233 53.011
3 72 44.636 12.224 52.717 44.342 12.233 53.011 44.786 12.124 52.207
3 72 36.528 9 47.604 42.02 12.157 54.761 40.513 12.195 55.896
3 72 34.03 12.128 59.917 30 9 51.96 34.445 12.112 59.66
3 72 26.358 12.106 63.632 25.711 12.137 63.945 22.962 9 55.434
3 72 -15.528 9 57.954 -17.83 12.113 66.545 -25.711 12.137 63.945
3 72 -34.03 12.128 59.917 -22.962 9 55.434 -26.358 12.106 63.632
4 72 -30 9 51.96 -34.445 12.112 59.66 -35.707 10.825 54.408 -35.7 9 48.156
3 72 -40.513 12.195 55.896 -35.957 10.948 54.661 -34.445 12.112 59.66
3 72 -42.02 12.157 54.761 -41.569 12.031 54.629 -41.379 12.017 54.708
3 72 -41.649 11.992 54.44 -42.02 12.157 54.761 -41.649 11.944 54.277
3 72 -41.569 12.031 54.629 -42.02 12.157 54.761 -41.649 11.992 54.44
3 72 -34.445 12.112 59.66 -35.779 10.893 54.592 -35.707 10.825 54.408
3 72 -34.445 12.112 59.66 -35.957 10.948 54.661 -35.779 10.893 54.592
4 72 -36.528 9 47.604 -40.896 11.511 53.297 -36.837 9.029 47.444 -36.644 9 47.503
3 72 -40.905 10.031 47.673 -36.837 9.029 47.444 -40.896 11.511 53.297
4 72 44.692 8.166 35.64 44.716 9 39.818 44.184 7.963 35.197 44.521 8.065 35.328
4 72 -41.649 11.944 54.277 -42.02 12.157 54.761 -44.342 12.233 53.011 -44.786 12.124 52.207
4 72 -41.625 9.906 46.567 -41.649 11.944 54.277 -44.786 12.124 52.207 -44.744 10.147 44.744
3 72 -44.786 12.124 52.207 -44.342 12.233 53.011 -44.636 12.224 52.717
3 72 -41.625 9.906 46.567 -44.744 10.147 44.744 -41.56 9.845 46.391
3 72 -42.426 9 42.426 -37.938 9 46.366 -41.38 9.786 46.326
3 72 -15.438 3.102 37.269 -18.747 3 35.259 -15.437 3 36.892
3 72 -20.355 3.213 35.255 -22.962 9 55.434 -30 9 51.96
3 72 15.511 2.792 35.313 15.758 2.802 35.266 15.436 2.826 35.6
4 72 -17.83 12.113 66.545 -15.528 9 57.954 -15.464 12.057 66.852 -17.17 12.143 66.763
3 72 -27.04 4.324 35.238 -35.699 8.623 46.651 -35.733 8.608 46.569
3 72 -35.699 8.623 46.651 -30 9 51.96 -35.7 9 48.156
4 72 23.873 5.324 41.348 20.355 3.213 35.255 27.04 4.324 35.238 30.211 6.374 41.317
3 72 30 9 51.96 28.923 8.354 50.095 30.112 8.552 50.092
3 72 30 9 51.96 30.112 8.552 50.092 30.324 8.565 50.005
3 72 30.422 6.43 41.402 30.211 6.374 41.317 27.04 4.324 35.238
3 72 30.422 6.43 41.402 27.04 4.324 35.238 36.528 9 47.604
4 72 36.528 9 47.604 30 9 51.96 30.324 8.565 50.005 30.407 8.523 49.779
3 72 30.422 6.43 41.402 36.528 9 47.604 30.505 6.498 41.618
4 72 29.36 8.251 49.39 28.521 8.112 49.398 29.627 8.222 49.099 29.547 8.261 49.306
3 72 29.704 6.659 42.798 29.627 8.222 49.099 28.521 8.112 49.398
3 72 29.626 6.603 42.624 29.704 6.659 42.798 29.435 6.553 42.554
4 72 15.724 12.147 67.062 15.541 12.122 67.025 15.464 12.057 66.852 17.17 12.143 66.763
3 72 -27.04 4.324 35.238 -35.733 8.608 46.569 -35.778 8.593 46.462
4 72 -42.426 9 42.426 -35.219 5.942 35.219 -35.968 8.614 46.389 -37.938 9 46.366
4 72 15.438 3.102 37.269 15.437 3 36.892 18.747 3 35.259 20.687 4.926 41.447
3 72 20.603 4.973 41.661 20.563 7.119 49.642 15.438 3.102 37.269
3 72 20.687 4.926 41.447 20.603 4.973 41.661 15.438 3.102 37.269
4 72 20.687 4.926 41.447 18.747 3 35.259 20.355 3.213 35.255 20.9 4.932 41.363
3 72 25.509 7.719 49.424 24.578 5.747 42.568 28.521 8.112 49.398
4 72 21.65 5.359 42.577 24.578 5.747 42.568 21.386 5.39 42.82 21.464 5.354 42.649
3 72 24.578 5.747 42.568 21.428 7.087 49.095 21.386 5.39 42.82
3 72 21.694 7.201 49.387 21.504 7.153 49.301 21.428 7.087 49.095
3 72 25.503 7.901 50.105 28.923 8.354 50.095 30 9 51.96
3 72 22.962 9 55.434 20.563 7.119 49.642 20.855 7.287 50.119
3 72 -18.747 3 35.259 -15.758 2.802 35.266 -15.437 3 36.892
4 72 -44.692 8.166 35.64 -44.521 8.065 35.328 -44.184 7.963 35.197 -44.716 9 39.818
4 72 -40.896 11.625 53.686 -40.896 11.511 53.297 -40.632 11.652 53.957 -40.815 11.664 53.875
3 72 -36.821 10.908 53.947 -40.632 11.652 53.957 -40.896 11.511 53.297
3 72 -36.658 10.857 53.881 -36.821 10.908 53.947 -36.592 10.795 53.712
3 72 22.962 9 55.434 15.528 9 57.954 20.563 7.119 49.642

5 24 0 0 20 0 3 40 3.902 0 19.616 -3.902 0 19.616
5 24 0 3 40 5.221 3 39.658 1.308 0 19.957 3.924 9 59.872
5 24 0 3 40 0 9 60 7.804 3 39.231 -7.804 3 39.231
5 24 0 9 60 7.832 9 59.487 2.616 3 39.914 5.232 16 79.829
5 24 0 9 60 0 16 80 11.705 9 58.847 -11.705 9 58.847
5 24 2.611 0 19.829 5.221 3 39.658 6.429 0 18.939 -1.308 0 19.957
5 24 5.221 3 39.658 10.353 3 38.637 3.902 0 19.616 11.705 9 58.848
5 24 5.221 3 39.658 7.832 9 59.487 12.858 3 37.877 -2.617 3 39.914
5 24 7.832 9 59.487 15.53 9 57.956 7.803 3 39.231 15.607 16 78.463
5 24 7.832 9 59.487 10.442 16 79.316 19.286 9 56.816 -3.924 9 59.871
5 24 5.176 0 19.318 10.353 3 38.637 8.846 0 17.938 1.308 0 19.957
5 24 10.353 3 38.637 15.307 3 36.955 6.429 0 18.938 19.286 9 56.816
5 24 10.353 3 38.637 15.529 9 57.955 17.692 3 35.874 2.616 3 39.914
5 24 15.529 9 57.955 22.962 9 55.433 12.857 3 37.877 25.715 16 75.755
5 24 15.529 9 57.955 20.706 16 77.274 26.537 9 53.812 3.925 9 59.871
5 24 7.654 0 18.478 15.307 3 36.955 11.112 0 16.63 3.902 0 19.616
5 24 15.307 3 36.955 20 3 34.641 8.846 0 17.937 26.537 9 53.813
5 24 15.307 3 36.955 22.961 9 55.433 22.223 3 33.258 7.803 3 39.231
5 24 22.961 9 55.433 30 9 51.962 17.691 3 35.875 35.383 16 71.75
5 24 22.961 9 55.433 30.615 16 73.91 33.334 9 49.888 11.706 9 58.847
5 24 10 0 17.32 20 3 34.641 13.187 0 15.037 6.429 0 18.939
5 24 20 3 34.641 24.35 3 31.734 11.111 0 16.629 33.334 9 49.889
5 24 20 3 34.641 30 9 51.961 26.374 3 30.073 12.857 3 37.877
5 24 30 9 51.961 36.526 9 47.601 22.222 3 33.258 44.446 16 66.518
5 24 30 9 51.961 40 16 69.282 39.56 9 45.111 19.287 9 56.815
5 24 12.175 0 15.867 24.35 3 31.734 15.037 0 13.187 8.846 0 17.938
5 24 24.35 3 31.734 28.284 3 28.285 13.187 0 15.037 39.561 9 45.111
5 24 24.35 3 31.734 36.526 9 47.601 30.074 3 26.373 17.691 3 35.875
5 24 36.526 9 47.601 42.427 9 42.426 26.373 3 30.073 52.748 16 60.148
5 24 36.526 9 47.601 48.701 16 63.468 45.11 9 39.561 26.538 9 53.812
5 24 14.142 0 14.142 28.284 3 28.284 16.63 0 11.111 11.111 0 16.63
5 24 28.284 3 28.284 31.734 3 24.351 15.037 0 13.187 45.111 9 39.561
5 24 28.284 3 28.284 42.426 9 42.426 33.259 3 22.222 22.222 3 33.259
5 24 42.426 9 42.426 47.602 9 36.526 30.073 3 26.374 60.147 16 52.748
5 24 42.426 9 42.426 56.568 16 56.568 49.888 9 33.334 33.334 9 49.888
5 24 15.867 0 12.175 31.734 3 24.35 17.938 0 8.846 13.187 0 15.037
5 24 31.734 3 24.35 34.641 3 20 16.629 0 11.111 49.888 9 33.335
5 24 31.734 3 24.35 47.601 9 36.526 35.875 3 17.691 26.373 3 30.074
5 24 47.601 9 36.526 51.962 9 30 33.258 3 22.223 66.518 16 44.446
5 24 47.601 9 36.526 63.468 16 48.701 53.812 9 26.538 39.561 9 45.11
5 24 17.32 0 10 34.641 3 20 18.939 0 6.429 15.037 0 13.187
5 24 34.641 3 20 36.955 3 15.307 17.937 0 8.846 53.813 9 26.538
5 24 34.641 3 20 51.961 9 30 37.877 3 12.857 30.073 3 26.374
5 24 51.961 9 30 55.433 9 22.961 35.874 3 17.692 71.75 16 35.383
5 24 51.961 9 30 69.282 16 40 56.815 9 19.287 45.111 9 39.56
5 24 18.478 0 7.654 36.955 3 15.307 19.616 0 3.902 16.63 0 11.112
5 24 36.955 3 15.307 38.637 3 10.353 18.938 0 6.429 56.816 9 19.287
5 24 36.955 3 15.307 55.433 9 22.961 39.231 3 7.803 33.258 3 22.223
5 24 55.433 9 22.961 57.956 9 15.529 37.877 3 12.858 75.755 16 25.715
5 24 55.433 9 22.961 73.91 16 30.615 58.847 9 11.706 49.888 9 33.334
5 24 19.318 0 5.176 38.637 3 10.353 19.957 0 1.308 17.938 0 8.846
5 24 38.637 3 10.353 39.658 3 5.221 19.616 0 3.902 58.847 9 11.706
5 24 38.637 3 10.353 57.955 9 15.529 39.914 3 2.616 35.874 3 17.692
5 24 57.955 9 15.529 59.487 9 7.831 39.231 3 7.804 78.463 16 15.607
5 24 57.955 9 15.529 77.274 16 20.706 59.871 9 3.925 53.812 9 26.537
5 24 19.829 0 2.611 39.658 3 5.221 19.957 0 -1.308 18.939 0 6.429
5 24 39.658 3 5.221 40 3 0 19.957 0 1.308 59.872 9 3.924
5 24 39.658 3 5.221 59.487 9 7.832 39.914 3 -2.617 37.877 3 12.858
5 24 59.487 9 7.832 60 9 0 39.914 3 2.616 79.829 16 5.233
5 24 59.487 9 7.832 79.316 16 10.442 59.871 9 -3.924 56.816 9 19.286
5 24 20 0 0 40 3 0 19.616 0 -3.902 19.616 0 3.902
5 24 40 3 0 39.658 3 -5.221 19.957 0 -1.308 59.872 9 -3.924
5 24 40 3 0 60 9 0 39.231 3 -7.804 39.231 3 7.804
5 24 60 9 0 59.487 9 -7.832 39.914 3 -2.616 79.829 16 -5.232
5 24 60 9 0 80 16 0 58.847 9 -11.705 58.847 9 11.705
5 24 19.829 0 -2.611 39.658 3 -5.221 18.939 0 -6.429 19.957 0 1.308
5 24 39.658 3 -5.221 38.637 3 -10.353 19.616 0 -3.902 58.848 9 -11.705
5 24 39.658 3 -5.221 59.487 9 -7.832 37.877 3 -12.858 39.914 3 2.617
5 24 59.487 9 -7.832 57.956 9 -15.53 39.231 3 -7.803 78.463 16 -15.607
5 24 59.487 9 -7.832 79.316 16 -10.442 56.816 9 -19.286 59.871 9 3.924
5 24 19.318 0 -5.176 38.637 3 -10.353 17.938 0 -8.846 19.957 0 -1.308
5 24 38.637 3 -10.353 36.955 3 -15.307 18.938 0 -6.429 56.816 9 -19.286
5 24 38.637 3 -10.353 57.955 9 -15.529 35.874 3 -17.692 39.914 3 -2.616
5 24 57.955 9 -15.529 55.433 9 -22.962 37.877 3 -12.857 75.755 16 -25.715
5 24 57.955 9 -15.529 77.274 16 -20.706 53.812 9 -26.537 59.871 9 -3.925
5 24 18.478 0 -7.654 36.955 3 -15.307 16.63 0 -11.112 19.616 0 -3.902
5 24 36.955 3 -15.307 34.641 3 -20 17.937 0 -8.846 53.813 9 -26.537
5 24 36.955 3 -15.307 55.433 9 -22.961 33.258 3 -22.223 39.231 3 -7.803
5 24 55.433 9 -22.961 51.962 9 -30 35.875 3 -17.691 71.75 16 -35.383
5 24 55.433 9 -22.961 73.91 16 -30.615 49.888 9 -33.334 58.847 9 -11.706
5 24 17.32 0 -10 34.641 3 -20 15.037 0 -13.187 18.939 0 -6.429
5 24 34.641 3 -20 31.734 3 -24.35 16.629 0 -11.111 49.889 9 -33.334
5 24 34.641 3 -20 51.961 9 -30 30.073 3 -26.374 37.877 3 -12.857
5 24 51.961 9 -30 47.601 9 -36.526 33.258 3 -22.222 66.518 16 -44.446
5 24 51.961 9 -30 69.282 16 -40 45.111 9 -39.56 56.815 9 -19.287
5 24 15.867 0 -12.175 31.734 3 -24.35 13.187 0 -15.037 17.938 0 -8.846
5 24 31.734 3 -24.35 28.285 3 -28.284 15.037 0 -13.187 45.111 9 -39.561
5 24 31.734 3 -24.35 47.601 9 -36.526 26.373 3 -30.074 35.875 3 -17.691
5 24 47.601 9 -36.526 42.426 9 -42.427 30.073 3 -26.373 60.148 16 -52.748
5 24 47.601 9 -36.526 63.468 16 -48.701 39.561 9 -45.11 53.812 9 -26.538
5 24 14.142 0 -14.142 28.284 3 -28.284 11.111 0 -16.63 16.63 0 -11.111
5 24 28.284 3 -28.284 24.351 3 -31.734 13.187 0 -15.037 39.561 9 -45.111
5 24 28.284 3 -28.284 42.426 9 -42.426 22.222 3 -33.259 33.259 3 -22.222
5 24 42.426 9 -42.426 36.526 9 -47.602 26.374 3 -30.073 52.748 16 -60.147
5 24 42.426 9 -42.426 56.568 16 -56.568 33.334 9 -49.888 49.888 9 -33.334
5 24 12.175 0 -15.867 24.35 3 -31.734 8.846 0 -17.938 15.037 0 -13.187
5 24 24.35 3 -31.734 20 3 -34.641 11.111 0 -16.629 33.335 9 -49.888
5 24 24.35 3 -31.734 36.526 9 -47.601 17.691 3 -35.875 30.074 3 -26.373
5 24 36.526 9 -47.601 30 9 -51.962 22.223 3 -33.258 44.446 16 -66.518
5 24 36.526 9 -47.601 48.701 16 -63.468 26.538 9 -53.812 45.11 9 -39.561
5 24 10 0 -17.32 20 3 -34.641 6.429 0 -18.939 13.187 0 -15.037
5 24 20 3 -34.641 15.307 3 -36.955 8.846 0 -17.937 26.538 9 -53.813
5 24 20 3 -34.641 30 9 -51.961 12.857 3 -37.877 26.374 3 -30.073
5 24 30 9 -51.961 22.961 9 -55.433 17.692 3 -35.874 35.383 16 -71.75
5 24 30 9 -51.961 40 16 -69.282 19.287 9 -56.815 39.56 9 -45.111
5 24 7.654 0 -18.478 15.307 3 -36.955 3.902 0 -19.616 11.112 0 -16.63
5 24 15.307 3 -36.955 10.353 3 -38.637 6.429 0 -18.938 19.287 9 -56.816
5 24 15.307 3 -36.955 22.961 9 -55.433 7.803 3 -39.231 22.223 3 -33.258
5 24 22.961 9 -55.433 15.529 9 -57.956 12.858 3 -37.877 25.715 16 -75.755
5 24 22.961 9 -55.433 30.615 16 -73.91 11.706 9 -58.847 33.334 9 -49.888
5 24 5.176 0 -19.318 10.353 3 -38.637 1.308 0 -19.957 8.846 0 -17.938
5 24 10.353 3 -38.637 5.221 3 -39.658 3.902 0 -19.616 11.706 9 -58.847
5 24 10.353 3 -38.637 15.529 9 -57.955 2.616 3 -39.914 17.692 3 -35.874
5 24 15.529 9 -57.955 7.831 9 -59.487 7.804 3 -39.231 15.607 16 -78.463
5 24 15.529 9 -57.955 20.706 16 -77.274 3.925 9 -59.871 26.537 9 -53.812
5 24 2.611 0 -19.829 5.221 3 -39.658 -1.308 0 -19.957 6.429 0 -18.939
5 24 5.221 3 -39.658 0 3 -40 1.308 0 -19.957 3.924 9 -59.872
5 24 5.221 3 -39.658 7.832 9 -59.487 -2.617 3 -39.914 12.858 3 -37.877
5 24 7.832 9 -59.487 0 9 -60 2.616 3 -39.914 5.233 16 -79.829
5 24 7.832 9 -59.487 10.442 16 -79.316 -3.924 9 -59.871 19.286 9 -56.816
5 24 0 0 -20 0 3 -40 -3.902 0 -19.616 3.902 0 -19.616
5 24 0 3 -40 -5.221 3 -39.658 -1.308 0 -19.957 -3.924 9 -59.872
5 24 0 3 -40 0 9 -60 -7.804 3 -39.231 7.804 3 -39.231
5 24 0 9 -60 -7.832 9 -59.487 -2.616 3 -39.914 -5.232 16 -79.829
5 24 0 9 -60 0 16 -80 -11.705 9 -58.847 11.705 9 -58.847
5 24 -2.611 0 -19.829 -5.221 3 -39.658 -6.429 0 -18.939 1.308 0 -19.957
5 24 -5.221 3 -39.658 -10.353 3 -38.637 -3.902 0 -19.616 -11.705 9 -58.848
5 24 -5.221 3 -39.658 -7.832 9 -59.487 -12.858 3 -37.877 2.617 3 -39.914
5 24 -7.832 9 -59.487 -15.53 9 -57.956 -7.803 3 -39.231 -15.607 16 -78.463
5 24 -7.832 9 -59.487 -10.442 16 -79.316 -19.286 9 -56.816 3.924 9 -59.871
5 24 -5.176 0 -19.318 -10.353 3 -38.637 -8.846 0 -17.938 -1.308 0 -19.957
5 24 -10.353 3 -38.637 -15.307 3 -36.955 -6.429 0 -18.938 -19.286 9 -56.816
5 24 -10.353 3 -38.637 -15.529 9 -57.955 -17.692 3 -35.874 -2.616 3 -39.914
5 24 -15.529 9 -57.955 -22.962 9 -55.433 -12.857 3 -37.877 -25.715 16 -75.755
5 24 -15.529 9 -57.955 -20.706 16 -77.274 -26.537 9 -53.812 -3.925 9 -59.871
5 24 -7.654 0 -18.478 -15.307 3 -36.955 -11.112 0 -16.63 -3.902 0 -19.616
5 24 -15.307 3 -36.955 -20 3 -34.641 -8.846 0 -17.937 -26.537 9 -53.813
5 24 -15.307 3 -36.955 -22.961 9 -55.433 -22.223 3 -33.258 -7.803 3 -39.231
5 24 -22.961 9 -55.433 -30 9 -51.962 -17.691 3 -35.875 -35.383 16 -71.75
5 24 -22.961 9 -55.433 -30.615 16 -73.91 -33.334 9 -49.888 -11.706 9 -58.847
5 24 -10 0 -17.32 -20 3 -34.641 -13.187 0 -15.037 -6.429 0 -18.939
5 24 -20 3 -34.641 -24.35 3 -31.734 -11.111 0 -16.629 -33.334 9 -49.889
5 24 -20 3 -34.641 -30 9 -51.961 -26.374 3 -30.073 -12.857 3 -37.877
5 24 -30 9 -51.961 -36.526 9 -47.601 -22.222 3 -33.258 -44.446 16 -66.518
5 24 -30 9 -51.961 -40 16 -69.282 -39.56 9 -45.111 -19.287 9 -56.815
5 24 -12.175 0 -15.867 -24.35 3 -31.734 -15.037 0 -13.187 -8.846 0 -17.938
5 24 -24.35 3 -31.734 -28.284 3 -28.285 -13.187 0 -15.037 -39.561 9 -45.111
5 24 -24.35 3 -31.734 -36.526 9 -47.601 -30.074 3 -26.373 -17.691 3 -35.875
5 24 -36.526 9 -47.601 -42.427 9 -42.426 -26.373 3 -30.073 -52.748 16 -60.148
5 24 -36.526 9 -47.601 -48.701 16 -63.468 -45.11 9 -39.561 -26.538 9 -53.812
5 24 -14.142 0 -14.142 -28.284 3 -28.284 -16.63 0 -11.111 -11.111 0 -16.63
5 24 -28.284 3 -28.284 -31.734 3 -24.351 -15.037 0 -13.187 -45.111 9 -39.561
5 24 -28.284 3 -28.284 -42.426 9 -42.426 -33.259 3 -22.222 -22.222 3 -33.259
5 24 -42.426 9 -42.426 -47.602 9 -36.526 -30.073 3 -26.374 -60.147 16 -52.748
5 24 -42.426 9 -42.426 -56.568 16 -56.568 -49.888 9 -33.334 -33.334 9 -49.888
5 24 -15.867 0 -12.175 -31.734 3 -24.35 -17.938 0 -8.846 -13.187 0 -15.037
5 24 -31.734 3 -24.35 -34.641 3 -20 -16.629 0 -11.111 -49.888 9 -33.335
5 24 -31.734 3 -24.35 -47.601 9 -36.526 -35.875 3 -17.691 -26.373 3 -30.074
5 24 -47.601 9 -36.526 -51.962 9 -30 -33.258 3 -22.223 -66.518 16 -44.446
5 24 -47.601 9 -36.526 -63.468 16 -48.701 -53.812 9 -26.538 -39.561 9 -45.11
5 24 -17.32 0 -10 -34.641 3 -20 -18.939 0 -6.429 -15.037 0 -13.187
5 24 -34.641 3 -20 -36.955 3 -15.307 -17.937 0 -8.846 -53.813 9 -26.538
5 24 -34.641 3 -20 -51.961 9 -30 -37.877 3 -12.857 -30.073 3 -26.374
5 24 -51.961 9 -30 -55.433 9 -22.961 -35.874 3 -17.692 -71.75 16 -35.383
5 24 -51.961 9 -30 -69.282 16 -40 -56.815 9 -19.287 -45.111 9 -39.56
5 24 -18.478 0 -7.654 -36.955 3 -15.307 -19.616 0 -3.902 -16.63 0 -11.112
5 24 -36.955 3 -15.307 -38.637 3 -10.353 -18.938 0 -6.429 -56.816 9 -19.287
5 24 -36.955 3 -15.307 -55.433 9 -22.961 -39.231 3 -7.803 -33.258 3 -22.223
5 24 -55.433 9 -22.961 -57.956 9 -15.529 -37.877 3 -12.858 -75.755 16 -25.715
5 24 -55.433 9 -22.961 -73.91 16 -30.615 -58.847 9 -11.706 -49.888 9 -33.334
5 24 -19.318 0 -5.176 -38.637 3 -10.353 -19.957 0 -1.308 -17.938 0 -8.846
5 24 -38.637 3 -10.353 -39.658 3 -5.221 -19.616 0 -3.902 -58.847 9 -11.706
5 24 -38.637 3 -10.353 -57.955 9 -15.529 -39.914 3 -2.616 -35.874 3 -17.692
5 24 -57.955 9 -15.529 -59.487 9 -7.831 -39.231 3 -7.804 -78.463 16 -15.607
5 24 -57.955 9 -15.529 -77.274 16 -20.706 -59.871 9 -3.925 -53.812 9 -26.537
5 24 -19.829 0 -2.611 -39.658 3 -5.221 -19.957 0 1.308 -18.939 0 -6.429
5 24 -39.658 3 -5.221 -40 3 0 -19.957 0 -1.308 -59.872 9 -3.924
5 24 -39.658 3 -5.221 -59.487 9 -7.832 -39.914 3 2.617 -37.877 3 -12.858
5 24 -59.487 9 -7.832 -60 9 0 -39.914 3 -2.616 -79.829 16 -5.233
5 24 -59.487 9 -7.832 -79.316 16 -10.442 -59.871 9 3.924 -56.816 9 -19.286
5 24 -20 0 0 -40 3 0 -19.616 0 3.902 -19.616 0 -3.902
5 24 -40 3 0 -39.658 3 5.221 -19.957 0 1.308 -59.872 9 3.924
5 24 -40 3 0 -60 9 0 -39.231 3 7.804 -39.231 3 -7.804
5 24 -60 9 0 -59.487 9 7.832 -39.914 3 2.616 -79.829 16 5.232
5 24 -60 9 0 -80 16 0 -58.847 9 11.705 -58.847 9 -11.705
5 24 -19.829 0 2.611 -39.658 3 5.221 -18.939 0 6.429 -19.957 0 -1.308
5 24 -39.658 3 5.221 -38.637 3 10.353 -19.616 0 3.902 -58.848 9 11.705
5 24 -39.658 3 5.221 -59.487 9 7.832 -37.877 3 12.858 -39.914 3 -2.617
5 24 -59.487 9 7.832 -57.956 9 15.53 -39.231 3 7.803 -78.463 16 15.607
5 24 -59.487 9 7.832 -79.316 16 10.442 -56.816 9 19.286 -59.871 9 -3.924
5 24 -19.318 0 5.176 -38.637 3 10.353 -17.938 0 8.846 -19.957 0 1.308
5 24 -38.637 3 10.353 -36.955 3 15.307 -18.938 0 6.429 -56.816 9 19.286
5 24 -38.637 3 10.353 -57.955 9 15.529 -35.874 3 17.692 -39.914 3 2.616
5 24 -57.955 9 15.529 -55.433 9 22.962 -37.877 3 12.857 -75.755 16 25.715
5 24 -57.955 9 15.529 -77.274 16 20.706 -53.812 9 26.537 -59.871 9 3.925
5 24 -18.478 0 7.654 -36.955 3 15.307 -16.63 0 11.112 -19.616 0 3.902
5 24 -36.955 3 15.307 -34.641 3 20 -17.937 0 8.846 -53.813 9 26.537
5 24 -36.955 3 15.307 -55.433 9 22.961 -33.258 3 22.223 -39.231 3 7.803
5 24 -55.433 9 22.961 -51.962 9 30 -35.875 3 17.691 -71.75 16 35.383
5 24 -55.433 9 22.961 -73.91 16 30.615 -49.888 9 33.334 -58.847 9 11.706
5 24 -17.32 0 10 -34.641 3 20 -15.037 0 13.187 -18.939 0 6.429
5 24 -34.641 3 20 -31.734 3 24.35 -16.629 0 11.111 -49.889 9 33.334
5 24 -34.641 3 20 -51.961 9 30 -30.073 3 26.374 -37.877 3 12.857
5 24 -51.961 9 30 -47.601 9 36.526 -33.258 3 22.222 -66.518 16 44.446
5 24 -51.961 9 30 -69.282 16 40 -45.111 9 39.56 -56.815 9 19.287
5 24 -15.867 0 12.175 -31.734 3 24.35 -13.187 0 15.037 -17.938 0 8.846
5 24 -31.734 3 24.35 -28.285 3 28.284 -15.037 0 13.187 -45.111 9 39.561
5 24 -31.734 3 24.35 -47.601 9 36.526 -26.373 3 30.074 -35.875 3 17.691
5 24 -47.601 9 36.526 -42.426 9 42.427 -30.073 3 26.373 -60.148 16 52.748
5 24 -47.601 9 36.526 -63.468 16 48.701 -39.561 9 45.11 -53.812 9 26.538
5 24 -14.142 0 14.142 -28.284 3 28.284 -11.111 0 16.63 -16.63 0 11.111
5 24 -28.284 3 28.284 -24.351 3 31.734 -13.187 0 15.037 -39.561 9 45.111
5 24 -28.284 3 28.284 -42.426 9 42.426 -22.222 3 33.259 -33.259 3 22.222
5 24 -42.426 9 42.426 -36.526 9 47.602 -26.374 3 30.073 -52.748 16 60.147
5 24 -42.426 9 42.426 -56.568 16 56.568 -33.334 9 49.888 -49.888 9 33.334
5 24 -12.175 0 15.867 -24.35 3 31.734 -8.846 0 17.938 -15.037 0 13.187
5 24 -24.35 3 31.734 -20 3 34.641 -11.111 0 16.629 -33.335 9 49.888
5 24 -24.35 3 31.734 -36.526 9 47.601 -17.691 3 35.875 -30.074 3 26.373
5 24 -36.526 9 47.601 -30 9 51.962 -22.223 3 33.258 -44.446 16 66.518
5 24 -36.526 9 47.601 -48.701 16 63.468 -26.538 9 53.812 -45.11 9 39.561
5 24 -10 0 17.32 -20 3 34.641 -6.429 0 18.939 -13.187 0 15.037
5 24 -20 3 34.641 -15.307 3 36.955 -8.846 0 17.937 -26.538 9 53.813
5 24 -20 3 34.641 -30 9 51.961 -12.857 3 37.877 -26.374 3 30.073
5 24 -30 9 51.961 -22.961 9 55.433 -17.692 3 35.874 -35.383 16 71.75
5 24 -30 9 51.961 -40 16 69.282 -19.287 9 56.815 -39.56 9 45.111
5 24 -7.654 0 18.478 -15.307 3 36.955 -3.902 0 19.616 -11.112 0 16.63
5 24 -15.307 3 36.955 -10.353 3 38.637 -6.429 0 18.938 -19.287 9 56.816
5 24 -15.307 3 36.955 -22.961 9 55.433 -7.803 3 39.231 -22.223 3 33.258
5 24 -22.961 9 55.433 -15.529 9 57.956 -12.858 3 37.877 -25.715 16 75.755
5 24 -22.961 9 55.433 -30.615 16 73.91 -11.706 9 58.847 -33.334 9 49.888
5 24 -5.176 0 19.318 -10.353 3 38.637 -1.308 0 19.957 -8.846 0 17.938
5 24 -10.353 3 38.637 -5.221 3 39.658 -3.902 0 19.616 -11.706 9 58.847
5 24 -10.353 3 38.637 -15.529 9 57.955 -2.616 3 39.914 -17.692 3 35.874
5 24 -15.529 9 57.955 -7.831 9 59.487 -7.804 3 39.231 -15.607 16 78.463
5 24 -15.529 9 57.955 -20.706 16 77.274 -3.925 9 59.871 -26.537 9 53.812
5 24 -2.611 0 19.829 -5.221 3 39.658 1.308 0 19.957 -6.429 0 18.939
5 24 -5.221 3 39.658 0 3 40 -1.308 0 19.957 -3.924 9 59.872
5 24 -5.221 3 39.658 -7.832 9 59.487 2.617 3 39.914 -12.858 3 37.877
5 24 -7.832 9 59.487 0 9 60 -2.616 3 39.914 -5.233 16 79.829
5 24 -7.832 9 59.487 -10.442 16 79.316 3.924 9 59.871 -19.286 9 56.816
