0 Sticker  2.7 x  2.7 with Lego Logo 1973 on Yellow
0 Name: 4109884d.dat
0 Author: Chris Böhnke [KnightOfTarenta]
0 !LDRAW_ORG Unofficial_Part
0 !LICENSE Licensed under CC BY 4.0 : see CAreadme.txt

0 BFC CERTIFY CCW

0 !CATEGORY Sticker
0 !KEYWORDS Bricklink 2148stk01, BrickOwl 430511, LEGO Truck, promotional
0 !KEYWORDS Rebrickable 71593, Set 2148, town, Truck Show

0 // Sticker Back
1 16 0 -.25 0 0 0 27 0 .25 0 -25.5 0 0 box3u12.dat
1 16 25.5 0 25.5 1.5 0 0 0 -.25 0 0 0 1.5 1-4cyli.dat
1 16 25.5 0 -25.5 1.5 0 0 0 -.25 0 0 0 -1.5 1-4cyli.dat
1 16 -25.5 0 25.5 -1.5 0 0 0 -.25 0 0 0 1.5 1-4cyli.dat
1 16 -25.5 0 -25.5 -1.5 0 0 0 -.25 0 0 0 -1.5 1-4cyli.dat
4 16 -25.5 -.25 -27 -25.5 0 -27 25.5 0 -27 25.5 -.25 -27
4 16 25.5 -.25 27 25.5 0 27 -25.5 0 27 -25.5 -.25 27
1 16 25.5 0 25.5 1.5 0 0 0 -1 0 0 0 1.5 1-4chrd.dat
1 16 25.5 0 -25.5 1.5 0 0 0 -1 0 0 0 -1.5 1-4chrd.dat
1 16 -25.5 0 25.5 -1.5 0 0 0 -1 0 0 0 1.5 1-4chrd.dat
1 16 -25.5 0 -25.5 -1.5 0 0 0 -1 0 0 0 -1.5 1-4chrd.dat
4 16 27 0 25.5 -27 0 25.5 -25.5 0 27 25.5 0 27
4 16 25.5 0 -27 -25.5 0 -27 -27 0 -25.5 27 0 -25.5

0 // Pattern
0 // Logo
1 14 0 -.25 0 .9 0 0 0 0 1 0 -.9 0 s\003432s1.dat
4 4 23.4 -.25 23.4 -23.4 -.25 23.4 -23.4 -.25 11.25 23.4 -.25 11.25
4 4 -23.4 -.25 -11.25 -23.4 -.25 -23.4 23.4 -.25 -23.4 23.4 -.25 -11.25

0 // Black Border
4 0 -24.4 -.25 24.4 -23.4 -.25 23.4 23.4 -.25 23.4 24.4 -.25 24.4
4 0 23.4 -.25 -23.4 -23.4 -.25 -23.4 -24.4 -.25 -24.4 24.4 -.25 -24.4
4 0 24.4 -.25 -24.4 24.4 -.25 24.4 23.4 -.25 23.4 23.4 -.25 -23.4
4 0 -24.4 -.25 -24.4 -23.4 -.25 -23.4 -23.4 -.25 23.4 -24.4 -.25 24.4

0 // Yellow Border
1 14 25.5 -.25 25.5 1.5 0 0 0 1 0 0 0 1.5 1-4chrd.dat
1 14 25.5 -.25 -25.5 1.5 0 0 0 1 0 0 0 -1.5 1-4chrd.dat
1 14 -25.5 -.25 25.5 -1.5 0 0 0 1 0 0 0 1.5 1-4chrd.dat
1 14 -25.5 -.25 -25.5 -1.5 0 0 0 1 0 0 0 -1.5 1-4chrd.dat
4 14 -27 -.25 25.5 -24.4 -.25 24.4 25.5 -.25 27 -25.5 -.25 27
4 14 27 -.25 25.5 25.5 -.25 27 -24.4 -.25 24.4 24.4 -.25 24.4
4 14 24.4 -.25 -24.4 27 -.25 -25.5 27 -.25 25.5 24.4 -.25 24.4
4 14 -24.4 -.25 -24.4 25.5 -.25 -27 27 -.25 -25.5 24.4 -.25 -24.4
4 14 -27 -.25 -25.5 -25.5 -.25 -27 25.5 -.25 -27 -24.4 -.25 -24.4
4 14 -27 -.25 25.5 -27 -.25 -25.5 -24.4 -.25 -24.4 -24.4 -.25 24.4