0 Tile  1 x  8 with "Notre-Dame de Paris" Pattern
0 Name: 4162p1x.dat
0 Author: N. W. Perry [Plastikean]
0 !LDRAW_ORG Unofficial_Part
0 !LICENSE Licensed under CC BY 4.0 : see CAreadme.txt

0 BFC CERTIFY CCW

0 !CATEGORY Tile
0 !KEYWORDS Architecture, Bricklink 4162pb305, France, Rebrickable 4162pr9983
0 !KEYWORDS Set 21061

0 // Produced using font Cera Pro Medium, 48pt (modified)

1 16 0 0 0 1 0 0 0 1 0 0 0 1 s\4162s01.dat

0 // N
3 15 -60.4443 0 -2.92 -59.3387 0 -2.92 -59.3387 0 3.1305
4 15 -60.4443 0 -2.92 -59.3387 0 3.1305 -60.1484 0 5.6125 -60.4443 0 5.6125
4 15 -54.0716 0 -3.0641 -54.8941 0 -.5554 -60.1484 0 5.6125 -59.3387 0 3.1305
4 15 -53.7881 0 5.4688 -54.8941 0 -.5554 -54.0716 0 -3.0641 -53.7881 0 -3.0641
3 15 -54.8941 0 -.5554 -53.7881 0 5.4688 -54.8941 0 5.4688
3 16 -60.1484 0 5.6125 -54.8941 0 -.5554 -54.8941 0 5.4688

0 // o
1 15 -48.76 0 .1688 0 0 3.17602 0 1 0 -3.23289 0 0 48\1-8chrd.dat
1 15 -48.76 0 .1688 3.17602 0 0 0 1 0 0 0 -3.23289 48\1-8chrd.dat
1 15 -48.76 0 .1688 3.17602 0 0 0 1 0 0 0 3.23289 48\1-8chrd.dat
1 15 -48.76 0 .1688 0 0 3.17602 0 1 0 3.23289 0 0 48\1-8chrd.dat
1 15 -48.76 0 .1688 0 0 -3.17602 0 1 0 3.23289 0 0 48\1-8chrd.dat
1 15 -48.76 0 .1688 -3.17602 0 0 0 1 0 0 0 3.23289 48\1-8chrd.dat
1 15 -48.76 0 .1688 -3.17602 0 0 0 1 0 0 0 -3.23289 48\1-8chrd.dat
1 15 -48.76 0 .1688 0 0 -3.17602 0 1 0 -3.23289 0 0 48\1-8chrd.dat
1 15 -48.76 0 .1688 2.05118 0 0 0 1 0 0 0 2.2157 48\4-4ndis.dat
4 15 -50.8112 0 2.3845 -48.76 0 2.3845 -48.76 0 3.4017 -51.0058 0 2.4548
4 15 -50.8112 0 .1688 -50.8112 0 2.3845 -51.0058 0 2.4548 -51.936 0 .1688
4 15 -50.8112 0 -2.0469 -50.8112 0 .1688 -51.936 0 .1688 -51.0058 0 -2.1172
4 15 -48.76 0 -2.0469 -50.8112 0 -2.0469 -51.0058 0 -2.1172 -48.76 0 -3.0641
4 15 -46.7088 0 -2.0469 -48.76 0 -2.0469 -48.76 0 -3.0641 -46.5142 0 -2.1172
4 15 -46.7088 0 -2.0469 -46.5142 0 -2.1172 -45.584 0 .1688 -46.7088 0 .1688
4 15 -46.7088 0 .1688 -45.584 0 .1688 -46.5142 0 2.4548 -46.7088 0 2.3845
4 15 -48.76 0 2.3845 -46.7088 0 2.3845 -46.5142 0 2.4548 -48.76 0 3.4017
1 16 -48.76 0 .1688 3.17602 0 0 0 1 0 0 0 3.23289 48\4-4ndis.dat
1 16 -48.76 0 .1688 2.05118 0 0 0 1 0 0 0 2.2157 48\4-4disc.dat

0 // t
4 15 -40.7123 0 -3.0026 -40.387 0 -2.9416 -40.387 0 -2.0134 -40.7872 0 -2.0515
3 15 -40.7123 0 -3.0026 -40.7872 0 -2.0515 -41.0404 0 -3.0464
4 15 -41.0404 0 -3.0464 -40.7872 0 -2.0515 -41.092 0 -2.0664 -41.3709 0 -3.0641
4 15 -41.6552 0 -3.0537 -41.3709 0 -3.0641 -41.092 0 -2.0664 -41.3975 0 -2.0505
3 15 -41.6552 0 -3.0537 -41.3975 0 -2.0505 -41.9379 0 -3.0197
4 15 -41.6664 0 -2.0007 -42.216 0 -2.9575 -41.9379 0 -3.0197 -41.3975 0 -2.0505
4 15 -42.4847 0 -2.8616 -42.216 0 -2.9575 -41.6664 0 -2.0007 -41.8975 0 -1.9142
3 15 -42.4847 0 -2.8616 -41.8975 0 -1.9142 -42.7376 0 -2.727
4 15 -42.0894 0 -1.7882 -42.9653 0 -2.5512 -42.7376 0 -2.727 -41.8975 0 -1.9142
4 15 -42.0894 0 -1.7882 -42.2409 0 -1.6198 -43.1584 0 -2.3359 -42.9653 0 -2.5512
3 15 -43.1584 0 -2.3359 -42.2409 0 -1.6198 -43.3111 0 -2.0881
4 15 -43.3111 0 -2.0881 -42.2409 0 -1.6198 -42.3508 0 -1.4062 -43.4218 0 -1.8179
4 15 -43.4942 0 -1.534 -43.4218 0 -1.8179 -42.3508 0 -1.4062 -42.4176 0 -1.1444
3 15 -43.4942 0 -1.534 -42.4176 0 -1.1444 -43.5337 0 -1.243
4 15 -42.4402 0 -.8316 -43.5458 0 -.9495 -43.5337 0 -1.243 -42.4176 0 -1.1444
4 15 -43.5458 0 2.3125 -43.5458 0 -.9495 -42.4402 0 -.8316 -42.4402 0 2.3125
4 15 -43.5458 0 3.2579 -43.5458 0 2.3125 -42.4402 0 2.3125 -42.4402 0 3.2579
4 15 -43.5458 0 4.9454 -43.5458 0 3.2579 -42.4402 0 3.2579 -42.4402 0 4.9454
4 15 -42.4402 0 3.2579 -42.4402 0 2.3125 -40.5901 0 2.3125 -40.5901 0 3.2579
4 15 -44.5594 0 3.2579 -44.5594 0 2.3125 -43.5458 0 2.3125 -43.5458 0 3.2579
3 16 -40.387 0 -3.3288 -40.7123 0 -3.0026 -41.0404 0 -3.0464
3 16 -40.387 0 -3.3288 -41.0404 0 -3.0464 -41.3709 0 -3.0641
3 16 -40.387 0 -3.3288 -41.3709 0 -3.0641 -41.6552 0 -3.0537
4 16 -41.9379 0 -3.0197 -45.58398 0 -3.06409 -40.387 0 -3.3288 -41.6552 0 -3.0537
3 16 -45.58398 0 -3.06409 -41.9379 0 -3.0197 -42.216 0 -2.9575
3 16 -45.58398 0 -3.06409 -42.216 0 -2.9575 -42.4847 0 -2.8616
3 16 -45.58398 0 -3.06409 -42.4847 0 -2.8616 -42.7376 0 -2.727
3 16 -45.58398 0 -3.06409 -42.7376 0 -2.727 -42.9653 0 -2.5512
3 16 -45.58398 0 -3.06409 -42.9653 0 -2.5512 -43.1584 0 -2.3359
3 16 -45.58398 0 -3.06409 -43.1584 0 -2.3359 -43.3111 0 -2.0881
3 16 -45.58398 0 -3.06409 -43.3111 0 -2.0881 -43.4218 0 -1.8179
3 16 -45.58398 0 -3.06409 -43.4218 0 -1.8179 -43.4942 0 -1.534
3 16 -45.58398 0 -3.06409 -43.4942 0 -1.534 -43.5337 0 -1.243
4 16 -44.5594 0 2.3125 -45.58398 0 -3.06409 -43.5337 0 -1.243 -43.5458 0 -.9495
3 16 -44.5594 0 2.3125 -43.5458 0 -.9495 -43.5458 0 2.3125
3 16 -42.4402 0 4.9454 -42.4402 0 3.2579 -40.5901 0 3.2579
3 16 -42.4402 0 2.3125 -42.4402 0 -.8316 -40.5901 0 2.3125
4 16 -40.5901 0 2.3125 -42.4402 0 -.8316 -42.4176 0 -1.1444 -40.387 0 -2.0134
4 16 -40.387 0 -2.0134 -42.4176 0 -1.1444 -42.3508 0 -1.4062 -40.7872 0 -2.0515
4 16 -40.7872 0 -2.0515 -42.3508 0 -1.4062 -42.2409 0 -1.6198 -41.092 0 -2.0664
4 16 -41.092 0 -2.0664 -42.2409 0 -1.6198 -42.0894 0 -1.7882 -41.3975 0 -2.0505
4 16 -41.3975 0 -2.0505 -42.0894 0 -1.7882 -41.8975 0 -1.9142 -41.6664 0 -2.0007

0 // r
4 15 -35.9374 0 2.2862 -35.6509 0 2.2862 -35.6509 0 3.2819 -35.8409 0 3.3126
3 15 -35.9374 0 2.2862 -35.8409 0 3.3126 -36.0392 0 3.3234
4 15 -36.1885 0 2.274 -35.9374 0 2.2862 -36.0392 0 3.3234 -36.3205 0 3.3051
4 15 -36.4372 0 2.2359 -36.1885 0 2.274 -36.3205 0 3.3051 -36.5976 0 3.25
4 15 -36.68 0 2.1696 -36.4372 0 2.2359 -36.5976 0 3.25 -36.8653 0 3.1585
4 15 -36.9132 0 2.0729 -36.68 0 2.1696 -36.8653 0 3.1585 -37.1191 0 3.032
4 15 -37.1318 0 1.9447 -36.9132 0 2.0729 -37.1191 0 3.032 -37.3549 0 2.8726
4 15 -37.3298 0 1.7852 -37.1318 0 1.9447 -37.3549 0 2.8726 -37.5689 0 2.6832
4 15 -37.5018 0 1.5961 -37.3298 0 1.7852 -37.5689 0 2.6832 -37.7581 0 2.4671
4 15 -37.6431 0 1.3816 -37.5018 0 1.5961 -37.7581 0 2.4671 -37.9697 0 2.192
3 15 -37.9697 0 2.192 -37.9697 0 3.2579 -38.9743 0 3.2579
4 15 -37.6431 0 1.3816 -37.9697 0 2.192 -38.9743 0 3.2579 -37.751 0 1.1476
3 15 -37.751 0 1.1476 -38.9743 0 3.2579 -37.8253 0 .8996
3 15 -37.8253 0 .8996 -38.9743 0 3.2579 -37.8677 0 .6438
4 15 -38.9743 0 -2.92 -37.8811 0 .3847 -37.8677 0 .6438 -38.9743 0 3.2579
3 15 -37.8811 0 .3847 -38.9743 0 -2.92 -37.8811 0 -2.92
4 16 -35.206 0 -3.5332 -35.6509 0 2.2862 -37.8811 0 .3847 -37.8811 0 -2.92
4 16 -35.6509 0 2.2862 -35.9374 0 2.2862 -37.8677 0 .6438 -37.8811 0 .3847
4 16 -35.9374 0 2.2862 -36.1885 0 2.274 -37.8253 0 .8996 -37.8677 0 .6438
4 16 -36.1885 0 2.274 -36.4372 0 2.2359 -37.751 0 1.1476 -37.8253 0 .8996
4 16 -36.4372 0 2.2359 -36.68 0 2.1696 -37.6431 0 1.3816 -37.751 0 1.1476
4 16 -36.68 0 2.1696 -36.9132 0 2.0729 -37.5018 0 1.5961 -37.6431 0 1.3816
4 16 -36.9132 0 2.0729 -37.1318 0 1.9447 -37.3298 0 1.7852 -37.5018 0 1.5961
3 16 -35.6509 0 3.2819 -35.206 0 3.8252 -35.8409 0 3.3126
3 16 -35.8409 0 3.3126 -35.206 0 3.8252 -36.0392 0 3.3234
4 16 -36.3205 0 3.3051 -36.0392 0 3.3234 -35.206 0 3.8252 -37.9697 0 3.6208
3 16 -36.3205 0 3.3051 -37.9697 0 3.6208 -36.5976 0 3.25
3 16 -36.5976 0 3.25 -37.9697 0 3.6208 -36.8653 0 3.1585
3 16 -36.8653 0 3.1585 -37.9697 0 3.6208 -37.1191 0 3.032
4 16 -37.3549 0 2.8726 -37.1191 0 3.032 -37.9697 0 3.6208 -37.9697 0 3.2579
3 16 -37.3549 0 2.8726 -37.9697 0 3.2579 -37.5689 0 2.6832
3 16 -37.5689 0 2.6832 -37.9697 0 3.2579 -37.7581 0 2.4671
3 16 -37.7581 0 2.4671 -37.9697 0 3.2579 -37.9697 0 2.192

0 // e
4 15 -28.9852 0 -.1598 -29.9965 0 .6677 -33.6479 0 .6677 -33.665 0 -.1598
3 15 -29.9965 0 .6677 -28.9852 0 -.1598 -28.9265 0 .2174
4 15 -28.9265 0 .2174 -28.9048 0 .5812 -29.9981 0 .7919 -29.9965 0 .6677
4 15 -29.9981 0 .7919 -28.9048 0 .5812 -28.9264 0 .9534 -30.0373 0 1.1667
3 15 -30.0373 0 1.1667 -28.9264 0 .9534 -28.9924 0 1.3196
4 15 -30.1402 0 1.5 -30.0373 0 1.1667 -28.9924 0 1.3196 -29.1036 0 1.6741
4 15 -29.2599 0 2.0101 -30.2999 0 1.7894 -30.1402 0 1.5 -29.1036 0 1.6741
3 15 -30.2999 0 1.7894 -29.2599 0 2.0101 -29.4591 0 2.3209
4 15 -30.5097 0 2.0319 -30.2999 0 1.7894 -29.4591 0 2.3209 -29.6979 0 2.6004
4 15 -29.9719 0 2.8431 -30.7628 0 2.2252 -30.5097 0 2.0319 -29.6979 0 2.6004
3 15 -30.7628 0 2.2252 -29.9719 0 2.8431 -30.2753 0 3.0445
4 15 -31.0522 0 2.3664 -30.7628 0 2.2252 -30.2753 0 3.0445 -30.6025 0 3.2021
4 15 -30.9468 0 3.3139 -31.3712 0 2.4532 -31.0522 0 2.3664 -30.6025 0 3.2021
3 15 -31.3712 0 2.4532 -30.9468 0 3.3139 -31.3019 0 3.38
4 15 -31.7132 0 2.4826 -31.3712 0 2.4532 -31.3019 0 3.38 -31.6625 0 3.4016
4 15 -32.0713 0 3.3809 -32.0546 0 2.4523 -31.7132 0 2.4826 -31.6625 0 3.4016
3 15 -32.0546 0 2.4523 -32.0713 0 3.3809 -32.4734 0 3.3011
4 15 -32.4734 0 3.3011 -32.8608 0 3.1645 -32.3749 0 2.3641 -32.0546 0 2.4523
4 15 -32.3749 0 2.3641 -32.8608 0 3.1645 -33.2265 0 2.9748 -32.6698 0 2.2214
3 15 -32.6698 0 2.2214 -33.2265 0 2.9748 -33.5647 0 2.7367
4 15 -32.9351 0 2.0278 -32.6698 0 2.2214 -33.5647 0 2.7367 -33.87 0 2.4549
4 15 -34.1375 0 2.1348 -33.1666 0 1.7869 -32.9351 0 2.0278 -33.87 0 2.4549
3 15 -33.1666 0 1.7869 -34.1375 0 2.1348 -34.3625 0 1.7819
4 15 -33.36 0 1.5024 -33.1666 0 1.7869 -34.3625 0 1.7819 -34.5409 0 1.4016
4 15 -34.6689 0 1 -33.5113 0 1.1778 -33.36 0 1.5024 -34.5409 0 1.4016
4 15 -33.6162 0 .8166 -33.5113 0 1.1778 -34.6689 0 1 -34.7434 0 .5845
4 15 -33.6479 0 .6677 -33.6162 0 .8166 -34.7434 0 .5845 -34.7625 0 .1624
3 15 -33.6479 0 .6677 -34.7625 0 .1624 -33.665 0 -.1598
4 15 -33.665 0 -.1598 -34.7625 0 .1624 -34.7361 0 -.2676 -33.6425 0 -.3019
4 15 -33.6425 0 -.3019 -34.7361 0 -.2676 -34.6561 0 -.6901 -33.5461 0 -.6968
4 15 -33.3907 0 -1.0489 -33.5461 0 -.6968 -34.6561 0 -.6901 -34.5219 0 -1.0979
4 15 -33.3907 0 -1.0489 -34.5219 0 -1.0979 -34.335 0 -1.4828 -33.1815 0 -1.3552
3 15 -33.1815 0 -1.3552 -34.335 0 -1.4828 -34.0984 0 -1.8377
4 15 -32.9233 0 -1.6126 -33.1815 0 -1.3552 -34.0984 0 -1.8377 -33.8168 0 -2.1554
4 15 -33.496 0 -2.4306 -32.6208 0 -1.818 -32.9233 0 -1.6126 -33.8168 0 -2.1554
3 15 -32.6208 0 -1.818 -33.496 0 -2.4306 -33.1421 0 -2.659
4 15 -32.2792 0 -1.9684 -32.6208 0 -1.818 -33.1421 0 -2.659 -32.7624 0 -2.8374
4 15 -32.3636 0 -2.9643 -31.9032 0 -2.0609 -32.2792 0 -1.9684 -32.7624 0 -2.8374
3 15 -31.9032 0 -2.0609 -32.3636 0 -2.9643 -31.9527 0 -3.0395
4 15 -31.4978 0 -2.0924 -31.9032 0 -2.0609 -31.9527 0 -3.0395 -31.5361 0 -3.0641
4 15 -31.1731 0 -2.072 -31.4978 0 -2.0924 -31.5361 0 -3.0641 -31.1113 0 -3.0394
4 15 -31.1731 0 -2.072 -31.1113 0 -3.0394 -30.6922 0 -2.9621 -30.8533 0 -2.0103
4 15 -30.8533 0 -2.0103 -30.6922 0 -2.9621 -30.2862 0 -2.8302 -30.5433 0 -1.9077
4 15 -30.5433 0 -1.9077 -30.2862 0 -2.8302 -29.9004 0 -2.6447 -30.2476 0 -1.7675
4 15 -30.2476 0 -1.7675 -29.9004 0 -2.6447 -29.5403 0 -2.4105 -29.9689 0 -1.5942
4 15 -29.9689 0 -1.5942 -29.5403 0 -2.4105 -29.2092 0 -2.1347 -29.7084 0 -1.3926
3 16 -29.2092 0 -2.1347 -29.5403 0 -2.4105 -28.474 0 -3.5332
3 16 -28.474 0 -3.5332 -29.5403 0 -2.4105 -29.9004 0 -2.6447
3 16 -28.474 0 -3.5332 -29.9004 0 -2.6447 -30.2862 0 -2.8302
3 16 -28.474 0 -3.5332 -30.2862 0 -2.8302 -30.6922 0 -2.9621
3 16 -28.474 0 -3.5332 -30.6922 0 -2.9621 -31.1113 0 -3.0394
3 16 -28.474 0 -3.5332 -31.1113 0 -3.0394 -31.5361 0 -3.0641
4 16 -28.474 0 -3.5332 -31.5361 0 -3.0641 -31.9527 0 -3.0395 -35.206 0 -3.5332
3 16 -35.206 0 -3.5332 -31.9527 0 -3.0395 -32.3636 0 -2.9643
3 16 -35.206 0 -3.5332 -32.3636 0 -2.9643 -32.7624 0 -2.8374
3 16 -35.206 0 -3.5332 -32.7624 0 -2.8374 -33.1421 0 -2.659
3 16 -35.206 0 -3.5332 -33.1421 0 -2.659 -33.496 0 -2.4306
3 16 -35.206 0 -3.5332 -33.496 0 -2.4306 -33.8168 0 -2.1554
3 16 -35.206 0 -3.5332 -33.8168 0 -2.1554 -34.0984 0 -1.8377
3 16 -35.206 0 -3.5332 -34.0984 0 -1.8377 -34.335 0 -1.4828
3 16 -35.206 0 -3.5332 -34.335 0 -1.4828 -34.5219 0 -1.0979
3 16 -35.206 0 -3.5332 -34.5219 0 -1.0979 -34.6561 0 -.6901
3 16 -35.206 0 -3.5332 -34.6561 0 -.6901 -34.7361 0 -.2676
4 16 -34.7361 0 -.2676 -34.7625 0 .1624 -35.206 0 3.8252 -35.206 0 -3.5332
3 16 -35.206 0 3.8252 -34.7625 0 .1624 -34.7434 0 .5845
3 16 -35.206 0 3.8252 -34.7434 0 .5845 -34.6689 0 1
3 16 -35.206 0 3.8252 -34.6689 0 1 -34.5409 0 1.4016
3 16 -35.206 0 3.8252 -34.5409 0 1.4016 -34.3625 0 1.7819
3 16 -35.206 0 3.8252 -34.3625 0 1.7819 -34.1375 0 2.1348
3 16 -35.206 0 3.8252 -34.1375 0 2.1348 -33.87 0 2.4549
3 16 -35.206 0 3.8252 -33.87 0 2.4549 -33.5647 0 2.7367
3 16 -35.206 0 3.8252 -33.5647 0 2.7367 -33.2265 0 2.9748
3 16 -35.206 0 3.8252 -33.2265 0 2.9748 -32.8608 0 3.1645
3 16 -35.206 0 3.8252 -32.8608 0 3.1645 -32.4734 0 3.3011
3 16 -35.206 0 3.8252 -32.4734 0 3.3011 -32.0713 0 3.3809
4 16 -32.0713 0 3.3809 -31.6625 0 3.4016 -28.474 0 3.8252 -35.206 0 3.8252
3 16 -28.474 0 3.8252 -31.6625 0 3.4016 -31.3019 0 3.38
3 16 -28.474 0 3.8252 -31.3019 0 3.38 -30.9468 0 3.3139
3 16 -28.474 0 3.8252 -30.9468 0 3.3139 -30.6025 0 3.2021
3 16 -28.474 0 3.8252 -30.6025 0 3.2021 -30.2753 0 3.0445
3 16 -28.474 0 3.8252 -30.2753 0 3.0445 -29.9719 0 2.8431
3 16 -28.474 0 3.8252 -29.9719 0 2.8431 -29.6979 0 2.6004
3 16 -28.474 0 3.8252 -29.6979 0 2.6004 -29.4591 0 2.3209
3 16 -28.474 0 3.8252 -29.4591 0 2.3209 -29.2599 0 2.0101
3 16 -28.474 0 3.8252 -29.2599 0 2.0101 -29.1036 0 1.6741
3 16 -28.474 0 3.8252 -29.1036 0 1.6741 -28.9924 0 1.3196
3 16 -28.474 0 3.8252 -28.9924 0 1.3196 -28.9264 0 .9534
3 16 -28.474 0 3.8252 -28.9264 0 .9534 -28.9048 0 .5812
4 16 -28.9265 0 .2174 -28.474 0 -3.5332 -28.474 0 3.8252 -28.9048 0 .5812
4 16 -28.9265 0 .2174 -28.9852 0 -.1598 -29.2092 0 -2.1347 -28.474 0 -3.5332
3 16 -29.2092 0 -2.1347 -28.9852 0 -.1598 -29.7084 0 -1.3926
3 16 -29.7084 0 -1.3926 -28.9852 0 -.1598 -33.665 0 -.1598
4 16 -33.665 0 -.1598 -33.6425 0 -.3019 -29.9689 0 -1.5942 -29.7084 0 -1.3926
4 16 -33.6425 0 -.3019 -33.5461 0 -.6968 -30.2476 0 -1.7675 -29.9689 0 -1.5942
4 16 -33.5461 0 -.6968 -33.3907 0 -1.0489 -30.5433 0 -1.9077 -30.2476 0 -1.7675
4 16 -33.3907 0 -1.0489 -33.1815 0 -1.3552 -30.8533 0 -2.0103 -30.5433 0 -1.9077
4 16 -33.1815 0 -1.3552 -32.9233 0 -1.6126 -31.1731 0 -2.072 -30.8533 0 -2.0103
4 16 -32.9233 0 -1.6126 -32.6208 0 -1.818 -31.4978 0 -2.0924 -31.1731 0 -2.072
4 16 -32.6208 0 -1.818 -32.2792 0 -1.9684 -31.9032 0 -2.0609 -31.4978 0 -2.0924
4 16 -29.9981 0 .7919 -33.6162 0 .8166 -33.6479 0 .6677 -29.9965 0 .6677
3 16 -33.5113 0 1.1778 -33.6162 0 .8166 -29.9981 0 .7919
4 16 -33.36 0 1.5024 -33.5113 0 1.1778 -29.9981 0 .7919 -30.0373 0 1.1667
4 16 -33.36 0 1.5024 -30.0373 0 1.1667 -30.1402 0 1.5 -33.1666 0 1.7869
4 16 -32.9351 0 2.0278 -33.1666 0 1.7869 -30.1402 0 1.5 -30.2999 0 1.7894
4 16 -32.6698 0 2.2214 -32.9351 0 2.0278 -30.2999 0 1.7894 -30.5097 0 2.0319
4 16 -32.6698 0 2.2214 -30.5097 0 2.0319 -30.7628 0 2.2252 -32.3749 0 2.3641
4 16 -32.0546 0 2.4523 -32.3749 0 2.3641 -30.7628 0 2.2252 -31.0522 0 2.3664
4 16 -32.0546 0 2.4523 -31.0522 0 2.3664 -31.3712 0 2.4532 -31.7132 0 2.4826

0 // Hyphen
4 15 -24.46 0 .68 -24.46 0 1.53 -27.28 0 1.53 -27.28 0 .68

0 // D
4 15 -19.9624 0 -1.9223 -21.3484 0 -1.9223 -22.454 0 -2.92 -19.9496 0 -2.92
4 15 -19.5382 0 -1.9017 -19.9624 0 -1.9223 -19.9496 0 -2.92 -19.3876 0 -2.8928
4 15 -19.1185 0 -1.8367 -19.5382 0 -1.9017 -19.3876 0 -2.8928 -18.8307 0 -2.8078
4 15 -18.7083 0 -1.7234 -19.1185 0 -1.8367 -18.8307 0 -2.8078 -18.2864 0 -2.6601
4 15 -18.3149 0 -1.5586 -18.7083 0 -1.7234 -18.2864 0 -2.6601 -17.7635 0 -2.4461
4 15 -17.9466 0 -1.3407 -18.3149 0 -1.5586 -17.7635 0 -2.4461 -17.2722 0 -2.1636
4 15 -17.6124 0 -1.0705 -17.9466 0 -1.3407 -17.2722 0 -2.1636 -16.8235 0 -1.8132
4 15 -17.3213 0 -.7518 -17.6124 0 -1.0705 -16.8235 0 -1.8132 -16.4293 0 -1.3989
4 15 -17.0802 0 -.3915 -17.3213 0 -.7518 -16.4293 0 -1.3989 -16.0998 0 -.9283
4 15 -16.8936 0 .0021 -17.0802 0 -.3915 -16.0998 0 -.9283 -15.8421 0 -.4121
4 15 -16.763 0 .4188 -16.8936 0 .0021 -15.8421 0 -.4121 -15.66 0 .1375
4 15 -16.6873 0 .85 -16.763 0 .4188 -15.66 0 .1375 -15.5534 0 .7077
4 15 -16.6629 0 1.2874 -16.6873 0 .85 -15.5534 0 .7077 -15.519 0 1.2874
4 15 -15.5523 0 1.8669 -16.6865 0 1.7236 -16.6629 0 1.2874 -15.519 0 1.2874
4 15 -15.6564 0 2.4373 -16.7605 0 2.1536 -16.6865 0 1.7236 -15.5523 0 1.8669
4 15 -16.7605 0 2.1536 -15.6564 0 2.4373 -15.8359 0 2.9874 -16.8894 0 2.5696
4 15 -16.8894 0 2.5696 -15.8359 0 2.9874 -16.0918 0 3.5038 -17.0754 0 2.9618
4 15 -17.0754 0 2.9618 -16.0918 0 3.5038 -16.4213 0 3.9737 -17.3171 0 3.32
4 15 -17.3171 0 3.32 -16.4213 0 3.9737 -16.817 0 4.3859 -17.6103 0 3.6349
4 15 -17.6103 0 3.6349 -16.817 0 4.3859 -17.2676 0 4.7323 -17.9466 0 3.8995
4 15 -17.9466 0 3.8995 -17.2676 0 4.7323 -17.7612 0 5.0096 -18.3168 0 4.111
4 15 -18.3168 0 4.111 -17.7612 0 5.0096 -18.2857 0 5.2181 -18.7109 0 4.2693
4 15 -18.7109 0 4.2693 -18.2857 0 5.2181 -18.8308 0 5.361 -19.1208 0 4.3771
4 15 -19.1208 0 4.3771 -18.8308 0 5.361 -19.3878 0 5.4427 -19.5398 0 4.4385
4 15 -19.5398 0 4.4385 -19.3878 0 5.4427 -19.9496 0 5.4688 -19.9624 0 4.4579
4 15 -19.9624 0 4.4579 -19.9496 0 5.4688 -22.454 0 5.4688 -21.3484 0 4.4579
4 15 -21.3484 0 -1.9223 -21.3484 0 4.4579 -22.454 0 5.4688 -22.454 0 -2.92
3 16 -18.8307 0 -2.8078 -19.3876 0 -2.8928 -14.439 0 -3.5332
3 16 -18.8307 0 -2.8078 -14.439 0 -3.5332 -18.2864 0 -2.6601
3 16 -18.2864 0 -2.6601 -14.439 0 -3.5332 -17.7635 0 -2.4461
3 16 -17.7635 0 -2.4461 -14.439 0 -3.5332 -17.2722 0 -2.1636
3 16 -17.2722 0 -2.1636 -14.439 0 -3.5332 -16.8235 0 -1.8132
3 16 -16.8235 0 -1.8132 -14.439 0 -3.5332 -16.4293 0 -1.3989
3 16 -16.4293 0 -1.3989 -14.439 0 -3.5332 -16.0998 0 -.9283
3 16 -16.0998 0 -.9283 -14.439 0 -3.5332 -15.8421 0 -.4121
3 16 -15.8421 0 -.4121 -14.439 0 -3.5332 -15.66 0 .1375
3 16 -15.66 0 .1375 -14.439 0 -3.5332 -15.5534 0 .7077
3 16 -15.5534 0 .7077 -14.439 0 -3.5332 -15.519 0 1.2874
4 16 -13.8756 0 2.1624 -15.181 0 5.767 -15.5523 0 1.8669 -15.519 0 1.2874
3 16 -15.5523 0 1.8669 -15.181 0 5.767 -15.6564 0 2.4373
3 16 -15.6564 0 2.4373 -15.181 0 5.767 -15.8359 0 2.9874
3 16 -15.8359 0 2.9874 -15.181 0 5.767 -16.0918 0 3.5038
3 16 -16.0918 0 3.5038 -15.181 0 5.767 -16.4213 0 3.9737
3 16 -16.4213 0 3.9737 -15.181 0 5.767 -16.817 0 4.3859
3 16 -16.817 0 4.3859 -15.181 0 5.767 -17.2676 0 4.7323
3 16 -17.2676 0 4.7323 -15.181 0 5.767 -17.7612 0 5.0096
3 16 -17.7612 0 5.0096 -15.181 0 5.767 -18.2857 0 5.2181
3 16 -18.2857 0 5.2181 -15.181 0 5.767 -18.8308 0 5.361
3 16 -18.8308 0 5.361 -15.181 0 5.767 -19.3878 0 5.4427
4 16 -30 0 10 -19.9496 0 5.4688 -19.3878 0 5.4427 -15.181 0 5.767
4 16 -21.3484 0 4.4579 -21.3484 0 -1.9223 -19.9624 0 -1.9223 -19.9624 0 4.4579
3 16 -19.5398 0 4.4385 -19.9624 0 4.4579 -19.9624 0 -1.9223
4 16 -19.5398 0 4.4385 -19.9624 0 -1.9223 -19.5382 0 -1.9017 -19.1208 0 4.3771
4 16 -18.7109 0 4.2693 -19.1208 0 4.3771 -19.5382 0 -1.9017 -19.1185 0 -1.8367
4 16 -18.3168 0 4.111 -18.7109 0 4.2693 -19.1185 0 -1.8367 -18.7083 0 -1.7234
4 16 -17.9466 0 3.8995 -18.3168 0 4.111 -18.7083 0 -1.7234 -18.3149 0 -1.5586
4 16 -17.6103 0 3.6349 -17.9466 0 3.8995 -18.3149 0 -1.5586 -17.9466 0 -1.3407
4 16 -17.3171 0 3.32 -17.6103 0 3.6349 -17.9466 0 -1.3407 -17.6124 0 -1.0705
4 16 -17.0754 0 2.9618 -17.3171 0 3.32 -17.6124 0 -1.0705 -17.3213 0 -.7518
4 16 -16.8894 0 2.5696 -17.0754 0 2.9618 -17.3213 0 -.7518 -17.0802 0 -.3915
4 16 -16.7605 0 2.1536 -16.8894 0 2.5696 -17.0802 0 -.3915 -16.8936 0 .0021
4 16 -16.6865 0 1.7236 -16.7605 0 2.1536 -16.8936 0 .0021 -16.763 0 .4188
4 16 -16.6629 0 1.2874 -16.6865 0 1.7236 -16.763 0 .4188 -16.6873 0 .85

0 // a
3 15 -9.984 0 -1.9858 -9.984 0 -2.92 -8.9796 0 -2.92
4 15 -8.9796 0 -2.92 -10.0999 0 -.8339 -10.1445 0 -1.0541 -9.984 0 -1.9858
3 15 -8.9796 0 -2.92 -10.0853 0 -.6094 -10.0999 0 -.8339
4 15 -8.9796 0 .8426 -10.0853 0 -.369 -10.0853 0 -.6094 -8.9796 0 -2.92
3 15 -10.0853 0 -.369 -8.9796 0 .8426 -10.0853 0 .3799
3 15 -10.0853 0 .3799 -8.9796 0 .8426 -10.0853 0 .9213
4 15 -10.0853 0 .9213 -8.9796 0 .8426 -8.9938 0 1.181 -10.1101 0 1.2606
3 15 -10.1101 0 1.2606 -8.9938 0 1.181 -9.0389 0 1.5161
4 15 -9.0389 0 1.5161 -9.12 0 1.8443 -10.1832 0 1.5591 -10.1101 0 1.2606
4 15 -9.2414 0 2.1586 -10.3028 0 1.8155 -10.1832 0 1.5591 -9.12 0 1.8443
3 15 -10.3028 0 1.8155 -9.2414 0 2.1586 -9.4058 0 2.4512
4 15 -10.467 0 2.0284 -10.3028 0 1.8155 -9.4058 0 2.4512 -9.6135 0 2.713
4 15 -9.8602 0 2.9353 -10.6742 0 2.1964 -10.467 0 2.0284 -9.6135 0 2.713
3 15 -10.6742 0 2.1964 -9.8602 0 2.9353 -10.1386 0 3.1135
4 15 -10.9224 0 2.3182 -10.6742 0 2.1964 -10.1386 0 3.1135 -10.44 0 3.2462
4 15 -10.7562 0 3.3357 -11.2099 0 2.3922 -10.9224 0 2.3182 -10.44 0 3.2462
3 15 -11.2099 0 2.3922 -10.7562 0 3.3357 -11.0805 0 3.3859
4 15 -11.5347 0 2.4172 -11.2099 0 2.3922 -11.0805 0 3.3859 -11.4079 0 3.4016
4 15 -11.7883 0 2.4031 -11.5347 0 2.4172 -11.4079 0 3.4016 -11.7806 0 3.3823
4 15 -11.7883 0 2.4031 -11.7806 0 3.3823 -12.1378 0 3.3243 -12.0273 0 2.3609
4 15 -12.0273 0 2.3609 -12.1378 0 3.3243 -12.4783 0 3.2276 -12.2537 0 2.2906
4 15 -12.2537 0 2.2906 -12.4783 0 3.2276 -12.8006 0 3.0922 -12.4694 0 2.1922
4 15 -12.4694 0 2.1922 -12.8006 0 3.0922 -13.1028 0 2.9181 -12.6763 0 2.066
4 15 -12.6763 0 2.066 -13.1028 0 2.9181 -13.3838 0 2.7051 -12.8764 0 1.9119
4 15 -12.8764 0 1.9119 -13.3838 0 2.7051 -13.6419 0 2.4532 -13.0716 0 1.7301
4 15 -13.0716 0 1.7301 -13.6419 0 2.4532 -13.8756 0 2.1624 -13.2638 0 1.5205
4 15 -10.0853 0 -.369 -10.0853 0 .3799 -11.9656 0 .3799 -11.8008 0 -.369
4 15 -11.8008 0 -.369 -11.9656 0 .3799 -12.2215 0 .3716 -11.9882 0 -.3758
3 15 -11.9882 0 -.3758 -12.2215 0 .3716 -12.4762 0 .3448
4 15 -12.4762 0 .3448 -12.728 0 .2974 -12.1898 0 -.4005 -11.9882 0 -.3758
4 15 -12.1898 0 -.4005 -12.728 0 .2974 -12.9746 0 .2264 -12.3937 0 -.4492
3 15 -12.3937 0 -.4492 -12.9746 0 .2264 -13.2124 0 .1289
4 15 -13.2124 0 .1289 -13.4367 0 .002 -12.5876 0 -.5284 -12.3937 0 -.4492
4 15 -12.5876 0 -.5284 -13.4367 0 .002 -13.6414 0 -.1567 -12.7595 0 -.6445
3 15 -12.7595 0 -.6445 -13.6414 0 -.1567 -13.8187 0 -.3473
4 15 -13.8187 0 -.3473 -13.9607 0 -.5666 -12.8973 0 -.8037 -12.7595 0 -.6445
4 15 -12.8973 0 -.8037 -13.9607 0 -.5666 -14.0624 0 -.809 -12.9888 0 -1.0123
3 15 -12.9888 0 -1.0123 -14.0624 0 -.809 -14.1216 0 -1.0657
4 15 -14.1216 0 -1.0657 -14.1404 0 -1.3292 -13.0221 0 -1.2768 -12.9888 0 -1.0123
4 15 -13.0221 0 -1.2768 -14.1404 0 -1.3292 -14.1234 0 -1.5843 -12.9986 0 -1.4976
3 15 -12.9986 0 -1.4976 -14.1234 0 -1.5843 -14.0701 0 -1.8343
4 15 -14.0701 0 -1.8343 -13.9788 0 -2.0724 -12.9307 0 -1.6918 -12.9986 0 -1.4976
4 15 -13.8508 0 -2.2913 -12.8224 0 -1.8584 -12.9307 0 -1.6918 -13.9788 0 -2.0724
3 15 -12.8224 0 -1.8584 -13.8508 0 -2.2913 -13.6896 0 -2.4853
4 15 -12.6777 0 -1.9968 -12.8224 0 -1.8584 -13.6896 0 -2.4853 -13.5008 0 -2.6508
4 15 -12.6777 0 -1.9968 -13.5008 0 -2.6508 -13.2906 0 -2.7864 -12.5005 0 -2.106
3 15 -12.5005 0 -2.106 -13.2906 0 -2.7864 -13.0649 0 -2.8927
4 15 -13.0649 0 -2.8927 -12.8291 0 -2.9712 -12.2948 0 -2.185 -12.5005 0 -2.106
4 15 -12.2948 0 -2.185 -12.8291 0 -2.9712 -12.5866 0 -3.0242 -12.0645 0 -2.2331
3 15 -12.0645 0 -2.2331 -12.5866 0 -3.0242 -12.3402 0 -3.0545
4 15 -12.3402 0 -3.0545 -12.0924 0 -3.0641 -11.8135 0 -2.2493 -12.0645 0 -2.2331
3 15 -11.8135 0 -2.2493 -12.0924 0 -3.0641 -11.8709 0 -3.0566
4 15 -11.8135 0 -2.2493 -11.8709 0 -3.0566 -11.6343 0 -3.0312 -11.5958 0 -2.2374
4 15 -11.3879 0 -2.9832 -11.3807 0 -2.2009 -11.5958 0 -2.2374 -11.6343 0 -3.0312
4 15 -11.3807 0 -2.2009 -11.3879 0 -2.9832 -11.1369 0 -2.908 -11.171 0 -2.1394
4 15 -10.8867 0 -2.8011 -10.9699 0 -2.0525 -11.171 0 -2.1394 -11.1369 0 -2.908
4 15 -10.9699 0 -2.0525 -10.8867 0 -2.8011 -10.6425 0 -2.658 -10.781 0 -1.9404
4 15 -10.4099 0 -2.474 -10.6075 0 -1.8038 -10.781 0 -1.9404 -10.6425 0 -2.658
4 15 -10.4099 0 -2.474 -10.194 0 -2.2446 -10.4536 0 -1.644 -10.6075 0 -1.8038
3 15 -10.4536 0 -1.644 -10.194 0 -2.2446 -10.3231 0 -1.4635
4 15 -10.194 0 -2.2446 -9.984 0 -1.9858 -10.2192 0 -1.2655 -10.3231 0 -1.4635
3 15 -10.2192 0 -1.2655 -9.984 0 -1.9858 -10.1445 0 -1.0541
3 16 -8.9796 0 -3.5332 -8.9796 0 -2.92 -9.984 0 -2.92
3 16 -9.984 0 -2.92 -9.984 0 -1.9858 -10.194 0 -2.2446
3 16 -9.984 0 -2.92 -10.194 0 -2.2446 -10.4099 0 -2.474
3 16 -9.984 0 -2.92 -10.4099 0 -2.474 -10.6425 0 -2.658
3 16 -10.6425 0 -2.658 -10.8867 0 -2.8011 -9.984 0 -2.92
4 16 -10.8867 0 -2.8011 -11.1369 0 -2.908 -8.9796 0 -3.5332 -9.984 0 -2.92
3 16 -8.9796 0 -3.5332 -11.1369 0 -2.908 -11.3879 0 -2.9832
3 16 -8.9796 0 -3.5332 -11.3879 0 -2.9832 -11.6343 0 -3.0312
3 16 -8.9796 0 -3.5332 -11.6343 0 -3.0312 -11.8709 0 -3.0566
4 16 -14.439 0 -3.5332 -8.9796 0 -3.5332 -11.8709 0 -3.0566 -12.0924 0 -3.0641
3 16 -14.439 0 -3.5332 -12.0924 0 -3.0641 -12.3402 0 -3.0545
3 16 -14.439 0 -3.5332 -12.3402 0 -3.0545 -12.5866 0 -3.0242
3 16 -14.439 0 -3.5332 -12.5866 0 -3.0242 -12.8291 0 -2.9712
3 16 -14.439 0 -3.5332 -12.8291 0 -2.9712 -13.0649 0 -2.8927
3 16 -14.439 0 -3.5332 -13.0649 0 -2.8927 -13.2906 0 -2.7864
3 16 -14.439 0 -3.5332 -13.2906 0 -2.7864 -13.5008 0 -2.6508
3 16 -14.439 0 -3.5332 -13.5008 0 -2.6508 -13.6896 0 -2.4853
3 16 -14.439 0 -3.5332 -13.6896 0 -2.4853 -13.8508 0 -2.2913
3 16 -14.439 0 -3.5332 -13.8508 0 -2.2913 -13.9788 0 -2.0724
3 16 -14.439 0 -3.5332 -13.9788 0 -2.0724 -14.0701 0 -1.8343
3 16 -14.439 0 -3.5332 -14.0701 0 -1.8343 -14.1234 0 -1.5843
4 16 -14.1234 0 -1.5843 -14.1404 0 -1.3292 -15.519 0 1.2874 -14.439 0 -3.5332
3 16 -15.519 0 1.2874 -14.1404 0 -1.3292 -14.1216 0 -1.0657
3 16 -15.519 0 1.2874 -14.1216 0 -1.0657 -14.0624 0 -.809
3 16 -15.519 0 1.2874 -14.0624 0 -.809 -13.9607 0 -.5666
3 16 -15.519 0 1.2874 -13.9607 0 -.5666 -13.8187 0 -.3473
3 16 -15.519 0 1.2874 -13.8187 0 -.3473 -13.6414 0 -.1567
4 16 -13.4367 0 .002 -13.2638 0 1.5205 -15.519 0 1.2874 -13.6414 0 -.1567
3 16 -13.2638 0 1.5205 -13.4367 0 .002 -13.2124 0 .1289
4 16 -13.2638 0 1.5205 -13.2124 0 .1289 -12.9746 0 .2264 -13.0716 0 1.7301
4 16 -13.0716 0 1.7301 -12.9746 0 .2264 -12.728 0 .2974 -12.8764 0 1.9119
4 16 -12.8764 0 1.9119 -12.728 0 .2974 -12.4762 0 .3448 -12.6763 0 2.066
4 16 -12.6763 0 2.066 -12.4762 0 .3448 -12.2215 0 .3716 -12.4694 0 2.1922
4 16 -12.4694 0 2.1922 -12.2215 0 .3716 -11.9656 0 .3799 -12.2537 0 2.2906
4 16 -12.0273 0 2.3609 -12.2537 0 2.2906 -11.9656 0 .3799 -10.0853 0 .3799
4 16 -11.7883 0 2.4031 -12.0273 0 2.3609 -10.0853 0 .3799 -10.0853 0 .9213
4 16 -11.5347 0 2.4172 -11.7883 0 2.4031 -10.0853 0 .9213 -10.1101 0 1.2606
4 16 -11.2099 0 2.3922 -11.5347 0 2.4172 -10.1101 0 1.2606 -10.1832 0 1.5591
4 16 -10.9224 0 2.3182 -11.2099 0 2.3922 -10.1832 0 1.5591 -10.3028 0 1.8155
4 16 -10.6742 0 2.1964 -10.9224 0 2.3182 -10.3028 0 1.8155 -10.467 0 2.0284
3 16 -15.519 0 1.2874 -13.2638 0 1.5205 -13.8756 0 2.1624
3 16 -15.181 0 5.767 -13.8756 0 2.1624 -13.6419 0 2.4532
3 16 -15.181 0 5.767 -13.6419 0 2.4532 -13.3838 0 2.7051
3 16 -15.181 0 5.767 -13.3838 0 2.7051 -13.1028 0 2.9181
3 16 -15.181 0 5.767 -13.1028 0 2.9181 -12.8006 0 3.0922
3 16 -15.181 0 5.767 -12.8006 0 3.0922 -12.4783 0 3.2276
3 16 -15.181 0 5.767 -12.4783 0 3.2276 -12.1378 0 3.3243
3 16 -15.181 0 5.767 -12.1378 0 3.3243 -11.7806 0 3.3823
4 16 -11.7806 0 3.3823 -11.4079 0 3.4016 -8.697 0 3.723 -15.181 0 5.767
3 16 -8.697 0 3.723 -11.4079 0 3.4016 -11.0805 0 3.3859
3 16 -8.697 0 3.723 -11.0805 0 3.3859 -10.7562 0 3.3357
3 16 -8.697 0 3.723 -10.7562 0 3.3357 -10.44 0 3.2462
3 16 -8.697 0 3.723 -10.44 0 3.2462 -10.1386 0 3.1135
3 16 -8.697 0 3.723 -10.1386 0 3.1135 -9.8602 0 2.9353
3 16 -8.697 0 3.723 -9.8602 0 2.9353 -9.6135 0 2.713
3 16 -8.697 0 3.723 -9.6135 0 2.713 -9.4058 0 2.4512
3 16 -8.697 0 3.723 -9.4058 0 2.4512 -9.2414 0 2.1586
3 16 -8.697 0 3.723 -9.2414 0 2.1586 -9.12 0 1.8443
3 16 -8.697 0 3.723 -9.12 0 1.8443 -9.0389 0 1.5161
3 16 -8.697 0 3.723 -9.0389 0 1.5161 -8.9938 0 1.181
4 16 -10.0853 0 -.369 -11.8008 0 -.369 -10.0999 0 -.8339 -10.0853 0 -.6094
4 16 -10.0999 0 -.8339 -11.8008 0 -.369 -10.2192 0 -1.2655 -10.1445 0 -1.0541
4 16 -10.3231 0 -1.4635 -10.2192 0 -1.2655 -11.8008 0 -.369 -11.9882 0 -.3758
3 16 -10.3231 0 -1.4635 -11.9882 0 -.3758 -10.4536 0 -1.644
4 16 -11.9882 0 -.3758 -12.1898 0 -.4005 -10.6075 0 -1.8038 -10.4536 0 -1.644
3 16 -10.6075 0 -1.8038 -12.1898 0 -.4005 -10.781 0 -1.9404
4 16 -10.9699 0 -2.0525 -10.781 0 -1.9404 -12.1898 0 -.4005 -12.3937 0 -.4492
3 16 -10.9699 0 -2.0525 -12.3937 0 -.4492 -11.171 0 -2.1394
4 16 -12.3937 0 -.4492 -12.5876 0 -.5284 -11.3807 0 -2.2009 -11.171 0 -2.1394
3 16 -11.3807 0 -2.2009 -12.5876 0 -.5284 -11.5958 0 -2.2374
4 16 -11.8135 0 -2.2493 -11.5958 0 -2.2374 -12.5876 0 -.5284 -12.7595 0 -.6445
4 16 -11.8135 0 -2.2493 -12.7595 0 -.6445 -12.8973 0 -.8037 -12.0645 0 -2.2331
4 16 -12.0645 0 -2.2331 -12.8973 0 -.8037 -12.9888 0 -1.0123 -12.2948 0 -2.185
4 16 -12.2948 0 -2.185 -12.9888 0 -1.0123 -13.0221 0 -1.2768 -12.5005 0 -2.106
4 16 -12.5005 0 -2.106 -13.0221 0 -1.2768 -12.9986 0 -1.4976 -12.6777 0 -1.9968
4 16 -12.6777 0 -1.9968 -12.9986 0 -1.4976 -12.9307 0 -1.6918 -12.8224 0 -1.8584

0 // m
4 15 1.0932 0 .7772 1.0932 0 -2.92 2.1988 0 -2.92 2.1988 0 .9736
4 15 1.0932 0 .7772 2.1988 0 .9736 2.1859 0 1.2852 1.0682 0 1.1223
3 15 1.0682 0 1.1223 2.1859 0 1.2852 2.145 0 1.5945
4 15 .9948 0 1.4346 1.0682 0 1.1223 2.145 0 1.5945 2.0726 0 1.8977
4 15 1.9656 0 2.1895 .8757 0 1.71 .9948 0 1.4346 2.0726 0 1.8977
3 15 .8757 0 1.71 1.9656 0 2.1895 1.8215 0 2.4637
4 15 .7134 0 1.9444 .8757 0 1.71 1.8215 0 2.4637 1.6394 0 2.7128
4 15 1.4217 0 2.9288 .5103 0 2.1338 .7134 0 1.9444 1.6394 0 2.7128
3 15 .5103 0 2.1338 1.4217 0 2.9288 1.1728 0 3.1059
4 15 .269 0 2.2741 .5103 0 2.1338 1.1728 0 3.1059 .9004 0 3.2406
4 15 .6117 0 3.3328 -.0079 0 2.3613 .269 0 2.2741 .9004 0 3.2406
3 15 -.0079 0 2.3613 .6117 0 3.3328 .3136 0 3.3851
4 15 -.3179 0 2.3912 -.0079 0 2.3613 .3136 0 3.3851 .0115 0 3.4016
4 15 -.3179 0 2.3912 .0115 0 3.4016 -.3152 0 3.3824 -.633 0 2.3611
3 15 -.633 0 2.3611 -.3152 0 3.3824 -.6374 0 3.3238
4 15 -.9195 0 2.2742 -.633 0 2.3611 -.6374 0 3.3238 -.9504 0 3.2255
4 15 -1.2492 0 3.0872 -1.173 0 2.1355 -.9195 0 2.2742 -.9504 0 3.2255
3 15 -1.173 0 2.1355 -1.2492 0 3.0872 -1.5277 0 2.9096
4 15 -1.3897 0 1.9501 -1.173 0 2.1355 -1.5277 0 2.9096 -1.7795 0 2.6939
4 15 -1.9979 0 2.4423 -1.5653 0 1.723 -1.3897 0 1.9501 -1.7795 0 2.6939
4 15 -1.6959 0 1.4594 -1.5653 0 1.723 -1.9979 0 2.4423 -2.1038 0 2.2998
4 15 -2.924 0 1.1191 -1.7773 0 1.1642 -1.6959 0 1.4594 -2.1038 0 2.2998
4 15 -2.924 0 1.1191 -2.8986 0 .7772 -1.8053 0 .8426 -1.7773 0 1.1642
4 15 -1.8053 0 -2.92 -1.8053 0 .8426 -2.8986 0 .7772 -2.8986 0 -2.92
3 15 -2.924 0 1.1191 -2.1038 0 2.2998 -2.9987 0 1.43
4 15 -2.9987 0 1.43 -2.1038 0 2.2998 -2.194 0 2.4535 -3.1195 0 1.7052
4 15 -3.2841 0 1.9403 -3.1195 0 1.7052 -2.194 0 2.4535 -2.3695 0 2.7051
4 15 -2.583 0 2.9234 -3.4894 0 2.1309 -3.2841 0 1.9403 -2.3695 0 2.7051
3 15 -3.4894 0 2.1309 -2.583 0 2.9234 -2.8282 0 3.102
4 15 -3.7327 0 2.2726 -3.4894 0 2.1309 -2.8282 0 3.102 -3.0979 0 3.2382
4 15 -3.3843 0 3.3317 -4.0113 0 2.3608 -3.7327 0 2.2726 -3.0979 0 3.2382
3 15 -4.0113 0 2.3608 -3.3843 0 3.3317 -3.6804 0 3.3848
4 15 -4.3225 0 2.3912 -4.0113 0 2.3608 -3.6804 0 3.3848 -3.9802 0 3.4016
4 15 -4.6075 0 3.3276 -4.3225 0 2.3912 -3.9802 0 3.4016 -4.2959 0 3.3836
4 15 -4.6396 0 2.3611 -4.3225 0 2.3912 -4.6075 0 3.3276 -4.9095 0 3.2306
4 15 -5.1955 0 3.0913 -4.927 0 2.2734 -4.6396 0 2.3611 -4.9095 0 3.2306
3 15 -4.927 0 2.2734 -5.1955 0 3.0913 -5.459 0 2.9108
4 15 -5.1806 0 2.1325 -4.927 0 2.2734 -5.459 0 2.9108 -5.6945 0 2.6934
4 15 -5.8984 0 2.4767 -5.3968 0 1.9426 -5.1806 0 2.1325 -5.6945 0 2.6934
3 15 -5.3968 0 1.9426 -5.8984 0 2.4767 -5.5718 0 1.7078
3 15 -6.903 0 3.2579 -5.8984 0 2.4767 -5.8984 0 3.2579
4 15 -5.5718 0 1.7078 -5.8984 0 2.4767 -6.903 0 3.2579 -5.7014 0 1.4325
3 15 -5.7014 0 1.4325 -6.903 0 3.2579 -5.782 0 1.1209
4 15 -5.782 0 1.1209 -6.903 0 3.2579 -6.903 0 -2.92 -5.8098 0 .7772
3 15 -5.8098 0 .7772 -6.903 0 -2.92 -5.8098 0 -2.92
4 16 -5.8098 0 .7772 -5.8098 0 -2.92 -2.8986 0 -2.92 -2.8986 0 .7772
3 16 -5.8098 0 .7772 -2.8986 0 .7772 -2.924 0 1.1191
4 16 -2.9987 0 1.43 -5.782 0 1.1209 -5.8098 0 .7772 -2.924 0 1.1191
4 16 -3.1195 0 1.7052 -5.7014 0 1.4325 -5.782 0 1.1209 -2.9987 0 1.43
4 16 -5.7014 0 1.4325 -3.1195 0 1.7052 -3.2841 0 1.9403 -5.5718 0 1.7078
4 16 -3.4894 0 2.1309 -5.3968 0 1.9426 -5.5718 0 1.7078 -3.2841 0 1.9403
4 16 -3.7327 0 2.2726 -5.1806 0 2.1325 -5.3968 0 1.9426 -3.4894 0 2.1309
4 16 -4.0113 0 2.3608 -4.927 0 2.2734 -5.1806 0 2.1325 -3.7327 0 2.2726
4 16 -4.3225 0 2.3912 -4.6396 0 2.3611 -4.927 0 2.2734 -4.0113 0 2.3608
4 16 -1.8053 0 .8426 -1.8053 0 -2.92 1.0932 0 -2.92 1.0932 0 .7772
3 16 -1.7773 0 1.1642 -1.8053 0 .8426 1.0932 0 .7772
4 16 -1.7773 0 1.1642 1.0932 0 .7772 1.0682 0 1.1223 -1.6959 0 1.4594
4 16 -1.6959 0 1.4594 1.0682 0 1.1223 .9948 0 1.4346 -1.5653 0 1.723
4 16 -1.5653 0 1.723 .9948 0 1.4346 .8757 0 1.71 -1.3897 0 1.9501
4 16 -1.3897 0 1.9501 .8757 0 1.71 .7134 0 1.9444 -1.173 0 2.1355
4 16 -1.173 0 2.1355 .7134 0 1.9444 .5103 0 2.1338 -.9195 0 2.2742
4 16 -.9195 0 2.2742 .5103 0 2.1338 .269 0 2.2741 -.633 0 2.3611
4 16 -.633 0 2.3611 .269 0 2.2741 -.0079 0 2.3613 -.3179 0 2.3912
3 16 2.1859 0 1.2852 2.1988 0 .9736 2.659 0 3.8252
3 16 2.1859 0 1.2852 2.659 0 3.8252 2.145 0 1.5945
3 16 2.145 0 1.5945 2.659 0 3.8252 2.0726 0 1.8977
3 16 2.0726 0 1.8977 2.659 0 3.8252 1.9656 0 2.1895
3 16 1.9656 0 2.1895 2.659 0 3.8252 1.8215 0 2.4637
3 16 1.8215 0 2.4637 2.659 0 3.8252 1.6394 0 2.7128
3 16 1.6394 0 2.7128 2.659 0 3.8252 1.4217 0 2.9288
3 16 1.4217 0 2.9288 2.659 0 3.8252 1.1728 0 3.1059
3 16 1.1728 0 3.1059 2.659 0 3.8252 .9004 0 3.2406
3 16 .9004 0 3.2406 2.659 0 3.8252 .6117 0 3.3328
3 16 .6117 0 3.3328 2.659 0 3.8252 .3136 0 3.3851
4 16 .3136 0 3.3851 2.659 0 3.8252 -2.1038 0 3.8252 .0115 0 3.4016
3 16 .0115 0 3.4016 -2.1038 0 3.8252 -.3152 0 3.3824
3 16 -.3152 0 3.3824 -2.1038 0 3.8252 -.6374 0 3.3238
3 16 -.6374 0 3.3238 -2.1038 0 3.8252 -.9504 0 3.2255
3 16 -.9504 0 3.2255 -2.1038 0 3.8252 -1.2492 0 3.0872
3 16 -1.2492 0 3.0872 -2.1038 0 3.8252 -1.5277 0 2.9096
3 16 -1.5277 0 2.9096 -2.1038 0 3.8252 -1.7795 0 2.6939
3 16 -1.7795 0 2.6939 -2.1038 0 3.8252 -1.9979 0 2.4423
4 16 -1.9979 0 2.4423 -2.1038 0 3.8252 -2.194 0 2.4535 -2.1038 0 2.2998
3 16 -2.194 0 2.4535 -2.1038 0 3.8252 -2.3695 0 2.7051
3 16 -2.3695 0 2.7051 -2.1038 0 3.8252 -2.583 0 2.9234
3 16 -2.583 0 2.9234 -2.1038 0 3.8252 -2.8282 0 3.102
3 16 -2.8282 0 3.102 -2.1038 0 3.8252 -3.0979 0 3.2382
3 16 -3.0979 0 3.2382 -2.1038 0 3.8252 -3.3843 0 3.3317
3 16 -3.3843 0 3.3317 -2.1038 0 3.8252 -3.6804 0 3.3848
3 16 -3.6804 0 3.3848 -2.1038 0 3.8252 -3.9802 0 3.4016
4 16 -4.2959 0 3.3836 -3.9802 0 3.4016 -2.1038 0 3.8252 -6.903 0 3.8252
3 16 -4.2959 0 3.3836 -6.903 0 3.8252 -4.6075 0 3.3276
3 16 -4.6075 0 3.3276 -6.903 0 3.8252 -4.9095 0 3.2306
4 16 -8.697 0 3.723 -6.903 0 3.2579 -5.8984 0 3.2579 -6.903 0 3.8252
4 16 -6.903 0 3.8252 -5.8984 0 3.2579 -5.1955 0 3.0913 -4.9095 0 3.2306
3 16 -5.1955 0 3.0913 -5.8984 0 3.2579 -5.459 0 2.9108
3 16 -5.459 0 2.9108 -5.8984 0 3.2579 -5.6945 0 2.6934
3 16 -5.8984 0 3.2579 -5.8984 0 2.4767 -5.6945 0 2.6934

0 // e
4 15 9.7448 0 -.1598 8.7335 0 .6677 5.0821 0 .6677 5.065 0 -.1598
3 15 8.7335 0 .6677 9.7448 0 -.1598 9.8035 0 .2174
4 15 9.8035 0 .2174 9.8252 0 .5812 8.7319 0 .7919 8.7335 0 .6677
4 15 8.7319 0 .7919 9.8252 0 .5812 9.8036 0 .9534 8.6927 0 1.1667
3 15 8.6927 0 1.1667 9.8036 0 .9534 9.7376 0 1.3196
4 15 8.5898 0 1.5 8.6927 0 1.1667 9.7376 0 1.3196 9.6264 0 1.6741
4 15 9.4701 0 2.0101 8.4301 0 1.7894 8.5898 0 1.5 9.6264 0 1.6741
3 15 8.4301 0 1.7894 9.4701 0 2.0101 9.271 0 2.3209
4 15 8.2203 0 2.0319 8.4301 0 1.7894 9.271 0 2.3209 9.0321 0 2.6004
4 15 8.7581 0 2.8431 7.9672 0 2.2252 8.2203 0 2.0319 9.0321 0 2.6004
3 15 7.9672 0 2.2252 8.7581 0 2.8431 8.4547 0 3.0445
4 15 7.6778 0 2.3664 7.9672 0 2.2252 8.4547 0 3.0445 8.1275 0 3.2021
4 15 7.7832 0 3.3139 7.3588 0 2.4532 7.6778 0 2.3664 8.1275 0 3.2021
3 15 7.3588 0 2.4532 7.7832 0 3.3139 7.4281 0 3.38
4 15 7.0168 0 2.4826 7.3588 0 2.4532 7.4281 0 3.38 7.0675 0 3.4016
4 15 6.6587 0 3.3809 6.6754 0 2.4523 7.0168 0 2.4826 7.0675 0 3.4016
3 15 6.6754 0 2.4523 6.6587 0 3.3809 6.2566 0 3.3011
4 15 6.2566 0 3.3011 5.8692 0 3.1645 6.3551 0 2.3641 6.6754 0 2.4523
4 15 6.3551 0 2.3641 5.8692 0 3.1645 5.5035 0 2.9748 6.0602 0 2.2214
3 15 6.0602 0 2.2214 5.5035 0 2.9748 5.1653 0 2.7367
4 15 5.7949 0 2.0278 6.0602 0 2.2214 5.1653 0 2.7367 4.86 0 2.4549
4 15 4.5925 0 2.1348 5.5634 0 1.7869 5.7949 0 2.0278 4.86 0 2.4549
3 15 5.5634 0 1.7869 4.5925 0 2.1348 4.3675 0 1.7819
4 15 5.37 0 1.5024 5.5634 0 1.7869 4.3675 0 1.7819 4.1891 0 1.4016
4 15 4.0611 0 1 5.2187 0 1.1778 5.37 0 1.5024 4.1891 0 1.4016
4 15 5.1138 0 .8166 5.2187 0 1.1778 4.0611 0 1 3.9866 0 .5845
4 15 5.0821 0 .6677 5.1138 0 .8166 3.9866 0 .5845 3.9675 0 .1624
3 15 5.0821 0 .6677 3.9675 0 .1624 5.065 0 -.1598
4 15 5.065 0 -.1598 3.9675 0 .1624 3.9939 0 -.2676 5.0875 0 -.3019
4 15 5.0875 0 -.3019 3.9939 0 -.2676 4.0739 0 -.6901 5.1839 0 -.6968
4 15 5.3393 0 -1.0489 5.1839 0 -.6968 4.0739 0 -.6901 4.2081 0 -1.0979
4 15 5.3393 0 -1.0489 4.2081 0 -1.0979 4.395 0 -1.4828 5.5485 0 -1.3552
3 15 5.5485 0 -1.3552 4.395 0 -1.4828 4.6316 0 -1.8377
4 15 5.8067 0 -1.6126 5.5485 0 -1.3552 4.6316 0 -1.8377 4.9132 0 -2.1554
4 15 5.234 0 -2.4306 6.1092 0 -1.818 5.8067 0 -1.6126 4.9132 0 -2.1554
3 15 6.1092 0 -1.818 5.234 0 -2.4306 5.5879 0 -2.659
4 15 6.4508 0 -1.9684 6.1092 0 -1.818 5.5879 0 -2.659 5.9676 0 -2.8374
4 15 6.3664 0 -2.9643 6.8268 0 -2.0609 6.4508 0 -1.9684 5.9676 0 -2.8374
3 15 6.8268 0 -2.0609 6.3664 0 -2.9643 6.7773 0 -3.0395
4 15 7.2322 0 -2.0924 6.8268 0 -2.0609 6.7773 0 -3.0395 7.1939 0 -3.0641
4 15 7.5569 0 -2.072 7.2322 0 -2.0924 7.1939 0 -3.0641 7.6187 0 -3.0394
4 15 7.5569 0 -2.072 7.6187 0 -3.0394 8.0378 0 -2.9621 7.8767 0 -2.0103
4 15 7.8767 0 -2.0103 8.0378 0 -2.9621 8.4438 0 -2.8302 8.1867 0 -1.9077
4 15 8.1867 0 -1.9077 8.4438 0 -2.8302 8.8296 0 -2.6447 8.4824 0 -1.7675
4 15 8.4824 0 -1.7675 8.8296 0 -2.6447 9.1897 0 -2.4105 8.7611 0 -1.5942
4 15 8.7611 0 -1.5942 9.1897 0 -2.4105 9.5208 0 -2.1347 9.0216 0 -1.3926
3 16 9.5208 0 -2.1347 9.1897 0 -2.4105 10.256 0 -3.5332
3 16 10.256 0 -3.5332 9.1897 0 -2.4105 8.8296 0 -2.6447
3 16 10.256 0 -3.5332 8.8296 0 -2.6447 8.4438 0 -2.8302
3 16 10.256 0 -3.5332 8.4438 0 -2.8302 8.0378 0 -2.9621
3 16 10.256 0 -3.5332 8.0378 0 -2.9621 7.6187 0 -3.0394
3 16 10.256 0 -3.5332 7.6187 0 -3.0394 7.1939 0 -3.0641
4 16 10.256 0 -3.5332 7.1939 0 -3.0641 6.7773 0 -3.0395 2.1988 0 -2.92
3 16 2.1988 0 -2.92 6.7773 0 -3.0395 6.3664 0 -2.9643
3 16 2.1988 0 -2.92 6.3664 0 -2.9643 5.9676 0 -2.8374
3 16 2.1988 0 -2.92 5.9676 0 -2.8374 5.5879 0 -2.659
3 16 2.1988 0 -2.92 5.5879 0 -2.659 5.234 0 -2.4306
3 16 2.1988 0 -2.92 5.234 0 -2.4306 4.9132 0 -2.1554
3 16 2.1988 0 -2.92 4.9132 0 -2.1554 4.6316 0 -1.8377
3 16 2.1988 0 -2.92 4.6316 0 -1.8377 4.395 0 -1.4828
3 16 2.1988 0 -2.92 4.395 0 -1.4828 4.2081 0 -1.0979
3 16 2.1988 0 -2.92 4.2081 0 -1.0979 4.0739 0 -.6901
3 16 2.1988 0 -2.92 4.0739 0 -.6901 3.9939 0 -.2676
4 16 3.9939 0 -.2676 3.9675 0 .1624 2.659 0 3.8252 2.1988 0 -2.92
3 16 2.659 0 3.8252 3.9675 0 .1624 3.9866 0 .5845
3 16 2.659 0 3.8252 3.9866 0 .5845 4.0611 0 1
3 16 2.659 0 3.8252 4.0611 0 1 4.1891 0 1.4016
3 16 2.659 0 3.8252 4.1891 0 1.4016 4.3675 0 1.7819
3 16 2.659 0 3.8252 4.3675 0 1.7819 4.5925 0 2.1348
3 16 2.659 0 3.8252 4.5925 0 2.1348 4.86 0 2.4549
3 16 2.659 0 3.8252 4.86 0 2.4549 5.1653 0 2.7367
3 16 2.659 0 3.8252 5.1653 0 2.7367 5.5035 0 2.9748
3 16 2.659 0 3.8252 5.5035 0 2.9748 5.8692 0 3.1645
3 16 2.659 0 3.8252 5.8692 0 3.1645 6.2566 0 3.3011
3 16 2.659 0 3.8252 6.2566 0 3.3011 6.6587 0 3.3809
4 16 6.6587 0 3.3809 7.0675 0 3.4016 10.256 0 3.8252 2.659 0 3.8252
3 16 10.256 0 3.8252 7.0675 0 3.4016 7.4281 0 3.38
3 16 10.256 0 3.8252 7.4281 0 3.38 7.7832 0 3.3139
3 16 10.256 0 3.8252 7.7832 0 3.3139 8.1275 0 3.2021
3 16 10.256 0 3.8252 8.1275 0 3.2021 8.4547 0 3.0445
3 16 10.256 0 3.8252 8.4547 0 3.0445 8.7581 0 2.8431
3 16 10.256 0 3.8252 8.7581 0 2.8431 9.0321 0 2.6004
3 16 10.256 0 3.8252 9.0321 0 2.6004 9.271 0 2.3209
3 16 10.256 0 3.8252 9.271 0 2.3209 9.4701 0 2.0101
3 16 10.256 0 3.8252 9.4701 0 2.0101 9.6264 0 1.6741
3 16 10.256 0 3.8252 9.6264 0 1.6741 9.7376 0 1.3196
3 16 10.256 0 3.8252 9.7376 0 1.3196 9.8036 0 .9534
3 16 10.256 0 3.8252 9.8036 0 .9534 9.8252 0 .5812
4 16 9.8035 0 .2174 10.256 0 -3.5332 10.256 0 3.8252 9.8252 0 .5812
4 16 9.8035 0 .2174 9.7448 0 -.1598 9.5208 0 -2.1347 10.256 0 -3.5332
3 16 9.5208 0 -2.1347 9.7448 0 -.1598 9.0216 0 -1.3926
3 16 9.0216 0 -1.3926 9.7448 0 -.1598 5.065 0 -.1598
4 16 5.065 0 -.1598 5.0875 0 -.3019 8.7611 0 -1.5942 9.0216 0 -1.3926
4 16 5.0875 0 -.3019 5.1839 0 -.6968 8.4824 0 -1.7675 8.7611 0 -1.5942
4 16 5.1839 0 -.6968 5.3393 0 -1.0489 8.1867 0 -1.9077 8.4824 0 -1.7675
4 16 5.3393 0 -1.0489 5.5485 0 -1.3552 7.8767 0 -2.0103 8.1867 0 -1.9077
4 16 5.5485 0 -1.3552 5.8067 0 -1.6126 7.5569 0 -2.072 7.8767 0 -2.0103
4 16 5.8067 0 -1.6126 6.1092 0 -1.818 7.2322 0 -2.0924 7.5569 0 -2.072
4 16 6.1092 0 -1.818 6.4508 0 -1.9684 6.8268 0 -2.0609 7.2322 0 -2.0924
4 16 8.7319 0 .7919 5.1138 0 .8166 5.0821 0 .6677 8.7335 0 .6677
3 16 5.2187 0 1.1778 5.1138 0 .8166 8.7319 0 .7919
4 16 5.37 0 1.5024 5.2187 0 1.1778 8.7319 0 .7919 8.6927 0 1.1667
4 16 5.37 0 1.5024 8.6927 0 1.1667 8.5898 0 1.5 5.5634 0 1.7869
4 16 5.7949 0 2.0278 5.5634 0 1.7869 8.5898 0 1.5 8.4301 0 1.7894
4 16 6.0602 0 2.2214 5.7949 0 2.0278 8.4301 0 1.7894 8.2203 0 2.0319
4 16 6.0602 0 2.2214 8.2203 0 2.0319 7.9672 0 2.2252 6.3551 0 2.3641
4 16 6.6754 0 2.4523 6.3551 0 2.3641 7.9672 0 2.2252 7.6778 0 2.3664
4 16 6.6754 0 2.4523 7.6778 0 2.3664 7.3588 0 2.4532 7.0168 0 2.4826

0 // d
3 15 20.212 0 -1.7403 20.212 0 -2.92 21.2162 0 -2.92
4 15 20.1358 0 .1624 20.0929 0 -.3542 20.212 0 -1.7403 21.2162 0 -2.92
4 15 20.1106 0 2.2535 20.0924 0 .6752 20.1358 0 .1624 21.2162 0 -2.92
4 15 21.2162 0 -2.92 21.2162 0 6.6461 20.1106 0 6.6461 20.1106 0 2.2535
3 15 20.0924 0 .6752 20.1106 0 2.2535 19.9691 0 1.1234
4 15 19.7766 0 1.506 19.9691 0 1.1234 20.1106 0 2.2535 19.9002 0 2.5178
4 15 19.7766 0 1.506 19.9002 0 2.5178 19.6395 0 2.7921 19.5252 0 1.8215
4 15 19.5252 0 1.8215 19.6395 0 2.7921 19.3377 0 3.0166 19.2256 0 2.069
4 15 19.2256 0 2.069 19.3377 0 3.0166 19.0052 0 3.189 18.888 0 2.2472
4 15 18.888 0 2.2472 19.0052 0 3.189 18.6515 0 3.3092 18.5231 0 2.3551
4 15 18.5231 0 2.3551 18.6515 0 3.3092 18.2852 0 3.3791 18.1414 0 2.3912
3 15 17.9137 0 3.4016 18.1414 0 2.3912 18.2852 0 3.3791
4 15 18.1414 0 2.3912 17.9137 0 3.4016 17.5148 0 3.3811 17.7284 0 2.3491
3 15 17.7284 0 2.3491 17.5148 0 3.3811 17.1229 0 3.3007
4 15 17.1229 0 3.3007 16.7467 0 3.1617 17.3452 0 2.2271 17.7284 0 2.3491
4 15 16.3944 0 2.9677 17 0 2.0316 17.3452 0 2.2271 16.7467 0 3.1617
3 15 17 0 2.0316 16.3944 0 2.9677 16.0725 0 2.724
4 15 16.6999 0 1.7689 17 0 2.0316 16.0725 0 2.724 15.7861 0 2.4365
4 15 16.6999 0 1.7689 15.7861 0 2.4365 15.5398 0 2.1118 16.4531 0 1.4456
3 15 16.4531 0 1.4456 15.5398 0 2.1118 15.3366 0 1.7569
4 15 15.3366 0 1.7569 15.179 0 1.3779 16.2672 0 1.068 16.4531 0 1.4456
4 15 16.2672 0 1.068 15.179 0 1.3779 15.0686 0 .9817 16.15 0 .6425
3 15 16.15 0 .6425 15.0686 0 .9817 15.006 0 .5746
4 15 16.1092 0 .1755 16.15 0 .6425 15.006 0 .5746 14.9908 0 .1624
4 15 16.1092 0 .1755 14.9908 0 .1624 15.0121 0 -.2477 16.1485 0 -.2912
3 15 16.1485 0 -.2912 15.0121 0 -.2477 15.0773 0 -.6529
4 15 15.0773 0 -.6529 15.1877 0 -1.0474 16.2621 0 -.7178 16.1485 0 -.2912
4 15 15.344 0 -1.4247 16.4435 0 -1.0975 16.2621 0 -.7178 15.1877 0 -1.0474
3 15 16.4435 0 -1.0975 15.344 0 -1.4247 15.5457 0 -1.7786
4 15 16.6862 0 -1.4234 16.4435 0 -1.0975 15.5457 0 -1.7786 15.7912 0 -2.1018
4 15 16.0775 0 -2.387 16.9838 0 -1.6888 16.6862 0 -1.4234 15.7912 0 -2.1018
3 15 16.9838 0 -1.6888 16.0775 0 -2.387 16.3996 0 -2.6278
4 15 16.3996 0 -2.6278 16.7516 0 -2.8186 17.3299 0 -1.8868 16.9838 0 -1.6888
4 15 17.1267 0 -2.9558 17.7179 0 -2.0105 17.3299 0 -1.8868 16.7516 0 -2.8186
3 15 17.7179 0 -2.0105 17.1267 0 -2.9558 17.5165 0 -3.0374
4 15 18.1414 0 -2.0533 17.7179 0 -2.0105 17.5165 0 -3.0374 17.9137 0 -3.0641
3 15 18.1414 0 -2.0533 17.9137 0 -3.0641 18.3109 0 -3.0383
4 15 18.5268 0 -2.0183 18.1414 0 -2.0533 18.3109 0 -3.0383 18.7014 0 -2.9582
4 15 18.5268 0 -2.0183 18.7014 0 -2.9582 19.0766 0 -2.8207 18.8933 0 -1.9134
4 15 18.8933 0 -1.9134 19.0766 0 -2.8207 19.4257 0 -2.6235 19.2311 0 -1.7392
4 15 19.2311 0 -1.7392 19.4257 0 -2.6235 19.7366 0 -2.3672 19.53 0 -1.4958
4 15 19.53 0 -1.4958 19.7366 0 -2.3672 19.9962 0 -2.0561 19.78 0 -1.1836
4 15 19.78 0 -1.1836 19.9962 0 -2.0561 20.212 0 -1.7403 19.9709 0 -.8029
3 15 19.9709 0 -.8029 20.212 0 -1.7403 20.0929 0 -.3542
3 16 20.212 0 -2.92 21.2162 0 -3.5332 21.2162 0 -2.92
3 16 20.212 0 -2.92 20.212 0 -1.7403 19.9962 0 -2.0561
3 16 20.212 0 -2.92 19.9962 0 -2.0561 19.7366 0 -2.3672
3 16 20.212 0 -2.92 19.7366 0 -2.3672 19.4257 0 -2.6235
3 16 19.4257 0 -2.6235 19.0766 0 -2.8207 20.212 0 -2.92
4 16 20.212 0 -2.92 19.0766 0 -2.8207 18.7014 0 -2.9582 21.2162 0 -3.5332
3 16 21.2162 0 -3.5332 18.7014 0 -2.9582 18.3109 0 -3.0383
3 16 21.2162 0 -3.5332 18.3109 0 -3.0383 17.9137 0 -3.0641
4 16 21.2162 0 -3.5332 17.9137 0 -3.0641 17.5165 0 -3.0374 10.256 0 -3.5332
3 16 10.256 0 -3.5332 17.5165 0 -3.0374 17.1267 0 -2.9558
3 16 10.256 0 -3.5332 17.1267 0 -2.9558 16.7516 0 -2.8186
3 16 10.256 0 -3.5332 16.7516 0 -2.8186 16.3996 0 -2.6278
3 16 10.256 0 -3.5332 16.3996 0 -2.6278 16.0775 0 -2.387
3 16 10.256 0 -3.5332 16.0775 0 -2.387 15.7912 0 -2.1018
3 16 10.256 0 -3.5332 15.7912 0 -2.1018 15.5457 0 -1.7786
3 16 10.256 0 -3.5332 15.5457 0 -1.7786 15.344 0 -1.4247
3 16 10.256 0 -3.5332 15.344 0 -1.4247 15.1877 0 -1.0474
3 16 10.256 0 -3.5332 15.1877 0 -1.0474 15.0773 0 -.6529
3 16 10.256 0 -3.5332 15.0773 0 -.6529 15.0121 0 -.2477
3 16 10.256 0 -3.5332 15.0121 0 -.2477 14.9908 0 .1624
4 16 10.256 0 3.8252 10.256 0 -3.5332 14.9908 0 .1624 15.006 0 .5746
3 16 10.256 0 3.8252 15.006 0 .5746 15.0686 0 .9817
3 16 10.256 0 3.8252 15.0686 0 .9817 15.179 0 1.3779
3 16 10.256 0 3.8252 15.179 0 1.3779 15.3366 0 1.7569
3 16 10.256 0 3.8252 15.3366 0 1.7569 15.5398 0 2.1118
3 16 10.256 0 3.8252 15.5398 0 2.1118 15.7861 0 2.4365
3 16 10.256 0 3.8252 15.7861 0 2.4365 16.0725 0 2.724
3 16 10.256 0 3.8252 16.0725 0 2.724 16.3944 0 2.9677
3 16 10.256 0 3.8252 16.3944 0 2.9677 16.7467 0 3.1617
3 16 10.256 0 3.8252 16.7467 0 3.1617 17.1229 0 3.3007
3 16 10.256 0 3.8252 17.1229 0 3.3007 17.5148 0 3.3811
4 16 17.5148 0 3.3811 17.9137 0 3.4016 20.1106 0 6.6461 10.256 0 3.8252
3 16 20.1106 0 6.6461 17.9137 0 3.4016 18.2852 0 3.3791
3 16 20.1106 0 6.6461 18.2852 0 3.3791 18.6515 0 3.3092
3 16 20.1106 0 6.6461 18.6515 0 3.3092 19.0052 0 3.189
3 16 20.1106 0 6.6461 19.0052 0 3.189 19.3377 0 3.0166
3 16 20.1106 0 6.6461 19.3377 0 3.0166 19.6395 0 2.7921
3 16 20.1106 0 6.6461 19.6395 0 2.7921 19.9002 0 2.5178
3 16 20.1106 0 6.6461 19.9002 0 2.5178 20.1106 0 2.2535
4 16 20.0924 0 .6752 19.9709 0 -.8029 20.0929 0 -.3542 20.1358 0 .1624
4 16 19.78 0 -1.1836 19.9709 0 -.8029 20.0924 0 .6752 19.9691 0 1.1234
4 16 19.53 0 -1.4958 19.78 0 -1.1836 19.9691 0 1.1234 19.7766 0 1.506
4 16 19.2311 0 -1.7392 19.53 0 -1.4958 19.7766 0 1.506 19.5252 0 1.8215
4 16 18.8933 0 -1.9134 19.2311 0 -1.7392 19.5252 0 1.8215 19.2256 0 2.069
4 16 18.5268 0 -2.0183 18.8933 0 -1.9134 19.2256 0 2.069 18.888 0 2.2472
4 16 18.1414 0 -2.0533 18.5268 0 -2.0183 18.888 0 2.2472 18.5231 0 2.3551
4 16 17.7179 0 -2.0105 18.1414 0 -2.0533 18.5231 0 2.3551 18.1414 0 2.3912
4 16 17.3299 0 -1.8868 17.7179 0 -2.0105 18.1414 0 2.3912 17.7284 0 2.3491
4 16 16.9838 0 -1.6888 17.3299 0 -1.8868 17.7284 0 2.3491 17.3452 0 2.2271
4 16 16.6862 0 -1.4234 16.9838 0 -1.6888 17.3452 0 2.2271 17 0 2.0316
4 16 16.4435 0 -1.0975 16.6862 0 -1.4234 17 0 2.0316 16.6999 0 1.7689
4 16 16.2621 0 -.7178 16.4435 0 -1.0975 16.6999 0 1.7689 16.4531 0 1.4456
4 16 16.1485 0 -.2912 16.2621 0 -.7178 16.4531 0 1.4456 16.2672 0 1.068
4 16 16.1092 0 .1755 16.1485 0 -.2912 16.2672 0 1.068 16.15 0 .6425

0 // e
4 15 28.8048 0 -.1598 27.7935 0 .6677 24.1421 0 .6677 24.125 0 -.1598
3 15 27.7935 0 .6677 28.8048 0 -.1598 28.8635 0 .2174
4 15 28.8635 0 .2174 28.8852 0 .5812 27.7919 0 .7919 27.7935 0 .6677
4 15 27.7919 0 .7919 28.8852 0 .5812 28.8636 0 .9534 27.7527 0 1.1667
3 15 27.7527 0 1.1667 28.8636 0 .9534 28.7976 0 1.3196
4 15 27.6498 0 1.5 27.7527 0 1.1667 28.7976 0 1.3196 28.6864 0 1.6741
4 15 28.5301 0 2.0101 27.4901 0 1.7894 27.6498 0 1.5 28.6864 0 1.6741
3 15 27.4901 0 1.7894 28.5301 0 2.0101 28.331 0 2.3209
4 15 27.2803 0 2.0319 27.4901 0 1.7894 28.331 0 2.3209 28.0921 0 2.6004
4 15 27.8181 0 2.8431 27.0272 0 2.2252 27.2803 0 2.0319 28.0921 0 2.6004
3 15 27.0272 0 2.2252 27.8181 0 2.8431 27.5147 0 3.0445
4 15 26.7378 0 2.3664 27.0272 0 2.2252 27.5147 0 3.0445 27.1875 0 3.2021
4 15 26.8432 0 3.3139 26.4188 0 2.4532 26.7378 0 2.3664 27.1875 0 3.2021
3 15 26.4188 0 2.4532 26.8432 0 3.3139 26.4881 0 3.38
4 15 26.0768 0 2.4826 26.4188 0 2.4532 26.4881 0 3.38 26.1275 0 3.4016
4 15 25.7187 0 3.3809 25.7354 0 2.4523 26.0768 0 2.4826 26.1275 0 3.4016
3 15 25.7354 0 2.4523 25.7187 0 3.3809 25.3166 0 3.3011
4 15 25.3166 0 3.3011 24.9292 0 3.1645 25.4151 0 2.3641 25.7354 0 2.4523
4 15 25.4151 0 2.3641 24.9292 0 3.1645 24.5635 0 2.9748 25.1202 0 2.2214
3 15 25.1202 0 2.2214 24.5635 0 2.9748 24.2253 0 2.7367
4 15 24.8549 0 2.0278 25.1202 0 2.2214 24.2253 0 2.7367 23.92 0 2.4549
4 15 23.6525 0 2.1348 24.6234 0 1.7869 24.8549 0 2.0278 23.92 0 2.4549
3 15 24.6234 0 1.7869 23.6525 0 2.1348 23.4275 0 1.7819
4 15 24.43 0 1.5024 24.6234 0 1.7869 23.4275 0 1.7819 23.2491 0 1.4016
4 15 23.1211 0 1 24.2787 0 1.1778 24.43 0 1.5024 23.2491 0 1.4016
4 15 24.1738 0 .8166 24.2787 0 1.1778 23.1211 0 1 23.0466 0 .5845
4 15 24.1421 0 .6677 24.1738 0 .8166 23.0466 0 .5845 23.0275 0 .1624
3 15 24.1421 0 .6677 23.0275 0 .1624 24.125 0 -.1598
4 15 24.125 0 -.1598 23.0275 0 .1624 23.0539 0 -.2676 24.1475 0 -.3019
4 15 24.1475 0 -.3019 23.0539 0 -.2676 23.1339 0 -.6901 24.2439 0 -.6968
4 15 24.3993 0 -1.0489 24.2439 0 -.6968 23.1339 0 -.6901 23.2681 0 -1.0979
4 15 24.3993 0 -1.0489 23.2681 0 -1.0979 23.455 0 -1.4828 24.6085 0 -1.3552
3 15 24.6085 0 -1.3552 23.455 0 -1.4828 23.6916 0 -1.8377
4 15 24.8667 0 -1.6126 24.6085 0 -1.3552 23.6916 0 -1.8377 23.9732 0 -2.1554
4 15 24.294 0 -2.4306 25.1692 0 -1.818 24.8667 0 -1.6126 23.9732 0 -2.1554
3 15 25.1692 0 -1.818 24.294 0 -2.4306 24.6479 0 -2.659
4 15 25.5108 0 -1.9684 25.1692 0 -1.818 24.6479 0 -2.659 25.0276 0 -2.8374
4 15 25.4264 0 -2.9643 25.8868 0 -2.0609 25.5108 0 -1.9684 25.0276 0 -2.8374
3 15 25.8868 0 -2.0609 25.4264 0 -2.9643 25.8373 0 -3.0395
4 15 26.2922 0 -2.0924 25.8868 0 -2.0609 25.8373 0 -3.0395 26.2539 0 -3.0641
4 15 26.6169 0 -2.072 26.2922 0 -2.0924 26.2539 0 -3.0641 26.6787 0 -3.0394
4 15 26.6169 0 -2.072 26.6787 0 -3.0394 27.0978 0 -2.9621 26.9367 0 -2.0103
4 15 26.9367 0 -2.0103 27.0978 0 -2.9621 27.5038 0 -2.8302 27.2467 0 -1.9077
4 15 27.2467 0 -1.9077 27.5038 0 -2.8302 27.8896 0 -2.6447 27.5424 0 -1.7675
4 15 27.5424 0 -1.7675 27.8896 0 -2.6447 28.2497 0 -2.4105 27.8211 0 -1.5942
4 15 27.8211 0 -1.5942 28.2497 0 -2.4105 28.5808 0 -2.1347 28.0816 0 -1.3926
3 16 28.5808 0 -2.1347 28.2497 0 -2.4105 29.316 0 -3.5332
3 16 29.316 0 -3.5332 28.2497 0 -2.4105 27.8896 0 -2.6447
3 16 29.316 0 -3.5332 27.8896 0 -2.6447 27.5038 0 -2.8302
3 16 29.316 0 -3.5332 27.5038 0 -2.8302 27.0978 0 -2.9621
3 16 29.316 0 -3.5332 27.0978 0 -2.9621 26.6787 0 -3.0394
3 16 29.316 0 -3.5332 26.6787 0 -3.0394 26.2539 0 -3.0641
4 16 29.316 0 -3.5332 26.2539 0 -3.0641 25.8373 0 -3.0395 21.2162 0 -3.5332
3 16 21.2162 0 -3.5332 25.8373 0 -3.0395 25.4264 0 -2.9643
3 16 21.2162 0 -3.5332 25.4264 0 -2.9643 25.0276 0 -2.8374
3 16 21.2162 0 -3.5332 25.0276 0 -2.8374 24.6479 0 -2.659
3 16 21.2162 0 -3.5332 24.6479 0 -2.659 24.294 0 -2.4306
3 16 21.2162 0 -3.5332 24.294 0 -2.4306 23.9732 0 -2.1554
3 16 21.2162 0 -3.5332 23.9732 0 -2.1554 23.6916 0 -1.8377
3 16 21.2162 0 -3.5332 23.6916 0 -1.8377 23.455 0 -1.4828
3 16 21.2162 0 -3.5332 23.455 0 -1.4828 23.2681 0 -1.0979
3 16 21.2162 0 -3.5332 23.2681 0 -1.0979 23.1339 0 -.6901
4 16 23.1339 0 -.6901 23.0539 0 -.2676 21.2162 0 -2.92 21.2162 0 -3.5332
3 16 23.0275 0 .1624 21.2162 0 -2.92 23.0539 0 -.2676
4 16 21.2162 0 -2.92 23.0275 0 .1624 23.0466 0 .5845 21.2162 0 6.6461
3 16 21.2162 0 6.6461 23.0466 0 .5845 23.1211 0 1
3 16 21.2162 0 6.6461 23.1211 0 1 23.2491 0 1.4016
3 16 21.2162 0 6.6461 23.2491 0 1.4016 23.4275 0 1.7819
3 16 21.2162 0 6.6461 23.4275 0 1.7819 23.6525 0 2.1348
3 16 21.2162 0 6.6461 23.6525 0 2.1348 23.92 0 2.4549
3 16 21.2162 0 6.6461 23.92 0 2.4549 24.2253 0 2.7367
3 16 21.2162 0 6.6461 24.2253 0 2.7367 24.5635 0 2.9748
3 16 21.2162 0 6.6461 24.5635 0 2.9748 24.9292 0 3.1645
3 16 21.2162 0 6.6461 24.9292 0 3.1645 25.3166 0 3.3011
3 16 21.2162 0 6.6461 25.3166 0 3.3011 25.7187 0 3.3809
4 16 25.7187 0 3.3809 26.1275 0 3.4016 29.316 0 3.8252 21.2162 0 6.6461
3 16 29.316 0 3.8252 26.1275 0 3.4016 26.4881 0 3.38
3 16 29.316 0 3.8252 26.4881 0 3.38 26.8432 0 3.3139
3 16 29.316 0 3.8252 26.8432 0 3.3139 27.1875 0 3.2021
3 16 29.316 0 3.8252 27.1875 0 3.2021 27.5147 0 3.0445
3 16 29.316 0 3.8252 27.5147 0 3.0445 27.8181 0 2.8431
3 16 29.316 0 3.8252 27.8181 0 2.8431 28.0921 0 2.6004
3 16 29.316 0 3.8252 28.0921 0 2.6004 28.331 0 2.3209
3 16 29.316 0 3.8252 28.331 0 2.3209 28.5301 0 2.0101
3 16 29.316 0 3.8252 28.5301 0 2.0101 28.6864 0 1.6741
3 16 29.316 0 3.8252 28.6864 0 1.6741 28.7976 0 1.3196
3 16 29.316 0 3.8252 28.7976 0 1.3196 28.8636 0 .9534
3 16 29.316 0 3.8252 28.8636 0 .9534 28.8852 0 .5812
4 16 28.8635 0 .2174 29.316 0 -3.5332 29.316 0 3.8252 28.8852 0 .5812
4 16 28.8635 0 .2174 28.8048 0 -.1598 28.5808 0 -2.1347 29.316 0 -3.5332
3 16 28.5808 0 -2.1347 28.8048 0 -.1598 28.0816 0 -1.3926
3 16 28.0816 0 -1.3926 28.8048 0 -.1598 24.125 0 -.1598
4 16 24.125 0 -.1598 24.1475 0 -.3019 27.8211 0 -1.5942 28.0816 0 -1.3926
4 16 24.1475 0 -.3019 24.2439 0 -.6968 27.5424 0 -1.7675 27.8211 0 -1.5942
4 16 24.2439 0 -.6968 24.3993 0 -1.0489 27.2467 0 -1.9077 27.5424 0 -1.7675
4 16 24.3993 0 -1.0489 24.6085 0 -1.3552 26.9367 0 -2.0103 27.2467 0 -1.9077
4 16 24.6085 0 -1.3552 24.8667 0 -1.6126 26.6169 0 -2.072 26.9367 0 -2.0103
4 16 24.8667 0 -1.6126 25.1692 0 -1.818 26.2922 0 -2.0924 26.6169 0 -2.072
4 16 25.1692 0 -1.818 25.5108 0 -1.9684 25.8868 0 -2.0609 26.2922 0 -2.0924
4 16 27.7919 0 .7919 24.1738 0 .8166 24.1421 0 .6677 27.7935 0 .6677
3 16 24.2787 0 1.1778 24.1738 0 .8166 27.7919 0 .7919
4 16 24.43 0 1.5024 24.2787 0 1.1778 27.7919 0 .7919 27.7527 0 1.1667
4 16 24.43 0 1.5024 27.7527 0 1.1667 27.6498 0 1.5 24.6234 0 1.7869
4 16 24.8549 0 2.0278 24.6234 0 1.7869 27.6498 0 1.5 27.4901 0 1.7894
4 16 25.1202 0 2.2214 24.8549 0 2.0278 27.4901 0 1.7894 27.2803 0 2.0319
4 16 25.1202 0 2.2214 27.2803 0 2.0319 27.0272 0 2.2252 25.4151 0 2.3641
4 16 25.7354 0 2.4523 25.4151 0 2.3641 27.0272 0 2.2252 26.7378 0 2.3664
4 16 25.7354 0 2.4523 26.7378 0 2.3664 26.4188 0 2.4532 26.0768 0 2.4826

0 // P
4 15 37.2763 0 1.4003 35.4723 0 1.4003 35.4723 0 .4159 37.3018 0 .4159
4 15 37.4822 0 1.4092 37.2763 0 1.4003 37.3018 0 .4159 37.6441 0 .4321
4 15 37.6864 0 1.4374 37.4822 0 1.4092 37.6441 0 .4321 37.9829 0 .4824
4 15 37.6864 0 1.4374 37.9829 0 .4824 38.3144 0 .5699 37.8861 0 1.4876
4 15 37.8861 0 1.4876 38.3144 0 .5699 38.6338 0 .697 38.079 0 1.5623
4 15 38.079 0 1.5623 38.6338 0 .697 38.9346 0 .8649 38.26 0 1.6632
4 15 38.26 0 1.6632 38.9346 0 .8649 39.2105 0 1.0738 38.4242 0 1.791
4 15 38.4242 0 1.791 39.2105 0 1.0738 39.4541 0 1.3219 38.5666 0 1.9442
4 15 38.5666 0 1.9442 39.4541 0 1.3219 39.6586 0 1.6049 38.683 0 2.1191
4 15 38.683 0 2.1191 39.6586 0 1.6049 39.8193 0 1.9167 38.7717 0 2.311
4 15 38.7717 0 2.311 39.8193 0 1.9167 39.9332 0 2.2496 38.8324 0 2.5141
4 15 38.8324 0 2.5141 39.9332 0 2.2496 40 0 2.5962 38.8668 0 2.7237
4 15 38.8777 0 2.9358 38.8668 0 2.7237 40 0 2.5962 40.0217 0 2.9489
4 15 40 0 3.3011 38.8668 0 3.1487 38.8777 0 2.9358 40.0217 0 2.9489
4 15 38.8668 0 3.1487 40 0 3.3011 39.934 0 3.6472 38.8324 0 3.3588
4 15 38.8324 0 3.3588 39.934 0 3.6472 39.8204 0 3.9799 38.7718 0 3.5626
4 15 38.7718 0 3.5626 39.8204 0 3.9799 39.6598 0 4.2911 38.6835 0 3.7555
4 15 38.6835 0 3.7555 39.6598 0 4.2911 39.4548 0 4.5732 38.5676 0 3.9317
4 15 38.5676 0 3.9317 39.4548 0 4.5732 39.2106 0 4.8198 38.4257 0 4.0863
4 15 38.4257 0 4.0863 39.2106 0 4.8198 38.9341 0 5.027 38.2616 0 4.216
4 15 38.2616 0 4.216 38.9341 0 5.027 38.6325 0 5.1928 38.0807 0 4.3187
4 15 38.0807 0 4.3187 38.6325 0 5.1928 38.3131 0 5.3177 37.8878 0 4.3948
4 15 37.8878 0 4.3948 38.3131 0 5.3177 37.9817 0 5.4037 37.6873 0 4.446
4 15 37.6873 0 4.446 37.9817 0 5.4037 37.6434 0 5.453 37.4826 0 4.4749
4 15 37.4826 0 4.4749 37.6434 0 5.453 37.3018 0 5.4688 37.2763 0 4.4839
4 15 37.2763 0 4.4839 37.3018 0 5.4688 34.3667 0 5.4688 35.4723 0 4.4839
3 15 34.3667 0 5.4688 35.4723 0 1.4003 35.4723 0 4.4839
4 15 35.4723 0 .4159 35.4723 0 1.4003 34.3667 0 5.4688 34.3667 0 -2.92
3 15 35.4723 0 .4159 34.3667 0 -2.92 35.4723 0 -2.92
4 16 30 0 10 34.3667 0 5.4688 37.3018 0 5.4688 40.355 0 5.767
3 16 37.3018 0 5.4688 37.6434 0 5.453 40.355 0 5.767
3 16 40.355 0 5.767 37.6434 0 5.453 37.9817 0 5.4037
3 16 40.355 0 5.767 37.9817 0 5.4037 38.3131 0 5.3177
3 16 40.355 0 5.767 38.3131 0 5.3177 38.6325 0 5.1928
3 16 40.355 0 5.767 38.6325 0 5.1928 38.9341 0 5.027
3 16 40.355 0 5.767 38.9341 0 5.027 39.2106 0 4.8198
3 16 40.355 0 5.767 39.2106 0 4.8198 39.4548 0 4.5732
3 16 40.355 0 5.767 39.4548 0 4.5732 39.6598 0 4.2911
3 16 40.355 0 5.767 39.6598 0 4.2911 39.8204 0 3.9799
3 16 40.355 0 5.767 39.8204 0 3.9799 39.934 0 3.6472
3 16 40.355 0 5.767 39.934 0 3.6472 40 0 3.3011
4 16 40.355 0 .146 40.355 0 5.767 40 0 3.3011 40.0217 0 2.9489
3 16 40.355 0 .146 40.0217 0 2.9489 40 0 2.5962
3 16 40.355 0 .146 40 0 2.5962 39.9332 0 2.2496
3 16 40.355 0 .146 39.9332 0 2.2496 39.8193 0 1.9167
3 16 40.355 0 .146 39.8193 0 1.9167 39.6586 0 1.6049
3 16 40.355 0 .146 39.6586 0 1.6049 39.4541 0 1.3219
3 16 40.355 0 .146 39.4541 0 1.3219 39.2105 0 1.0738
3 16 40.355 0 .146 39.2105 0 1.0738 38.9346 0 .8649
3 16 40.355 0 .146 38.9346 0 .8649 38.6338 0 .697
3 16 40.355 0 .146 38.6338 0 .697 38.3144 0 .5699
3 16 40.355 0 .146 38.3144 0 .5699 37.9829 0 .4824
3 16 40.355 0 .146 37.9829 0 .4824 37.6441 0 .4321
4 16 35.4723 0 -2.92 40.355 0 .146 37.6441 0 .4321 37.3018 0 .4159
3 16 35.4723 0 -2.92 37.3018 0 .4159 35.4723 0 .4159
4 16 35.4723 0 4.4839 35.4723 0 1.4003 37.2763 0 1.4003 37.2763 0 4.4839
3 16 37.4826 0 4.4749 37.2763 0 4.4839 37.2763 0 1.4003
4 16 37.6873 0 4.446 37.4826 0 4.4749 37.2763 0 1.4003 37.4822 0 1.4092
4 16 37.8878 0 4.3948 37.6873 0 4.446 37.4822 0 1.4092 37.6864 0 1.4374
4 16 38.0807 0 4.3187 37.8878 0 4.3948 37.6864 0 1.4374 37.8861 0 1.4876
4 16 38.2616 0 4.216 38.0807 0 4.3187 37.8861 0 1.4876 38.079 0 1.5623
4 16 38.4257 0 4.0863 38.2616 0 4.216 38.079 0 1.5623 38.26 0 1.6632
4 16 38.5676 0 3.9317 38.4257 0 4.0863 38.26 0 1.6632 38.4242 0 1.791
4 16 38.6835 0 3.7555 38.5676 0 3.9317 38.4242 0 1.791 38.5666 0 1.9442
4 16 38.7718 0 3.5626 38.6835 0 3.7555 38.5666 0 1.9442 38.683 0 2.1191
4 16 38.683 0 2.1191 38.7717 0 2.311 38.8324 0 3.3588 38.7718 0 3.5626
4 16 38.8668 0 3.1487 38.8324 0 3.3588 38.7717 0 2.311 38.8324 0 2.5141
4 16 38.8777 0 2.9358 38.8668 0 3.1487 38.8324 0 2.5141 38.8668 0 2.7237

0 // a
3 15 45.326 0 -1.9858 45.326 0 -2.92 46.3304 0 -2.92
4 15 46.3304 0 -2.92 45.2101 0 -.8339 45.1655 0 -1.0541 45.326 0 -1.9858
3 15 46.3304 0 -2.92 45.2247 0 -.6094 45.2101 0 -.8339
4 15 46.3304 0 .8426 45.2247 0 -.369 45.2247 0 -.6094 46.3304 0 -2.92
3 15 45.2247 0 -.369 46.3304 0 .8426 45.2247 0 .3799
3 15 45.2247 0 .3799 46.3304 0 .8426 45.2247 0 .9213
4 15 45.2247 0 .9213 46.3304 0 .8426 46.3162 0 1.181 45.1999 0 1.2606
3 15 45.1999 0 1.2606 46.3162 0 1.181 46.2711 0 1.5161
4 15 46.2711 0 1.5161 46.19 0 1.8443 45.1268 0 1.5591 45.1999 0 1.2606
4 15 46.0686 0 2.1586 45.0072 0 1.8155 45.1268 0 1.5591 46.19 0 1.8443
3 15 45.0072 0 1.8155 46.0686 0 2.1586 45.9042 0 2.4512
4 15 44.843 0 2.0284 45.0072 0 1.8155 45.9042 0 2.4512 45.6965 0 2.713
4 15 45.4498 0 2.9353 44.6358 0 2.1964 44.843 0 2.0284 45.6965 0 2.713
3 15 44.6358 0 2.1964 45.4498 0 2.9353 45.1714 0 3.1135
4 15 44.3876 0 2.3182 44.6358 0 2.1964 45.1714 0 3.1135 44.87 0 3.2462
4 15 44.5538 0 3.3357 44.1001 0 2.3922 44.3876 0 2.3182 44.87 0 3.2462
3 15 44.1001 0 2.3922 44.5538 0 3.3357 44.2295 0 3.3859
4 15 43.7753 0 2.4172 44.1001 0 2.3922 44.2295 0 3.3859 43.9021 0 3.4016
4 15 43.5217 0 2.4031 43.7753 0 2.4172 43.9021 0 3.4016 43.5294 0 3.3823
4 15 43.5217 0 2.4031 43.5294 0 3.3823 43.1722 0 3.3243 43.2827 0 2.3609
4 15 43.2827 0 2.3609 43.1722 0 3.3243 42.8317 0 3.2276 43.0563 0 2.2906
4 15 43.0563 0 2.2906 42.8317 0 3.2276 42.5095 0 3.0922 42.8406 0 2.1922
4 15 42.8406 0 2.1922 42.5095 0 3.0922 42.2072 0 2.9181 42.6337 0 2.066
4 15 42.6337 0 2.066 42.2072 0 2.9181 41.9262 0 2.7051 42.4336 0 1.9119
4 15 42.4336 0 1.9119 41.9262 0 2.7051 41.6681 0 2.4532 42.2384 0 1.7301
4 15 42.2384 0 1.7301 41.6681 0 2.4532 41.4344 0 2.1624 42.0462 0 1.5205
4 15 45.2247 0 -.369 45.2247 0 .3799 43.3444 0 .3799 43.5092 0 -.369
4 15 43.5092 0 -.369 43.3444 0 .3799 43.0885 0 .3716 43.3218 0 -.3758
3 15 43.3218 0 -.3758 43.0885 0 .3716 42.8338 0 .3448
4 15 42.8338 0 .3448 42.582 0 .2974 43.1202 0 -.4005 43.3218 0 -.3758
4 15 43.1202 0 -.4005 42.582 0 .2974 42.3354 0 .2264 42.9163 0 -.4492
3 15 42.9163 0 -.4492 42.3354 0 .2264 42.0976 0 .1289
4 15 42.0976 0 .1289 41.8733 0 .002 42.7224 0 -.5284 42.9163 0 -.4492
4 15 42.7224 0 -.5284 41.8733 0 .002 41.6686 0 -.1567 42.5505 0 -.6445
3 15 42.5505 0 -.6445 41.6686 0 -.1567 41.4913 0 -.3473
4 15 41.4913 0 -.3473 41.3493 0 -.5666 42.4127 0 -.8037 42.5505 0 -.6445
4 15 42.4127 0 -.8037 41.3493 0 -.5666 41.2476 0 -.809 42.3212 0 -1.0123
3 15 42.3212 0 -1.0123 41.2476 0 -.809 41.1884 0 -1.0657
4 15 41.1884 0 -1.0657 41.1696 0 -1.3292 42.2879 0 -1.2768 42.3212 0 -1.0123
4 15 42.2879 0 -1.2768 41.1696 0 -1.3292 41.1866 0 -1.5843 42.3115 0 -1.4976
3 15 42.3115 0 -1.4976 41.1866 0 -1.5843 41.2399 0 -1.8343
4 15 41.2399 0 -1.8343 41.3312 0 -2.0724 42.3793 0 -1.6918 42.3115 0 -1.4976
4 15 41.4592 0 -2.2913 42.4876 0 -1.8584 42.3793 0 -1.6918 41.3312 0 -2.0724
3 15 42.4876 0 -1.8584 41.4592 0 -2.2913 41.6204 0 -2.4853
4 15 42.6323 0 -1.9968 42.4876 0 -1.8584 41.6204 0 -2.4853 41.8092 0 -2.6508
4 15 42.6323 0 -1.9968 41.8092 0 -2.6508 42.0194 0 -2.7864 42.8095 0 -2.106
3 15 42.8095 0 -2.106 42.0194 0 -2.7864 42.2451 0 -2.8927
4 15 42.2451 0 -2.8927 42.4809 0 -2.9712 43.0152 0 -2.185 42.8095 0 -2.106
4 15 43.0152 0 -2.185 42.4809 0 -2.9712 42.7234 0 -3.0242 43.2455 0 -2.2331
3 15 43.2455 0 -2.2331 42.7234 0 -3.0242 42.9698 0 -3.0545
4 15 42.9698 0 -3.0545 43.2176 0 -3.0641 43.4965 0 -2.2493 43.2455 0 -2.2331
3 15 43.4965 0 -2.2493 43.2176 0 -3.0641 43.4391 0 -3.0566
4 15 43.4965 0 -2.2493 43.4391 0 -3.0566 43.6757 0 -3.0312 43.7142 0 -2.2374
4 15 43.9221 0 -2.9832 43.9293 0 -2.2009 43.7142 0 -2.2374 43.6757 0 -3.0312
4 15 43.9293 0 -2.2009 43.9221 0 -2.9832 44.1731 0 -2.908 44.139 0 -2.1394
4 15 44.4233 0 -2.8011 44.3401 0 -2.0525 44.139 0 -2.1394 44.1731 0 -2.908
4 15 44.3401 0 -2.0525 44.4233 0 -2.8011 44.6675 0 -2.658 44.5291 0 -1.9404
4 15 44.9001 0 -2.474 44.7025 0 -1.8038 44.5291 0 -1.9404 44.6675 0 -2.658
4 15 44.9001 0 -2.474 45.116 0 -2.2446 44.8564 0 -1.644 44.7025 0 -1.8038
3 15 44.8564 0 -1.644 45.116 0 -2.2446 44.9869 0 -1.4635
4 15 45.116 0 -2.2446 45.326 0 -1.9858 45.0908 0 -1.2655 44.9869 0 -1.4635
3 15 45.0908 0 -1.2655 45.326 0 -1.9858 45.1655 0 -1.0541
3 16 46.3304 0 -3.5332 46.3304 0 -2.92 45.326 0 -2.92
3 16 45.326 0 -2.92 45.326 0 -1.9858 45.116 0 -2.2446
3 16 45.326 0 -2.92 45.116 0 -2.2446 44.9001 0 -2.474
3 16 45.326 0 -2.92 44.9001 0 -2.474 44.6675 0 -2.658
3 16 44.6675 0 -2.658 44.4233 0 -2.8011 45.326 0 -2.92
4 16 44.4233 0 -2.8011 44.1731 0 -2.908 46.3304 0 -3.5332 45.326 0 -2.92
3 16 46.3304 0 -3.5332 44.1731 0 -2.908 43.9221 0 -2.9832
3 16 46.3304 0 -3.5332 43.9221 0 -2.9832 43.6757 0 -3.0312
3 16 46.3304 0 -3.5332 43.6757 0 -3.0312 43.4391 0 -3.0566
4 16 40.871 0 -3.5332 46.3304 0 -3.5332 43.4391 0 -3.0566 43.2176 0 -3.0641
3 16 40.871 0 -3.5332 43.2176 0 -3.0641 42.9698 0 -3.0545
3 16 40.871 0 -3.5332 42.9698 0 -3.0545 42.7234 0 -3.0242
3 16 40.871 0 -3.5332 42.7234 0 -3.0242 42.4809 0 -2.9712
3 16 40.871 0 -3.5332 42.4809 0 -2.9712 42.2451 0 -2.8927
3 16 40.871 0 -3.5332 42.2451 0 -2.8927 42.0194 0 -2.7864
3 16 40.871 0 -3.5332 42.0194 0 -2.7864 41.8092 0 -2.6508
3 16 40.871 0 -3.5332 41.8092 0 -2.6508 41.6204 0 -2.4853
3 16 40.871 0 -3.5332 41.6204 0 -2.4853 41.4592 0 -2.2913
3 16 40.871 0 -3.5332 41.4592 0 -2.2913 41.3312 0 -2.0724
3 16 40.871 0 -3.5332 41.3312 0 -2.0724 41.2399 0 -1.8343
3 16 40.871 0 -3.5332 41.2399 0 -1.8343 41.1866 0 -1.5843
4 16 41.1866 0 -1.5843 41.1696 0 -1.3292 40.355 0 .146 40.871 0 -3.5332
3 16 40.355 0 .146 41.1696 0 -1.3292 41.1884 0 -1.0657
3 16 40.355 0 .146 41.1884 0 -1.0657 41.2476 0 -.809
3 16 40.355 0 .146 41.2476 0 -.809 41.3493 0 -.5666
3 16 40.355 0 .146 41.3493 0 -.5666 41.4913 0 -.3473
3 16 40.355 0 .146 41.4913 0 -.3473 41.6686 0 -.1567
4 16 41.8733 0 .002 42.0462 0 1.5205 40.355 0 .146 41.6686 0 -.1567
3 16 42.0462 0 1.5205 41.8733 0 .002 42.0976 0 .1289
4 16 42.0462 0 1.5205 42.0976 0 .1289 42.3354 0 .2264 42.2384 0 1.7301
4 16 42.2384 0 1.7301 42.3354 0 .2264 42.582 0 .2974 42.4336 0 1.9119
4 16 42.4336 0 1.9119 42.582 0 .2974 42.8338 0 .3448 42.6337 0 2.066
4 16 42.6337 0 2.066 42.8338 0 .3448 43.0885 0 .3716 42.8406 0 2.1922
4 16 42.8406 0 2.1922 43.0885 0 .3716 43.3444 0 .3799 43.0563 0 2.2906
4 16 43.2827 0 2.3609 43.0563 0 2.2906 43.3444 0 .3799 45.2247 0 .3799
4 16 43.5217 0 2.4031 43.2827 0 2.3609 45.2247 0 .3799 45.2247 0 .9213
4 16 43.7753 0 2.4172 43.5217 0 2.4031 45.2247 0 .9213 45.1999 0 1.2606
4 16 44.1001 0 2.3922 43.7753 0 2.4172 45.1999 0 1.2606 45.1268 0 1.5591
4 16 44.3876 0 2.3182 44.1001 0 2.3922 45.1268 0 1.5591 45.0072 0 1.8155
4 16 44.6358 0 2.1964 44.3876 0 2.3182 45.0072 0 1.8155 44.843 0 2.0284
3 16 40.355 0 .146 42.0462 0 1.5205 41.4344 0 2.1624
3 16 40.355 0 .146 41.4344 0 2.1624 40.355 0 5.767
3 16 40.355 0 5.767 41.4344 0 2.1624 41.6681 0 2.4532
3 16 40.355 0 5.767 41.6681 0 2.4532 41.9262 0 2.7051
3 16 40.355 0 5.767 41.9262 0 2.7051 42.2072 0 2.9181
3 16 40.355 0 5.767 42.2072 0 2.9181 42.5095 0 3.0922
3 16 40.355 0 5.767 42.5095 0 3.0922 42.8317 0 3.2276
3 16 40.355 0 5.767 42.8317 0 3.2276 43.1722 0 3.3243
3 16 40.355 0 5.767 43.1722 0 3.3243 43.5294 0 3.3823
4 16 43.5294 0 3.3823 43.9021 0 3.4016 46.613 0 3.723 40.355 0 5.767
3 16 46.613 0 3.723 43.9021 0 3.4016 44.2295 0 3.3859
3 16 46.613 0 3.723 44.2295 0 3.3859 44.5538 0 3.3357
3 16 46.613 0 3.723 44.5538 0 3.3357 44.87 0 3.2462
3 16 46.613 0 3.723 44.87 0 3.2462 45.1714 0 3.1135
3 16 46.613 0 3.723 45.1714 0 3.1135 45.4498 0 2.9353
3 16 46.613 0 3.723 45.4498 0 2.9353 45.6965 0 2.713
3 16 46.613 0 3.723 45.6965 0 2.713 45.9042 0 2.4512
3 16 46.613 0 3.723 45.9042 0 2.4512 46.0686 0 2.1586
3 16 46.613 0 3.723 46.0686 0 2.1586 46.19 0 1.8443
3 16 46.613 0 3.723 46.19 0 1.8443 46.2711 0 1.5161
3 16 46.613 0 3.723 46.2711 0 1.5161 46.3162 0 1.181
4 16 48.4057 0 3.2579 46.613 0 3.723 46.3162 0 1.181 46.3304 0 .8426
4 16 45.2247 0 -.369 43.5092 0 -.369 45.2101 0 -.8339 45.2247 0 -.6094
4 16 45.2101 0 -.8339 43.5092 0 -.369 45.0908 0 -1.2655 45.1655 0 -1.0541
4 16 44.9869 0 -1.4635 45.0908 0 -1.2655 43.5092 0 -.369 43.3218 0 -.3758
3 16 44.9869 0 -1.4635 43.3218 0 -.3758 44.8564 0 -1.644
4 16 43.3218 0 -.3758 43.1202 0 -.4005 44.7025 0 -1.8038 44.8564 0 -1.644
3 16 44.7025 0 -1.8038 43.1202 0 -.4005 44.5291 0 -1.9404
4 16 44.3401 0 -2.0525 44.5291 0 -1.9404 43.1202 0 -.4005 42.9163 0 -.4492
3 16 44.3401 0 -2.0525 42.9163 0 -.4492 44.139 0 -2.1394
4 16 42.9163 0 -.4492 42.7224 0 -.5284 43.9293 0 -2.2009 44.139 0 -2.1394
3 16 43.9293 0 -2.2009 42.7224 0 -.5284 43.7142 0 -2.2374
4 16 43.4965 0 -2.2493 43.7142 0 -2.2374 42.7224 0 -.5284 42.5505 0 -.6445
4 16 43.4965 0 -2.2493 42.5505 0 -.6445 42.4127 0 -.8037 43.2455 0 -2.2331
4 16 43.2455 0 -2.2331 42.4127 0 -.8037 42.3212 0 -1.0123 43.0152 0 -2.185
4 16 43.0152 0 -2.185 42.3212 0 -1.0123 42.2879 0 -1.2768 42.8095 0 -2.106
4 16 42.8095 0 -2.106 42.2879 0 -1.2768 42.3115 0 -1.4976 42.6323 0 -1.9968
4 16 42.6323 0 -1.9968 42.3115 0 -1.4976 42.3793 0 -1.6918 42.4876 0 -1.8584

0 // r
4 15 51.4426 0 2.2862 51.7291 0 2.2862 51.7291 0 3.2819 51.5391 0 3.3126
3 15 51.4426 0 2.2862 51.5391 0 3.3126 51.3408 0 3.3234
4 15 51.1915 0 2.274 51.4426 0 2.2862 51.3408 0 3.3234 51.0595 0 3.3051
4 15 50.9428 0 2.2359 51.1915 0 2.274 51.0595 0 3.3051 50.7824 0 3.25
4 15 50.7 0 2.1696 50.9428 0 2.2359 50.7824 0 3.25 50.5147 0 3.1585
4 15 50.4668 0 2.0729 50.7 0 2.1696 50.5147 0 3.1585 50.2609 0 3.032
4 15 50.2482 0 1.9447 50.4668 0 2.0729 50.2609 0 3.032 50.0251 0 2.8726
4 15 50.0502 0 1.7852 50.2482 0 1.9447 50.0251 0 2.8726 49.8111 0 2.6832
4 15 49.8782 0 1.5961 50.0502 0 1.7852 49.8111 0 2.6832 49.6219 0 2.4671
4 15 49.7369 0 1.3816 49.8782 0 1.5961 49.6219 0 2.4671 49.4103 0 2.192
3 15 49.4103 0 2.192 49.4103 0 3.2579 48.4057 0 3.2579
4 15 49.7369 0 1.3816 49.4103 0 2.192 48.4057 0 3.2579 49.629 0 1.1476
3 15 49.629 0 1.1476 48.4057 0 3.2579 49.5547 0 .8996
3 15 49.5547 0 .8996 48.4057 0 3.2579 49.5123 0 .6438
4 15 48.4057 0 -2.92 49.4989 0 .3847 49.5123 0 .6438 48.4057 0 3.2579
3 15 49.4989 0 .3847 48.4057 0 -2.92 49.4989 0 -2.92
4 16 51.7291 0 2.2862 51.4426 0 2.2862 49.5123 0 .6438 49.4989 0 .3847
4 16 51.4426 0 2.2862 51.1915 0 2.274 49.5547 0 .8996 49.5123 0 .6438
4 16 51.1915 0 2.274 50.9428 0 2.2359 49.629 0 1.1476 49.5547 0 .8996
4 16 50.9428 0 2.2359 50.7 0 2.1696 49.7369 0 1.3816 49.629 0 1.1476
4 16 50.7 0 2.1696 50.4668 0 2.0729 49.8782 0 1.5961 49.7369 0 1.3816
4 16 50.4668 0 2.0729 50.2482 0 1.9447 50.0502 0 1.7852 49.8782 0 1.5961
4 16 53.1635 0 3.2579 52.918 0 5.02726 51.5391 0 3.3126 51.7291 0 3.2819
3 16 51.5391 0 3.3126 52.918 0 5.02726 51.3408 0 3.3234
4 16 52.918 0 5.02726 49.4103 0 3.6208 51.0595 0 3.3051 51.3408 0 3.3234
3 16 51.0595 0 3.3051 49.4103 0 3.6208 50.7824 0 3.25
3 16 50.7824 0 3.25 49.4103 0 3.6208 50.5147 0 3.1585
4 16 49.4103 0 3.2579 50.2609 0 3.032 50.5147 0 3.1585 49.4103 0 3.6208
4 16 46.613 0 3.723 48.4057 0 3.2579 49.4103 0 3.2579 49.4103 0 3.6208
3 16 50.2609 0 3.032 49.4103 0 3.2579 50.0251 0 2.8726
3 16 50.0251 0 2.8726 49.4103 0 3.2579 49.8111 0 2.6832
3 16 49.8111 0 2.6832 49.4103 0 3.2579 49.6219 0 2.4671
3 16 49.6219 0 2.4671 49.4103 0 3.2579 49.4103 0 2.192

0 // i
4 15 53.1635 0 3.2579 53.1635 0 -2.92 54.2565 0 -2.92 54.2565 0 3.2579
4 16 52.918 0 5.02726 53.1635 0 3.2579 54.2565 0 3.2579 53.71 0 5.02726
1 15 53.71 0 5.8142 .792 0 0 0 1 0 0 0 .78694 4-4disc.dat
1 16 53.71 0 5.8142 .792 0 0 0 1 0 0 0 .78694 4-4ndis.dat

0 // s
4 15 56.511 0 -1.2588 55.9038 0 -1.9483 56.0522 0 -2.1199 56.7108 0 -1.4526
3 15 56.7108 0 -1.4526 56.0522 0 -2.1199 56.2129 0 -2.2794
4 15 56.2129 0 -2.2794 56.3848 0 -2.426 56.9134 0 -1.6237 56.7108 0 -1.4526
4 15 56.5669 0 -2.5587 57.1199 0 -1.771 56.9134 0 -1.6237 56.3848 0 -2.426
3 15 57.1199 0 -1.771 56.5669 0 -2.5587 56.7583 0 -2.677
4 15 57.3316 0 -1.8937 57.1199 0 -1.771 56.7583 0 -2.677 56.9576 0 -2.78
4 15 57.1637 0 -2.8673 57.5497 0 -1.9907 57.3316 0 -1.8937 56.9576 0 -2.78
3 15 57.5497 0 -1.9907 57.1637 0 -2.8673 57.3756 0 -2.9387
4 15 57.7757 0 -2.0612 57.5497 0 -1.9907 57.3756 0 -2.9387 57.5919 0 -2.994
4 15 57.8115 0 -3.0332 58.0107 0 -2.1042 57.7757 0 -2.0612 57.5919 0 -2.994
3 15 58.0107 0 -2.1042 57.8115 0 -3.0332 58.0334 0 -3.0564
4 15 58.2562 0 -2.1188 58.0107 0 -2.1042 58.0334 0 -3.0564 58.2562 0 -3.0641
4 15 58.2562 0 -2.1188 58.2562 0 -3.0641 58.5344 0 -3.0531 58.4795 0 -2.1057
3 15 58.4795 0 -2.1057 58.5344 0 -3.0531 58.8109 0 -3.0176
4 15 58.8109 0 -3.0176 59.0828 0 -2.9544 58.6886 0 -2.0663 58.4795 0 -2.1057
4 15 59.3461 0 -2.8611 58.8787 0 -2.0006 58.6886 0 -2.0663 59.0828 0 -2.9544
3 15 58.8787 0 -2.0006 59.3461 0 -2.8611 59.597 0 -2.7359
4 15 59.045 0 -1.9087 58.8787 0 -2.0006 59.597 0 -2.7359 59.8309 0 -2.5795
4 15 60.0174 0 -2.4068 59.1827 0 -1.7904 59.045 0 -1.9087 59.8309 0 -2.5795
3 15 59.1827 0 -1.7904 60.0174 0 -2.4068 60.1755 0 -2.2057
4 15 60.1755 0 -2.2057 60.298 0 -1.9802 59.2869 0 -1.6457 59.1827 0 -1.7904
4 15 60.3822 0 -1.7367 59.3531 0 -1.4745 59.2869 0 -1.6457 60.298 0 -1.9802
3 15 59.3531 0 -1.4745 60.3822 0 -1.7367 60.4294 0 -1.4824
4 15 59.3761 0 -1.2768 59.3531 0 -1.4745 60.4294 0 -1.4824 60.4438 0 -1.2241
4 15 59.3761 0 -1.2768 60.4438 0 -1.2241 60.4318 0 -1.0034 59.3606 0 -1.1164
3 15 59.3606 0 -1.1164 60.4318 0 -1.0034 60.3918 0 -.7864
4 15 60.3918 0 -.7864 60.3198 0 -.5783 59.3145 0 -.9775 59.3606 0 -1.1164
4 15 60.2156 0 -.385 59.2385 0 -.856 59.3145 0 -.9775 60.3198 0 -.5783
3 15 59.2385 0 -.856 60.2156 0 -.385 60.0839 0 -.2109
4 15 59.133 0 -.7477 59.2385 0 -.856 60.0839 0 -.2109 59.931 0 -.0563
4 15 59.133 0 -.7477 59.931 0 -.0563 59.7631 0 .081 58.9987 0 -.6488
3 15 58.9987 0 -.6488 59.7631 0 .081 59.5848 0 .2037
4 15 58.8363 0 -.5549 58.9987 0 -.6488 59.5848 0 .2037 59.3994 0 .3148
4 15 59.2089 0 .4165 58.6461 0 -.4619 58.8363 0 -.5549 59.3994 0 .3148
3 15 58.6461 0 -.4619 59.2089 0 .4165 59.015 0 .5105
4 15 58.4291 0 -.3658 58.6461 0 -.4619 59.015 0 .5105 58.8185 0 .5987
4 15 57.7948 0 -.0907 58.4291 0 -.3658 58.8185 0 .5987 58.2245 0 .8466
4 15 58.2245 0 .8466 58.0078 0 .9441 57.6057 0 -.007 57.7948 0 -.0907
3 15 57.6057 0 -.007 58.0078 0 .9441 57.4192 0 .0827
4 15 57.8226 0 1.0387 57.2362 0 .1798 57.4192 0 .0827 58.0078 0 .9441
4 15 57.8226 0 1.0387 57.6679 0 1.1335 57.058 0 .2865 57.2362 0 .1798
3 15 57.058 0 .2865 57.6679 0 1.1335 56.8871 0 .4051
4 15 57.543 0 1.2315 56.7267 0 .5381 56.8871 0 .4051 57.6679 0 1.1335
4 15 57.543 0 1.2315 57.4472 0 1.3359 56.5815 0 .6885 56.7267 0 .5381
3 15 56.5815 0 .6885 57.4472 0 1.3359 56.4573 0 .8579
4 15 56.4573 0 .8579 57.4472 0 1.3359 57.3796 0 1.45 56.3604 0 1.0451
4 15 57.3796 0 1.45 57.3397 0 1.5766 56.294 0 1.2458 56.3604 0 1.0451
3 15 56.294 0 1.2458 57.3397 0 1.5766 56.2571 0 1.4545
4 15 56.2571 0 1.4545 57.3397 0 1.5766 57.3265 0 1.719 56.246 0 1.6666
4 15 57.3265 0 1.719 57.3451 0 1.8927 56.2633 0 1.9236 56.246 0 1.6666
3 15 56.2633 0 1.9236 57.3451 0 1.8927 56.3175 0 2.1749
4 15 57.3989 0 2.043 56.4107 0 2.4139 56.3175 0 2.1749 57.3451 0 1.8927
4 15 57.3989 0 2.043 57.4849 0 2.1698 56.5418 0 2.6333 56.4107 0 2.4139
3 15 56.5418 0 2.6333 57.4849 0 2.1698 56.7065 0 2.8269
4 15 56.7065 0 2.8269 57.4849 0 2.1698 57.6002 0 2.2733 56.8987 0 2.9915
4 15 57.1118 0 3.1258 56.8987 0 2.9915 57.6002 0 2.2733 57.7417 0 2.3535
3 15 57.1118 0 3.1258 57.7417 0 2.3535 57.3397 0 3.2309
4 15 57.3397 0 3.2309 57.7417 0 2.3535 57.9067 0 2.4106 57.5777 0 3.3089
4 15 57.9067 0 2.4106 58.0919 0 2.4449 57.8219 0 3.3617 57.5777 0 3.3089
3 15 57.8219 0 3.3617 58.0919 0 2.4449 58.0701 0 3.392
4 15 58.0701 0 3.392 58.0919 0 2.4449 58.2945 0 2.4562 58.3196 0 3.4016
4 15 58.2945 0 2.4562 58.4956 0 2.4462 58.5059 0 3.3966 58.3196 0 3.4016
3 15 58.5059 0 3.3966 58.4956 0 2.4462 58.6916 0 3.3808
4 15 58.6929 0 2.4164 58.8763 0 3.3535 58.6916 0 3.3808 58.4956 0 2.4462
4 15 58.6929 0 2.4164 58.8856 0 2.3673 59.0587 0 3.3137 58.8763 0 3.3535
3 15 59.0587 0 3.3137 58.8856 0 2.3673 59.2377 0 3.261
4 15 59.2377 0 3.261 58.8856 0 2.3673 59.0725 0 2.2999 59.4127 0 3.1945
4 15 59.5822 0 3.1145 59.4127 0 3.1945 59.0725 0 2.2999 59.2529 0 2.2145
3 15 59.5822 0 3.1145 59.2529 0 2.2145 59.745 0 3.0212
4 15 59.745 0 3.0212 59.2529 0 2.2145 59.4256 0 2.112 59.9003 0 2.915
4 15 59.4256 0 2.112 59.5899 0 1.993 60.0474 0 2.7971 59.9003 0 2.915
3 15 60.0474 0 2.7971 59.5899 0 1.993 60.1858 0 2.6682
4 15 59.7447 0 1.8579 60.3154 0 2.5297 60.1858 0 2.6682 59.5899 0 1.993
4 16 54.2565 0 -2.92 55.9038 0 -3.3288 56.0522 0 -2.1199 55.9038 0 -1.9483
3 16 56.0522 0 -2.1199 55.9038 0 -3.3288 56.2129 0 -2.2794
3 16 56.2129 0 -2.2794 55.9038 0 -3.3288 56.3848 0 -2.426
3 16 56.3848 0 -2.426 55.9038 0 -3.3288 56.5669 0 -2.5587
3 16 56.5669 0 -2.5587 55.9038 0 -3.3288 56.7583 0 -2.677
3 16 56.7583 0 -2.677 55.9038 0 -3.3288 56.9576 0 -2.78
3 16 56.9576 0 -2.78 55.9038 0 -3.3288 57.1637 0 -2.8673
3 16 57.1637 0 -2.8673 55.9038 0 -3.3288 57.3756 0 -2.9387
3 16 57.3756 0 -2.9387 55.9038 0 -3.3288 57.5919 0 -2.994
3 16 57.5919 0 -2.994 55.9038 0 -3.3288 57.8115 0 -3.0332
3 16 57.8115 0 -3.0332 55.9038 0 -3.3288 58.0334 0 -3.0564
3 16 58.0334 0 -3.0564 55.9038 0 -3.3288 58.2562 0 -3.0641
4 16 58.5344 0 -3.0531 58.2562 0 -3.0641 55.9038 0 -3.3288 60.824 0 -3.3288
3 16 58.5344 0 -3.0531 60.824 0 -3.3288 58.8109 0 -3.0176
3 16 58.8109 0 -3.0176 60.824 0 -3.3288 59.0828 0 -2.9544
3 16 59.0828 0 -2.9544 60.824 0 -3.3288 59.3461 0 -2.8611
3 16 59.3461 0 -2.8611 60.824 0 -3.3288 59.597 0 -2.7359
3 16 59.597 0 -2.7359 60.824 0 -3.3288 59.8309 0 -2.5795
3 16 59.8309 0 -2.5795 60.824 0 -3.3288 60.0174 0 -2.4068
3 16 60.0174 0 -2.4068 60.824 0 -3.3288 60.1755 0 -2.2057
3 16 60.1755 0 -2.2057 60.824 0 -3.3288 60.298 0 -1.9802
3 16 60.298 0 -1.9802 60.824 0 -3.3288 60.3822 0 -1.7367
3 16 60.3822 0 -1.7367 60.824 0 -3.3288 60.4294 0 -1.4824
3 16 60.4294 0 -1.4824 60.824 0 -3.3288 60.4438 0 -1.2241
4 16 60.824 0 -3.3288 60.824 0 .9636 60.4318 0 -1.0034 60.4438 0 -1.2241
3 16 60.4318 0 -1.0034 60.824 0 .9636 60.3918 0 -.7864
3 16 60.3918 0 -.7864 60.824 0 .9636 60.3198 0 -.5783
3 16 60.3198 0 -.5783 60.824 0 .9636 60.2156 0 -.385
3 16 60.2156 0 -.385 60.824 0 .9636 60.0839 0 -.2109
4 16 59.931 0 -.0563 60.0839 0 -.2109 60.824 0 .9636 60.3154 0 2.5297
4 16 60.3154 0 2.5297 59.7447 0 1.8579 59.7631 0 .081 59.931 0 -.0563
3 16 59.7631 0 .081 59.7447 0 1.8579 59.5848 0 .2037
3 16 59.5848 0 .2037 59.7447 0 1.8579 59.3994 0 .3148
3 16 59.3994 0 .3148 59.7447 0 1.8579 59.2089 0 .4165
3 16 59.2089 0 .4165 59.7447 0 1.8579 59.015 0 .5105
4 16 58.8185 0 .5987 59.015 0 .5105 59.7447 0 1.8579 59.5899 0 1.993
3 16 58.8185 0 .5987 59.5899 0 1.993 58.2245 0 .8466
4 16 58.2245 0 .8466 59.5899 0 1.993 59.4256 0 2.112 58.0078 0 .9441
4 16 58.0078 0 .9441 59.4256 0 2.112 59.2529 0 2.2145 57.8226 0 1.0387
4 16 57.8226 0 1.0387 59.2529 0 2.2145 59.0725 0 2.2999 57.6679 0 1.1335
4 16 57.6679 0 1.1335 59.0725 0 2.2999 58.8856 0 2.3673 57.543 0 1.2315
4 16 57.543 0 1.2315 58.8856 0 2.3673 58.6929 0 2.4164 57.4472 0 1.3359
4 16 57.4472 0 1.3359 58.6929 0 2.4164 58.4956 0 2.4462 57.3796 0 1.45
4 16 57.3796 0 1.45 58.4956 0 2.4462 58.2945 0 2.4562 57.3397 0 1.5766
4 16 57.3397 0 1.5766 58.2945 0 2.4562 58.0919 0 2.4449 57.3265 0 1.719
4 16 57.3265 0 1.719 58.0919 0 2.4449 57.9067 0 2.4106 57.3451 0 1.8927
4 16 57.3451 0 1.8927 57.9067 0 2.4106 57.7417 0 2.3535 57.3989 0 2.043
4 16 57.3989 0 2.043 57.7417 0 2.3535 57.6002 0 2.2733 57.4849 0 2.1698
3 16 60.3154 0 2.5297 60.824 0 3.723 60.1858 0 2.6682
3 16 60.1858 0 2.6682 60.824 0 3.723 60.0474 0 2.7971
3 16 60.0474 0 2.7971 60.824 0 3.723 59.9003 0 2.915
3 16 59.9003 0 2.915 60.824 0 3.723 59.745 0 3.0212
3 16 59.745 0 3.0212 60.824 0 3.723 59.5822 0 3.1145
3 16 59.5822 0 3.1145 60.824 0 3.723 59.4127 0 3.1945
3 16 59.4127 0 3.1945 60.824 0 3.723 59.2377 0 3.261
3 16 59.2377 0 3.261 60.824 0 3.723 59.0587 0 3.3137
3 16 59.0587 0 3.3137 60.824 0 3.723 58.8763 0 3.3535
3 16 58.8763 0 3.3535 60.824 0 3.723 58.6916 0 3.3808
3 16 58.6916 0 3.3808 60.824 0 3.723 58.5059 0 3.3966
4 16 55.9038 0 3.723 58.3196 0 3.4016 58.5059 0 3.3966 60.824 0 3.723
3 16 58.3196 0 3.4016 55.9038 0 3.723 58.0701 0 3.392
3 16 58.0701 0 3.392 55.9038 0 3.723 57.8219 0 3.3617
3 16 57.8219 0 3.3617 55.9038 0 3.723 57.5777 0 3.3089
3 16 57.5777 0 3.3089 55.9038 0 3.723 57.3397 0 3.2309
3 16 57.3397 0 3.2309 55.9038 0 3.723 57.1118 0 3.1258
3 16 57.1118 0 3.1258 55.9038 0 3.723 56.8987 0 2.9915
3 16 56.8987 0 2.9915 55.9038 0 3.723 56.7065 0 2.8269
3 16 56.7065 0 2.8269 55.9038 0 3.723 56.5418 0 2.6333
3 16 56.5418 0 2.6333 55.9038 0 3.723 56.4107 0 2.4139
3 16 56.4107 0 2.4139 55.9038 0 3.723 56.3175 0 2.1749
3 16 56.3175 0 2.1749 55.9038 0 3.723 56.2633 0 1.9236
4 16 55.9038 0 -.365 56.246 0 1.6666 56.2633 0 1.9236 55.9038 0 3.723
3 16 56.246 0 1.6666 55.9038 0 -.365 56.2571 0 1.4545
3 16 56.2571 0 1.4545 55.9038 0 -.365 56.294 0 1.2458
3 16 56.294 0 1.2458 55.9038 0 -.365 56.3604 0 1.0451
3 16 56.3604 0 1.0451 55.9038 0 -.365 56.4573 0 .8579
3 16 56.5815 0 .6885 56.4573 0 .8579 55.9038 0 -.365
4 16 56.5815 0 .6885 55.9038 0 -.365 55.9038 0 -1.9483 56.7267 0 .5381
4 16 56.8871 0 .4051 56.7267 0 .5381 55.9038 0 -1.9483 56.511 0 -1.2588
3 16 57.058 0 .2865 56.8871 0 .4051 56.511 0 -1.2588
3 16 57.058 0 .2865 56.511 0 -1.2588 57.2362 0 .1798
3 16 57.4192 0 .0827 57.2362 0 .1798 56.511 0 -1.2588
3 16 57.4192 0 .0827 56.511 0 -1.2588 57.6057 0 -.007
4 16 56.511 0 -1.2588 56.7108 0 -1.4526 57.7948 0 -.0907 57.6057 0 -.007
3 16 57.7948 0 -.0907 56.7108 0 -1.4526 58.4291 0 -.3658
4 16 58.4291 0 -.3658 56.7108 0 -1.4526 56.9134 0 -1.6237 58.6461 0 -.4619
4 16 58.8363 0 -.5549 58.6461 0 -.4619 56.9134 0 -1.6237 57.1199 0 -1.771
4 16 58.9987 0 -.6488 58.8363 0 -.5549 57.1199 0 -1.771 57.3316 0 -1.8937
4 16 58.9987 0 -.6488 57.3316 0 -1.8937 57.5497 0 -1.9907 59.133 0 -.7477
4 16 59.2385 0 -.856 59.133 0 -.7477 57.5497 0 -1.9907 57.7757 0 -2.0612
4 16 59.2385 0 -.856 57.7757 0 -2.0612 58.0107 0 -2.1042 59.3145 0 -.9775
4 16 59.3606 0 -1.1164 59.3145 0 -.9775 58.0107 0 -2.1042 58.2562 0 -2.1188
4 16 59.3606 0 -1.1164 58.2562 0 -2.1188 58.4795 0 -2.1057 59.3761 0 -1.2768
4 16 59.3531 0 -1.4745 59.3761 0 -1.2768 58.4795 0 -2.1057 58.6886 0 -2.0663
4 16 59.3531 0 -1.4745 58.6886 0 -2.0663 58.8787 0 -2.0006 59.2869 0 -1.6457
4 16 59.1827 0 -1.7904 59.2869 0 -1.6457 58.8787 0 -2.0006 59.045 0 -1.9087

0 // Background
4 16 -60.1484 0 5.6125 -50 0 10 -80 0 10 -60.4443 0 5.6125
4 16 -60.1484 0 5.6125 -54.8941 0 5.4688 -53.7881 0 5.4688 -50 0 10
4 16 -48.76 0 3.40169 -50 0 10 -53.7881 0 5.4688 -51.93602 0 3.40169
3 16 -50 0 10 -48.76 0 3.40169 -45.58398 0 3.40169
4 16 -43.5458 0 3.2579 -43.5458 0 4.9454 -50 0 10 -44.5594 0 3.2579
3 16 -50 0 10 -43.5458 0 4.9454 -42.4402 0 4.9454
4 16 -37.9697 0 3.6208 -30 0 10 -50 0 10 -42.4402 0 4.9454
3 16 -30 0 10 -37.9697 0 3.6208 -35.206 0 3.8252
3 16 -30 0 10 -35.206 0 3.8252 -28.474 0 3.8252
4 16 -24.46 0 1.53 -22.454 0 5.4688 -30 0 10 -28.474 0 3.8252
3 16 -30 0 10 -22.454 0 5.4688 -19.9496 0 5.4688
3 16 -30 0 10 -15.181 0 5.767 -10 0 10
4 16 -6.903 0 3.8252 -10 0 10 -15.181 0 5.767 -8.697 0 3.723
3 16 -10 0 10 -6.903 0 3.8252 -2.1038 0 3.8252
4 16 10 0 10 -10 0 10 -2.1038 0 3.8252 2.659 0 3.8252
4 16 20.1106 0 6.6461 10 0 10 2.659 0 3.8252 10.256 0 3.8252
4 16 10 0 10 20.1106 0 6.6461 21.2162 0 6.6461 30 0 10
4 16 34.3667 0 5.4688 30 0 10 21.2162 0 6.6461 29.316 0 3.8252
4 16 46.613 0 3.723 50 0 10 30 0 10 40.355 0 5.767
3 16 50 0 10 46.613 0 3.723 49.4103 0 3.6208
4 16 52.918 0 5.8142 50 0 10 49.4103 0 3.6208 52.918 0 5.02726
3 16 50 0 10 52.918 0 5.8142 52.918 0 6.60114
3 16 50 0 10 52.918 0 6.60114 53.71 0 6.60114
4 16 80 0 10 50 0 10 53.71 0 6.60114 54.502 0 6.60114
4 16 60.824 0 3.723 80 0 10 54.502 0 6.60114 55.9038 0 3.723
4 16 80 0 10 60.824 0 3.723 60.3154 0 2.5297 60.824 0 .9636
4 16 60.824 0 -3.3288 80 0 -10 80 0 10 60.824 0 .9636
4 16 80 0 -10 60.824 0 -3.3288 55.9038 0 -3.3288 50 0 -10
4 16 53.1635 0 -2.92 50 0 -10 55.9038 0 -3.3288 54.2565 0 -2.92
3 16 50 0 -10 53.1635 0 -2.92 49.4989 0 -2.92
4 16 46.3304 0 -3.5332 50 0 -10 49.4989 0 -2.92 48.4057 0 -2.92
3 16 50 0 -10 46.3304 0 -3.5332 40.871 0 -3.5332
4 16 50 0 -10 40.871 0 -3.5332 35.4723 0 -2.92 30 0 -10
4 16 29.316 0 -3.5332 30 0 -10 35.4723 0 -2.92 34.3667 0 -2.92
3 16 30 0 -10 29.316 0 -3.5332 21.2162 0 -3.5332
4 16 30 0 -10 21.2162 0 -3.5332 10.256 0 -3.5332 10 0 -10
3 16 10 0 -10 10.256 0 -3.5332 2.1988 0 -2.92
4 16 10 0 -10 2.1988 0 -2.92 1.0932 0 -2.92 -10 0 -10
3 16 -10 0 -10 1.0932 0 -2.92 -1.8053 0 -2.92
3 16 -10 0 -10 -1.8053 0 -2.92 -2.8986 0 -2.92
3 16 -10 0 -10 -2.8986 0 -2.92 -5.8098 0 -2.92
4 16 -8.9796 0 -3.5332 -10 0 -10 -5.8098 0 -2.92 -6.903 0 -2.92
4 16 -30 0 -10 -10 0 -10 -8.9796 0 -3.5332 -14.439 0 -3.5332
4 16 -19.3876 0 -2.8928 -19.9496 0 -2.92 -30 0 -10 -14.439 0 -3.5332
4 16 -28.474 0 -3.5332 -30 0 -10 -19.9496 0 -2.92 -22.454 0 -2.92
3 16 -30 0 -10 -28.474 0 -3.5332 -35.206 0 -3.5332
4 16 -30 0 -10 -35.206 0 -3.5332 -37.8811 0 -2.92 -50 0 -10
4 16 -40.387 0 -3.3288 -50 0 -10 -37.8811 0 -2.92 -38.9743 0 -2.92
4 16 -48.76 0 -3.0641 -50 0 -10 -40.387 0 -3.3288 -45.58398 0 -3.06409
3 16 -50 0 -10 -48.76 0 -3.0641 -51.93602 0 -3.06409
3 16 -50 0 -10 -51.93602 0 -3.06409 -53.7881 0 -3.0641
3 16 -50 0 -10 -53.7881 0 -3.0641 -54.0716 0 -3.0641
4 16 -59.3387 0 3.1305 -59.3387 0 -2.92 -50 0 -10 -54.0716 0 -3.0641
4 16 -59.3387 0 -2.92 -60.4443 0 -2.92 -80 0 -10 -50 0 -10
4 16 -60.4443 0 -2.92 -60.4443 0 5.6125 -80 0 10 -80 0 -10
4 16 -51.93602 0 3.40169 -53.7881 0 5.4688 -53.7881 0 -3.0641 -51.93602 0 .1688
3 16 -51.93602 0 .1688 -53.7881 0 -3.0641 -51.93602 0 -3.06409
4 16 -50 0 10 -45.58398 0 3.40169 -44.5594 0 2.3125 -44.5594 0 3.2579
3 16 -44.5594 0 2.3125 -45.58398 0 3.40169 -45.584 0 .1688
3 16 -44.5594 0 2.3125 -45.584 0 .1688 -45.58398 0 -3.06409
4 16 -37.9697 0 3.2579 -37.9697 0 3.6208 -42.4402 0 4.9454 -38.9743 0 3.2579
3 16 -38.9743 0 3.2579 -42.4402 0 4.9454 -40.5901 0 3.2579
3 16 -38.9743 0 3.2579 -40.5901 0 3.2579 -40.5901 0 2.3125
4 16 -38.9743 0 -2.92 -38.9743 0 3.2579 -40.5901 0 2.3125 -40.387 0 -2.0134
3 16 -38.9743 0 -2.92 -40.387 0 -2.0134 -40.387 0 -2.9416
4 16 -40.7123 0 -3.0026 -40.387 0 -3.3288 -38.9743 0 -2.92 -40.387 0 -2.9416
4 16 -35.206 0 -3.5332 -35.206 0 3.8252 -35.6509 0 3.2819 -35.6509 0 2.2862
4 16 -27.28 0 1.53 -28.474 0 3.8252 -28.474 0 -3.5332 -27.28 0 .68
4 16 -22.454 0 -2.92 -24.46 0 .68 -27.28 0 .68 -28.474 0 -3.5332
4 16 -24.46 0 .68 -22.454 0 -2.92 -22.454 0 5.4688 -24.46 0 1.53
3 16 -24.46 0 1.53 -28.474 0 3.8252 -27.28 0 1.53
4 16 -8.9938 0 1.181 -8.9796 0 .8426 -6.903 0 3.2579 -8.697 0 3.723
4 16 -6.903 0 3.2579 -8.9796 0 .8426 -8.9796 0 -2.92 -6.903 0 -2.92
3 16 -6.903 0 -2.92 -8.9796 0 -2.92 -8.9796 0 -3.5332
3 16 2.659 0 3.8252 2.1988 0 .9736 2.1988 0 -2.92
4 16 29.316 0 -3.5332 34.3667 0 -2.92 34.3667 0 5.4688 29.316 0 3.8252
3 16 40.355 0 .146 35.4723 0 -2.92 40.871 0 -3.5332
4 16 48.4057 0 3.2579 46.3304 0 .8426 46.3304 0 -2.92 48.4057 0 -2.92
3 16 48.4057 0 -2.92 46.3304 0 -2.92 46.3304 0 -3.5332
4 16 53.1635 0 -2.92 53.1635 0 3.2579 51.7291 0 3.2819 51.7291 0 2.2862
4 16 49.4989 0 .3847 49.4989 0 -2.92 53.1635 0 -2.92 51.7291 0 2.2862
3 16 54.502 0 6.60114 54.502 0 5.8142 55.9038 0 3.723
3 16 55.9038 0 3.723 54.502 0 5.8142 54.502 0 5.02726
4 16 53.71 0 5.02726 54.2565 0 3.2579 55.9038 0 3.723 54.502 0 5.02726
3 16 55.9038 0 3.723 54.2565 0 3.2579 55.9038 0 -.365
4 16 55.9038 0 -1.9483 55.9038 0 -.365 54.2565 0 3.2579 54.2565 0 -2.92
