0 Tile  1 x  8 with "Neuschwanstein Castle" Pattern
0 Name: 4162p1z.dat
0 Author: Philippe Hurbain [Philo]
0 !LDRAW_ORG Unofficial_Part
0 !LICENSE Licensed under CC BY 4.0 : see CAreadme.txt

0 BFC CERTIFY CCW

0 !CATEGORY Tile
0 !KEYWORDS Architecture, Bricklink 4162pb325, Brickowl 782332, Brickset 113289
0 !KEYWORDS Rebrickable 4162pr0122, Set 21063

1 16 0 0 0 1 0 0 0 1 0 0 0 1 s\4162s01.dat
4 15 66.7 0 2.68 65.68 0 2.88 65.55 0 1.84 66.3 0 1.73
4 15 63.5 0 -.17 63.46 0 -1.18 68.42 0 -1.12 67.49 0 -.17
4 15 52.96 0 -3.06 53.05 0 -2.12 51.89 0 -2.01 51.98 0 -2.66
3 15 26.57 0 2.03 25.21 0 1.71 25.69 0 1.3
4 15 15.28 0 2.68 14.26 0 2.88 14.13 0 1.84 14.88 0 1.73
4 15 12.08 0 -.17 12.04 0 -1.18 17 0 -1.12 16.07 0 -.17
3 15 3.41 0 -2.01 3.5 0 -2.66 4.56 0 -2.12
4 15 -8.99 0 .26 -9.17 0 1.26 -10.27 0 1.18 -10.03 0 .49
4 15 -12.5 0 -4.47 -12.47 0 -3.43 -12.88 0 -3.13 -13.41 0 -4.14
4 15 -19.87 0 2.86 -20.23 0 2.88 -22.34 0 -2.42 -20.09 0 .72
4 15 19.43 0 6.08 18.83 0 6.11 18.39 0 5.71 18.36 0 5.11
4 15 -67.45 0 -4.34 -67.42 0 2.73 -68.42 0 5.38 -68.39 0 -4.34
4 15 -39.23 0 -.78 -38.16 0 -.34 -37.89 0 .56 -39.12 0 .18
3 15 -41.73 0 -2.01 -41.63 0 -2.66 -40.57 0 -2.12
4 15 -50.66 0 -4.2 -49.86 0 -4.48 -49.01 0 -3.42 -49.85 0 -3.42
4 15 -58.73 0 -.17 -58.78 0 -1.18 -53.82 0 -1.12 -54.75 0 -.17
4 15 19.65 0 -4.34 19.67 0 2.69 18.7 0 2.72 18.71 0 -4.34
4 15 60.79 0 -4.34 60.82 0 6.51 59.82 0 6.52 59.82 0 -4.34
4 15 67.34 0 .66 68.18 0 1.29 67.57 0 2.12 66.94 0 1.31
4 15 66.7 0 2.68 66.3 0 1.73 66.94 0 1.31 67.57 0 2.12
4 15 64.16 0 1.23 64.79 0 1.66 64.65 0 2.7 63.75 0 2.19
4 15 63.72 0 .6 64.16 0 1.23 63.75 0 2.19 63.06 0 1.43
4 15 63.06 0 1.43 62.61 0 .5 63.5 0 -.17 63.72 0 .6
4 15 65.68 0 2.88 64.65 0 2.7 64.79 0 1.66 65.55 0 1.84
4 15 68.18 0 1.29 67.34 0 .66 67.49 0 -.17 68.48 0 .31
3 15 63.5 0 -.17 62.61 0 .5 62.42 0 -.51
4 15 63.5 0 -.17 62.42 0 -.51 62.47 0 -1.49 63.46 0 -1.18
4 15 62.47 0 -1.49 62.78 0 -2.55 63.79 0 -2.29 63.46 0 -1.18
4 15 62.78 0 -2.55 63.38 0 -3.48 64.57 0 -3.13 63.79 0 -2.29
4 15 63.38 0 -3.48 64.25 0 -4.15 65.31 0 -4.48 64.57 0 -3.13
4 15 64.57 0 -3.13 65.31 0 -4.48 66.42 0 -4.44 65.66 0 -3.47
4 15 68.27 0 -3.28 67.74 0 -2.57 66.78 0 -3.23 67.43 0 -4.02
4 15 67.43 0 -4.02 66.78 0 -3.23 65.66 0 -3.47 66.42 0 -4.44
3 15 68.42 0 -1.12 68.48 0 .31 67.49 0 -.17
3 15 58.41 0 -4.34 58.37 0 -3.41 57.15 0 -3.45
4 15 58.41 0 -4.34 57.15 0 -3.45 56.31 0 -4.32 57.15 0 -4.51
4 15 57.15 0 -3.45 56.54 0 -3.2 55.63 0 -3.79 56.31 0 -4.32
4 15 55.63 0 -3.79 56.54 0 -3.2 56.24 0 -2.62 55.27 0 -3.01
4 15 54.11 0 1.71 55.16 0 1.71 55.17 0 2.71 54.13 0 2.71
4 15 56.18 0 2.72 55.17 0 2.71 55.16 0 1.71 56.19 0 1.71
4 15 55.27 0 -3.01 56.24 0 -2.62 56.18 0 -1.96 55.15 0 -2.14
4 15 55.17 0 4.6 55.17 0 2.71 56.18 0 2.72 56.18 0 4.58
4 15 58.15 0 1.71 58.14 0 2.7 56.18 0 2.72 56.19 0 1.71
4 15 55.15 0 -2.14 56.18 0 -1.96 56.19 0 1.71 55.16 0 1.71
4 15 51.4 0 -1.58 51.89 0 -2.01 53.05 0 -2.12 52.65 0 -1.28
4 15 52.65 0 -1.28 51.66 0 -.5 49.85 0 -.85 51.4 0 -1.58
4 15 51.64 0 -3.21 52.49 0 -3.87 52.96 0 -3.06 51.98 0 -2.66
3 15 50.77 0 -4.52 51.69 0 -4.37 51.03 0 -3.46
4 15 52.49 0 -3.87 51.64 0 -3.21 51.03 0 -3.46 51.69 0 -4.37
4 15 50.38 0 -3.42 49.78 0 -3.15 49.03 0 -3.86 49.85 0 -4.33
4 15 48.97 0 -2.43 48.37 0 -3.19 49.03 0 -3.86 49.78 0 -3.15
3 15 51.86 0 1.5 52.42 0 1.09 53.04 0 1.81
4 15 51.23 0 1.78 51.86 0 1.5 53.04 0 1.81 52.28 0 2.44
4 15 50.54 0 1.82 51.23 0 1.78 52.28 0 2.44 51.37 0 2.82
4 15 51.37 0 2.82 50.37 0 2.84 49.47 0 2.46 50.54 0 1.82
4 15 49.93 0 1.48 48.86 0 1.67 48.72 0 .7 49.74 0 .83
4 15 51.66 0 -.5 50.14 0 .28 49.09 0 -.21 49.85 0 -.85
4 15 48.72 0 .7 49.09 0 -.21 50.14 0 .28 49.74 0 .83
4 15 49.85 0 -4.33 50.77 0 -4.52 51.03 0 -3.46 50.38 0 -3.42
4 15 48.86 0 1.67 49.93 0 1.48 50.54 0 1.82 49.47 0 2.46
4 15 45.45 0 1.18 45.69 0 .49 46.73 0 .26 46.54 0 1.26
3 15 45.75 0 -.51 46.73 0 .26 45.69 0 .49
3 15 46.54 0 1.26 46.07 0 2.15 45.45 0 1.18
4 15 45.45 0 1.18 46.07 0 2.15 45.22 0 2.71 44.95 0 1.7
4 15 43.53 0 1.7 44.25 0 1.86 44.22 0 2.87 43.22 0 2.66
4 15 42.46 0 .74 42.9 0 1.32 42.35 0 2.14 41.75 0 1.33
4 15 43.22 0 2.66 42.35 0 2.14 42.9 0 1.32 43.53 0 1.7
4 15 42.75 0 -1.9 41.72 0 -1.55 41.47 0 -2.48 42.53 0 -2.31
4 15 43.14 0 -1.57 42.4 0 -.89 41.72 0 -1.55 42.75 0 -1.9
3 15 45.75 0 -.51 43.32 0 -.58 45.76 0 -1.46
4 15 45.76 0 -1.46 43.32 0 -.58 42.4 0 -.89 43.14 0 -1.57
4 15 44.22 0 2.87 44.25 0 1.86 44.95 0 1.7 45.22 0 2.71
4 15 41.68 0 -3.42 42.55 0 -2.75 42.53 0 -2.31 41.47 0 -2.48
4 15 42.55 0 -2.75 41.68 0 -3.42 42.31 0 -4.14 42.84 0 -3.13
4 15 42.84 0 -3.13 42.31 0 -4.14 43.22 0 -4.47 43.24 0 -3.43
4 15 43.24 0 -3.43 43.22 0 -4.47 44.19 0 -4.47 43.96 0 -3.54
4 15 45.31 0 -2.9 44.7 0 -3.32 45.08 0 -4.14 45.81 0 -3.5
4 15 45.08 0 -4.14 44.7 0 -3.32 43.96 0 -3.54 44.19 0 -4.47
3 15 45.81 0 -3.5 45.82 0 -4.35 46.77 0 -4.35
4 15 45.75 0 -.51 45.76 0 -1.46 46.77 0 -4.35 46.73 0 .26
3 15 46.77 0 -4.35 45.76 0 -1.46 45.65 0 -2.21
4 15 46.77 0 -4.35 45.65 0 -2.21 45.31 0 -2.9 45.81 0 -3.5
3 15 40.39 0 -2.44 39.63 0 -1.81 38.95 0 -2.64
4 15 38.64 0 -4.1 39.66 0 -3.42 40.39 0 -2.44 38.95 0 -2.64
4 15 38.04 0 -3.21 37 0 -3.46 36.24 0 -4.47 37.47 0 -4.46
4 15 38.95 0 -2.64 38.04 0 -3.21 37.47 0 -4.46 38.64 0 -4.1
4 15 35.93 0 -3.32 34.97 0 -2.84 34.04 0 -3.43 35.07 0 -4.11
4 15 34.21 0 -2.09 33.71 0 -1.14 32.68 0 -1.39 33.23 0 -2.5
4 15 34.97 0 -2.84 34.21 0 -2.09 33.23 0 -2.5 34.04 0 -3.43
4 15 33.47 0 .98 32.41 0 1.04 32.42 0 -.19 33.47 0 -.09
4 15 32.42 0 -.19 32.68 0 -1.39 33.71 0 -1.14 33.47 0 -.09
4 15 34.22 0 2.97 33.2 0 3.34 32.67 0 2.24 33.72 0 2.02
4 15 33.72 0 2.02 32.67 0 2.24 32.41 0 1.04 33.47 0 .98
4 15 35.03 0 4.96 35.95 0 4.2 37.01 0 4.33 36.2 0 5.33
4 15 40.38 0 3.36 39.61 0 4.32 38.6 0 5.02 38.94 0 3.5
4 15 38.94 0 3.5 38.6 0 5.02 37.42 0 5.36 38.06 0 4.09
3 15 39.65 0 2.68 40.38 0 3.36 38.94 0 3.5
4 15 33.2 0 3.34 34.22 0 2.97 34.98 0 3.73 34 0 4.27
4 15 36.2 0 5.33 37.01 0 4.33 38.06 0 4.09 37.42 0 5.36
4 15 35.07 0 -4.11 36.24 0 -4.47 37 0 -3.46 35.93 0 -3.32
4 15 34 0 4.27 34.98 0 3.73 35.95 0 4.2 35.03 0 4.96
4 15 25.98 0 .68 26.14 0 -4.34 27.08 0 -4.34 27.07 0 .41
4 15 24.58 0 2.87 25.21 0 1.71 26.57 0 2.03 25.69 0 2.72
4 15 25.21 0 1.71 24.58 0 2.87 23.64 0 2.62 24.47 0 1.84
4 15 24.47 0 1.84 23.64 0 2.62 22.82 0 2.02 23.46 0 1.46
3 15 22.82 0 2.02 22.81 0 2.72 21.86 0 2.71
4 15 22.87 0 -4.35 22.99 0 .6 21.86 0 2.71 21.86 0 -4.34
4 15 23.46 0 1.46 22.82 0 2.02 21.86 0 2.71 22.99 0 .6
4 15 27.07 0 .41 26.57 0 2.03 25.69 0 1.3 25.98 0 .68
4 15 16.07 0 -.17 17.06 0 .31 16.75 0 1.29 15.92 0 .66
4 15 15.28 0 2.68 14.88 0 1.73 15.52 0 1.31 16.15 0 2.12
3 15 13.23 0 2.7 12.33 0 2.19 13.37 0 1.66
4 15 13.37 0 1.66 12.33 0 2.19 11.64 0 1.43 12.74 0 1.23
4 15 11.19 0 .5 12.3 0 .6 12.74 0 1.23 11.64 0 1.43
4 15 14.26 0 2.88 13.23 0 2.7 13.37 0 1.66 14.13 0 1.84
4 15 16.15 0 2.12 15.52 0 1.31 15.92 0 .66 16.75 0 1.29
4 15 12.3 0 .6 11.19 0 .5 11 0 -.51 12.08 0 -.17
4 15 12.08 0 -.17 11 0 -.51 11.05 0 -1.49 12.04 0 -1.18
4 15 12.37 0 -2.29 12.04 0 -1.18 11.05 0 -1.49 11.36 0 -2.55
3 15 11.96 0 -3.48 12.83 0 -4.15 13.15 0 -3.13
4 15 11.36 0 -2.55 11.96 0 -3.48 13.15 0 -3.13 12.37 0 -2.29
4 15 16.32 0 -2.57 15.36 0 -3.23 15 0 -4.44 16.01 0 -4.02
3 15 16.01 0 -4.02 16.85 0 -3.28 16.32 0 -2.57
4 15 13.89 0 -4.48 15 0 -4.44 15.36 0 -3.23 14.24 0 -3.47
4 15 12.83 0 -4.15 13.89 0 -4.48 14.24 0 -3.47 13.15 0 -3.13
3 15 17 0 -1.12 17.06 0 .31 16.07 0 -.17
3 15 9.93 0 -4.34 9.89 0 -3.41 8.66 0 -3.45
4 15 9.93 0 -4.34 8.66 0 -3.45 7.83 0 -4.32 8.67 0 -4.51
4 15 7.76 0 -2.62 6.79 0 -3.01 7.15 0 -3.79 8.06 0 -3.2
4 15 8.66 0 -3.45 8.06 0 -3.2 7.15 0 -3.79 7.83 0 -4.32
4 15 7.7 0 2.72 7.7 0 4.58 6.69 0 4.6 6.69 0 2.71
4 15 5.63 0 1.71 6.68 0 1.71 6.69 0 2.71 5.65 0 2.71
4 15 7.7 0 2.72 6.69 0 2.71 6.68 0 1.71 7.71 0 1.71
4 15 6.79 0 -3.01 7.76 0 -2.62 7.7 0 -1.96 6.67 0 -2.14
4 15 9.67 0 1.71 9.66 0 2.7 7.7 0 2.72 7.71 0 1.71
4 15 6.67 0 -2.14 7.7 0 -1.96 7.71 0 1.71 6.68 0 1.71
4 15 1.37 0 -.85 2.92 0 -1.58 4.17 0 -1.28 3.18 0 -.5
4 15 4.56 0 -2.12 4.17 0 -1.28 2.92 0 -1.58 3.41 0 -2.01
4 15 4 0 -3.87 4.48 0 -3.06 4.56 0 -2.12 3.5 0 -2.66
4 15 3.16 0 -3.21 2.54 0 -3.46 2.29 0 -4.52 3.21 0 -4.37
4 15 2.54 0 -3.46 1.89 0 -3.42 1.36 0 -4.33 2.29 0 -4.52
4 15 .49 0 -2.43 -.11 0 -3.19 .55 0 -3.86 1.3 0 -3.15
4 15 .55 0 -3.86 1.36 0 -4.33 1.89 0 -3.42 1.3 0 -3.15
3 15 3.38 0 1.5 3.94 0 1.09 4.56 0 1.81
4 15 2.75 0 1.78 3.38 0 1.5 4.56 0 1.81 3.8 0 2.44
4 15 2.06 0 1.82 2.75 0 1.78 3.8 0 2.44 2.88 0 2.82
4 15 .98 0 2.46 2.06 0 1.82 2.88 0 2.82 1.89 0 2.84
4 15 2.06 0 1.82 .98 0 2.46 .38 0 1.67 1.45 0 1.48
4 15 1.45 0 1.48 .38 0 1.67 .24 0 .7 1.26 0 .83
4 15 3.18 0 -.5 1.66 0 .28 .61 0 -.21 1.37 0 -.85
4 15 .24 0 .7 .61 0 -.21 1.66 0 .28 1.26 0 .83
4 15 3.21 0 -4.37 4 0 -3.87 3.5 0 -2.66 3.16 0 -3.21
4 15 -2.86 0 1.04 -2.62 0 0 -1.56 0 -.19 -1.71 0 .89
4 15 -3.5 0 1.71 -2.86 0 1.04 -1.71 0 .89 -2.1 0 1.9
4 15 -2.1 0 1.9 -2.88 0 2.64 -3.94 0 2.87 -3.5 0 1.71
4 15 -4.22 0 1.84 -5.01 0 2.66 -5.88 0 2.02 -5.2 0 1.5
3 15 -5.88 0 2.02 -5.9 0 2.72 -6.85 0 2.72
4 15 -6.85 0 2.72 -6.84 0 -4.35 -5.83 0 -4.34 -5.7 0 .67
4 15 -5.2 0 1.5 -5.88 0 2.02 -6.85 0 2.72 -5.7 0 .67
4 15 -2.62 0 0 -2.61 0 -4.34 -1.6 0 -4.35 -1.56 0 -.19
4 15 -5.01 0 2.66 -4.22 0 1.84 -3.5 0 1.71 -3.94 0 2.87
4 15 -8.95 0 -4.35 -8.99 0 .26 -9.97 0 -.51 -9.96 0 -1.46
3 15 -9.97 0 -.51 -8.99 0 .26 -10.03 0 .49
3 15 -9.17 0 1.26 -9.65 0 2.15 -10.27 0 1.18
4 15 -10.27 0 1.18 -9.65 0 2.15 -10.5 0 2.71 -10.77 0 1.7
4 15 -10.77 0 1.7 -10.5 0 2.71 -11.5 0 2.87 -11.47 0 1.86
4 15 -12.19 0 1.7 -11.47 0 1.86 -11.5 0 2.87 -12.5 0 2.66
4 15 -12.82 0 1.32 -12.19 0 1.7 -12.5 0 2.66 -13.37 0 2.14
4 15 -13.26 0 .74 -12.82 0 1.32 -13.37 0 2.14 -13.97 0 1.33
4 15 -14.25 0 -2.48 -13.19 0 -2.31 -12.97 0 -1.9 -14 0 -1.55
4 15 -12.58 0 -1.57 -13.32 0 -.89 -14 0 -1.55 -12.97 0 -1.9
3 15 -9.97 0 -.51 -12.39 0 -.58 -9.96 0 -1.46
4 15 -9.96 0 -1.46 -12.39 0 -.58 -13.32 0 -.89 -12.58 0 -1.57
4 15 -14.04 0 -3.42 -13.17 0 -2.75 -13.19 0 -2.31 -14.25 0 -2.48
4 15 -13.17 0 -2.75 -14.04 0 -3.42 -13.41 0 -4.14 -12.88 0 -3.13
4 15 -11.76 0 -3.54 -11.53 0 -4.47 -10.63 0 -4.14 -11.02 0 -3.32
4 15 -10.41 0 -2.9 -11.02 0 -3.32 -10.63 0 -4.14 -9.91 0 -3.5
3 15 -9.91 0 -3.5 -9.9 0 -4.35 -8.95 0 -4.35
3 15 -8.95 0 -4.35 -9.96 0 -1.46 -10.07 0 -2.21
4 15 -11.53 0 -4.47 -11.76 0 -3.54 -12.47 0 -3.43 -12.5 0 -4.47
4 15 -10.41 0 -2.9 -9.91 0 -3.5 -8.95 0 -4.35 -10.07 0 -2.21
3 15 -14.94 0 2.72 -15.95 0 2.72 -17.72 0 -2.37
4 15 -17.89 0 -4.47 -17.72 0 -2.37 -19.87 0 2.86 -20.09 0 .72
4 15 -17.89 0 -4.47 -17.55 0 -4.47 -14.94 0 2.72 -17.72 0 -2.37
4 15 -22.6 0 -4.47 -22.28 0 -4.47 -20.09 0 .72 -22.34 0 -2.42
4 15 -24.15 0 2.71 -25.24 0 2.71 -22.6 0 -4.47 -22.34 0 -2.42
3 15 -26.37 0 -.17 -26.65 0 1.55 -27.5 0 .69
4 15 -26.36 0 -4.34 -26.37 0 -.17 -27.5 0 .69 -27.36 0 -4.34
4 15 -27.5 0 .69 -26.65 0 1.55 -27.28 0 2.44 -27.88 0 1.41
4 15 -27.88 0 1.41 -27.28 0 2.44 -28.48 0 2.87 -28.59 0 1.81
4 15 -30.11 0 1.34 -29.43 0 1.77 -29.58 0 2.72 -30.6 0 2
4 15 -30.6 0 6.53 -31.61 0 6.53 -31.61 0 -4.34 -30.6 0 2
4 15 -30.6 0 2 -31.61 0 -4.34 -30.6 0 -4.35 -30.48 0 .6
3 15 -30.6 0 2 -30.48 0 .6 -30.11 0 1.34
4 15 -28.48 0 2.87 -29.58 0 2.72 -29.43 0 1.77 -28.59 0 1.81
4 15 19.8 0 5.04 18.36 0 5.11 18.76 0 4.67 19.36 0 4.64
4 15 19.8 0 5.04 19.83 0 5.64 19.43 0 6.08 18.36 0 5.11
4 15 -61.64 0 -4.5 -61.6 0 5.22 -62.6 0 5.22 -62.61 0 -1.89
4 15 -62.61 0 -1.89 -67.99 0 5.38 -68.42 0 5.38 -67.42 0 2.73
4 15 -61.64 0 -4.5 -62.61 0 -1.89 -67.42 0 2.73 -62.08 0 -4.5
4 15 -34.68 0 1.42 -34.01 0 .74 -33.31 0 1.3 -33.85 0 2.1
4 15 -36.47 0 1.76 -35.53 0 1.81 -34.66 0 2.62 -35.59 0 2.84
4 15 -37.46 0 2.45 -36.47 0 1.76 -35.59 0 2.84 -36.56 0 2.78
4 15 -36.47 0 1.76 -37.46 0 2.45 -38.23 0 1.87 -37.3 0 1.31
3 15 -38.8 0 1.09 -39.12 0 .18 -37.89 0 .56
4 15 -38.16 0 -.34 -39.23 0 -.78 -39.14 0 -1.74 -38.16 0 -1.29
4 15 -38.16 0 -1.29 -39.14 0 -1.74 -38.83 0 -2.66 -37.88 0 -2.2
4 15 -37.3 0 -2.94 -37.88 0 -2.2 -38.83 0 -2.66 -38.28 0 -3.45
4 15 -36.47 0 -3.39 -37.3 0 -2.94 -38.28 0 -3.45 -37.51 0 -4.04
4 15 -37.51 0 -4.04 -36.61 0 -4.38 -35.65 0 -4.46 -36.47 0 -3.39
4 15 -36.47 0 -3.39 -35.65 0 -4.46 -34.71 0 -4.26 -35.54 0 -3.44
4 15 -34.01 0 -2.39 -34.67 0 -3.06 -33.88 0 -3.77 -33.34 0 -2.97
4 15 -33.88 0 -3.77 -34.67 0 -3.06 -35.54 0 -3.44 -34.71 0 -4.26
4 15 -33.85 0 2.1 -34.66 0 2.62 -35.53 0 1.81 -34.68 0 1.42
4 15 -38.8 0 1.09 -37.89 0 .56 -37.3 0 1.31 -38.23 0 1.87
4 15 -43.76 0 -.85 -42.21 0 -1.58 -40.96 0 -1.28 -41.96 0 -.5
4 15 -40.57 0 -2.12 -40.96 0 -1.28 -42.21 0 -1.58 -41.73 0 -2.01
4 15 -44.52 0 -.21 -43.76 0 -.85 -41.96 0 -.5 -43.47 0 .28
4 15 -41.13 0 -3.87 -40.65 0 -3.06 -40.57 0 -2.12 -41.63 0 -2.66
4 15 -41.97 0 -3.21 -42.59 0 -3.46 -42.84 0 -4.52 -41.92 0 -4.37
4 15 -43.24 0 -3.42 -43.83 0 -3.15 -44.58 0 -3.86 -43.77 0 -4.33
4 15 -42.59 0 -3.46 -43.24 0 -3.42 -43.77 0 -4.33 -42.84 0 -4.52
4 15 -44.64 0 -2.43 -45.25 0 -3.19 -44.58 0 -3.86 -43.83 0 -3.15
3 15 -41.75 0 1.5 -41.19 0 1.09 -40.58 0 1.81
4 15 -42.38 0 1.78 -41.75 0 1.5 -40.58 0 1.81 -41.33 0 2.44
4 15 -44.15 0 2.46 -43.07 0 1.82 -42.25 0 2.82 -43.24 0 2.84
4 15 -43.07 0 1.82 -44.15 0 2.46 -44.76 0 1.67 -43.68 0 1.48
4 15 -44.89 0 .7 -43.87 0 .83 -43.68 0 1.48 -44.76 0 1.67
4 15 -44.89 0 .7 -44.52 0 -.21 -43.47 0 .28 -43.87 0 .83
4 15 -41.33 0 2.44 -42.25 0 2.82 -43.07 0 1.82 -42.38 0 1.78
4 15 -41.92 0 -4.37 -41.13 0 -3.87 -41.63 0 -2.66 -41.97 0 -3.21
4 15 -46.79 0 2.72 -47.8 0 2.71 -47.84 0 -2.32 -46.76 0 -1.3
4 15 -46.76 0 -1.3 -47.84 0 -2.32 -47.07 0 -2.97 -46.84 0 -2.15
4 15 -49.86 0 -4.48 -49.01 0 -4.48 -48.2 0 -4.2 -49.01 0 -3.42
4 15 -49.85 0 -3.42 -50.57 0 -3.02 -51.33 0 -3.68 -50.66 0 -4.2
4 15 -51.33 0 -3.68 -50.57 0 -3.02 -51.02 0 -2.32 -51.79 0 -2.97
4 15 -51.79 0 -2.97 -51.02 0 -2.32 -52.1 0 -1.3 -52.03 0 -2.15
4 15 -52.07 0 2.72 -52.1 0 -1.3 -51.02 0 -2.32 -51.06 0 2.71
4 15 -47.53 0 -3.68 -47.07 0 -2.97 -47.84 0 -2.32 -48.29 0 -3.02
4 15 -47.53 0 -3.68 -48.29 0 -3.02 -49.01 0 -3.42 -48.2 0 -4.2
4 15 -56.56 0 2.88 -55.93 0 1.73 -54.67 0 2.12 -55.54 0 2.68
4 15 -54.06 0 1.29 -54.67 0 2.12 -55.93 0 1.73 -55.29 0 1.31
4 15 -55.93 0 1.73 -56.56 0 2.88 -57.59 0 2.7 -56.69 0 1.84
4 15 -57.45 0 1.66 -58.48 0 2.19 -59.18 0 1.43 -58.08 0 1.23
4 15 -59.63 0 .5 -58.52 0 .6 -58.08 0 1.23 -59.18 0 1.43
4 15 -58.48 0 2.19 -57.45 0 1.66 -56.69 0 1.84 -57.59 0 2.7
4 15 -53.76 0 .31 -54.06 0 1.29 -55.29 0 1.31 -54.9 0 .66
4 15 -53.82 0 -1.12 -53.76 0 .31 -54.9 0 .66 -54.75 0 -.17
4 15 -58.52 0 .6 -59.63 0 .5 -59.82 0 -.51 -58.73 0 -.17
4 15 -58.73 0 -.17 -59.82 0 -.51 -59.77 0 -1.49 -58.78 0 -1.18
4 15 -58.45 0 -2.29 -58.78 0 -1.18 -59.77 0 -1.49 -59.46 0 -2.55
4 15 -59.46 0 -2.55 -58.86 0 -3.48 -57.67 0 -3.13 -58.45 0 -2.29
4 15 -58.86 0 -3.48 -57.99 0 -4.15 -56.93 0 -4.48 -57.67 0 -3.13
4 15 -53.97 0 -3.28 -54.49 0 -2.57 -55.46 0 -3.23 -54.8 0 -4.02
4 15 -54.8 0 -4.02 -55.46 0 -3.23 -56.57 0 -3.47 -55.82 0 -4.44
4 15 -55.82 0 -4.44 -56.57 0 -3.47 -57.67 0 -3.13 -56.93 0 -4.48
3 16 -1.6 0 -4.35 .55 0 -3.86 -.11 0 -3.19
3 16 60.82 0 6.51 64.65 0 2.7 65.68 0 2.88
4 16 63.72 0 .6 67.49 0 -.17 64.79 0 1.66 64.16 0 1.23
4 16 19.83 0 5.64 22.81 0 2.72 23.64 0 2.62 24.58 0 2.87
4 16 44.7 0 -3.32 45.31 0 -2.9 45.65 0 -2.21 43.14 0 -1.57
3 16 13.37 0 1.66 12.74 0 1.23 16.07 0 -.17
4 16 -44.76 0 1.67 -46.79 0 2.72 -46.76 0 -1.3 -44.89 0 .7
3 16 -57.45 0 1.66 -58.08 0 1.23 -54.75 0 -.17
4 16 68.42 0 -1.12 80 0 -10 80 0 10 68.48 0 .31
3 16 68.42 0 -1.12 63.46 0 -1.18 67.74 0 -2.57
4 16 63.79 0 -2.29 66.78 0 -3.23 67.74 0 -2.57 63.46 0 -1.18
4 16 -80 0 -10 -68.39 0 -4.34 -68.42 0 5.38 -80 0 10
4 16 64.57 0 -3.13 65.66 0 -3.47 66.78 0 -3.23 63.79 0 -2.29
4 16 -62.08 0 -4.5 -67.45 0 -4.34 -68.39 0 -4.34 -80 0 -10
3 16 -62.08 0 -4.5 -67.42 0 2.73 -67.45 0 -4.34
3 16 -62.08 0 -4.5 -80 0 -10 -61.64 0 -4.5
4 16 80 0 -10 68.42 0 -1.12 67.74 0 -2.57 68.27 0 -3.28
4 16 -57.99 0 -4.15 -61.64 0 -4.5 -80 0 -10 -56.93 0 -4.48
3 16 -59.77 0 -1.49 -59.82 0 -.51 -61.64 0 -4.5
3 16 80 0 -10 68.27 0 -3.28 67.43 0 -4.02
3 16 -59.46 0 -2.55 -59.77 0 -1.49 -61.64 0 -4.5
3 16 -58.86 0 -3.48 -59.46 0 -2.55 -61.64 0 -4.5
3 16 80 0 -10 67.43 0 -4.02 66.42 0 -4.44
3 16 80 0 -10 66.42 0 -4.44 65.31 0 -4.48
3 16 -57.99 0 -4.15 -58.86 0 -3.48 -61.64 0 -4.5
4 16 64.25 0 -4.15 60.79 0 -4.34 80 0 -10 65.31 0 -4.48
4 16 -56.93 0 -4.48 -80 0 -10 -49.86 0 -4.48 -55.82 0 -4.44
4 16 -57.67 0 -3.13 -56.57 0 -3.47 -55.46 0 -3.23 -58.45 0 -2.29
4 16 -58.45 0 -2.29 -55.46 0 -3.23 -54.49 0 -2.57 -58.78 0 -1.18
3 16 -53.82 0 -1.12 -58.78 0 -1.18 -54.49 0 -2.57
4 16 -52.03 0 -2.15 -52.1 0 -1.3 -53.76 0 .31 -53.82 0 -1.12
3 16 -51.79 0 -2.97 -52.03 0 -2.15 -53.97 0 -3.28
3 16 -51.33 0 -3.68 -51.79 0 -2.97 -53.97 0 -3.28
4 16 -52.03 0 -2.15 -53.82 0 -1.12 -54.49 0 -2.57 -53.97 0 -3.28
4 16 -53.97 0 -3.28 -54.8 0 -4.02 -50.66 0 -4.2 -51.33 0 -3.68
4 16 -54.8 0 -4.02 -55.82 0 -4.44 -49.86 0 -4.48 -50.66 0 -4.2
4 16 80 0 -10 60.79 0 -4.34 59.82 0 -4.34 57.15 0 -4.51
3 16 59.82 0 -4.34 58.41 0 -4.34 57.15 0 -4.51
3 16 62.78 0 -2.55 62.47 0 -1.49 60.79 0 -4.34
3 16 63.38 0 -3.48 62.78 0 -2.55 60.79 0 -4.34
3 16 64.25 0 -4.15 63.38 0 -3.48 60.79 0 -4.34
4 16 -49.86 0 -4.48 -80 0 -10 -42.84 0 -4.52 -49.01 0 -4.48
4 16 -22.6 0 -4.47 -35.65 0 -4.46 -42.84 0 -4.52 -80 0 -10
3 16 80 0 -10 57.15 0 -4.51 50.77 0 -4.52
4 16 50.77 0 -4.52 57.15 0 -4.51 56.31 0 -4.32 51.69 0 -4.37
4 16 -43.76 0 -.85 -46.76 0 -1.3 -46.84 0 -2.15 -44.64 0 -2.43
4 16 -44.64 0 -2.43 -43.83 0 -3.15 -42.21 0 -1.58 -43.76 0 -.85
4 16 -41.73 0 -2.01 -42.21 0 -1.58 -42.59 0 -3.46 -41.97 0 -3.21
3 16 -41.97 0 -3.21 -41.63 0 -2.66 -41.73 0 -2.01
4 16 -43.83 0 -3.15 -43.24 0 -3.42 -42.59 0 -3.46 -42.21 0 -1.58
4 16 -47.07 0 -2.97 -45.25 0 -3.19 -44.64 0 -2.43 -46.84 0 -2.15
4 16 -44.58 0 -3.86 -45.25 0 -3.19 -47.07 0 -2.97 -47.53 0 -3.68
4 16 53.05 0 -2.12 52.96 0 -3.06 55.27 0 -3.01 55.15 0 -2.14
4 16 52.49 0 -3.87 55.63 0 -3.79 55.27 0 -3.01 52.96 0 -3.06
4 16 51.69 0 -4.37 56.31 0 -4.32 55.63 0 -3.79 52.49 0 -3.87
3 16 50.77 0 -4.52 49.85 0 -4.33 46.77 0 -4.35
4 16 -47.53 0 -3.68 -48.2 0 -4.2 -43.77 0 -4.33 -44.58 0 -3.86
3 16 45.82 0 -4.35 45.81 0 -3.5 45.08 0 -4.14
4 16 50.77 0 -4.52 46.77 0 -4.35 45.82 0 -4.35 44.19 0 -4.47
4 16 -48.2 0 -4.2 -49.01 0 -4.48 -42.84 0 -4.52 -43.77 0 -4.33
3 16 45.82 0 -4.35 45.08 0 -4.14 44.19 0 -4.47
4 16 -35.65 0 -4.46 -36.61 0 -4.38 -41.92 0 -4.37 -42.84 0 -4.52
4 16 50.77 0 -4.52 44.19 0 -4.47 43.22 0 -4.47 80 0 -10
4 16 -40.65 0 -3.06 -38.83 0 -2.66 -39.14 0 -1.74 -40.57 0 -2.12
4 16 -38.83 0 -2.66 -40.65 0 -3.06 -41.13 0 -3.87 -38.28 0 -3.45
4 16 41.47 0 -2.48 40.39 0 -2.44 39.66 0 -3.42 41.68 0 -3.42
3 16 42.31 0 -4.14 41.68 0 -3.42 39.66 0 -3.42
4 16 43.22 0 -4.47 42.31 0 -4.14 39.66 0 -3.42 38.64 0 -4.1
3 16 -38.28 0 -3.45 -41.13 0 -3.87 -37.51 0 -4.04
4 16 -36.61 0 -4.38 -37.51 0 -4.04 -41.13 0 -3.87 -41.92 0 -4.37
4 16 38.64 0 -4.1 37.47 0 -4.46 80 0 -10 43.22 0 -4.47
3 16 36.24 0 -4.47 35.07 0 -4.11 27.08 0 -4.34
3 16 80 0 -10 37.47 0 -4.46 36.24 0 -4.47
4 16 26.14 0 -4.34 80 0 -10 36.24 0 -4.47 27.08 0 -4.34
4 16 22.87 0 -4.35 26.14 0 -4.34 25.98 0 .68 22.99 0 .6
4 16 -22.6 0 -4.47 -30.6 0 -4.35 -31.61 0 -4.34 -35.65 0 -4.46
3 16 -34.71 0 -4.26 -35.65 0 -4.46 -31.61 0 -4.34
4 16 25.98 0 .68 25.69 0 1.3 25.21 0 1.71 24.47 0 1.84
4 16 -37.3 0 -2.94 -34.67 0 -3.06 -34.01 0 -2.39 -37.88 0 -2.2
4 16 -34.67 0 -3.06 -37.3 0 -2.94 -36.47 0 -3.39 -35.54 0 -3.44
4 16 -34.01 0 .74 -38.16 0 -1.29 -37.88 0 -2.2 -34.01 0 -2.39
4 16 -37.89 0 .56 -38.16 0 -.34 -38.16 0 -1.29 -34.01 0 .74
4 16 -35.53 0 1.81 -36.47 0 1.76 -37.3 0 1.31 -34.68 0 1.42
4 16 -37.3 0 1.31 -37.89 0 .56 -34.01 0 .74 -34.68 0 1.42
4 16 -31.61 0 6.53 -33.31 0 1.3 -33.34 0 -2.97 -31.61 0 -4.34
4 16 -34.01 0 .74 -34.01 0 -2.39 -33.34 0 -2.97 -33.31 0 1.3
4 16 -30.11 0 1.34 -30.48 0 .6 -27.5 0 .69 -29.43 0 1.77
4 16 -29.43 0 1.77 -27.5 0 .69 -27.88 0 1.41 -28.59 0 1.81
3 16 -31.61 0 -4.34 -33.34 0 -2.97 -33.88 0 -3.77
4 16 -30.6 0 -4.35 -27.36 0 -4.34 -27.5 0 .69 -30.48 0 .6
3 16 -31.61 0 -4.34 -33.88 0 -3.77 -34.71 0 -4.26
4 16 -26.36 0 -4.34 -27.36 0 -4.34 -30.6 0 -4.35 -22.6 0 -4.47
3 16 -22.6 0 -4.47 -80 0 -10 -22.28 0 -4.47
3 16 -17.89 0 -4.47 -20.09 0 .72 -22.28 0 -4.47
3 16 -22.28 0 -4.47 -80 0 -10 -17.89 0 -4.47
3 16 -17.89 0 -4.47 -80 0 -10 -17.55 0 -4.47
4 16 25.98 0 .68 24.47 0 1.84 23.46 0 1.46 22.99 0 .6
3 16 -13.37 0 2.14 -12.5 0 2.66 -14.94 0 2.72
3 16 -13.97 0 1.33 -13.37 0 2.14 -14.94 0 2.72
4 16 21.86 0 2.71 19.67 0 2.69 19.65 0 -4.34 21.86 0 -4.34
4 16 26.14 0 -4.34 22.87 0 -4.35 13.89 0 -4.48 80 0 -10
4 16 15 0 -4.44 13.89 0 -4.48 22.87 0 -4.35 21.86 0 -4.34
4 16 -13.32 0 -.89 -13.97 0 1.33 -14.94 0 2.72 -14 0 -1.55
4 16 -14.25 0 -2.48 -14 0 -1.55 -14.94 0 2.72 -17.55 0 -4.47
4 16 -12.19 0 1.7 -12.82 0 1.32 -13.26 0 .74 -12.39 0 -.58
3 16 21.86 0 -4.34 19.65 0 -4.34 15 0 -4.44
4 16 18.71 0 -4.34 18.7 0 2.72 17.06 0 .31 17 0 -1.12
3 16 19.65 0 -4.34 18.71 0 -4.34 15 0 -4.44
3 16 -10.77 0 1.7 -11.47 0 1.86 -10.27 0 1.18
4 16 -12.19 0 1.7 -12.39 0 -.58 -10.27 0 1.18 -11.47 0 1.86
4 16 -9.97 0 -.51 -10.03 0 .49 -10.27 0 1.18 -12.39 0 -.58
4 16 -13.97 0 1.33 -13.32 0 -.89 -12.39 0 -.58 -13.26 0 .74
3 16 17 0 -1.12 12.04 0 -1.18 16.32 0 -2.57
4 16 16.32 0 -2.57 12.04 0 -1.18 12.37 0 -2.29 15.36 0 -3.23
4 16 13.15 0 -3.13 14.24 0 -3.47 15.36 0 -3.23 12.37 0 -2.29
4 16 16.32 0 -2.57 16.85 0 -3.28 18.71 0 -4.34 17 0 -1.12
3 16 18.71 0 -4.34 16.85 0 -3.28 16.01 0 -4.02
3 16 18.71 0 -4.34 16.01 0 -4.02 15 0 -4.44
3 16 -14.04 0 -3.42 -14.25 0 -2.48 -17.55 0 -4.47
3 16 -13.41 0 -4.14 -14.04 0 -3.42 -17.55 0 -4.47
4 16 12.83 0 -4.15 9.93 0 -4.34 8.67 0 -4.51 13.89 0 -4.48
3 16 80 0 -10 13.89 0 -4.48 8.67 0 -4.51
4 16 -80 0 -10 -12.5 0 -4.47 -13.41 0 -4.14 -17.55 0 -4.47
4 16 -12.5 0 -4.47 -80 0 -10 2.29 0 -4.52 -11.53 0 -4.47
3 16 -9.9 0 -4.35 -9.91 0 -3.5 -10.63 0 -4.14
4 16 4.56 0 -2.12 4.48 0 -3.06 6.79 0 -3.01 6.67 0 -2.14
4 16 6.79 0 -3.01 4.48 0 -3.06 4 0 -3.87 7.15 0 -3.79
3 16 7.83 0 -4.32 7.15 0 -3.79 4 0 -3.87
4 16 8.67 0 -4.51 7.83 0 -4.32 4 0 -3.87 3.21 0 -4.37
3 16 8.67 0 -4.51 3.21 0 -4.37 2.29 0 -4.52
3 16 -9.9 0 -4.35 -10.63 0 -4.14 -11.53 0 -4.47
3 16 -6.84 0 -4.35 -8.95 0 -4.35 -11.53 0 -4.47
3 16 -8.95 0 -4.35 -9.9 0 -4.35 -11.53 0 -4.47
4 16 -2.86 0 1.04 -4.22 0 1.84 -5.2 0 1.5 -5.7 0 .67
3 16 -4.22 0 1.84 -2.86 0 1.04 -3.5 0 1.71
4 16 -80 0 -10 80 0 -10 8.67 0 -4.51 2.29 0 -4.52
3 16 -2.86 0 1.04 -5.7 0 .67 -2.62 0 0
4 16 -6.84 0 -4.35 -11.53 0 -4.47 2.29 0 -4.52 -5.83 0 -4.34
4 16 -5.7 0 .67 -5.83 0 -4.34 -2.61 0 -4.34 -2.62 0 0
4 16 .49 0 -2.43 -1.56 0 -.19 -1.6 0 -4.35 -.11 0 -3.19
4 16 1.37 0 -.85 .61 0 -.21 -1.56 0 -.19 .49 0 -2.43
4 16 -5.83 0 -4.34 2.29 0 -4.52 -1.6 0 -4.35 -2.61 0 -4.34
3 16 1.3 0 -3.15 1.89 0 -3.42 2.92 0 -1.58
4 16 1.89 0 -3.42 2.54 0 -3.46 3.16 0 -3.21 2.92 0 -1.58
4 16 3.5 0 -2.66 3.41 0 -2.01 2.92 0 -1.58 3.16 0 -3.21
4 16 .49 0 -2.43 1.3 0 -3.15 2.92 0 -1.58 1.37 0 -.85
3 16 -1.6 0 -4.35 2.29 0 -4.52 1.36 0 -4.33
3 16 -1.6 0 -4.35 1.36 0 -4.33 .55 0 -3.86
4 16 -31.61 0 6.53 -30.6 0 6.53 80 0 10 -80 0 10
3 16 -80 0 10 -68.42 0 5.38 -67.99 0 5.38
4 16 -47.8 0 2.71 -31.61 0 6.53 -80 0 10 -61.6 0 5.22
3 16 -67.99 0 5.38 -62.61 0 -1.89 -62.6 0 5.22
3 16 59.82 0 6.52 60.82 0 6.51 80 0 10
3 16 18.83 0 6.11 19.43 0 6.08 80 0 10
4 16 19.83 0 5.64 59.82 0 6.52 80 0 10 19.43 0 6.08
4 16 -67.99 0 5.38 -62.6 0 5.22 -61.6 0 5.22 -80 0 10
3 16 -30.6 0 6.53 18.36 0 5.11 18.39 0 5.71
3 16 -30.6 0 6.53 18.39 0 5.71 18.83 0 6.11
3 16 -30.6 0 6.53 18.83 0 6.11 80 0 10
4 16 62.47 0 -1.49 62.42 0 -.51 60.82 0 6.51 60.79 0 -4.34
3 16 60.82 0 6.51 62.42 0 -.51 62.61 0 .5
3 16 68.18 0 1.29 68.48 0 .31 80 0 10
3 16 67.57 0 2.12 68.18 0 1.29 80 0 10
3 16 60.82 0 6.51 62.61 0 .5 63.06 0 1.43
3 16 60.82 0 6.51 63.06 0 1.43 63.75 0 2.19
3 16 67.57 0 2.12 80 0 10 66.7 0 2.68
4 16 65.68 0 2.88 66.7 0 2.68 80 0 10 60.82 0 6.51
3 16 60.82 0 6.51 63.75 0 2.19 64.65 0 2.7
3 16 63.5 0 -.17 67.49 0 -.17 63.72 0 .6
4 16 65.55 0 1.84 64.79 0 1.66 67.49 0 -.17 67.34 0 .66
4 16 65.55 0 1.84 67.34 0 .66 66.94 0 1.31 66.3 0 1.73
4 16 36.2 0 5.33 37.42 0 5.36 59.82 0 6.52 19.83 0 5.64
3 16 36.2 0 5.33 19.83 0 5.64 35.03 0 4.96
3 16 58.41 0 -4.34 59.82 0 -4.34 58.37 0 -3.41
4 16 58.14 0 2.7 58.15 0 1.71 59.82 0 -4.34 59.82 0 6.52
3 16 57.15 0 -3.45 58.37 0 -3.41 56.18 0 -1.96
4 16 56.54 0 -3.2 57.15 0 -3.45 56.18 0 -1.96 56.24 0 -2.62
3 16 58.15 0 1.71 56.19 0 1.71 56.18 0 -1.96
4 16 59.82 0 -4.34 58.15 0 1.71 56.18 0 -1.96 58.37 0 -3.41
4 16 56.18 0 2.72 58.14 0 2.7 59.82 0 6.52 56.18 0 4.58
3 16 55.17 0 4.6 56.18 0 4.58 59.82 0 6.52
3 16 54.13 0 2.71 55.17 0 2.71 55.17 0 4.6
3 16 53.05 0 -2.12 55.15 0 -2.14 52.65 0 -1.28
4 16 55.16 0 1.71 54.11 0 1.71 52.65 0 -1.28 55.15 0 -2.14
4 16 51.66 0 -.5 52.65 0 -1.28 54.11 0 1.71 52.42 0 1.09
4 16 52.42 0 1.09 51.86 0 1.5 50.14 0 .28 51.66 0 -.5
4 16 49.74 0 .83 50.14 0 .28 50.54 0 1.82 49.93 0 1.48
4 16 54.13 0 2.71 53.04 0 1.81 52.42 0 1.09 54.11 0 1.71
4 16 53.04 0 1.81 54.13 0 2.71 55.17 0 4.6 52.28 0 2.44
4 16 51.86 0 1.5 51.23 0 1.78 50.54 0 1.82 50.14 0 .28
3 16 18.76 0 4.67 18.36 0 5.11 18.7 0 2.72
4 16 7.7 0 4.58 18.36 0 5.11 -30.6 0 6.53 6.69 0 4.6
3 16 -30.6 0 6.53 -30.6 0 2 -29.58 0 2.72
3 16 -30.6 0 6.53 -29.58 0 2.72 -28.48 0 2.87
4 16 13.23 0 2.7 14.26 0 2.88 18.36 0 5.11 7.7 0 4.58
4 16 -30.6 0 6.53 -28.48 0 2.87 -27.28 0 2.44 -25.24 0 2.71
3 16 51.37 0 2.82 52.28 0 2.44 55.17 0 4.6
3 16 50.37 0 2.84 51.37 0 2.82 55.17 0 4.6
3 16 -26.37 0 -.17 -26.36 0 -4.34 -22.6 0 -4.47
4 16 -22.6 0 -4.47 -25.24 0 2.71 -26.65 0 1.55 -26.37 0 -.17
3 16 -24.15 0 2.71 -22.34 0 -2.42 -20.23 0 2.88
3 16 -27.28 0 2.44 -26.65 0 1.55 -25.24 0 2.71
4 16 -25.24 0 2.71 -24.15 0 2.71 -20.23 0 2.88 -30.6 0 6.53
3 16 -19.87 0 2.86 -17.72 0 -2.37 -15.95 0 2.72
4 16 -20.23 0 2.88 -19.87 0 2.86 -15.95 0 2.72 -30.6 0 6.53
3 16 -14.94 0 2.72 -12.5 0 2.66 -11.5 0 2.87
4 16 -15.95 0 2.72 -14.94 0 2.72 -11.5 0 2.87 -30.6 0 6.53
4 16 -3.94 0 2.87 6.69 0 4.6 -30.6 0 6.53 -11.5 0 2.87
4 16 -3.94 0 2.87 -11.5 0 2.87 -10.5 0 2.71 -6.85 0 2.72
3 16 -8.99 0 .26 -8.95 0 -4.35 -6.84 0 -4.35
4 16 -6.84 0 -4.35 -6.85 0 2.72 -9.17 0 1.26 -8.99 0 .26
3 16 -5.9 0 2.72 -5.88 0 2.02 -5.01 0 2.66
3 16 -9.65 0 2.15 -9.17 0 1.26 -6.85 0 2.72
3 16 -5.9 0 2.72 -5.01 0 2.66 -3.94 0 2.87
3 16 -10.5 0 2.71 -9.65 0 2.15 -6.85 0 2.72
3 16 -6.85 0 2.72 -5.9 0 2.72 -3.94 0 2.87
4 16 50.37 0 2.84 55.17 0 4.6 44.22 0 2.87 45.22 0 2.71
4 16 51.98 0 -2.66 51.89 0 -2.01 51.4 0 -1.58 51.64 0 -3.21
4 16 50.38 0 -3.42 51.03 0 -3.46 51.64 0 -3.21 51.4 0 -1.58
4 16 49.85 0 -.85 49.78 0 -3.15 50.38 0 -3.42 51.4 0 -1.58
4 16 49.78 0 -3.15 49.85 0 -.85 49.09 0 -.21 48.97 0 -2.43
4 16 48.72 0 .7 46.73 0 .26 48.97 0 -2.43 49.09 0 -.21
3 16 46.77 0 -4.35 49.85 0 -4.33 49.03 0 -3.86
3 16 46.77 0 -4.35 49.03 0 -3.86 48.37 0 -3.19
4 16 48.97 0 -2.43 46.73 0 .26 46.77 0 -4.35 48.37 0 -3.19
4 16 48.86 0 1.67 46.54 0 1.26 46.73 0 .26 48.72 0 .7
4 16 49.47 0 2.46 46.07 0 2.15 46.54 0 1.26 48.86 0 1.67
4 16 50.37 0 2.84 45.22 0 2.71 46.07 0 2.15 49.47 0 2.46
4 16 .61 0 -.21 .24 0 .7 -1.71 0 .89 -1.56 0 -.19
4 16 .24 0 .7 .38 0 1.67 -2.1 0 1.9 -1.71 0 .89
3 16 -2.1 0 1.9 .38 0 1.67 .98 0 2.46
4 16 1.89 0 2.84 -2.88 0 2.64 -2.1 0 1.9 .98 0 2.46
4 16 6.69 0 4.6 -3.94 0 2.87 -2.88 0 2.64 1.89 0 2.84
3 16 1.89 0 2.84 2.88 0 2.82 6.69 0 4.6
4 16 39.61 0 4.32 44.22 0 2.87 55.17 0 4.6 38.6 0 5.02
4 16 40.38 0 3.36 43.22 0 2.66 44.22 0 2.87 39.61 0 4.32
4 16 2.06 0 1.82 1.66 0 .28 3.38 0 1.5 2.75 0 1.78
4 16 3.94 0 1.09 3.38 0 1.5 1.66 0 .28 3.18 0 -.5
4 16 2.06 0 1.82 1.45 0 1.48 1.26 0 .83 1.66 0 .28
3 16 4.17 0 -1.28 4.56 0 -2.12 6.67 0 -2.14
4 16 5.63 0 1.71 3.94 0 1.09 3.18 0 -.5 4.17 0 -1.28
4 16 4.17 0 -1.28 6.67 0 -2.14 6.68 0 1.71 5.63 0 1.71
3 16 5.65 0 2.71 6.69 0 2.71 6.69 0 4.6
4 16 3.94 0 1.09 5.63 0 1.71 5.65 0 2.71 4.56 0 1.81
4 16 6.69 0 4.6 3.8 0 2.44 4.56 0 1.81 5.65 0 2.71
3 16 2.88 0 2.82 3.8 0 2.44 6.69 0 4.6
3 16 18.36 0 5.11 14.26 0 2.88 15.28 0 2.68
4 16 18.7 0 2.72 18.36 0 5.11 15.28 0 2.68 16.15 0 2.12
4 16 7.7 0 2.72 9.66 0 2.7 13.23 0 2.7 7.7 0 4.58
4 16 42.46 0 .74 43.32 0 -.58 43.53 0 1.7 42.9 0 1.32
3 16 44.95 0 1.7 44.25 0 1.86 45.45 0 1.18
4 16 45.45 0 1.18 44.25 0 1.86 43.53 0 1.7 43.32 0 -.58
4 16 45.75 0 -.51 45.69 0 .49 45.45 0 1.18 43.32 0 -.58
4 16 43.32 0 -.58 42.46 0 .74 41.75 0 1.33 42.4 0 -.89
4 16 39.63 0 -1.81 41.72 0 -1.55 42.4 0 -.89 41.75 0 1.33
4 16 41.47 0 -2.48 41.72 0 -1.55 39.63 0 -1.81 40.39 0 -2.44
4 16 37 0 -3.46 38.04 0 -3.21 38.95 0 -2.64 35.93 0 -3.32
4 16 35.93 0 -3.32 38.95 0 -2.64 39.63 0 -1.81 34.97 0 -2.84
3 16 39.63 0 -1.81 41.75 0 1.33 39.65 0 2.68
4 16 33.47 0 .98 33.47 0 -.09 33.71 0 -1.14 39.63 0 -1.81
4 16 34.97 0 -2.84 39.63 0 -1.81 33.71 0 -1.14 34.21 0 -2.09
4 16 33.72 0 2.02 33.47 0 .98 39.63 0 -1.81 39.65 0 2.68
4 16 35.95 0 4.2 34.98 0 3.73 34.22 0 2.97 38.94 0 3.5
4 16 39.65 0 2.68 38.94 0 3.5 34.22 0 2.97 33.72 0 2.02
4 16 38.06 0 4.09 37.01 0 4.33 35.95 0 4.2 38.94 0 3.5
4 16 42.35 0 2.14 40.38 0 3.36 39.65 0 2.68 41.75 0 1.33
3 16 42.35 0 2.14 43.22 0 2.66 40.38 0 3.36
4 16 12.33 0 2.19 9.66 0 2.7 9.67 0 1.71 11.64 0 1.43
3 16 13.23 0 2.7 9.66 0 2.7 12.33 0 2.19
4 16 8.06 0 -3.2 8.66 0 -3.45 7.7 0 -1.96 7.76 0 -2.62
4 16 11.05 0 -1.49 7.7 0 -1.96 8.66 0 -3.45 9.89 0 -3.41
4 16 11.36 0 -2.55 9.89 0 -3.41 9.93 0 -4.34 11.96 0 -3.48
3 16 9.93 0 -4.34 12.83 0 -4.15 11.96 0 -3.48
4 16 7.71 0 1.71 7.7 0 -1.96 11 0 -.51 9.67 0 1.71
3 16 9.89 0 -3.41 11.36 0 -2.55 11.05 0 -1.49
3 16 7.7 0 -1.96 11.05 0 -1.49 11 0 -.51
4 16 55.17 0 4.6 59.82 0 6.52 37.42 0 5.36 38.6 0 5.02
3 16 9.67 0 1.71 11 0 -.51 11.19 0 .5
3 16 9.67 0 1.71 11.19 0 .5 11.64 0 1.43
3 16 35.03 0 4.96 19.83 0 5.64 34 0 4.27
4 16 34 0 4.27 19.83 0 5.64 24.58 0 2.87 25.69 0 2.72
3 16 33.2 0 3.34 34 0 4.27 25.69 0 2.72
4 16 27.07 0 .41 32.41 0 1.04 32.67 0 2.24 26.57 0 2.03
4 16 32.67 0 2.24 33.2 0 3.34 25.69 0 2.72 26.57 0 2.03
3 16 16.15 0 2.12 16.75 0 1.29 18.7 0 2.72
3 16 16.75 0 1.29 17.06 0 .31 18.7 0 2.72
4 16 18.76 0 4.67 18.7 0 2.72 19.67 0 2.69 19.36 0 4.64
4 16 19.36 0 4.64 19.67 0 2.69 21.86 0 2.71 19.8 0 5.04
3 16 22.81 0 2.72 22.82 0 2.02 23.64 0 2.62
4 16 19.83 0 5.64 19.8 0 5.04 21.86 0 2.71 22.81 0 2.72
3 16 27.08 0 -4.34 35.07 0 -4.11 34.04 0 -3.43
3 16 27.08 0 -4.34 34.04 0 -3.43 33.23 0 -2.5
4 16 27.07 0 .41 27.08 0 -4.34 33.23 0 -2.5 32.68 0 -1.39
3 16 27.07 0 .41 32.68 0 -1.39 32.42 0 -.19
3 16 27.07 0 .41 32.42 0 -.19 32.41 0 1.04
3 16 45.65 0 -2.21 45.76 0 -1.46 43.14 0 -1.57
4 16 42.55 0 -2.75 42.84 0 -3.13 42.75 0 -1.9 42.53 0 -2.31
4 16 42.75 0 -1.9 42.84 0 -3.13 43.24 0 -3.43 43.14 0 -1.57
4 16 43.24 0 -3.43 43.96 0 -3.54 44.7 0 -3.32 43.14 0 -1.57
4 16 12.74 0 1.23 12.3 0 .6 12.08 0 -.17 16.07 0 -.17
4 16 15.52 0 1.31 14.88 0 1.73 14.13 0 1.84 15.92 0 .66
4 16 16.07 0 -.17 15.92 0 .66 14.13 0 1.84 13.37 0 1.66
3 16 -10.07 0 -2.21 -9.96 0 -1.46 -12.58 0 -1.57
4 16 -12.47 0 -3.43 -12.58 0 -1.57 -12.97 0 -1.9 -12.88 0 -3.13
4 16 -12.97 0 -1.9 -13.19 0 -2.31 -13.17 0 -2.75 -12.88 0 -3.13
4 16 -12.47 0 -3.43 -11.76 0 -3.54 -11.02 0 -3.32 -12.58 0 -1.57
4 16 -10.07 0 -2.21 -12.58 0 -1.57 -11.02 0 -3.32 -10.41 0 -2.9
4 16 -59.63 0 .5 -61.6 0 5.22 -61.64 0 -4.5 -59.82 0 -.51
3 16 -33.85 0 2.1 -33.31 0 1.3 -31.61 0 6.53
3 16 -34.66 0 2.62 -33.85 0 2.1 -31.61 0 6.53
3 16 -61.6 0 5.22 -59.63 0 .5 -59.18 0 1.43
3 16 -61.6 0 5.22 -59.18 0 1.43 -58.48 0 2.19
3 16 -35.59 0 2.84 -34.66 0 2.62 -31.61 0 6.53
3 16 -36.56 0 2.78 -35.59 0 2.84 -31.61 0 6.53
3 16 -61.6 0 5.22 -58.48 0 2.19 -57.59 0 2.7
3 16 -61.6 0 5.22 -57.59 0 2.7 -56.56 0 2.88
4 16 -37.46 0 2.45 -36.56 0 2.78 -31.61 0 6.53 -42.25 0 2.82
3 16 -42.25 0 2.82 -31.61 0 6.53 -43.24 0 2.84
4 16 -61.6 0 5.22 -56.56 0 2.88 -55.54 0 2.68 -52.07 0 2.72
4 16 -40.57 0 -2.12 -39.14 0 -1.74 -39.23 0 -.78 -40.96 0 -1.28
3 16 -40.96 0 -1.28 -39.23 0 -.78 -39.12 0 .18
4 16 -41.19 0 1.09 -41.75 0 1.5 -43.47 0 .28 -41.96 0 -.5
4 16 -43.87 0 .83 -43.47 0 .28 -43.07 0 1.82 -43.68 0 1.48
4 16 -39.12 0 .18 -41.19 0 1.09 -41.96 0 -.5 -40.96 0 -1.28
4 16 -41.19 0 1.09 -39.12 0 .18 -38.8 0 1.09 -40.58 0 1.81
4 16 -43.07 0 1.82 -43.47 0 .28 -41.75 0 1.5 -42.38 0 1.78
4 16 -52.1 0 -1.3 -52.07 0 2.72 -54.06 0 1.29 -53.76 0 .31
3 16 -54.67 0 2.12 -54.06 0 1.29 -52.07 0 2.72
4 16 -47.8 0 2.71 -51.06 0 2.71 -51.02 0 -2.32 -47.84 0 -2.32
4 16 -47.84 0 -2.32 -51.02 0 -2.32 -50.57 0 -3.02 -48.29 0 -3.02
3 16 -55.54 0 2.68 -54.67 0 2.12 -52.07 0 2.72
4 16 -49.85 0 -3.42 -49.01 0 -3.42 -48.29 0 -3.02 -50.57 0 -3.02
4 16 -47.8 0 2.71 -61.6 0 5.22 -52.07 0 2.72 -51.06 0 2.71
4 16 -38.8 0 1.09 -38.23 0 1.87 -41.33 0 2.44 -40.58 0 1.81
4 16 -38.23 0 1.87 -37.46 0 2.45 -42.25 0 2.82 -41.33 0 2.44
4 16 -47.8 0 2.71 -46.79 0 2.72 -43.24 0 2.84 -31.61 0 6.53
3 16 -44.15 0 2.46 -43.24 0 2.84 -46.79 0 2.72
3 16 -44.76 0 1.67 -44.15 0 2.46 -46.79 0 2.72
3 16 -46.76 0 -1.3 -43.76 0 -.85 -44.52 0 -.21
3 16 -46.76 0 -1.3 -44.52 0 -.21 -44.89 0 .7
4 16 -58.08 0 1.23 -58.52 0 .6 -58.73 0 -.17 -54.75 0 -.17
4 16 -56.69 0 1.84 -57.45 0 1.66 -54.75 0 -.17 -54.9 0 .66
4 16 -56.69 0 1.84 -54.9 0 .66 -55.29 0 1.31 -55.93 0 1.73