0 Sticker  2.4 x  3.8 with White Train Logo (2002-2004) on Green Background and Rivets
0 Name: 4201639e.dat
0 Author: Gerald Lasser [GeraldLasser]
0 !LDRAW_ORG Unofficial_Part
0 !LICENSE Licensed under CC BY 4.0 : see CAreadme.txt

0 BFC CERTIFY CCW

0 !CATEGORY Sticker
0 !KEYWORDS Bricklink 4512stk01, Brickowl 643716, Cargo Train, Rebrickable 47044
0 !KEYWORDS Set 4512, World City

1 16 0 -.25 0 38 0 0 0 .25 0 0 0 24 box5-12.dat

4 16 12 -.25 18.5 12 -.25 16 26 -.25 16 26 -.25 18.5
4 16 26 -.25 13.5 26 -.25 16 12 -.25 16 12 -.25 13.5
4 16 7 -.25 16 -7 -.25 16 -7 -.25 13.5 7 -.25 13.5
4 16 -7 -.25 16 7 -.25 16 7 -.25 18.5 -7 -.25 18.5
4 16 -12 -.25 13.5 -12 -.25 16 -26 -.25 16 -26 -.25 13.5
4 16 -12 -.25 16 -12 -.25 18.5 -26 -.25 18.5 -26 -.25 16
4 16 -38 -.25 12 38 -.25 12 7 -.25 13.5 -7 -.25 13.5
3 16 12 -.25 13.5 7 -.25 13.5 38 -.25 12
3 16 -7 -.25 13.5 -12 -.25 13.5 -38 -.25 12
3 16 31 -.25 13.5 26 -.25 13.5 38 -.25 12
3 16 -26 -.25 13.5 -31 -.25 13.5 -38 -.25 12
3 16 26 -.25 13.5 12 -.25 13.5 38 -.25 12
3 16 -12 -.25 13.5 -26 -.25 13.5 -38 -.25 12
4 16 -7 -.25 -13.5 7 -.25 -13.5 38 -.25 -12 -38 -.25 -12
4 16 12 -.25 -16 12 -.25 -18.5 26 -.25 -18.5 26 -.25 -16
4 16 26 -.25 -16 26 -.25 -13.5 12 -.25 -13.5 12 -.25 -16
4 16 7 -.25 -18.5 7 -.25 -16 -7 -.25 -16 -7 -.25 -18.5
4 16 7 -.25 -16 7 -.25 -13.5 -7 -.25 -13.5 -7 -.25 -16
3 16 -38 -.25 -12 -12 -.25 -13.5 -7 -.25 -13.5
3 16 38 -.25 -12 7 -.25 -13.5 12 -.25 -13.5
3 16 -38 -.25 -12 -26 -.25 -13.5 -12 -.25 -13.5
3 16 38 -.25 -12 12 -.25 -13.5 26 -.25 -13.5
3 16 -38 -.25 -12 -31 -.25 -13.5 -26 -.25 -13.5
3 16 38 -.25 -12 26 -.25 -13.5 31 -.25 -13.5
4 16 -38 -.25 -24 38 -.25 -24 7 -.25 -18.5 -7 -.25 -18.5
3 16 12 -.25 -18.5 7 -.25 -18.5 38 -.25 -24
3 16 -7 -.25 -18.5 -12 -.25 -18.5 -38 -.25 -24
3 16 31 -.25 -18.5 26 -.25 -18.5 38 -.25 -24
3 16 -26 -.25 -18.5 -31 -.25 -18.5 -38 -.25 -24
3 16 26 -.25 -18.5 12 -.25 -18.5 38 -.25 -24
3 16 -31 -.25 16 -38 -.25 12 -31 -.25 13.5
4 16 -38 -.25 24 -38 -.25 12 -31 -.25 16 -31 -.25 18.5
3 16 -38 -.25 24 -31 -.25 18.5 -26 -.25 18.5
3 16 -38 -.25 24 -26 -.25 18.5 -12 -.25 18.5
3 16 -38 -.25 24 -12 -.25 18.5 -7 -.25 18.5
4 16 38 -.25 24 -38 -.25 24 -7 -.25 18.5 7 -.25 18.5
3 16 38 -.25 24 7 -.25 18.5 12 -.25 18.5
3 16 38 -.25 24 12 -.25 18.5 26 -.25 18.5
3 16 38 -.25 24 26 -.25 18.5 31 -.25 18.5
4 16 31 -.25 18.5 31 -.25 16 38 -.25 12 38 -.25 24
3 16 31 -.25 16 31 -.25 13.5 38 -.25 12
4 16 38 -.25 -24 38 -.25 -12 31 -.25 -13.5 31 -.25 -16
3 16 38 -.25 -24 31 -.25 -16 31 -.25 -18.5
4 16 -26 -.25 -13.5 -26 -.25 -16 -12 -.25 -16 -12 -.25 -13.5
4 16 -26 -.25 -18.5 -12 -.25 -18.5 -12 -.25 -16 -26 -.25 -16
3 16 -31 -.25 -13.5 -38 -.25 -12 -31 -.25 -16
4 16 -38 -.25 -24 -31 -.25 -18.5 -31 -.25 -16 -38 -.25 -12
3 16 -12 -.25 -18.5 -26 -.25 -18.5 -38 -.25 -24

0 BFC NOCLIP
1 16 -9.5 -.25 16 0 0 .25 0 1 0 -.25 0 0 s\4201639s03.dat
1 16 -28.5 -.25 16 0 0 .25 0 1 0 -.25 0 0 s\4201639s03.dat
1 16 9.5 -.25 16 0 0 .25 0 1 0 -.25 0 0 s\4201639s03.dat
1 16 28.5 -.25 16 0 0 .25 0 1 0 -.25 0 0 s\4201639s03.dat
1 16 -9.5 -.25 -16 0 0 .25 0 1 0 -.25 0 0 s\4201639s03.dat
1 16 -28.5 -.25 -16 0 0 .25 0 1 0 -.25 0 0 s\4201639s03.dat
1 16 9.5 -.25 -16 0 0 .25 0 1 0 -.25 0 0 s\4201639s03.dat
1 16 28.5 -.25 -16 0 0 .25 0 1 0 -.25 0 0 s\4201639s03.dat
1 2 0 -.25 0 2 0 0 0 0 1 0 2 0 s\4201639s02a.dat
1 15 0 -.25 0 2 0 0 0 0 1 0 2 0 s\4201639s02b.dat
4 2 -38 -.25 12 8 -.25 8 20 -.25 8 38 -.25 12
3 2 0 -.25 8 8 -.25 8 -38 -.25 12
3 2 -8 -.25 8 0 -.25 8 -38 -.25 12
3 2 -20 -.25 8 -8 -.25 8 -38 -.25 12
4 2 38 -.25 -12 -8 -.25 -8 -20 -.25 -8 -38 -.25 -12
3 2 0 -.25 -8 -8 -.25 -8 38 -.25 -12
3 2 8 -.25 -8 0 -.25 -8 38 -.25 -12
3 2 20 -.25 -8 8 -.25 -8 38 -.25 -12
3 2 -20 -.25 0 -20 -.25 8 -38 -.25 12
4 2 -38 -.25 12 -38 -.25 -12 -20 -.25 -8 -20 -.25 0
4 2 38 -.25 12 20 -.25 0 20 -.25 -8 38 -.25 -12
3 2 20 -.25 8 20 -.25 0 38 -.25 12
