0 Maxifig Tool Oar with Axle Shaped Handle
0 Name: 457a.dat
0 Author: Steffen [Steffen]
0 !LDRAW_ORG Unofficial_Part
0 !LICENSE Licensed under CC BY 4.0 : see CAreadme.txt

0 BFC CERTIFY CCW

0 !CATEGORY Homemaker
0 !KEYWORDS Accessory, Bat, boat, BrickLink hm001, Brickowl 151861, indians
0 !KEYWORDS Paddle, racket, Rebrickable 457, Tennis

0 !HISTORY 2007-08-11 [mikeheide] Fixed triangle added missing lines
0 !HISTORY 2009-12-29 [PTadmin] Official Update 2009-03
0 !HISTORY 2025-12-21 [MagFors] Inlined scaled axle primitives
0 !HISTORY 2025-12-21 [MagFors] Moved from 457

1 16 -30 -1.33 0 -30 0 0 0 1 0 0 0 20 7-16chrd.dat
1 16 -30 -1.33 0 -30 0 0 0 1 0 0 0 -20 7-16chrd.dat
1 16 -30 1.33 0 -30 0 0 0 -1 0 0 0 20 7-16chrd.dat
1 16 -30 1.33 0 -30 0 0 0 -1 0 0 0 -20 7-16chrd.dat
1 16 -30 -1.33 0 -30 0 0 0 2.667 0 0 0 20 7-16cylo.dat
1 16 -30 -1.33 0 -30 0 0 0 2.667 0 0 0 -20 7-16cylo.dat

2 24 59 1.33 -1.33 -5 1.33 -1.33
2 24 59 3.73 -1.33 19 3.73 -1.33
4 16 59 1.33 -1.33 -5 1.33 -1.33 19 3.73 -1.33 59 3.73 -1.33
2 24 59 1.33 -3.73 3 1.33 -3.73
4 16 59 1.33 -3.73 3 1.33 -3.73 -5 1.33 -1.33 59 1.33 -1.33
2 24 59 1.33 1.33 -5 1.33 1.33
2 24 59 3.73 1.33 19 3.73 1.33
4 16 59 1.33 1.33 59 3.73 1.33 19 3.73 1.33 -5 1.33 1.33
2 24 59 1.33 3.73 3 1.33 3.73
4 16 3 1.33 3.73 59 1.33 3.73 59 1.33 1.33 -5 1.33 1.33
2 24 59 -1.33 1.33 -5 -1.33 1.33
2 24 59 -3.73 1.33 19 -3.73 1.33
4 16 59 -1.33 1.33 -5 -1.33 1.33 19 -3.73 1.33 59 -3.73 1.33
2 24 59 -1.33 3.73 3 -1.33 3.73
4 16 59 -1.33 3.73 3 -1.33 3.73 -5 -1.33 1.33 59 -1.33 1.33
2 24 59 -1.33 -1.33 -5 -1.33 -1.33
2 24 59 -3.73 -1.33 19 -3.73 -1.33
4 16 59 -1.33 -1.33 59 -3.73 -1.33 19 -3.73 -1.33 -5 -1.33 -1.33
2 24 59 -1.33 -3.73 3 -1.33 -3.73
4 16 3 -1.33 -3.73 59 -1.33 -3.73 59 -1.33 -1.33 -5 -1.33 -1.33
4 16 3 1.33 -3.73 59 1.33 -3.73 59 0 -4 1.7 0 -4
4 16 19 3.73 -1.33 19 4 0 59 4 0 59 3.73 -1.33
4 16 19 3.73 1.33 59 3.73 1.33 59 4 0 19 4 0
4 16 59 1.33 3.73 3 1.33 3.73 1.7 0 4 59 0 4
4 16 59 0 4 1.7 0 4 3 -1.33 3.73 59 -1.33 3.73
4 16 19 -3.73 -1.33 59 -3.73 -1.33 59 -4 0 19 -4 0
4 16 19 -3.73 1.33 19 -4 0 59 -4 0 59 -3.73 1.33
4 16 59 -1.33 -3.73 3 -1.33 -3.73 1.7 0 -4 59 0 -4
5 24 59 4 0 19 4 0 59 3.73 1.33 59 3.73 -1.33
5 24 59 0 4 1.7 0 4 59 -1.33 3.73 59 1.33 3.73
5 24 59 -4 0 19 -4 0 59 -3.73 1.33 59 -3.73 -1.33
5 24 59 0 -4 1.7 0 -4 59 1.33 -3.73 59 -1.33 -3.73

0 // axle end
2 24 59 1.33 -3.73 59 1.33 -1.33
2 24 59 1.33 -1.33 59 3.73 -1.33
2 24 59 1.33 3.73 59 1.33 1.33
2 24 59 1.33 1.33 59 3.73 1.33
2 24 59 -1.33 -3.73 59 -1.33 -1.33
2 24 59 -1.33 -1.33 59 -3.73 -1.33
2 24 59 -1.33 3.73 59 -1.33 1.33
2 24 59 -1.33 1.33 59 -3.73 1.33
2 24 59 0 -4 59 1.33 -3.73
2 24 59 3.73 -1.33 59 4 0
2 24 59 0 4 59 1.33 3.73
2 24 59 3.73 1.33 59 4 0
2 24 59 0 -4 59 -1.33 -3.73
2 24 59 -3.73 -1.33 59 -4 0
2 24 59 0 4 59 -1.33 3.73
2 24 59 -3.73 1.33 59 -4 0
4 16 59 0 4 59 0 0 59 1.33 1.33 59 1.33 3.73
4 16 59 0 -4 59 1.33 -3.73 59 1.33 -1.33 59 0 0
4 16 59 0 4 59 -1.33 3.73 59 -1.33 1.33 59 0 0
4 16 59 0 -4 59 0 0 59 -1.33 -1.33 59 -1.33 -3.73
4 16 59 4 0 59 3.73 1.33 59 1.33 1.33 59 0 0
4 16 59 4 0 59 0 0 59 1.33 -1.33 59 3.73 -1.33
4 16 59 -4 0 59 0 0 59 -1.33 1.33 59 -3.73 1.33
4 16 59 -4 0 59 -3.73 -1.33 59 -1.33 -1.33 59 0 0

0 // slope
2 24 19 3.73 -1.33 -5 1.33 -1.33
2 24 19 3.73 1.33 -5 1.33 1.33
2 24 19 -3.73 -1.33 -5 -1.33 -1.33
2 24 19 -3.73 1.33 -5 -1.33 1.33
3 16 19 -3.73 1.33 -5 -1.33 1.33 19 -4 0
3 16 19 -4 0 -5 -1.33 -1.33 19 -3.73 -1.33
3 16 -5 -1.33 1.33 -5 -1.33 -1.33 19 -4 0
3 16 19 3.73 -1.33 -5 1.33 -1.33 19 4 0
3 16 19 4 0 -5 1.33 1.33 19 3.73 1.33
3 16 -5 1.33 -1.33 -5 1.33 1.33 19 4 0
5 24 19 4 0 -5 1.33 1.33 19 3.73 1.33 -5 1.33 -1.33
5 24 -5 -1.33 1.33 19 -4 0 -5 -1.33 -1.33 19 -3.73 1.33
5 24 19 -4 0 19 -3.73 1.33 59 -4 0 -5 -1.33 1.33
5 24 19 -4 0 -5 -1.33 -1.33 19 -3.73 -1.33 -5 -1.33 1.33
5 24 19 -3.73 -1.33 19 -4 0 59 -3.73 -1.33 -5 -1.33 -1.33
2 24 -5 -1.33 1.33 -5 -1.33 -1.33
5 24 -5 1.33 -1.33 19 4 0 -5 1.33 1.33 19 3.73 -1.33
5 24 19 4 0 19 3.73 -1.33 59 4 0 -5 1.33 -1.33
5 24 19 3.73 1.33 19 4 0 59 3.73 1.33 -5 1.33 1.33
2 24 -5 1.33 -1.33 -5 1.33 1.33

0 // reworked
2 24 -1.03 -1.33 5.55 -2.283 -1.33 7.654
2 24 .82 -1.33 4.18 -1.03 -1.33 5.55
2 24 3 -1.33 3.73 .82 -1.33 4.18
2 24 -1.03 -1.33 -5.55 -2.283 -1.33 -7.654
2 24 .82 -1.33 -4.18 -1.03 -1.33 -5.55
2 24 3 -1.33 -3.73 .82 -1.33 -4.18
2 24 1.7 0 4 3 1.33 3.73
2 24 3 -1.33 3.73 1.7 0 4
2 24 1.7 0 -4 3 1.33 -3.73
2 24 3 -1.33 -3.73 1.7 0 -4
2 24 -1.03 1.33 5.55 -2.283 1.33 7.654
2 24 .82 1.33 4.18 -1.03 1.33 5.55
2 24 3 1.33 3.73 .82 1.33 4.18
2 24 -1.03 1.33 -5.55 -2.283 1.33 -7.654
2 24 .82 1.33 -4.18 -1.03 1.33 -5.55
2 24 3 1.33 -3.73 .82 1.33 -4.18
3 16 .82 1.33 4.18 3 1.33 3.73 -5 1.33 1.33
3 16 -1.03 1.33 5.55 .82 1.33 4.18 -5 1.33 1.33
4 16 -5 1.33 1.33 -60 1.33 0 -2.283 1.33 7.654 -1.03 1.33 5.55
3 16 -5 1.33 -1.33 .82 1.33 -4.18 -1.03 1.33 -5.55
4 16 -60 1.33 0 -5 1.33 -1.33 -1.03 1.33 -5.55 -2.283 1.33 -7.654
3 16 3 1.33 -3.73 .82 1.33 -4.18 -5 1.33 -1.33
4 16 -5 -1.33 1.33 -1.03 -1.33 5.55 -2.283 -1.33 7.654 -60 -1.33 0
3 16 -5 -1.33 1.33 3 -1.33 3.73 .82 -1.33 4.18
3 16 -5 -1.33 1.33 .82 -1.33 4.18 -1.03 -1.33 5.55
4 16 -1.03 -1.33 -5.55 -5 -1.33 -1.33 -60 -1.33 0 -2.283 -1.33 -7.654
3 16 .82 -1.33 -4.18 3 -1.33 -3.73 -5 -1.33 -1.33
3 16 -1.03 -1.33 -5.55 .82 -1.33 -4.18 -5 -1.33 -1.33
3 16 -5 -1.33 1.33 -60 -1.33 0 -5 -1.33 -1.33
3 16 -5 1.33 -1.33 -60 1.33 0 -5 1.33 1.33
3 16 .82 -1.33 4.18 3 -1.33 3.73 1.7 0 4
3 16 .82 -1.33 4.18 1.7 0 4 .82 1.33 4.18
4 16 -2.283 -1.33 7.654 -1.03 -1.33 5.55 -1.03 1.33 5.55 -2.283 1.33 7.654
4 16 -1.03 -1.33 5.55 .82 -1.33 4.18 .82 1.33 4.18 -1.03 1.33 5.55
3 16 3 1.33 3.73 .82 1.33 4.18 1.7 0 4
3 16 .82 1.33 -4.18 3 1.33 -3.73 1.7 0 -4
3 16 .82 1.33 -4.18 1.7 0 -4 .82 -1.33 -4.18
4 16 -1.03 -1.33 -5.55 -1.03 1.33 -5.55 .82 1.33 -4.18 .82 -1.33 -4.18
4 16 -1.03 1.33 -5.55 -1.03 -1.33 -5.55 -2.283 -1.33 -7.654 -2.283 1.33 -7.654
3 16 3 -1.33 -3.73 .82 -1.33 -4.18 1.7 0 -4
5 24 -1.03 -1.33 5.55 -1.03 1.33 5.55 -2.283 -1.33 7.654 .82 -1.33 4.18
5 24 .82 -1.33 4.18 .82 1.33 4.18 -1.03 -1.33 5.55 1.7 0 4
5 24 -2.283 -1.33 7.654 -2.283 1.33 7.654 -1.03 -1.33 5.55 -8.787 -1.33 14.142
5 24 -1.03 1.33 -5.55 -1.03 -1.33 -5.55 -2.283 -1.33 -7.654 .82 -1.33 -4.18
5 24 .82 1.33 -4.18 .82 -1.33 -4.18 -1.03 -1.33 -5.55 1.7 0 -4
5 24 -2.283 1.33 -7.654 -2.283 -1.33 -7.654 -1.03 -1.33 -5.55 -8.787 -1.33 -14.142