0 Brick  1 x  4 x  3 with Silver "40" and "RETURN OF THE JEDI" and Darth Vader Helmet and Red Stripes Pattern
0 Name: 49311ps2.dat
0 Author: Gabriel Läufer [Dr.Bricktacular]
0 !LDRAW_ORG Unofficial_Part
0 !LICENSE Licensed under CC BY 4.0 : see CAreadme.txt

0 BFC CERTIFY CCW

0 !CATEGORY Brick
0 !KEYWORDS Bricklink 49311pb033, BrickOwl 995018, Brickset 104181
0 !KEYWORDS Death Star II, Diorama Collection, Emperor's Throne Room Diorama
0 !KEYWORDS Endor Speeder Chase Diorama, Executor Super Star Destroyer
0 !KEYWORDS Rebrickable 49311pr0013, Set 40591, Set 75352, Set 75353, Set 75356
0 !KEYWORDS Star Wars, Star Wars Episode 4/5/6, Starship Collection

0 // Pattern Basepart
1 16 0 0 0 1 0 0 0 1 0 0 0 1 s\49311s01.dat

0 // Pattern
4 4 -17.8 51.7 -10 -18.4 50.8 -10 -19.3 50.3 -10 -27.3 51.7 -10
4 4 -13.6 25.2 -10 -27.3 25.2 -10 -27.3 25.7 -10 -13.6 25.7 -10
4 4 27.3 25.2 -10 14.1 25.2 -10 14.3 25.7 -10 27.3 25.7 -10
4 4 27.3 30 -10 16.7 30 -10 17.3 30.6 -10 27.3 30.6 -10
4 4 -27.3 35.4 -10 -13.5 35.4 -10 -13.4 34.4 -10 -27.3 34.4 -10
4 4 18.4 34.4 -10 18.2 35.4 -10 27.3 35.4 -10 27.3 34.4 -10
4 4 -27.3 30.6 -10 -13.5 30.6 -10 -13.5 30 -10 -27.3 30 -10
4 4 -19.8 49.3 -10 -19.4 48.3 -10 -27.3 48.1 -10 -27.3 51.7 -10
4 4 17.6 39.2 -10 27.3 39.4 -10 27.3 38.2 -10 17.7 38.2 -10
4 4 27.3 43.3 -10 27.3 41.5 -10 17.4 41.5 -10 17.4 43.4 -10
4 4 -15.2 39.3 -10 -14.7 38.2 -10 -27.3 38.2 -10 -27.3 39.4 -10
4 4 -17.1 43.3 -10 -16.2 41.5 -10 -27.3 41.5 -10 -27.3 43.3 -10
4 4 -27.3 45 -10 -27.3 47.2 -10 -18.8 47.2 -10 -18 45 -10
4 4 27.3 45.5 -10 18.8 45.5 -10 18.9 46.3 -10 27.3 47.7 -10
3 4 18.9 46.3 -10 18.6 46.9 -10 27.3 47.7 -10
4 4 11.9 51.7 -10 27.3 51.7 -10 27.3 48.5 -10 11.5 48.5 -10
4 4 16.3 46.4 -10 15.2 46.6 -10 13.4 47.7 -10 18.6 46.9 -10
3 4 18.6 46.9 -10 13.4 47.7 -10 27.3 47.7 -10
3 4 11.5 48.5 -10 8.6 50.4 -10 11.9 51.7 -10
3 4 -19.8 49.3 -10 -27.3 51.7 -10 -19.8 49.7 -10
3 4 -19.8 49.7 -10 -27.3 51.7 -10 -19.3 50.3 -10
3 4 -18.4 50.8 -10 -17.8 51.7 -10 -17.2 51.3 -10
3 16 -6.8 57.5 -10 -5.5 58.2 -10 -4.7 57.5 -10
3 16 -4.7 57.5 -10 -5.5 58.2 -10 -2.9 57.5 -10
3 16 -19 59.6335 -10 -27.9 67.4 -10 -19 60.4606 -10
3 16 -19 60.4606 -10 -27.9 67.4 -10 -19 61.8 -10
3 16 -19 61.8 -10 -27.9 67.4 -10 -19 62.3 -10
3 16 40 0 -10 26.5 .8 -10 27.7 1.2 -10
4 16 26.5 .8 -10 40 0 -10 -40 0 -10 -26.6 .8 -10
3 16 40 0 -10 27.7 1.2 -10 28.8 1.9 -10
3 16 40 0 -10 28.8 1.9 -10 29.5 2.7 -10
3 16 40 0 -10 29.5 2.7 -10 30 3.6 -10
3 16 40 0 -10 30 3.6 -10 30.3 4.7 -10
4 16 30.3 4.7 -10 30.3 67.3 -10 40 72 -10 40 0 -10
3 16 30.3 67.3 -10 30 68.4 -10 40 72 -10
3 16 30 68.4 -10 29.5 69.3 -10 40 72 -10
3 16 29.5 69.3 -10 28.8 70.1 -10 40 72 -10
3 16 28.8 70.1 -10 27.6 70.9 -10 40 72 -10
3 16 27.6 70.9 -10 26.3 71.1 -10 40 72 -10
4 16 26.3 71.1 -10 -26.9 71.1 -10 -40 72 -10 40 72 -10
3 16 26.3 3 -10 10.1011 4.9049 -10 11.82 5.1642 -10
3 16 -28.4 70.4 -10 -40 72 -10 -26.9 71.1 -10
3 16 -29.3 69.6 -10 -40 72 -10 -28.4 70.4 -10
3 16 -29.9 68.6 -10 -40 72 -10 -29.3 69.6 -10
3 16 -30.3 67.4 -10 -40 72 -10 -29.9 68.6 -10
4 16 -40 72 -10 -30.3 67.4 -10 -30.3 4.7 -10 -40 0 -10
3 16 -40 0 -10 -30.3 4.7 -10 -30 3.6 -10
3 16 -40 0 -10 -30 3.6 -10 -29.5 2.7 -10
3 16 -40 0 -10 -29.5 2.7 -10 -28.8 1.9 -10
3 16 -40 0 -10 -28.8 1.9 -10 -27.7 1.2 -10
3 16 -40 0 -10 -27.7 1.2 -10 -26.6 .8 -10
4 16 27.6 4 -10 27.1 3.5 -10 26.3 3 -10 28 4.8 -10
4 16 27.1 68.5 -10 27.6 68 -10 28 67.2 -10 26.3 68.9 -10
4 16 -26.5 3.2 -10 -27.4 3.8 -10 -28 4.8 -10 -25.7 3 -10
4 16 18.2069 9.9039 -10 28 4.8 -10 26.3 3 -10 17.4 8.3 -10
3 16 26.3 3 -10 11.82 5.1642 -10 13.4934 5.6345 -10
3 16 26.3 3 -10 13.4934 5.6345 -10 15.1 6.3 -10
3 16 26.3 3 -10 15.1 6.3 -10 16.3 7.1 -10
3 16 26.3 3 -10 16.3 7.1 -10 17.4 8.3 -10
4 16 28 4.8 -10 18.7056 13.4364 -10 18.3669 15.1988 -10 27.3 25.2 -10
3 16 28 4.8 -10 18.2069 9.9039 -10 18.6514 11.6426 -10
4 16 27.3 35.4 -10 28 67.2 -10 28 4.8 -10 27.3 34.4 -10
3 16 28 4.8 -10 18.6514 11.6426 -10 18.7056 13.4364 -10
3 16 18.3669 15.1988 -10 17.6517 16.8448 -10 27.3 25.2 -10
4 16 27.3 25.2 -10 17.6517 16.8448 -10 16.6 18.3 -10 14.1 25.2 -10
4 16 11.8 21.8 -10 12.7 23.5 -10 14 20 -10 12.0208 20.5404 -10
4 16 5 12.9 -10 7 16.5 -10 8.2792 16.9049 -10 12.7 13.1 -10
4 16 10.1345 9.0251 -10 5.2 11.5 -10 5 12.9 -10 12.5 11.5 -10
4 16 2.1 19.2 -10 1.2 20.1 -10 2.4 20.8 -10 4.2 20.2 -10
4 16 7.2 22 -10 7.9372 20.8429 -10 5.9 20.6 -10 5.1 21.7 -10
4 16 2.1 19.2 -10 .8 18.1 -10 .3 19.3 -10 1.2 20.1 -10
4 16 -18.7 14.4 -10 -10 5.4 -10 -25.7 3 -10 -28 4.8 -10
3 16 -7.6 18.1 -10 -9.3 19.3 -10 -8.9 19.4 -10
4 16 -18.7 18.1 -10 -27.3 25.2 -10 -13.6 25.2 -10 -12.7 23.7 -10
4 16 -25.7 3 -10 -10 5.4 -10 -2 5.4 -10 8.3633 4.8607 -10
3 16 8.3633 4.8607 -10 -2 5.4 -10 6.6335 5.0323 -10
4 16 -.9 12 -10 -2 5.4 -10 -2 14.4 -10 -.8 14.4 -10
4 16 5.2 14.2 -10 5.7 15.3 -10 6.2 15.9 -10 7 16.5 -10
3 16 -2 5.4 -10 -.9 12 -10 -.5401 10.1088 -10
3 16 -2 5.4 -10 -.5401 10.1088 -10 .3317 8.3922 -10
3 16 -2 5.4 -10 .3317 8.3922 -10 1.6462 6.9855 -10
3 16 -2 5.4 -10 1.6462 6.9855 -10 3.3 6 -10
3 16 -2 5.4 -10 3.3 6 -10 4.9383 5.417 -10
3 16 6.6335 5.0323 -10 -2 5.4 -10 4.9383 5.417 -10
4 16 8.3633 4.8607 -10 10.1011 4.9049 -10 26.3 3 -10 -25.7 3 -10
4 16 12 10.4 -10 11.3 9.6 -10 10.1345 9.0251 -10 12.5 11.5 -10
3 16 12.5 11.5 -10 5 12.9 -10 12.7 13.1 -10
4 16 12 15.5 -10 12.5 14.4 -10 9.6209 16.9049 -10 10.9 16.5 -10
4 16 8.2792 16.9049 -10 9.6209 16.9049 -10 12.5 14.4 -10 12.7 13.1 -10
3 16 5 12.9 -10 5.2 14.2 -10 7 16.5 -10
4 16 5.7 10.4 -10 5.2 11.5 -10 7.5655 9.0251 -10 6.4 9.6 -10
4 16 8.85 8.8274 -10 7.5655 9.0251 -10 5.2 11.5 -10 10.1345 9.0251 -10
3 16 -7.6 9.1 -10 -13 14.4 -10 -7.6 14.4 -10
4 16 -7.6 20.4 -10 -7.6 18.1 -10 -8.9 19.4 -10 -8.8 19.9 -10
4 16 -7.6 20.4 -10 -8.8 19.9 -10 -10.2 21 -10 -5.2 23.3 -10
4 16 -5.2 23.3 -10 -10.2 21 -10 -10.9 21.8 -10 -11.4 22.8 -10
3 16 -28 4.8 -10 -27.3 34.4 -10 -27.3 30.6 -10
4 16 .8 25.2 -10 1.7 22.8 -10 .4 22.5 -10 -1.8 22.5 -10
4 16 -17.2 51.3 -10 -16 44.3 -10 -18.7 49.9 -10 -18.4 50.8 -10
4 16 -27.9 67.4 -10 -27.3 38.2 -10 -27.3 35.4 -10 -28 4.8 -10
3 16 -28 4.8 -10 -27.3 30 -10 -27.3 25.7 -10
3 16 -27.3 39.4 -10 -27.9 67.4 -10 -27.3 41.5 -10
4 16 -13.5 35.4 -10 -27.3 35.4 -10 -14.7 38.2 -10 -12.9 35.6 -10
4 16 -13.6 25.2 -10 -13.6 25.7 -10 -12.9 25.6 -10 -12.7 23.7 -10
3 16 -18.7 18.1 -10 -12.7 23.7 -10 -12.3 22.3 -10
3 16 -18.7 18.1 -10 -12.3 22.3 -10 -11.7 21.1 -10
3 16 -18.7 18.1 -10 -11.7 21.1 -10 -10.7 20 -10
4 16 -10 19.6 -10 -7.6 18.1 -10 -18.7 18.1 -10 -10.7 20 -10
3 16 -7.6 18.1 -10 -10 19.6 -10 -9.3 19.3 -10
4 16 5.1 21.7 -10 5.9 20.6 -10 4.2 20.2 -10 4 21.4 -10
3 16 4.2 20.2 -10 2.4 20.8 -10 4 21.4 -10
4 16 7.9372 20.8429 -10 7.2 22 -10 7.5 22.2 -10 8.4 22 -10
4 16 11.8 21.8 -10 12.0208 20.5404 -10 9.9887 20.8228 -10 11.1 22 -10
4 16 9.2 25.9 -10 8.9 25.9 -10 8.4 26.4 -10 10.2 27.1 -10
4 16 14 29.3 -10 13.8 28.9 -10 12.6 27.2 -10 13 29 -10
4 16 2.1 25.2 -10 3.6 25.1 -10 3.4 23.9 -10 2.7 23.3 -10
4 16 10.2 27.1 -10 8.4 26.4 -10 9.4 28.2 -10 10.1 27.7 -10
4 16 8.6 37.4 -10 7.4 37.7 -10 8.7 40.2 -10 10.4 39 -10
4 16 .2 26.6 -10 -1.6 29.4 -10 -.8 29 -10 .4 28 -10
4 16 -3.5 22.8 -10 -5.2 23.3 -10 .1 25.9 -10 -1.8 22.5 -10
4 16 1.6 25 -10 2.1 25.2 -10 2.7 23.3 -10 1.7 22.8 -10
3 16 3.6 25.1 -10 2.1 25.2 -10 2.5 25.7 -10
3 16 3.4 23.9 -10 3.6 25.1 -10 3.8 24.8 -10
3 16 1.7 22.8 -10 .8 25.2 -10 1.6 25 -10
4 16 -1.6 21.6 -10 -1.1 21.3 -10 -2 20.4 -10 -5.2 21.7 -10
3 16 -1.8 22.5 -10 .1 25.9 -10 .8 25.2 -10
4 16 -1.6 29.4 -10 .2 26.6 -10 .1 25.9 -10 -5.2 23.3 -10
4 16 -5.2 23.3 -10 -11.4 22.8 -10 -11.8 24 -10 -12 26.1 -10
3 16 -7.6 20.4 -10 -5.2 23.3 -10 -5.3 22.4 -10
3 16 -7.6 20.4 -10 -5.3 22.4 -10 -5.2 21.7 -10
3 16 -2 20.4 -10 -7.6 20.4 -10 -5.2 21.7 -10
4 16 -.7 19.3 -10 -2 18.1 -10 -2 20.4 -10 -.8 20.7 -10
3 16 -2 20.4 -10 -1.1 21.3 -10 -.8 20.7 -10
4 16 -.7 19.3 -10 .3 19.3 -10 .8 18.1 -10 -2 18.1 -10
4 16 12.6 27.2 -10 13.8 28.9 -10 13 26.2 -10 11.8 25.1 -10
4 16 13.4 25.2 -10 14.3 25.7 -10 14.1 25.2 -10 12.7 23.5 -10
4 16 17.3 30.6 -10 16.7 30 -10 14.6 28.9 -10 17.2 31.5 -10
4 16 17.6 32.8 -10 27.3 30.6 -10 17.3 30.6 -10 17.2 31.5 -10
4 16 6.5 30.2 -10 5.4 30.7 -10 6.5 32.3 -10 6.7 32.3 -10
4 16 17.6 39.2 -10 16.8 39.9 -10 17.4 41.5 -10 27.3 39.4 -10
4 16 10.3 23.9 -10 9.1 25.5 -10 9.2 25.9 -10 11.3 27.1 -10
4 16 16.8 32.7 -10 15 31.5 -10 13.7 32 -10 17 34.1 -10
4 16 15 31.5 -10 16.8 32.7 -10 16.4 31.8 -10 15 31.3 -10
4 16 14 29.3 -10 13 29 -10 15 31.3 -10 16.4 31.8 -10
4 16 8.4 22 -10 10.1 22 -10 9.9887 20.8228 -10 7.9372 20.8429 -10
4 16 11.8 25.1 -10 13 26.2 -10 11.9 23.5 -10 11.1 24.3 -10
4 16 10.5 23.1 -10 11.9 23.5 -10 11.1 22 -10 10.1 22 -10
3 16 9.9887 20.8228 -10 10.1 22 -10 11.1 22 -10
3 16 10.5 23.1 -10 11.1 24.3 -10 11.9 23.5 -10
4 16 8.5 24 -10 9.1 25.5 -10 10.3 23.9 -10 9.4 23.3 -10
4 16 14.6 37.8 -10 16.4 38.8 -10 17 34.1 -10 13.7 37 -10
4 16 10.3 28.7 -10 10.1 27.7 -10 9.4 28.2 -10 9.7 29 -10
4 16 6.7 32.3 -10 6.5 32.9 -10 6.8 33.7 -10 10 33.3 -10
4 16 13.7 37 -10 17 34.1 -10 13.7 32 -10 11.8 34.8 -10
4 16 3.6 26.1 -10 3.5 26.8 -10 5 26.8 -10 6.2 26.1 -10
4 16 10 30.5 -10 10.8 30.8 -10 10.9 30.2 -10 10 30 -10
4 16 11.3 27.1 -10 9.2 25.9 -10 10.2 27.1 -10 11 27.5 -10
3 16 11.3 27.1 -10 11 27.5 -10 11.3 27.5 -10
4 16 8.7 22.8 -10 8.4 22 -10 7.5 22.2 -10 8.5 24 -10
4 16 9.4 23.3 -10 10.3 23.9 -10 9.8 22.8 -10 9.5 22.5 -10
3 16 9.5 22.5 -10 9.3 22.5 -10 9.4 23.3 -10
3 16 9.4 23.3 -10 9.1 23.3 -10 8.5 24 -10
3 16 8.7 22.8 -10 8.5 24 -10 9.1 23.3 -10
4 16 -13.5 30 -10 -12.8 30.6 -10 -12.9 25.6 -10 -13.6 25.7 -10
4 16 -13.4 34.4 -10 -12.9 35.6 -10 -12.7 34.7 -10 -12.8 30.6 -10
4 16 -13.5 30 -10 -13.6 25.7 -10 -27.3 25.7 -10 -27.3 30 -10
3 16 -28 4.8 -10 -27.3 25.7 -10 -27.3 25.2 -10
4 16 -27.3 25.2 -10 -18.7 18.1 -10 -18.7 14.4 -10 -28 4.8 -10
3 16 28 4.8 -10 27.3 25.2 -10 27.3 25.7 -10
3 16 28 4.8 -10 27.3 25.7 -10 27.3 30 -10
4 16 14.3 25.7 -10 13.4 25.2 -10 14.3 28.1 -10 16.7 30 -10
4 16 14 20 -10 12.7 23.5 -10 14.1 25.2 -10 15.6 19.2 -10
3 16 16.6 18.3 -10 15.6 19.2 -10 14.1 25.2 -10
4 16 6.6 27.1 -10 8.4 26.4 -10 6.2 26.1 -10 5 26.8 -10
3 16 8.4 26.4 -10 6.6 27.1 -10 7.9 27.5 -10
4 16 10.3 28.7 -10 9.7 29 -10 10 30 -10 10.9 30.2 -10
3 16 8.4 26.4 -10 7.9 27.5 -10 9.4 28.2 -10
4 16 10.1 32.4 -10 10.8 32.4 -10 10.8 30.8 -10 10 30.5 -10
4 16 12.1 35.8 -10 12.3 36.1 -10 13.7 37 -10 11.8 34.8 -10
4 16 8.6 30.1 -10 6.5 30.2 -10 6.7 32.3 -10 10.1 32.4 -10
4 16 1.8 27.3 -10 3.1 26.9 -10 2.5 26.3 -10 .7 26.8 -10
4 16 6.1 32.5 -10 5.4 30.7 -10 4.2 31.6 -10 4.9 33.4 -10
4 16 -1.5 37.9 -10 -1.3 39.4 -10 -.6 37.5 -10 -.9 36.9 -10
4 16 10.7 43 -10 11 43.3 -10 11.5 43 -10 12.5 40.3 -10
4 16 3.5 43.5 -10 3.7 43.3 -10 3.4 41.1 -10 2.6 40.7 -10
4 16 -11.9 53.6 -10 -4.5 45.8 -10 -4.6 45.6 -10 -16 44.3 -10
4 16 3.5 43.5 -10 -.9 41.4 -10 -1.6 44.3 -10 -1.7 45.1 -10
4 16 -1.7 45.1 -10 -2 45.3 -10 6.4 49.9 -10 3.8 43.8 -10
4 16 -11.8 35.7 -10 -16 44.3 -10 -4.6 45.6 -10 -4.4 45.3 -10
4 16 -2 42 -10 -1.9 38.1 -10 -11.8 35.7 -10 -4.4 45.3 -10
4 16 -4.4 45.3 -10 -3 44.8 -10 -2.5 44.3 -10 -2 42 -10
4 16 -1.9 38.1 -10 -2 42 -10 -1.3 39.4 -10 -1.5 37.9 -10
4 16 -2.1 31.1 -10 -2.4 31.6 -10 -.7 32.2 -10 -.7 31.3 -10
3 16 -.6 36.9 -10 -.9 36.9 -10 -.6 37.5 -10
4 16 -11.8 35.7 -10 -1.9 38.1 -10 -2 37.4 -10 -3.5 33.4 -10
4 16 -4.1 30.5 -10 -5.2 23.3 -10 -12 26.1 -10 -11.8 32.8 -10
4 16 -2.1 31.1 -10 -.7 31.3 -10 -1.1 30.8 -10 -1.8 30.8 -10
4 16 -2.8 33.3 -10 -1.1 34 -10 -.7 32.2 -10 -2.4 31.6 -10
4 16 -2.9 33.5 -10 -2 37.4 -10 -1.1 34 -10 -2.8 33.3 -10
4 16 -11.8 32.8 -10 -11.8 35.7 -10 -3.5 33.4 -10 -4.1 31.7 -10
3 16 -3.5 33.4 -10 -2 37.4 -10 -2.9 33.5 -10
3 16 -4.1 30.5 -10 -11.8 32.8 -10 -4.1 31.7 -10
3 16 -5.2 23.3 -10 -4.1 30.5 -10 -1.6 29.4 -10
4 16 .7 26.8 -10 .2 26.6 -10 .4 28 -10 1.8 27.3 -10
4 16 3.6 26.1 -10 2.5 26.3 -10 3.1 26.9 -10 3.5 26.8 -10
4 16 -12.8 30.6 -10 -13.5 30 -10 -13.5 30.6 -10 -13.4 34.4 -10
4 16 -13.4 34.4 -10 -13.5 30.6 -10 -27.3 30.6 -10 -27.3 34.4 -10
3 16 -28 4.8 -10 -27.3 30.6 -10 -27.3 30 -10
4 16 27.3 38.2 -10 27.3 35.4 -10 18.2 35.4 -10 17.7 38.2 -10
3 16 28 4.8 -10 27.3 30 -10 27.3 30.6 -10
3 16 28 4.8 -10 27.3 30.6 -10 27.3 34.4 -10
4 16 16.7 30 -10 27.3 30 -10 27.3 25.7 -10 14.3 25.7 -10
3 16 14.3 28.1 -10 14.6 28.9 -10 16.7 30 -10
4 16 11.4 32.7 -10 13.6 32 -10 10.8 30.8 -10 10.8 32.4 -10
3 16 8.6 30.1 -10 10.1 32.4 -10 10 30.5 -10
4 16 4.7 34.1 -10 4.7 33.8 -10 3 32.9 -10 1.8 34.7 -10
4 16 3 32.9 -10 4.7 33.8 -10 4.9 33.4 -10 4.2 31.6 -10
4 16 4.9 33.4 -10 5.7 33.6 -10 6.1 32.9 -10 6.1 32.5 -10
4 16 5.7 33.6 -10 4.9 33.4 -10 5.8 34 -10 5.9 33.9 -10
3 16 5.4 30.7 -10 6.1 32.5 -10 6.5 32.3 -10
4 16 10 33.3 -10 6.8 33.7 -10 6.9 34.3 -10 7 34.6 -10
4 16 13.6 32 -10 11.4 32.7 -10 11.8 34.8 -10 13.7 32 -10
4 16 14.8 39.6 -10 12.5 40.3 -10 12.9 42.9 -10 16.2 41.4 -10
4 16 14.8 39.6 -10 16.2 41.4 -10 16.4 38.8 -10 14.8 38.8 -10
4 16 12.4 44.2 -10 12.3 43 -10 11.7 43.6 -10 11.8 44.2 -10
3 16 14.6 37.8 -10 14.8 38.8 -10 16.4 38.8 -10
4 16 14.7 39.5 -10 14.1 38.5 -10 13.4 38.4 -10 12.5 40.3 -10
3 16 14.7 39.5 -10 12.5 40.3 -10 14.8 39.6 -10
4 16 16.1 45.4 -10 16 45.5 -10 17 45.3 -10 16.6 45.1 -10
4 16 10.4 43.9 -10 10.5 44.1 -10 11 44.1 -10 11 43.3 -10
3 16 10.7 43 -10 10.4 43.9 -10 11 43.3 -10
4 16 12.5 42.8 -10 12.5 40.3 -10 11.5 43 -10 12.3 43 -10
4 16 17 45.3 -10 17.3 45.5 -10 17.9 45.5 -10 16.9 44.7 -10
3 16 12.3 43 -10 11.7 43.1 -10 11.7 43.6 -10
3 16 12.3 43 -10 11.5 43 -10 11.7 43.1 -10
3 16 12.5 40.3 -10 12.5 42.8 -10 12.9 42.9 -10
4 16 14 43.5 -10 16.2 41.4 -10 12.9 42.9 -10 13.6 43.4 -10
4 16 13 44.1 -10 13.6 44.3 -10 13.6 43.4 -10 13 43.3 -10
3 16 13 44.1 -10 13.2 44.3 -10 13.6 44.3 -10
3 16 12.9 42.9 -10 13 43.3 -10 13.6 43.4 -10
4 16 16.2 41.4 -10 14 43.5 -10 14.3 43.7 -10 14.9 43.9 -10
4 16 15.6 44.5 -10 16 44.9 -10 16.6 45.1 -10 16.3 44.6 -10
4 16 14.4 44.4 -10 14.9 44.5 -10 14.9 43.9 -10 14.3 43.7 -10
3 16 16.2 41.4 -10 14.9 43.9 -10 15.2 44 -10
4 16 16.2 41.4 -10 15.2 44 -10 15.6 44.3 -10 16.3 44.6 -10
3 16 15.6 44.3 -10 15.6 44.5 -10 16.3 44.6 -10
3 16 16 44.9 -10 16.1 45.4 -10 16.6 45.1 -10
4 16 11.5 45.1 -10 11.3 44.6 -10 11 44.8 -10 11.1 45.7 -10
4 16 7.5 49.2 -10 13.2 46.3 -10 11.1 45.7 -10 10.6 45.7 -10
4 16 12.5 45.2 -10 11.5 45.1 -10 11.1 45.7 -10 13.2 46.3 -10
4 16 7.5 49.2 -10 10.6 45.7 -10 10.3 45.4 -10 6.6 44.3 -10
3 16 12.5 45.2 -10 13.2 46.3 -10 14 46 -10
4 16 6.4 50.1 -10 6.4 49.9 -10 -2 45.3 -10 -6.5 53.6 -10
4 16 6.6 44.3 -10 10.3 45.4 -10 10.3 45.1 -10 10.1 44.9 -10
4 16 2.3 40 -10 2.8 35.9 -10 .8 36.7 -10 -.1 38.9 -10
3 16 3.5 43.5 -10 -1.7 45.1 -10 3.8 43.8 -10
4 16 2.2 40.1 -10 -.1 38.9 -10 -.9 41.4 -10 2.6 40.7 -10
3 16 2.6 40.7 -10 -.9 41.4 -10 3.5 43.5 -10
4 16 3.4 41.1 -10 3.7 43.3 -10 4.9 43.3 -10 7.9 43 -10
4 16 7.9 43 -10 4.9 43.3 -10 7.6 43.7 -10 7.9 43.6 -10
3 16 7.9 43 -10 7.9 43.6 -10 8.1 43.2 -10
3 16 -.1 38.9 -10 2.2 40.1 -10 2.3 40 -10
3 16 2.8 35.9 -10 2.3 40 -10 4 36.4 -10
4 16 2.3 40 -10 7.3 41.8 -10 7.5 41.5 -10 6 37.2 -10
4 16 11.3 38 -10 10.4 39 -10 11.3 39 -10 12.4 38.8 -10
4 16 12.4 38.8 -10 11.3 39 -10 12.2 39.3 -10 12.4 39.3 -10
4 16 10.4 39 -10 11.3 38 -10 10.5 36.8 -10 9.8 36.8 -10
3 16 9.8 36.8 -10 8.6 37.4 -10 10.4 39 -10
4 16 6 37.2 -10 7.5 41.5 -10 8.7 40.2 -10 7.4 37.7 -10
4 16 4.8 35.1 -10 6.9 35.1 -10 5.7 34.5 -10 4.7 34.1 -10
3 16 4 36.4 -10 2.3 40 -10 6 37.2 -10
4 16 1.8 34.7 -10 .8 36.7 -10 2.8 35.9 -10 4.7 34.1 -10
4 16 4.4 35.7 -10 4.7 34.1 -10 2.8 35.9 -10 4.2 35.9 -10
3 16 4.7 34.1 -10 4.4 35.7 -10 4.8 35.1 -10
4 16 7 34.6 -10 5.7 34.5 -10 6.9 35.1 -10 9 35.8 -10
4 16 10 33.3 -10 7 34.6 -10 9 35.8 -10 10.1 35.7 -10
3 16 6.7 32.3 -10 10 33.3 -10 10.1 32.4 -10
3 16 -13.4 34.4 -10 -13.5 35.4 -10 -12.9 35.6 -10
4 16 -14.7 39.9 -10 -12.9 35.6 -10 -14.7 38.2 -10 -15.2 39.3 -10
3 16 -28 4.8 -10 -27.3 35.4 -10 -27.3 34.4 -10
3 16 27.3 35.4 -10 27.3 38.2 -10 28 67.2 -10
4 16 18.4 34.4 -10 17.6 32.8 -10 17.6 35 -10 18.2 35.4 -10
4 16 18.2 35.4 -10 17.6 35 -10 17.3 36.6 -10 17.7 38.2 -10
4 16 18.4 34.4 -10 27.3 34.4 -10 27.3 30.6 -10 17.6 32.8 -10
4 16 -19.1 49.3 -10 -14.7 39.9 -10 -18 45 -10 -18.8 47.2 -10
4 16 -15.2 39.3 -10 -27.3 39.4 -10 -16.2 41.5 -10 -14.7 39.9 -10
3 16 -27.3 35.4 -10 -27.3 38.2 -10 -14.7 38.2 -10
3 16 -27.3 38.2 -10 -27.9 67.4 -10 -27.3 39.4 -10
3 16 27.3 39.4 -10 17.4 41.5 -10 27.3 41.5 -10
3 16 27.3 38.2 -10 27.3 39.4 -10 28 67.2 -10
3 16 27.3 39.4 -10 27.3 41.5 -10 28 67.2 -10
4 16 16.8 39.9 -10 17.6 39.2 -10 17.7 38.2 -10 17.3 36.6 -10
3 16 -14.7 39.9 -10 -16.2 41.5 -10 -17.1 43.3 -10
4 16 -18 45 -10 -17.1 43.3 -10 -27.3 43.3 -10 -27.3 45 -10
3 16 -27.3 39.4 -10 -27.3 41.5 -10 -16.2 41.5 -10
3 16 -27.3 41.5 -10 -27.9 67.4 -10 -27.3 43.3 -10
3 16 27.3 41.5 -10 27.3 43.3 -10 28 67.2 -10
4 16 16.9 44.7 -10 17.9 45.5 -10 17.4 43.4 -10 16.7 42.9 -10
4 16 18.8 45.5 -10 27.3 43.3 -10 17.4 43.4 -10 17.9 45.5 -10
4 16 16.7 42.9 -10 17.4 43.4 -10 17.4 41.5 -10 16.8 39.9 -10
3 16 -14.7 39.9 -10 -17.1 43.3 -10 -18 45 -10
4 16 -19.1 49.3 -10 -18.8 47.2 -10 -19.4 48.3 -10 -19.8 49.3 -10
3 16 -27.3 43.3 -10 -27.9 67.4 -10 -27.3 45 -10
3 16 -27.3 45 -10 -27.9 67.4 -10 -27.3 47.2 -10
4 16 27.3 48.5 -10 27.3 47.7 -10 13.4 47.7 -10 11.5 48.5 -10
4 16 18.9 46.3 -10 18.8 45.5 -10 18.2 46.2 -10 18.6 46.9 -10
4 16 16 45.5 -10 17.4 46.1 -10 17.3 45.5 -10 17 45.3 -10
3 16 27.3 45.5 -10 27.3 47.7 -10 28 67.2 -10
3 16 27.3 43.3 -10 27.3 45.5 -10 28 67.2 -10
4 16 14.3 46.3 -10 10.2 48.5 -10 13.4 47.7 -10 15.2 46.6 -10
4 16 14.8 46 -10 16 45.5 -10 12.5 45.2 -10 14 46 -10
4 16 16.3 46.4 -10 17.4 46.1 -10 16 45.5 -10 15.2 46.6 -10
3 16 18.8 45.5 -10 18.2 45.6 -10 18.2 46.2 -10
3 16 27.3 43.3 -10 18.8 45.5 -10 27.3 45.5 -10
3 16 18.8 45.5 -10 17.9 45.5 -10 18.2 45.6 -10
4 16 15.2 46.6 -10 16 45.5 -10 14.8 46 -10 14.3 46.3 -10
4 16 13.3 53.8 -10 16.4 53.6 -10 11.9 51.7 -10 12.2 53.6 -10
4 16 -19 59.6335 -10 -18.8 58.4 -10 -27.3 51.7 -10 -27.9 67.4 -10
4 16 6.4 49.9 -10 7.5 49.2 -10 6.6 44.3 -10 3.8 43.8 -10
4 16 -19.4 48.3 -10 -18.8 47.2 -10 -27.3 47.2 -10 -27.3 48.1 -10
4 16 -19.1 49.6 -10 -19.1 49.3 -10 -19.8 49.3 -10 -19.8 49.7 -10
4 16 -19.3 50.3 -10 -18.7 49.9 -10 -19.1 49.6 -10 -19.8 49.7 -10
3 16 -18.7 49.9 -10 -19.3 50.3 -10 -18.4 50.8 -10
4 16 -11.9 53.6 -10 -16 44.3 -10 -17.2 51.3 -10 -14.5 53.6 -10
3 16 -27.3 48.1 -10 -27.9 67.4 -10 -27.3 51.7 -10
3 16 -27.3 47.2 -10 -27.9 67.4 -10 -27.3 48.1 -10
3 16 27.3 47.7 -10 27.3 48.5 -10 28 67.2 -10
3 16 27.3 48.5 -10 27.3 51.7 -10 28 67.2 -10
4 16 5.5 53.6 -10 11.9 51.7 -10 8.6 50.4 -10 7.2 50.5 -10
4 16 8.5 49.5 -10 7.2 50.5 -10 8.6 50.4 -10 10.2 48.5 -10
3 16 11.5 48.5 -10 10.2 48.5 -10 8.6 50.4 -10
3 16 13.4 47.7 -10 10.2 48.5 -10 11.5 48.5 -10
4 16 -14.5 53.6 -10 -17.2 51.3 -10 -17.8 51.7 -10 -18.8 53.6 -10
4 16 -15.1 55.5 -10 -15 55.1 -10 -15.3 54.8 -10 -16.9 54.8 -10
3 16 -11.9 53.6 -10 -14.5 53.6 -10 -13.7 54 -10
3 16 -11.9 53.6 -10 -13.7 54 -10 -13.2 54.6 -10
4 16 -13.2 54.6 -10 -13.2 55.4 -10 -12.9 56.3 -10 -11.9 56.3 -10
4 16 -12.9 56.3 -10 -13.2 55.4 -10 -13.9 56 -10 -13.9 56.1 -10
3 16 -11.9 53.6 -10 -13.2 54.6 -10 -11.9 56.3 -10
4 16 -6.5 53.6 -10 -2 45.3 -10 -4.5 45.8 -10 -7.2 53.6 -10
3 16 -4.5 45.8 -10 -11.9 53.6 -10 -7.2 53.6 -10
4 16 -10 54.8 -10 -10 55.2 -10 -7.7 55.2 -10 -7.2 54.7 -10
4 16 -6.5 54.8 -10 -7.2 54.7 -10 -7.7 55.2 -10 -6.8 56.3 -10
4 16 -10 56.3 -10 -6.8 56.3 -10 -7.7 55.9 -10 -10 55.9 -10
3 16 -7.7 55.2 -10 -7.7 55.9 -10 -6.8 56.3 -10
4 16 -5.5 58.2 -10 3.3 58.2 -10 1.5245 57.5771 -10 .1638 57.3528 -10
3 16 -27.3 51.7 -10 -18.8 57.5 -10 -18.8 53.6 -10
3 16 -17.8 51.7 -10 -27.3 51.7 -10 -18.8 53.6 -10
3 16 6.4 50.1 -10 .5 53.6 -10 2.9 53.6 -10
4 16 -6.5 54.8 -10 -6.5 53.6 -10 -7.2 53.6 -10 -7.2 54.7 -10
4 16 2.1 56.3 -10 .5 53.6 -10 .6 55.9 -10 1.1 56.2 -10
4 16 2.1 56.3 -10 2.7 56 -10 2.8 55.5 -10 .5 53.6 -10
3 16 2.9 53.6 -10 .5 53.6 -10 2.8 55.5 -10
4 16 5.5 53.6 -10 7.2 50.5 -10 6.4 50.1 -10 4.8 53.6 -10
3 16 6.4 50.1 -10 2.9 53.6 -10 4.8 53.6 -10
3 16 -11.5 68.3 -10 -26.3 68.9 -10 26.3 68.9 -10
4 16 4.2 57 -10 2.8981 57.456 -10 4.1 58.2 -10 5.5 57.5 -10
4 16 2.8981 57.456 -10 1.5245 57.5771 -10 3.3 58.2 -10 4.1 58.2 -10
4 16 -1.1 56.8 -10 -1.4 56.1 -10 -2.9 54.8 -10 -2.9 57.5 -10
3 16 -1.4 54.8 -10 -2.9 54.8 -10 -1.4 56.1 -10
4 16 -6.8 56.3 -10 -6.8 57.5 -10 -4.7 57.5 -10 -4.7 54.8 -10
3 16 -4.7 54.8 -10 -6.5 54.8 -10 -6.8 56.3 -10
3 16 6.4 50.1 -10 -6.5 53.6 -10 .5 53.6 -10
4 16 11.7 53.6 -10 11.9 51.7 -10 9.9 53.6 -10 10.7 54.1 -10
3 16 11.7 53.6 -10 10.7 54.1 -10 11.1 54.6 -10
4 16 11.7 56.3 -10 11.7 53.6 -10 11.2 55 -10 11 55.7 -10
4 16 9.1 55.5 -10 9.2 54.9 -10 8.5 54.7 -10 7.4 55.5 -10
4 16 10.9 56.3 -10 11.7 56.3 -10 11 55.7 -10 10.5 56.1 -10
4 16 4.8 56.3 -10 5.5 57.5 -10 5.5 53.6 -10 4.8 53.6 -10
4 16 18.3 53.6 -10 27.3 51.7 -10 11.9 51.7 -10 16.4 53.6 -10
3 16 11.7 53.6 -10 11.1 54.6 -10 11.2 55 -10
3 16 11.9 51.7 -10 11.7 53.6 -10 12.2 53.6 -10
3 16 16.4 53.6 -10 13.3 53.8 -10 15.1 54.4 -10
3 16 16.4 53.6 -10 15.1 54.4 -10 16.3 55 -10
4 16 27.3 51.7 -10 18.3 57.5 -10 18.2 58.2 -10 28 67.2 -10
4 16 18.2 65 -10 26.3 68.9 -10 28 67.2 -10 18.2 58.2 -10
3 16 27.3 51.7 -10 18.3 53.6 -10 18.3 57.5 -10
4 16 13.7 55.6 -10 13.7 57.5 -10 16.4 57.5 -10 14.4 55.7 -10
4 16 16.4 57.5 -10 16.2 56.9 -10 15.7 56.3 -10 14.4 55.7 -10
4 16 7.4 57.5 -10 10.3 58.2 -10 9.6 57.5 -10 7.4 56.6 -10
4 16 18.2 58.2 -10 18.3 57.5 -10 16.4 57.5 -10 14.8 58.2 -10
3 16 4.8 56.3 -10 4.2 57 -10 5.5 57.5 -10
4 16 11.4 58.5 -10 13.7 57.5 -10 9.6 57.5 -10 10.3 58.2 -10
3 16 11.9 51.7 -10 5.5 53.6 -10 9.9 53.6 -10
3 16 -16.9 55.5 -10 -15.1 55.5 -10 -16.9 54.8 -10
3 16 9.2 54.9 -10 9.1 55.5 -10 9.3199 55.2283 -10
3 16 8.5 54.7 -10 7.4 54.7 -10 7.4 55.5 -10
4 16 -6.8 57.5 -10 -14.7 57.5 -10 -11.4 58 -10 -9.7 58.2 -10
4 16 -15 64.2 -10 -16.5 64.3 -10 -18.8 64.7 -10 -14.6 64.3 -10
4 16 3.3 60.2 -10 4.1 65 -10 4.1 58.2 -10 3.3 58.2 -10
4 16 -6.2 66.1 -10 -6.5 66.8 -10 3.4 65 -10 -5.5 65 -10
4 16 3.4 65 -10 -7.1 67.4 -10 -8.1 67.9 -10 4.1 65 -10
4 16 -8.1 67.9 -10 -9.4 68.2 -10 26.3 68.9 -10 10.5 65 -10
3 16 -9.4 68.2 -10 -11.5 68.3 -10 26.3 68.9 -10
3 16 -12.2 68.1 -10 -26.3 68.9 -10 -11.5 68.3 -10
4 16 -18.3 64.3 -10 -18.8 64.7 -10 -16.5 64.3 -10 -17.9 64.2 -10
4 16 -12.4 61.8 -10 -9.7 65.3 -10 -9.7 58.2 -10 -11.4 58.4 -10
4 16 -9.7 65.3 -10 -12.4 62.3 -10 -12.4 62.8 -10 -11.4 64.7 -10
3 16 -11.4 58 -10 -11.4 58.4 -10 -9.7 58.2 -10
3 16 -6.8 57.5 -10 -9.7 58.2 -10 -6.2 58.2 -10
4 16 10.3 58.2 -10 7.4 57.5 -10 5.5 57.5 -10 4.1 58.2 -10
4 16 -2.1 62.9 -10 3.4 62.9 -10 1.9 62.2 -10 -2.1 62.2 -10
4 16 1.9 60.7 -10 3.3 60.2 -10 -2.1 60.2 -10 -2.1 60.7 -10
4 16 3.3 60.2 -10 1.9 60.7 -10 1.9 62.2 -10 3.4 62.9 -10
3 16 3.4 65 -10 -6.5 66.8 -10 -7.1 67.4 -10
3 16 10.5 65 -10 4.1 65 -10 -8.1 67.9 -10
4 16 -5.5 65 -10 -5.5 58.2 -10 -6.2 58.2 -10 -6.2 66.1 -10
3 16 -6.8 57.5 -10 -6.2 58.2 -10 -5.5 58.2 -10
4 16 13.7 57.5 -10 11.4 58.5 -10 12.9 59.2 -10 14.8 58.2 -10
3 16 16.4 57.5 -10 13.7 57.5 -10 14.8 58.2 -10
3 16 14.8 58.2 -10 12.9 59.2 -10 13.8 60.1 -10
4 16 14.8 65 -10 14.8 58.2 -10 14.1 61 -10 14 62.4 -10
3 16 14 62.4 -10 13.6 63.3 -10 14.8 65 -10
3 16 13.6 63.3 -10 12.6 64.2 -10 14.8 65 -10
4 16 14.8 65 -10 11.6 64.7 -10 10.5 65 -10 26.3 68.9 -10
3 16 3.3 60.2 -10 3.4 62.9 -10 4.1 65 -10
3 16 3.4 62.9 -10 3.4 65 -10 4.1 65 -10
3 16 18.2 65 -10 14.8 65 -10 26.3 68.9 -10
3 16 12.6 64.2 -10 11.6 64.7 -10 14.8 65 -10
3 16 14.8 58.2 -10 13.8 60.1 -10 14.1 61 -10
4 16 -11.4 58.4 -10 -18.8 58.4 -10 -15.1 58.9 -10 -13.5 58.9 -10
3 16 -15.1 58.9 -10 -16 59.3 -10 -15.5525 59.8661 -10
4 16 -11.4 58.4 -10 -13.4 59 -10 -13.5 59.4 -10 -13.5 59.8 -10
4 16 -16.1 61.1 -10 -16.3 61.8 -10 -15.1 61.4 -10 -15.5926 60.587 -10
4 16 -16.8 61.4 -10 -16.7 61.8 -10 -16.3 61.8 -10 -16.1 61.1 -10
4 16 -18.1 60.5 -10 -17.5801 60.9071 -10 -17.559 59.3013 -10 -18.2 60.1 -10
4 16 -17.4 61.8 -10 -16.8 61.4 -10 -17.8 61.4 -10 -19 61.8 -10
4 16 -19 62.3 -10 -27.9 67.4 -10 -18.8 64.7 -10 -18.5 64.3 -10
3 16 -18.8 58.4 -10 -19 59.6335 -10 -18.3 59.1 -10
3 16 -18.8 58.4 -10 -18.3 59.1 -10 -17.5295 58.8073 -10
4 16 -18.8 58.4 -10 -17.5295 58.8073 -10 -16.7084 58.8787 -10 -15.1 58.9 -10
3 16 -11.4 58.4 -10 -13.5 58.9 -10 -13.4 59 -10
4 16 -10.2 65.8 -10 -9.7 65.3 -10 -11.4 65.2 -10 -10.9 66 -10
4 16 -13.5 59.4 -10 -14.4 59.5 -10 -14.4 59.7 -10 -13.5 59.8 -10
4 16 -11.4 58.4 -10 -13.5 59.8 -10 -13.5 60.3 -10 -12.4 61.8 -10
4 16 -15.1 61.4 -10 -15.1 58.9 -10 -15.5525 59.8661 -10 -15.5926 60.587 -10
4 16 -13.5 60.3 -10 -14.4 60.3 -10 -14.5 61.4 -10 -14.1 61.8 -10
3 16 -16.7084 58.8787 -10 -16 59.3 -10 -15.1 58.9 -10
4 16 -16.941 59.3013 -10 -16.9199 60.9071 -10 -16.3 60.1 -10 -16.4 59.6 -10
3 16 -16.3 60.1 -10 -16.9199 60.9071 -10 -16.4 60.5 -10
4 16 -17.5801 60.9071 -10 -16.9199 60.9071 -10 -16.941 59.3013 -10 -17.559 59.3013 -10
3 16 -17.559 59.3013 -10 -18.1 59.6 -10 -18.2 60.1 -10
4 16 7.4 60.4 -10 7.4 63 -10 9.6 62.9 -10 9.9 60.5 -10
4 16 10.5624 60.8238 -10 9.9 60.5 -10 10.821 62.2058 -10 10.9125 61.4734 -10
4 16 9.6 62.9 -10 10.3217 62.7492 -10 10.821 62.2058 -10 9.9 60.5 -10
4 16 -12.2 68.1 -10 -13.4 66 -10 -18.8 65.2 -10 -26.3 68.9 -10
4 16 -17.4 62.3 -10 -17.9 62.3 -10 -17.9 64.2 -10 -16.9 64.2 -10
4 16 -18.8 65.2 -10 -27.9 67.4 -10 -27.3 68.3 -10 -26.3 68.9 -10
3 16 -19 62.3 -10 -18.5 64.3 -10 -18.6 62.3 -10
3 16 -18.6 61 -10 -19 61.8 -10 -17.8 61.4 -10
3 16 -19 60.4606 -10 -19 61.8 -10 -18.6 61 -10
4 16 -16.9 61.9 -10 -16.8 61.4 -10 -17.4 61.8 -10 -17.4 62.3 -10
4 16 -15.1 61.4 -10 -15.1 61.8 -10 -14.6 61.8 -10 -14.5 61.4 -10
4 16 -15.1 62.8 -10 -15.1 61.8 -10 -16.3 61.8 -10 -16.3 62.8 -10
3 16 -15.1 61.4 -10 -16.3 61.8 -10 -15.1 61.8 -10
4 16 -12.4 62.3 -10 -13.5 62.3 -10 -13.5 62.5 -10 -12.4 62.8 -10
3 16 -13.5 60.3 -10 -14.1 61.8 -10 -12.4 61.8 -10
4 16 -14.6 64.3 -10 -18.8 64.7 -10 -11.4 64.7 -10 -12.4 64.3 -10
4 16 -16.3 63.3 -10 -16.3 64.2 -10 -15 64.2 -10 -15.1 63.3 -10
3 16 -15 64.2 -10 -16.3 64.2 -10 -16.5 64.3 -10
3 16 -16.9 64.2 -10 -17.9 64.2 -10 -16.5 64.3 -10
3 16 -16.9 61.9 -10 -17.4 62.3 -10 -16.9 64.2 -10
3 16 -16.8 61.4 -10 -16.9 61.9 -10 -16.7 61.8 -10
4 16 -13.4 66 -10 -10.9 66 -10 -11.4 65.2 -10 -18.8 65.2 -10
3 16 -12.4 61.8 -10 -12.4 62.3 -10 -9.7 65.3 -10
4 16 -13.5 63.9 -10 -12.3 63.9 -10 -12.4 63.3 -10 -13.5 63.3 -10
4 16 -14 64.2 -10 -14.1 61.8 -10 -14.6 61.8 -10 -14.6 64.3 -10
3 16 -13.5 62.5 -10 -13.6 62.8 -10 -12.4 62.8 -10
4 16 -12.4 63.3 -10 -12.3 63.9 -10 -11.4 64.7 -10 -12.4 62.8 -10
3 16 -14 64.2 -10 -14.6 64.3 -10 -12.4 64.3 -10
3 16 -14.5 61.4 -10 -14.6 61.8 -10 -14.1 61.8 -10
3 16 -12.3 63.9 -10 -12.4 64.3 -10 -11.4 64.7 -10
3 16 -11.4 64.7 -10 -11.4 65.2 -10 -9.7 65.3 -10
3 16 -18.8 64.7 -10 -27.9 67.4 -10 -18.8 65.2 -10
3 16 -18.3 64.3 -10 -18.5 64.3 -10 -18.8 64.7 -10
4 16 17.4 46.1 -10 16.3 46.4 -10 18.6 46.9 -10 18.2 46.2 -10
3 16 .1638 57.3528 -10 -2.9 57.5 -10 -5.5 58.2 -10
3 16 -1.1 56.8 -10 -2.9 57.5 -10 .1638 57.3528 -10
3 16 -16.8 56.5 -10 -16.9 57.5 -10 -14.7 57.5 -10
4 16 -11.4 58 -10 -14.7 57.5 -10 -16.9 57.5 -10 -18.8 58 -10
3 16 -27.3 51.7 -10 -18.8 58 -10 -18.8 57.5 -10
3 16 -27.3 51.7 -10 -18.8 58.4 -10 -18.8 58 -10
3 16 -16.9 57.5 -10 -18.8 57.5 -10 -18.8 58 -10
4 179 -29.3 69.6 -10 -28.4 70.4 -10 -27.3 68.3 -10 -27.9 67.4 -10
4 179 27.7 1.2 -10 26.5 .8 -10 26.3 3 -10 27.1 3.5 -10
4 179 29.5 2.7 -10 28.8 1.9 -10 27.6 4 -10 30 3.6 -10
4 179 28.8 1.9 -10 27.7 1.2 -10 27.1 3.5 -10 27.6 4 -10
4 179 -26.3 68.9 -10 -26.9 71.1 -10 26.3 71.1 -10 26.3 68.9 -10
4 179 29.5 69.3 -10 30 68.4 -10 27.6 68 -10 28.8 70.1 -10
4 179 27.1 68.5 -10 27.6 70.9 -10 28.8 70.1 -10 27.6 68 -10
4 179 26.3 68.9 -10 26.3 71.1 -10 27.6 70.9 -10 27.1 68.5 -10
4 179 -29.9 68.6 -10 -29.3 69.6 -10 -27.9 67.4 -10 -30.3 67.4 -10
4 179 8.2792 16.9049 -10 7.9372 20.8429 -10 9.9887 20.8228 -10 9.6209 16.9049 -10
4 179 26.5 .8 -10 -26.6 .8 -10 -25.7 3 -10 26.3 3 -10
4 179 -29.5 2.7 -10 -30 3.6 -10 -27.4 3.8 -10 -28.8 1.9 -10
4 179 -27.7 1.2 -10 -28.8 1.9 -10 -27.4 3.8 -10 -26.5 3.2 -10
4 179 -26.6 .8 -10 -27.7 1.2 -10 -26.5 3.2 -10 -25.7 3 -10
4 179 15.6 19.2 -10 16.6 18.3 -10 12 15.5 -10 14 20 -10
4 179 28 4.8 -10 30.3 4.7 -10 30 3.6 -10 27.6 4 -10
4 179 28 4.8 -10 28 67.2 -10 30.3 67.3 -10 30.3 4.7 -10
4 179 12.5 14.4 -10 16.6 18.3 -10 17.6517 16.8448 -10 18.3669 15.1988 -10
4 179 27.6 68 -10 30 68.4 -10 30.3 67.3 -10 28 67.2 -10
4 179 -26.3 68.9 -10 -27.3 68.3 -10 -28.4 70.4 -10 -26.9 71.1 -10
4 179 -30.3 67.4 -10 -27.9 67.4 -10 -28 4.8 -10 -30.3 4.7 -10
4 179 11.3 9.6 -10 15.1 6.3 -10 13.4934 5.6345 -10 11.82 5.1642 -10
4 179 -27.4 3.8 -10 -30 3.6 -10 -30.3 4.7 -10 -28 4.8 -10
4 179 10.1011 4.9049 -10 8.3633 4.8607 -10 8.85 8.8274 -10 10.1345 9.0251 -10
4 179 9.6209 16.9049 -10 9.9887 20.8228 -10 12.0208 20.5404 -10 10.9 16.5 -10
4 179 12 10.4 -10 17.4 8.3 -10 16.3 7.1 -10 15.1 6.3 -10
4 179 18.2069 9.9039 -10 17.4 8.3 -10 12.5 11.5 -10 18.6514 11.6426 -10
4 179 10.1345 9.0251 -10 11.3 9.6 -10 11.82 5.1642 -10 10.1011 4.9049 -10
4 179 17.3 36.6 -10 17 34.1 -10 16.4 38.8 -10 16.8 39.9 -10
4 179 11.1 24.3 -10 10.3 23.9 -10 11.3 27.1 -10 11.8 25.1 -10
4 179 -12 26.1 -10 -11.8 24 -10 -12.9 25.6 -10 -12.8 30.6 -10
4 179 -16 44.3 -10 -11.8 35.7 -10 -14.7 39.9 -10 -19.1 49.3 -10
4 179 -4.6 45.6 -10 -4.5 45.8 -10 -2 45.3 -10 -1.7 45.1 -10
4 179 10.9 16.5 -10 12.0208 20.5404 -10 14 20 -10 12 15.5 -10
4 179 7.5 22.2 -10 7.2 22 -10 6.2 26.1 -10 8.5 24 -10
4 179 4.2 20.2 -10 7 16.5 -10 6.2 15.9 -10 2.1 19.2 -10
4 179 .8 18.1 -10 5.2 14.2 -10 -.8 14.4 -10 -2 18.1 -10
4 179 10.1 22 -10 8.4 22 -10 9.3 22.5 -10 9.5 22.5 -10
4 179 -7.6 9.1 -10 -7.6 14.4 -10 -2 14.4 -10 -2 5.4 -10
4 179 -7.6 20.4 -10 -2 20.4 -10 -2 18.1 -10 -7.6 18.1 -10
4 179 5.7 15.3 -10 .8 18.1 -10 2.1 19.2 -10 6.2 15.9 -10
4 179 -2 14.4 -10 -7.6 18.1 -10 -2 18.1 -10 -.8 14.4 -10
4 179 .7 26.8 -10 1.6 25 -10 .8 25.2 -10 .1 25.9 -10
4 179 -16 44.3 -10 -19.1 49.3 -10 -19.1 49.6 -10 -18.7 49.9 -10
4 179 -11.8 24 -10 -11.4 22.8 -10 -12.7 23.7 -10 -12.9 25.6 -10
4 179 -13 14.4 -10 -18.7 14.4 -10 -18.7 18.1 -10 -7.6 18.1 -10
4 179 5 12.9 -10 5.2 11.5 -10 -.9 12 -10 -.8 14.4 -10
3 179 -2 14.4 -10 -7.6 14.4 -10 -7.6 18.1 -10
4 179 6.4 9.6 -10 4.9383 5.417 -10 3.3 6 -10 5.7 10.4 -10
4 179 5.7 10.4 -10 3.3 6 -10 1.6462 6.9855 -10 .3317 8.3922 -10
4 179 7 16.5 -10 4.2 20.2 -10 5.9 20.6 -10 8.2792 16.9049 -10
4 179 12.7 13.1 -10 18.3669 15.1988 -10 18.7056 13.4364 -10 18.6514 11.6426 -10
3 179 15.1 6.3 -10 11.3 9.6 -10 12 10.4 -10
3 179 17.4 8.3 -10 12 10.4 -10 12.5 11.5 -10
3 179 12.5 11.5 -10 12.7 13.1 -10 18.6514 11.6426 -10
3 179 12.7 13.1 -10 12.5 14.4 -10 18.3669 15.1988 -10
3 179 12.5 14.4 -10 12 15.5 -10 16.6 18.3 -10
3 179 8.2792 16.9049 -10 5.9 20.6 -10 7.9372 20.8429 -10
4 179 -.5401 10.1088 -10 -.9 12 -10 5.2 11.5 -10 .3317 8.3922 -10
3 179 5.2 14.2 -10 .8 18.1 -10 5.7 15.3 -10
3 179 5 12.9 -10 -.8 14.4 -10 5.2 14.2 -10
3 179 .3317 8.3922 -10 5.2 11.5 -10 5.7 10.4 -10
4 179 7.5655 9.0251 -10 6.6335 5.0323 -10 4.9383 5.417 -10 6.4 9.6 -10
4 179 8.3633 4.8607 -10 6.6335 5.0323 -10 7.5655 9.0251 -10 8.85 8.8274 -10
3 179 -2 5.4 -10 -10 5.4 -10 -7.6 9.1 -10
3 179 -7.6 14.4 -10 -13 14.4 -10 -7.6 18.1 -10
4 179 -13 14.4 -10 -7.6 9.1 -10 -10 5.4 -10 -18.7 14.4 -10
4 179 -10.2 21 -10 -10 19.6 -10 -10.7 20 -10 -11.7 21.1 -10
4 179 2.4 20.8 -10 1.2 20.1 -10 .4 22.5 -10 1.7 22.8 -10
4 179 -10.9 21.8 -10 -11.7 21.1 -10 -12.3 22.3 -10 -11.4 22.8 -10
4 179 -11.8 32.8 -10 -12.8 30.6 -10 -12.7 34.7 -10 -11.8 35.7 -10
4 179 -.7 32.2 -10 1.8 34.7 -10 3 32.9 -10 -.7 31.3 -10
4 179 9.1 25.5 -10 8.5 24 -10 8.9 25.9 -10 9.2 25.9 -10
4 179 -18.8 53.6 -10 -18.8 57.5 -10 -16.9 55.5 -10 -16.9 54.8 -10
4 179 16.3 44.6 -10 16.9 44.7 -10 16.7 42.9 -10 16.2 41.4 -10
3 179 -12.9 35.6 -10 -14.7 39.9 -10 -11.8 35.7 -10
3 179 -12.7 34.7 -10 -12.9 35.6 -10 -11.8 35.7 -10
3 179 -12 26.1 -10 -12.8 30.6 -10 -11.8 32.8 -10
3 179 -12.3 22.3 -10 -12.7 23.7 -10 -11.4 22.8 -10
3 179 -10.2 21 -10 -11.7 21.1 -10 -10.9 21.8 -10
4 179 -10 19.6 -10 -10.2 21 -10 -8.8 19.9 -10 -9.3 19.3 -10
3 179 -9.3 19.3 -10 -8.8 19.9 -10 -8.9 19.4 -10
4 179 -1.8 22.5 -10 .4 22.5 -10 -1.1 21.3 -10 -1.6 21.6 -10
4 179 2.5 26.3 -10 2.1 25.2 -10 1.6 25 -10 .7 26.8 -10
4 179 3.8 24.8 -10 3.6 25.1 -10 3.6 26.1 -10 6.2 26.1 -10
4 179 8.9 25.9 -10 8.5 24 -10 6.2 26.1 -10 8.4 26.4 -10
4 179 16.8 39.9 -10 16.4 38.8 -10 16.2 41.4 -10 16.7 42.9 -10
4 179 13.4 25.2 -10 12.7 23.5 -10 11.9 23.5 -10 13 26.2 -10
4 179 16.8 32.7 -10 17 34.1 -10 17.6 35 -10 17.6 32.8 -10
4 179 3.8 24.8 -10 6.2 26.1 -10 7.2 22 -10 5.1 21.7 -10
4 179 14.6 28.9 -10 13.8 28.9 -10 14 29.3 -10 16.4 31.8 -10
4 179 13.7 32 -10 15 31.3 -10 13 29 -10 10.3 28.7 -10
4 179 -3.5 22.8 -10 -1.8 22.5 -10 -1.6 21.6 -10 -5.2 21.7 -10
3 179 .1 25.9 -10 .2 26.6 -10 .7 26.8 -10
4 179 4 21.4 -10 2.7 23.3 -10 3.4 23.9 -10 5.1 21.7 -10
3 179 5.1 21.7 -10 3.4 23.9 -10 3.8 24.8 -10
3 179 2.1 25.2 -10 2.5 26.3 -10 2.5 25.7 -10
4 179 2.5 25.7 -10 2.5 26.3 -10 3.6 26.1 -10 3.6 25.1 -10
4 179 2.7 23.3 -10 4 21.4 -10 2.4 20.8 -10 1.7 22.8 -10
4 179 -3.5 22.8 -10 -5.2 21.7 -10 -5.3 22.4 -10 -5.2 23.3 -10
4 179 -.8 20.7 -10 -1.1 21.3 -10 .4 22.5 -10 1.2 20.1 -10
4 179 -.8 20.7 -10 1.2 20.1 -10 .3 19.3 -10 -.7 19.3 -10
4 179 14.3 28.1 -10 13 26.2 -10 13.8 28.9 -10 14.6 28.9 -10
4 179 17.9 45.5 -10 17.4 46.1 -10 18.2 46.2 -10 18.2 45.6 -10
4 179 6.5 30.2 -10 7.9 27.5 -10 6.6 27.1 -10 5 26.8 -10
4 179 8.6 30.1 -10 10 30.5 -10 10 30 -10 9.7 29 -10
4 179 -.6 36.9 -10 .8 36.7 -10 -1.1 34 -10 -.9 36.9 -10
4 179 -.9 41.4 -10 -1.3 39.4 -10 -2 42 -10 -1.6 44.3 -10
4 179 3.4 41.1 -10 7.3 41.8 -10 2.3 40 -10 2.6 40.7 -10
4 179 13.6 44.3 -10 13.2 44.3 -10 12.5 45.2 -10 14.4 44.4 -10
4 179 16.6 45.1 -10 17 45.3 -10 16.9 44.7 -10 16.3 44.6 -10
4 179 5.8 34 -10 4.7 33.8 -10 4.7 34.1 -10 5.7 34.5 -10
4 179 10.9 30.2 -10 10.8 30.8 -10 13.6 32 -10 13.7 32 -10
3 179 17 34.1 -10 17.3 36.6 -10 17.6 35 -10
4 179 16.8 32.7 -10 17.6 32.8 -10 17.2 31.5 -10 16.4 31.8 -10
3 179 14.6 28.9 -10 16.4 31.8 -10 17.2 31.5 -10
3 179 13.4 25.2 -10 13 26.2 -10 14.3 28.1 -10
4 179 11.9 23.5 -10 12.7 23.5 -10 11.8 21.8 -10 11.1 22 -10
4 179 10.5 23.1 -10 9.8 22.8 -10 10.3 23.9 -10 11.1 24.3 -10
4 179 12.6 27.2 -10 11.3 27.1 -10 11.3 27.5 -10 13 29 -10
4 179 13 29 -10 11 27.5 -10 10.1 27.7 -10 10.3 28.7 -10
3 179 15 31.3 -10 13.7 32 -10 15 31.5 -10
4 179 11.8 34.8 -10 10 33.3 -10 10.1 35.7 -10 12.1 35.8 -10
4 179 7.9 27.5 -10 6.5 30.2 -10 8.6 30.1 -10 9.4 28.2 -10
3 179 10.3 28.7 -10 10.9 30.2 -10 13.7 32 -10
3 179 10.2 27.1 -10 10.1 27.7 -10 11 27.5 -10
3 179 11.3 27.5 -10 11 27.5 -10 13 29 -10
3 179 11.8 25.1 -10 11.3 27.1 -10 12.6 27.2 -10
4 179 9.8 22.8 -10 10.5 23.1 -10 10.1 22 -10 9.5 22.5 -10
4 179 9.3 22.5 -10 8.4 22 -10 8.7 22.8 -10 9.1 23.3 -10
3 179 9.3 22.5 -10 9.1 23.3 -10 9.4 23.3 -10
3 179 9.4 28.2 -10 8.6 30.1 -10 9.7 29 -10
4 179 5.4 30.7 -10 6.5 30.2 -10 5 26.8 -10 3.5 26.8 -10
4 179 4.2 31.6 -10 5.4 30.7 -10 3.1 26.9 -10 1.8 27.3 -10
4 179 1.8 34.7 -10 -.7 32.2 -10 -1.1 34 -10 .8 36.7 -10
4 179 .8 36.7 -10 -.6 36.9 -10 -.6 37.5 -10 -.1 38.9 -10
4 179 5.9 33.9 -10 5.8 34 -10 5.7 34.5 -10 6.9 34.3 -10
4 179 -.1 38.9 -10 -.6 37.5 -10 -1.3 39.4 -10 -.9 41.4 -10
4 179 -4.6 45.6 -10 -1.7 45.1 -10 -1.6 44.3 -10 -3 44.8 -10
4 179 10.3 45.4 -10 10.6 45.7 -10 11.1 45.7 -10 11 44.8 -10
4 179 7.9 43.6 -10 7.6 43.7 -10 10.1 44.9 -10 10.4 43.9 -10
3 179 -1.6 44.3 -10 -2.5 44.3 -10 -3 44.8 -10
3 179 -3 44.8 -10 -4.4 45.3 -10 -4.6 45.6 -10
3 179 -2 42 -10 -2.5 44.3 -10 -1.6 44.3 -10
4 179 -2 37.4 -10 -1.9 38.1 -10 -1.5 37.9 -10 -.9 36.9 -10
3 179 -1.1 34 -10 -2 37.4 -10 -.9 36.9 -10
4 179 -.7 31.3 -10 3 32.9 -10 4.2 31.6 -10 .4 28 -10
4 179 -.7 31.3 -10 .4 28 -10 -.8 29 -10 -1.1 30.8 -10
4 179 -1.8 30.8 -10 -1.1 30.8 -10 -1.6 29.4 -10 -4.1 30.5 -10
3 179 -4.1 30.5 -10 -2.1 31.1 -10 -1.8 30.8 -10
4 179 -2.4 31.6 -10 -2.1 31.1 -10 -4.1 30.5 -10 -4.1 31.7 -10
4 179 -2.8 33.3 -10 -4.1 31.7 -10 -3.5 33.4 -10 -2.9 33.5 -10
3 179 -2.4 31.6 -10 -4.1 31.7 -10 -2.8 33.3 -10
3 179 -.8 29 -10 -1.6 29.4 -10 -1.1 30.8 -10
3 179 1.8 27.3 -10 .4 28 -10 4.2 31.6 -10
3 179 3.5 26.8 -10 3.1 26.9 -10 5.4 30.7 -10
4 179 6.8 33.7 -10 6.5 32.9 -10 6.1 32.9 -10 5.9 33.9 -10
4 179 4 36.4 -10 6 37.2 -10 4.4 35.7 -10 4.2 35.9 -10
4 179 10.4 43.9 -10 10.7 43 -10 8.1 43.2 -10 7.9 43.6 -10
4 179 13.7 37 -10 11.3 38 -10 13.4 38.4 -10 14.6 37.8 -10
3 179 6.9 34.3 -10 5.7 34.5 -10 7 34.6 -10
3 179 4.9 33.4 -10 4.7 33.8 -10 5.8 34 -10
3 179 6.8 33.7 -10 5.9 33.9 -10 6.9 34.3 -10
3 179 6.1 32.9 -10 5.7 33.6 -10 5.9 33.9 -10
4 179 6.1 32.5 -10 6.1 32.9 -10 6.5 32.9 -10 6.5 32.3 -10
3 179 6.7 32.3 -10 6.5 32.3 -10 6.5 32.9 -10
4 179 14.1 38.5 -10 14.8 39.6 -10 14.8 38.8 -10 14.6 37.8 -10
4 179 12.1 35.8 -10 10.1 35.7 -10 10.5 36.8 -10 12.3 36.1 -10
4 179 12.5 40.3 -10 8.7 40.2 -10 7.3 41.8 -10 10.7 43 -10
3 179 14.1 38.5 -10 14.7 39.5 -10 14.8 39.6 -10
3 179 14.6 37.8 -10 13.4 38.4 -10 14.1 38.5 -10
4 179 12.4 39.3 -10 12.5 40.3 -10 13.4 38.4 -10 12.4 38.8 -10
4 179 3.8 43.8 -10 4.9 43.3 -10 3.7 43.3 -10 3.5 43.5 -10
4 179 6.6 44.3 -10 10.1 44.9 -10 7.6 43.7 -10 4.9 43.3 -10
4 179 12.4 44.2 -10 12.5 45.2 -10 13.2 44.3 -10 13 44.1 -10
4 179 10.1 44.9 -10 10.3 45.1 -10 11 44.8 -10 10.5 44.1 -10
4 179 11 44.1 -10 10.5 44.1 -10 11 44.8 -10 11.3 44.6 -10
4 179 11.8 44.2 -10 11.5 45.1 -10 12.5 45.2 -10 12.4 44.2 -10
4 179 11.5 43 -10 11 43.3 -10 11.7 43.6 -10 11.7 43.1 -10
4 179 12.3 43 -10 13 43.3 -10 12.9 42.9 -10 12.5 42.8 -10
4 179 11.7 43.6 -10 11 43.3 -10 11 44.1 -10 11.8 44.2 -10
4 179 14.4 44.4 -10 12.5 45.2 -10 16 45.5 -10 14.9 44.5 -10
4 179 14 43.5 -10 13.6 43.4 -10 13.6 44.3 -10 14.3 43.7 -10
4 179 13 43.3 -10 12.3 43 -10 12.4 44.2 -10 13 44.1 -10
4 179 16 45.5 -10 16.1 45.4 -10 16 44.9 -10 15.6 44.5 -10
4 179 15.2 44 -10 14.9 43.9 -10 14.9 44.5 -10 15.6 44.3 -10
3 179 14.3 43.7 -10 13.6 44.3 -10 14.4 44.4 -10
3 179 15.6 44.3 -10 14.9 44.5 -10 15.6 44.5 -10
3 179 15.6 44.5 -10 14.9 44.5 -10 16 45.5 -10
3 179 11.8 44.2 -10 11.3 44.6 -10 11.5 45.1 -10
3 179 11 44.1 -10 11.3 44.6 -10 11.8 44.2 -10
3 179 11 44.8 -10 10.3 45.1 -10 10.3 45.4 -10
3 179 10.4 43.9 -10 10.1 44.9 -10 10.5 44.1 -10
4 179 7.5 49.2 -10 6.4 49.9 -10 6.4 50.1 -10 7.2 50.5 -10
3 179 2.3 40 -10 2.2 40.1 -10 2.6 40.7 -10
3 179 4.9 43.3 -10 3.8 43.8 -10 6.6 44.3 -10
4 179 10.7 43 -10 7.3 41.8 -10 7.9 43 -10 8.1 43.2 -10
4 179 9 35.8 -10 6.9 35.1 -10 7.4 37.7 -10 8.6 37.4 -10
3 179 3.4 41.1 -10 7.9 43 -10 7.3 41.8 -10
4 179 12.3 36.1 -10 10.5 36.8 -10 11.3 38 -10 13.7 37 -10
4 179 9.8 36.8 -10 10.1 35.7 -10 9 35.8 -10 8.6 37.4 -10
3 179 8.7 40.2 -10 7.5 41.5 -10 7.3 41.8 -10
4 179 10.4 39 -10 8.7 40.2 -10 12.5 40.3 -10 11.3 39 -10
3 179 11.3 38 -10 12.4 38.8 -10 13.4 38.4 -10
3 179 11.3 39 -10 12.5 40.3 -10 12.2 39.3 -10
3 179 12.4 39.3 -10 12.2 39.3 -10 12.5 40.3 -10
4 179 6 37.2 -10 6.9 35.1 -10 4.8 35.1 -10 4.4 35.7 -10
3 179 4.2 35.9 -10 2.8 35.9 -10 4 36.4 -10
3 179 6.9 35.1 -10 6 37.2 -10 7.4 37.7 -10
3 179 10.1 35.7 -10 9.8 36.8 -10 10.5 36.8 -10
4 179 10 33.3 -10 11.8 34.8 -10 11.4 32.7 -10 10.8 32.4 -10
3 179 10.8 32.4 -10 10.1 32.4 -10 10 33.3 -10
3 179 17.9 45.5 -10 17.3 45.5 -10 17.4 46.1 -10
4 179 10.2 48.5 -10 13.2 46.3 -10 7.5 49.2 -10 8.5 49.5 -10
4 179 14.3 46.3 -10 14 46 -10 13.2 46.3 -10 10.2 48.5 -10
3 179 -7.7 55.9 -10 -7.7 55.2 -10 -10 55.2 -10
3 179 7.5 49.2 -10 7.2 50.5 -10 8.5 49.5 -10
3 179 14.8 46 -10 14 46 -10 14.3 46.3 -10
4 179 -14.5 53.6 -10 -15.3 54.8 -10 -15 55.1 -10 -13.7 54 -10
4 179 15.1 54.4 -10 13.7 55.6 -10 14.4 55.7 -10 16.3 55 -10
4 179 13.7 57.5 -10 13.7 55.6 -10 11.7 56.3 -10 9.6 57.5 -10
4 179 2.8981 57.456 -10 2.1 56.3 -10 1.1 56.2 -10 1.5245 57.5771 -10
4 179 2.7 56 -10 4.2 57 -10 4.8 56.3 -10 2.8 55.5 -10
4 179 -15 55.1 -10 -13.9 56 -10 -13.2 55.4 -10 -13.2 54.6 -10
3 179 -13.7 54 -10 -15 55.1 -10 -13.2 54.6 -10
4 179 -6.8 57.5 -10 -11.9 56.3 -10 -12.9 56.3 -10 -14.7 57.5 -10
4 179 -10 54.8 -10 -7.2 54.7 -10 -7.2 53.6 -10 -11.9 53.6 -10
4 179 -10 54.8 -10 -11.9 53.6 -10 -11.9 56.3 -10 -10 55.2 -10
4 179 -4.7 54.8 -10 -2.9 54.8 -10 .5 53.6 -10 -6.5 53.6 -10
3 179 -6.8 56.3 -10 -10 56.3 -10 -6.8 57.5 -10
3 179 -10 55.9 -10 -11.9 56.3 -10 -10 56.3 -10
3 179 -10 55.2 -10 -10 55.9 -10 -7.7 55.9 -10
3 179 -10 55.2 -10 -11.9 56.3 -10 -10 55.9 -10
3 179 -10 56.3 -10 -11.9 56.3 -10 -6.8 57.5 -10
3 179 .5 53.6 -10 -2.9 54.8 -10 -1.4 54.8 -10
3 179 -13.9 56.1 -10 -14.7 57.5 -10 -12.9 56.3 -10
4 179 -16.9 54.8 -10 -15.3 54.8 -10 -14.5 53.6 -10 -18.8 53.6 -10
4 179 -18.8 57.5 -10 -16.9 57.5 -10 -16.8 56.5 -10 -16.9 55.5 -10
4 179 -11.4 58 -10 -18.8 58 -10 -18.8 58.4 -10 -11.4 58.4 -10
4 179 .6 55.9 -10 -1.4 56.1 -10 -1.1 56.8 -10 .1638 57.3528 -10
4 179 2.8 55.5 -10 4.8 56.3 -10 4.8 53.6 -10 2.9 53.6 -10
4 179 1.1 56.2 -10 .6 55.9 -10 .1638 57.3528 -10 1.5245 57.5771 -10
4 179 2.7 56 -10 2.1 56.3 -10 2.8981 57.456 -10 4.2 57 -10
4 179 11 55.7 -10 11.2 55 -10 9.3199 55.2283 -10 10.5 56.1 -10
4 179 7.4 54.7 -10 8.5 54.7 -10 9.9 53.6 -10 5.5 53.6 -10
4 179 -1.4 54.8 -10 -1.4 56.1 -10 .6 55.9 -10 .5 53.6 -10
4 179 3.3 58.2 -10 -5.5 58.2 -10 -2.1 60.2 -10 3.3 60.2 -10
4 179 -4.7 57.5 -10 -2.9 57.5 -10 -2.9 54.8 -10 -4.7 54.8 -10
3 179 -6.5 53.6 -10 -6.5 54.8 -10 -4.7 54.8 -10
4 179 7.4 55.5 -10 5.5 53.6 -10 5.5 57.5 -10 7.4 56.6 -10
4 179 9.3199 55.2283 -10 11.2 55 -10 11.1 54.6 -10 10.7 54.1 -10
4 179 9.6 57.5 -10 10.9 56.3 -10 10.5 56.1 -10 9.1 55.5 -10
4 179 12.2 53.6 -10 11.7 53.6 -10 11.7 56.3 -10 13.7 55.6 -10
4 179 13.3 53.8 -10 12.2 53.6 -10 13.7 55.6 -10 15.1 54.4 -10
4 179 16.3 55 -10 15.7 56.3 -10 16.2 56.9 -10 18.3 57.5 -10
3 179 16.2 56.9 -10 16.4 57.5 -10 18.3 57.5 -10
4 179 18.3 53.6 -10 16.4 53.6 -10 16.3 55 -10 18.3 57.5 -10
3 179 16.3 55 -10 14.4 55.7 -10 15.7 56.3 -10
4 179 14.1 61 -10 13.8 60.1 -10 10.9125 61.4734 -10 14 62.4 -10
3 179 11.7 56.3 -10 10.9 56.3 -10 9.6 57.5 -10
4 179 3.4 65 -10 3.4 62.9 -10 -2.1 62.9 -10 -5.5 65 -10
4 179 9.6 57.5 -10 9.1 55.5 -10 7.4 55.5 -10 7.4 56.6 -10
3 179 7.4 56.6 -10 5.5 57.5 -10 7.4 57.5 -10
4 179 -15.1 55.5 -10 -13.9 56.1 -10 -13.9 56 -10 -15 55.1 -10
4 179 -14.7 57.5 -10 -13.9 56.1 -10 -15.1 55.5 -10 -16.8 56.5 -10
3 179 -15.1 55.5 -10 -16.9 55.5 -10 -16.8 56.5 -10
4 179 9.9 53.6 -10 8.5 54.7 -10 9.2 54.9 -10 10.7 54.1 -10
3 179 10.7 54.1 -10 9.2 54.9 -10 9.3199 55.2283 -10
3 179 9.3199 55.2283 -10 9.1 55.5 -10 10.5 56.1 -10
3 179 5.5 53.6 -10 7.4 55.5 -10 7.4 54.7 -10
4 179 -8.1 67.9 -10 -7.1 67.4 -10 -9.7 65.3 -10 -10.2 65.8 -10
4 179 -6.2 58.2 -10 -9.7 58.2 -10 -9.7 65.3 -10 -6.2 66.1 -10
4 179 -9.4 68.2 -10 -8.1 67.9 -10 -10.2 65.8 -10 -10.9 66 -10
4 179 -11.5 68.3 -10 -9.4 68.2 -10 -10.9 66 -10 -12.2 68.1 -10
3 179 -10.9 66 -10 -13.4 66 -10 -12.2 68.1 -10
4 179 -16.9199 60.9071 -10 -16.8 61.4 -10 -16.1 61.1 -10 -16.4 60.5 -10
4 179 -17.9 62.3 -10 -17.4 62.3 -10 -17.4 61.8 -10 -19 61.8 -10
4 179 -13.5 59.4 -10 -13.4 59 -10 -13.5 58.9 -10 -14.4 59.5 -10
4 179 -16.4 60.5 -10 -16.1 61.1 -10 -15.5926 60.587 -10 -16.3 60.1 -10
4 179 -13.6 62.8 -10 -13.5 62.5 -10 -13.5 62.3 -10 -14.1 61.8 -10
4 179 -9.7 65.3 -10 -7.1 67.4 -10 -6.5 66.8 -10 -6.2 66.1 -10
4 179 10.3 58.2 -10 7.4 60.4 -10 9.9 60.5 -10 11.4 58.5 -10
4 179 -2.1 62.2 -10 -2.1 60.7 -10 -5.5 58.2 -10 -5.5 65 -10
4 179 -2.1 62.2 -10 1.9 62.2 -10 1.9 60.7 -10 -2.1 60.7 -10
3 179 -2.1 62.2 -10 -5.5 65 -10 -2.1 62.9 -10
3 179 -5.5 58.2 -10 -2.1 60.7 -10 -2.1 60.2 -10
4 179 13.6 63.3 -10 14 62.4 -10 10.821 62.2058 -10 12.6 64.2 -10
4 179 10.9125 61.4734 -10 13.8 60.1 -10 12.9 59.2 -10 10.5624 60.8238 -10
4 179 11.6 64.7 -10 12.6 64.2 -10 10.821 62.2058 -10 10.3217 62.7492 -10
4 179 10.5624 60.8238 -10 12.9 59.2 -10 11.4 58.5 -10 9.9 60.5 -10
4 179 14.8 65 -10 18.2 65 -10 18.2 58.2 -10 14.8 58.2 -10
4 179 -16.3 60.1 -10 -15.5926 60.587 -10 -15.5525 59.8661 -10 -16 59.3 -10
4 179 -14.4 59.5 -10 -15.1 58.9 -10 -15.1 61.4 -10 -14.4 59.7 -10
4 179 -15.1 61.4 -10 -14.5 61.4 -10 -14.4 60.3 -10 -14.4 59.7 -10
4 179 -18.2 60.1 -10 -19 59.6335 -10 -19 60.4606 -10 -18.1 60.5 -10
4 179 -18.1 59.6 -10 -18.3 59.1 -10 -19 59.6335 -10 -18.2 60.1 -10
4 179 -18.6 62.3 -10 -18.5 64.3 -10 -18.3 64.3 -10 -17.9 64.2 -10
4 179 -18.1 60.5 -10 -19 60.4606 -10 -18.6 61 -10 -17.8 61.4 -10
4 179 -16.7084 58.8787 -10 -17.5295 58.8073 -10 -16.941 59.3013 -10 -16.4 59.6 -10
3 179 -13.5 58.9 -10 -15.1 58.9 -10 -14.4 59.5 -10
4 179 -14.4 60.3 -10 -13.5 60.3 -10 -13.5 59.8 -10 -14.4 59.7 -10
4 179 -12.4 61.8 -10 -14.1 61.8 -10 -13.5 62.3 -10 -12.4 62.3 -10
4 179 -15.1 63.3 -10 -15 64.2 -10 -14.6 64.3 -10 -15.1 62.8 -10
4 179 -14.6 61.8 -10 -15.1 61.8 -10 -15.1 62.8 -10 -14.6 64.3 -10
3 179 -16.7084 58.8787 -10 -16.4 59.6 -10 -16 59.3 -10
3 179 -16 59.3 -10 -16.4 59.6 -10 -16.3 60.1 -10
4 179 -16.8 61.4 -10 -16.9199 60.9071 -10 -17.5801 60.9071 -10 -17.8 61.4 -10
3 179 -18.1 60.5 -10 -17.8 61.4 -10 -17.5801 60.9071 -10
4 179 -18.3 59.1 -10 -18.1 59.6 -10 -17.559 59.3013 -10 -17.5295 58.8073 -10
3 179 -17.5295 58.8073 -10 -17.559 59.3013 -10 -16.941 59.3013 -10
4 179 10.5 65 -10 9.6 62.9 -10 7.4 63 -10 4.1 65 -10
4 179 10.5 65 -10 11.6 64.7 -10 10.3217 62.7492 -10 9.6 62.9 -10
3 179 10.9125 61.4734 -10 10.821 62.2058 -10 14 62.4 -10
4 179 4.1 65 -10 7.4 63 -10 7.4 60.4 -10 4.1 58.2 -10
3 179 10.3 58.2 -10 4.1 58.2 -10 7.4 60.4 -10
4 179 -18.8 64.7 -10 -18.8 65.2 -10 -11.4 65.2 -10 -11.4 64.7 -10
4 179 -16.3 62.8 -10 -16.9 61.9 -10 -16.9 64.2 -10 -16.3 63.3 -10
3 179 -17.9 62.3 -10 -18.6 62.3 -10 -17.9 64.2 -10
4 179 -15.1 63.3 -10 -15.1 62.8 -10 -16.3 62.8 -10 -16.3 63.3 -10
4 179 -16.9 64.2 -10 -16.5 64.3 -10 -16.3 64.2 -10 -16.3 63.3 -10
4 179 -16.7 61.8 -10 -16.9 61.9 -10 -16.3 62.8 -10 -16.3 61.8 -10
4 179 -13.6 62.8 -10 -14.1 61.8 -10 -14 64.2 -10 -13.5 63.3 -10
4 179 -13.5 63.3 -10 -12.4 63.3 -10 -12.4 62.8 -10 -13.6 62.8 -10
4 179 -12.4 64.3 -10 -12.3 63.9 -10 -13.5 63.9 -10 -14 64.2 -10
3 179 -13.5 63.3 -10 -14 64.2 -10 -13.5 63.9 -10
3 179 -18.6 62.3 -10 -17.9 62.3 -10 -19 61.8 -10
3 179 -18.6 62.3 -10 -19 61.8 -10 -19 62.3 -10