0 Minifig Helmet with Mask with White "A" and Dark Blue Symbiote Tendrils Pattern
0 Name: 49556p03.dat
0 Author: Philippe Hurbain [Philo]
0 !LDRAW_ORG Unofficial_Part
0 !LICENSE Licensed under CC BY 4.0 : see CAreadme.txt

0 BFC CERTIFY CCW

0 !CATEGORY Minifig Headwear
0 !KEYWORDS Bricklink 49556pb06, Brickowl 626353, Brickset 116604
0 !KEYWORDS Captain America, Rebrickable 49556pr0005, Set 76342, Venomized

1 16 0 0 0 1 0 0 0 1 0 0 0 1 s\49556s01.dat
1 16 0 0 0 1 0 0 0 1 0 0 0 1 s\49556s03.dat
1 16 0 0 0 -1 0 0 0 1 0 0 0 1 s\49556s03.dat
3 15 -2.549 1.193 -14.9 -2.3965 1.8344 -15.0971 -1.8691 1.2927 -14.9975
4 15 0 .7407 -14.9361 .3377 .8049 -14.933 .6771 -.7659 -14.2593 0 -.7654 -14.3184
4 15 0 -4.4482 -12.1596 -.6078 -3.9707 -12.4278 -.7583 -3.6626 -12.618 0 -3.3148 -12.8984
4 15 -3.1283 -.6524 -14.0219 -3.4938 -.5907 -13.9689 -4.1514 -.1325 -14.0155 -3.9373 1.0683 -14.5521
4 15 3.0441 1.9347 -15.0068 3.0804 1.896 -14.9873 2.7956 1.1904 -14.8439 2.6412 1.3311 -14.9199
4 15 -.2922 -4.3915 -12.1723 -.5702 -4.0476 -12.3791 -.6078 -3.9707 -12.4278 -.0728 -4.485 -12.1305
4 15 -3.9003 1.276 -14.6214 -3.4094 2.0547 -14.9602 -3.2342 2.2195 -15.0478 -2.549 1.193 -14.9
4 15 -2.3764 -1.538 -13.7867 -2.641 -1.2264 -13.8915 -2.549 1.193 -14.9 -1.0689 -.7645 -14.225
3 15 -2.549 1.193 -14.9 -1.8419 1.2765 -14.9957 -1.2065 .8976 -14.8955
4 15 -.5162 .7369 -14.8896 -1.0689 -.7645 -14.225 -2.549 1.193 -14.9 -1.2065 .8976 -14.8955
4 15 -1.0689 -.7645 -14.225 -.9544 -1.1422 -14.0793 -.997 -1.321 -14.0015 -1.2706 -1.5505 -13.8818
4 15 -1.9479 -1.8909 -13.6797 -2.3764 -1.538 -13.7867 -1.0689 -.7645 -14.225 -1.2706 -1.5505 -13.8818
3 15 0 .7407 -14.9361 0 -.7654 -14.3184 -.0469 .7318 -14.9283
4 15 -1.0689 -.7645 -14.225 -.5162 .7369 -14.8896 -.0469 .7318 -14.9283 0 -.7654 -14.3184
4 15 -2.549 1.193 -14.9 -2.5585 2.6389 -15.3084 -2.5065 2.6405 -15.3141 -2.5038 2.0836 -15.1567
3 15 -1.8691 1.2927 -14.9975 -1.8419 1.2765 -14.9957 -2.549 1.193 -14.9
3 15 -2.549 1.193 -14.9 -2.5038 2.0836 -15.1567 -2.3965 1.8344 -15.0971
4 15 -2.5585 2.6389 -15.3084 -2.549 1.193 -14.9 -3.2342 2.2195 -15.0478 -2.9189 2.516 -15.198
3 15 -2.9189 2.516 -15.198 -2.7024 2.6343 -15.2769 -2.5585 2.6389 -15.3084
4 15 2.0718 2 -15.1771 2.5573 2.4555 -15.2566 2.5505 1.4138 -14.9623 2.286 1.6548 -15.0575
4 15 1.8846 2.3719 -15.3015 2.5181 2.4974 -15.2724 2.5573 2.4555 -15.2566 2.0718 2 -15.1771
4 15 2.5181 2.4974 -15.2724 1.8846 2.3719 -15.3015 1.9447 2.737 -15.3987 2.1597 2.7553 -15.382
4 15 .3377 .8049 -14.933 1.0777 1.0958 -14.988 1.5257 1.0866 -14.9453 .6771 -.7659 -14.2593
4 15 1.5257 1.0866 -14.9453 2.5728 .5682 -14.6396 2.6212 -.7052 -14.1087 .6771 -.7659 -14.2593
4 15 2.6212 -.7052 -14.1087 2.2517 -1.0931 -13.9819 1.296 -1.8738 -13.7459 .6771 -.7659 -14.2593
3 15 1.296 -1.8738 -13.7459 .1015 -1.7744 -13.8953 .6771 -.7659 -14.2593
3 15 .1015 -1.7744 -13.8953 1.296 -1.8738 -13.7459 1.1152 -2.0215 -13.6624
4 15 .1015 -1.7744 -13.8953 1.1152 -2.0215 -13.6624 0 -2.7614 -13.2592 0 -1.9523 -13.7865
3 15 0 -4.4482 -12.1596 0 -3.3148 -12.8984 .2501 -4.1626 -12.3281
4 15 .849 -3.0327 -13.0221 .2501 -4.1626 -12.3281 0 -3.3148 -12.8984 .552 -3.0615 -13.0244
3 15 2.8479 1.1662 -14.8251 3.4464 1.1124 -14.6751 3.1108 1.0447 -14.7192
4 15 3.1108 1.0447 -14.7192 3.4464 1.1124 -14.6751 3.5084 .9797 -14.6076 3.385 .8952 -14.5995
4 15 2.6212 -.7052 -14.1087 2.5728 .5682 -14.6396 3.2043 .2556 -14.3767 2.8918 -.5555 -14.112
4 15 3.5741 -.6339 -13.9341 2.8918 -.5555 -14.112 3.2043 .2556 -14.3767 3.7602 -.1621 -14.0871
3 15 3.7602 -.1621 -14.0871 3.7256 -.5832 -13.9224 3.5741 -.6339 -13.9341
4 15 -.0432 -4.4976 -12.1244 -.0728 -4.485 -12.1305 -.6078 -3.9707 -12.4278 0 -4.4482 -12.1596
4 15 0 -1.9523 -13.7865 0 -2.7614 -13.2592 -.2464 -2.9248 -13.1352 -.1822 -2.2716 -13.5655
3 15 -.2464 -2.9248 -13.1352 -1.0991 -3.2092 -12.8893 -1.5605 -2.5917 -13.2592
4 15 -.2464 -2.9248 -13.1352 -1.5605 -2.5917 -13.2592 -1.5911 -2.4357 -13.3587 -.1822 -2.2716 -13.5655
3 15 -1.5911 -2.4357 -13.3587 -.5486 -1.8658 -13.8041 -.1822 -2.2716 -13.5655
4 15 -3.9373 1.0683 -14.5521 -2.549 1.193 -14.9 -2.641 -1.2264 -13.8915 -3.1283 -.6524 -14.0219
4 15 -4.0966 -.7516 -13.7734 -4.1514 -.1325 -14.0155 -3.4938 -.5907 -13.9689 -3.8647 -.7405 -13.8279
4 15 3.4464 1.1124 -14.6751 2.8479 1.1662 -14.8251 2.7956 1.1904 -14.8439 3.0804 1.896 -14.9873
3 15 -2.549 1.193 -14.9 -3.9373 1.0683 -14.5521 -3.9003 1.276 -14.6214
4 15 2.5573 2.4555 -15.2566 3.0441 1.9347 -15.0068 2.6412 1.3311 -14.9199 2.5505 1.4138 -14.9623
4 16 .2307 2.4683 -15.5038 0 2.4356 -15.521 0 5.738 -16.489 1.1522 3.2145 -15.6155
4 16 4.774 4.526 -15.38 2.6182 3.2891 -15.4804 2.5629 3.3064 -15.4969 2.575 5.148 -16.017
4 16 5.043 .969 -14.275 4.4692 1.0205 -14.4188 4.5857 1.4095 -14.5069 5.0149 1.3404 -14.3904
4 16 5.0067 2.8538 -14.8307 4.774 4.526 -15.38 6.82 3.912 -14.629 5.5229 2.9785 -14.7222
3 16 6.82 3.912 -14.629 9.468 3.183 -13.471 7.473 .783 -13.438
3 16 9.468 3.183 -13.471 10.038 .589 -12.398 7.473 .783 -13.438
4 16 7.1855 .3733 -13.3647 6.8964 .4159 -13.4725 6.5077 .6298 -13.6799 7.473 .783 -13.438
3 16 7.473 .783 -13.438 7.542 .3206 -13.2197 7.1855 .3733 -13.3647
3 16 10.038 .589 -12.398 9.0067 -.1619 -12.4711 9.0293 .1321 -12.585
3 16 10.038 .589 -12.398 10.464 -2.011 -11.005 7.904 -2.106 -12.074
3 16 10.464 -2.011 -11.005 8.174 -4.682 -10.039 7.904 -2.106 -12.074
3 16 10.464 -2.011 -11.005 10.75 -4.231 -9.078 8.174 -4.682 -10.039
4 16 2.6041 -4.8762 -11.5914 2.561 -7.002 -9.309 0 -6.849 -9.761 2.5433 -4.8778 -11.5965
3 16 2.561 -7.002 -9.309 5.57 -4.857 -10.946 5.384 -7.175 -8.318
4 16 5.57 -4.857 -10.946 2.561 -7.002 -9.309 3.1149 -4.8625 -11.4915 3.216 -4.8356 -11.4978
3 16 5.384 -7.175 -8.318 5.57 -4.857 -10.946 8.174 -4.682 -10.039
3 16 5.384 -7.175 -8.318 8.174 -4.682 -10.039 7.881 -7.064 -7.11
3 16 7.881 -7.064 -7.11 8.174 -4.682 -10.039 10.75 -4.231 -9.078
3 16 7.881 -7.064 -7.11 10.75 -4.231 -9.078 10.728 -6.182 -6.393
3 16 -8.7041 1.8459 -13.3204 -8.5616 1.6756 -13.3184 -10.038 .589 -12.398
4 16 -7.473 .783 -13.438 -6.3126 .8718 -13.8377 -5.3554 -1.7967 -13.073 -5.5629 -1.9391 -12.951
3 16 -2.605 -4.83 -11.641 -3.3363 -4.1346 -11.973 -2.6284 -3.8072 -12.3366
4 16 -3.8465 -4.8146 -11.3691 -3.9232 -4.521 -11.5622 -3.6114 -4.2618 -11.8191 -3.7904 -4.8408 -11.3631
4 16 -7.473 .783 -13.438 -6.0904 -2.0987 -12.7021 -6.1657 -2.1532 -12.6532 -7.904 -2.106 -12.074
3 16 -5.57 -4.857 -10.946 -5.6982 -4.7059 -11.008 -5.5613 -4.7207 -11.0457
3 16 -10.038 .589 -12.398 -7.473 .783 -13.438 -7.904 -2.106 -12.074
3 16 -10.038 .589 -12.398 -7.904 -2.106 -12.074 -10.464 -2.011 -11.005
3 16 -10.464 -2.011 -11.005 -8.174 -4.682 -10.039 -10.75 -4.231 -9.078
3 16 0 -6.849 -9.761 -.9572 -5.7044 -10.8607 -.7708 -5.662 -10.9159
3 16 -2.561 -7.002 -9.309 -5.384 -7.175 -8.318 -5.57 -4.857 -10.946
3 16 -2.561 -7.002 -9.309 -4.1638 -5.4547 -10.6174 -3.9139 -5.5516 -10.569
3 16 -5.384 -7.175 -8.318 -8.174 -4.682 -10.039 -5.57 -4.857 -10.946
3 16 -5.384 -7.175 -8.318 -7.881 -7.064 -7.11 -8.174 -4.682 -10.039
3 16 -7.881 -7.064 -7.11 -10.75 -4.231 -9.078 -8.174 -4.682 -10.039
3 16 -7.881 -7.064 -7.11 -10.728 -6.182 -6.393 -10.75 -4.231 -9.078
4 16 -1.2279 -4.6846 -11.8784 -1.8652 -5.0964 -11.4187 -2.3175 -5.0528 -11.4335 -2.605 -4.83 -11.641
3 16 7.735 -2.3052 -11.9923 7.6803 -2.1121 -12.1485 7.904 -2.106 -12.074
3 16 -7.8763 1.2682 -13.4447 -7.394 1.1618 -13.5822 -7.473 .783 -13.438
3 16 -2.3175 -5.0528 -11.4335 -2.601 -5.0255 -11.4311 -2.605 -4.83 -11.641
3 16 2.1671 3.4304 -15.5723 1.6065 3.421 -15.6268 2.575 5.148 -16.017
4 16 5.2449 1.3034 -14.3152 5.4745 1.2664 -14.23 5.7532 .9146 -14.0304 5.043 .969 -14.275
4 16 6.2988 -1.0924 -13.0536 6.2823 -1.4822 -12.8953 5.7281 -1.8227 -12.943 5.6577 -1.804 -12.9752
3 16 -2.046 3.3249 -15.5548 -2.4366 3.3982 -15.5357 -2.575 5.148 -16.017
3 16 2.4045 -1.9659 -13.6072 2.6589 -1.6958 -13.6958 2.67 -1.988 -13.574
3 16 5.0149 1.3404 -14.3904 5.2449 1.3034 -14.3152 5.043 .969 -14.275
4 16 4.5746 -3.4012 -12.2167 4.9964 -3.1049 -12.333 5.4465 -2.9309 -12.3552 5.57 -4.857 -10.946
4 16 5.1657 -2.4735 -12.7472 4.9517 -2.7438 -12.6021 4.718 -2.8207 -12.6003 5.1591 -2.4012 -12.8006
3 16 2.3825 -2.2644 -13.4142 2.4045 -1.9659 -13.6072 2.67 -1.988 -13.574
4 16 4.4692 1.0205 -14.4188 5.043 .969 -14.275 5.0735 .6992 -14.1578 4.4827 1.008 -14.4108
4 16 -4.5206 -2.262 -13.0217 -4.4993 -2.1127 -13.1281 -3.5934 -2.051 -13.3489 -4.1601 -2.2698 -13.0874
4 16 -3.5438 -2.7997 -12.8461 -3.7812 -3.6657 -12.2063 -3.8165 -3.6779 -12.191 -4.2023 -2.7112 -12.7769
4 16 -3.7904 -4.8408 -11.3631 -2.605 -4.83 -11.641 -2.601 -5.0255 -11.4311 -3.6017 -4.929 -11.3104
4 16 2.6371 -3.4278 -12.5947 2.6135 -4.4579 -11.8941 2.2483 -4.1454 -12.144 2.3893 -3.6569 -12.4632
4 16 2.3705 -2.4275 -13.3041 2.3825 -2.2644 -13.4142 2.67 -1.988 -13.574 2.6578 -2.5234 -13.2098
4 16 4.4653 2.37 -14.816 3.7558 2.4813 -15.0078 3.536 2.6715 -15.1129 4.9072 2.7648 -14.8329
4 16 5.7532 .9146 -14.0304 5.221 .6221 -14.0807 5.0735 .6992 -14.1578 5.043 .969 -14.275
3 16 -3.7977 3.0635 -15.1694 -4.9555 2.1266 -14.6346 -4.774 4.526 -15.38
4 16 1.1522 3.2145 -15.6155 0 5.738 -16.489 2.575 5.148 -16.017 1.2409 3.2548 -15.617
3 16 4.774 4.526 -15.38 3.536 2.6715 -15.1129 3.1279 3.0248 -15.2986
3 16 4.774 4.526 -15.38 3.1279 3.0248 -15.2986 2.6182 3.2891 -15.4804
4 16 4.4692 1.0205 -14.4188 4.2785 1.1966 -14.5133 4.2602 1.3454 -14.5611 4.5857 1.4095 -14.5069
4 16 2.6589 -1.6958 -13.6958 2.8041 -1.5461 -13.7259 3.8536 -2.0687 -13.2855 2.67 -1.988 -13.574
3 16 3.8536 -2.0687 -13.2855 2.8041 -1.5461 -13.7259 3.4818 -1.3078 -13.6779
4 16 3.8536 -2.0687 -13.2855 3.4818 -1.3078 -13.6779 3.7959 -1.3516 -13.5921 4.0074 -1.8079 -13.3593
3 16 3.7959 -1.3516 -13.5921 3.9923 -1.4906 -13.4927 4.0074 -1.8079 -13.3593
4 16 5.4596 2.177 -14.5079 5.6897 2.8947 -14.6512 6.82 3.912 -14.629 5.5748 1.8497 -14.3809
3 16 5.5748 1.8497 -14.3809 5.504 1.9144 -14.4195 5.4596 2.177 -14.5079
3 16 5.0067 2.8538 -14.8307 4.9072 2.7648 -14.8329 4.774 4.526 -15.38
3 16 6.82 3.912 -14.629 5.6897 2.8947 -14.6512 5.5229 2.9785 -14.7222
3 16 6.82 3.912 -14.629 7.473 .783 -13.438 6.4481 1.678 -14.0472
4 16 7.473 .783 -13.438 6.3402 .8697 -13.8282 6.2699 .9705 -13.8823 6.4481 1.678 -14.0472
4 16 6.82 3.912 -14.629 6.4481 1.678 -14.0472 5.718 1.7186 -14.2939 5.5748 1.8497 -14.3809
3 16 6.3402 .8697 -13.8282 7.473 .783 -13.438 6.5077 .6298 -13.6799
4 16 6.3162 -3.1749 -11.8757 6.2883 -4.0103 -11.2932 5.57 -4.857 -10.946 5.4465 -2.9309 -12.3552
4 16 5.4465 -2.9309 -12.3552 5.5904 -2.8753 -12.344 6.0253 -2.8575 -12.2033 6.3162 -3.1749 -11.8757
3 16 6.0253 -2.8575 -12.2033 6.2424 -2.9553 -12.0574 6.3162 -3.1749 -11.8757
3 16 7.904 -2.106 -12.074 7.6441 -.3641 -12.8964 8.2931 -.4156 -12.6322
3 16 7.904 -2.106 -12.074 8.2931 -.4156 -12.6322 8.7977 -.3684 -12.4632
3 16 7.542 .3206 -13.2197 7.473 .783 -13.438 7.596 .3127 -13.1962
4 16 7.596 .3127 -13.1962 7.473 .783 -13.438 10.038 .589 -12.398 8.817 .2897 -12.73
4 16 10.038 .589 -12.398 7.904 -2.106 -12.074 8.7977 -.3684 -12.4632 9.0067 -.1619 -12.4711
3 16 9.0293 .1321 -12.585 8.817 .2897 -12.73 10.038 .589 -12.398
3 16 5.57 -4.857 -10.946 6.2883 -4.0103 -11.2932 6.2837 -4.1497 -11.1907
4 16 8.174 -4.682 -10.039 5.57 -4.857 -10.946 6.2837 -4.1497 -11.1907 6.642 -4.1622 -11.0386
3 16 7.743 -2.3335 -11.968 7.735 -2.3052 -11.9923 7.904 -2.106 -12.074
4 16 6.9593 -3.9556 -11.0667 7.1481 -2.9969 -11.7087 7.5062 -2.5749 -11.8817 7.645 -2.511 -11.8742
3 16 7.645 -2.511 -11.8742 7.743 -2.3335 -11.968 7.904 -2.106 -12.074
3 16 8.174 -4.682 -10.039 6.642 -4.1622 -11.0386 6.9593 -3.9556 -11.0667
4 16 6.9593 -3.9556 -11.0667 7.645 -2.511 -11.8742 7.904 -2.106 -12.074 8.174 -4.682 -10.039
4 16 1.1996 -5.4592 -11.0938 0 -6.849 -9.761 0 -5.1541 -11.4818 .8955 -5.3603 -11.2141
4 16 .8855 -5.0397 -11.5402 .8955 -5.3603 -11.2141 0 -5.1541 -11.4818 .559 -4.9552 -11.6473
4 16 2.3353 -4.8834 -11.6044 2.5433 -4.8778 -11.5965 0 -6.849 -9.761 1.1996 -5.4592 -11.0938
3 16 2.561 -7.002 -9.309 2.6041 -4.8762 -11.5914 3.1149 -4.8625 -11.4915
3 16 -1.2279 -4.6846 -11.8784 -2.605 -4.83 -11.641 -1.215 -4.6201 -11.9237
3 16 -2.605 -4.83 -11.641 -2.6284 -3.8072 -12.3366 -2.5787 -3.7843 -12.3573
4 16 -1.8079 -3.7768 -12.4397 -2.605 -4.83 -11.641 -2.5787 -3.7843 -12.3573 -2.1949 -3.7188 -12.4405
4 16 -1.215 -4.6201 -11.9237 -2.605 -4.83 -11.641 -1.8079 -3.7768 -12.4397 -1.3233 -4.0905 -12.2742
4 16 -.3049 2.3924 -15.4729 -.6912 2.4749 -15.4522 0 5.738 -16.489 0 2.4356 -15.521
3 16 -3.7977 3.0635 -15.1694 -4.774 4.526 -15.38 -3.2313 3.2959 -15.3539
4 16 -2.7975 3.3755 -15.4674 -3.2313 3.2959 -15.3539 -4.774 4.526 -15.38 -2.575 5.148 -16.017
3 16 -2.575 5.148 -16.017 -2.5634 3.3902 -15.5206 -2.7975 3.3755 -15.4674
3 16 -6.82 3.912 -14.629 -4.774 4.526 -15.38 -4.9555 2.1266 -14.6346
4 16 -5.5429 1.7969 -14.3746 -6.82 3.912 -14.629 -4.9555 2.1266 -14.6346 -5.0925 2.0156 -14.5641
4 16 -6.0976 1.6798 -14.1601 -6.5982 1.7491 -14.0214 -7.207 2.0576 -13.9232 -6.82 3.912 -14.629
4 16 -6.82 3.912 -14.629 -5.5429 1.7969 -14.3746 -5.6219 1.7585 -14.3372 -6.0976 1.6798 -14.1601
3 16 -6.82 3.912 -14.629 -7.207 2.0576 -13.9232 -8.0911 2.5057 -13.7488
3 16 -6.82 3.912 -14.629 -8.0911 2.5057 -13.7488 -8.3796 2.5511 -13.661
3 16 -8.5931 2.4265 -13.5474 -8.6858 2.242 -13.4581 -9.468 3.183 -13.471
4 16 -8.5931 2.4265 -13.5474 -9.468 3.183 -13.471 -6.82 3.912 -14.629 -8.3796 2.5511 -13.661
4 16 -8.7041 1.8459 -13.3204 -10.038 .589 -12.398 -9.468 3.183 -13.471 -8.7403 2.1334 -13.4015
3 16 -9.468 3.183 -13.471 -8.6858 2.242 -13.4581 -8.7403 2.1334 -13.4015
3 16 -7.8763 1.2682 -13.4447 -7.473 .783 -13.438 -7.9676 1.2883 -13.4166
4 16 -8.5616 1.6756 -13.3184 -7.9676 1.2883 -13.4166 -7.473 .783 -13.438 -10.038 .589 -12.398
4 16 -5.3554 -1.7967 -13.073 -6.3126 .8718 -13.8377 -5.5711 .5652 -13.9481 -5.1391 .1183 -13.9053
3 16 -5.3554 -1.7967 -13.073 -5.5241 -1.9273 -12.9679 -5.5629 -1.9391 -12.951
4 16 -3.3363 -4.1346 -11.973 -2.605 -4.83 -11.641 -3.7904 -4.8408 -11.3631 -3.6114 -4.2618 -11.8191
3 16 -7.473 .783 -13.438 -5.5629 -1.9391 -12.951 -6.0904 -2.0987 -12.7021
4 16 -8.174 -4.682 -10.039 -6.9659 -4.5681 -10.6057 -5.6982 -4.7059 -11.008 -5.57 -4.857 -10.946
4 16 -7.2607 -4.3834 -10.6265 -8.174 -4.682 -10.039 -8.0421 -3.424 -11.0328 -7.2949 -4.2006 -10.7496
4 16 -7.0333 -4.1138 -10.9188 -7.2949 -4.2006 -10.7496 -8.0421 -3.424 -11.0328 -7.1759 -3.6175 -11.2333
4 16 -6.4927 -4.1113 -11.1362 -7.0333 -4.1138 -10.9188 -7.1759 -3.6175 -11.2333 -6.4538 -3.8723 -11.3305
3 16 -7.2607 -4.3834 -10.6265 -6.9659 -4.5681 -10.6057 -8.174 -4.682 -10.039
3 16 -10.464 -2.011 -11.005 -7.904 -2.106 -12.074 -9.2762 -2.6603 -11.0511
4 16 -9.2762 -2.6603 -11.0511 -7.904 -2.106 -12.074 -7.989 -2.9171 -11.4332 -8.8241 -2.7652 -11.1744
3 16 -8.7962 -3.2557 -10.8222 -8.0421 -3.424 -11.0328 -8.174 -4.682 -10.039
3 16 -9.2942 -3.1418 -10.6852 -8.7962 -3.2557 -10.8222 -8.174 -4.682 -10.039
3 16 -10.464 -2.011 -11.005 -9.2762 -2.6603 -11.0511 -9.4519 -2.7743 -10.8881
4 16 -10.464 -2.011 -11.005 -9.4529 -2.9852 -10.731 -9.2942 -3.1418 -10.6852 -8.174 -4.682 -10.039
3 16 -10.464 -2.011 -11.005 -9.4519 -2.7743 -10.8881 -9.4529 -2.9852 -10.731
3 16 -1.7539 -5.4896 -11.0268 0 -6.849 -9.761 -2.561 -7.002 -9.309
4 16 -1.8967 -5.4512 -11.0521 -1.7539 -5.4896 -11.0268 -2.561 -7.002 -9.309 -2.5906 -5.5403 -10.8783
3 16 0 -6.849 -9.761 -1.7539 -5.4896 -11.0268 -.9572 -5.7044 -10.8607
4 16 -.7708 -5.662 -10.9159 -.202 -5.2259 -11.3956 0 -5.1541 -11.4818 0 -6.849 -9.761
4 16 -4.8677 -4.8506 -11.1106 -4.1638 -5.4547 -10.6174 -2.561 -7.002 -9.309 -5.57 -4.857 -10.946
4 16 -4.3578 -4.9696 -11.0968 -4.2024 -5.1343 -10.9542 -4.1638 -5.4547 -10.6174 -4.8677 -4.8506 -11.1106
3 16 -3.0875 -5.6042 -10.6979 -2.5906 -5.5403 -10.8783 -2.561 -7.002 -9.309
3 16 -3.9139 -5.5516 -10.569 -3.0875 -5.6042 -10.6979 -2.561 -7.002 -9.309
4 16 -1.2279 -4.6846 -11.8784 -1.2582 -4.8367 -11.722 -1.4219 -5.0326 -11.5125 -1.8652 -5.0964 -11.4187
4 16 7.5062 -2.5749 -11.8817 7.1481 -2.9969 -11.7087 7.1832 -2.8191 -11.8224 7.3547 -2.6446 -11.8857
3 16 -5.4458 -2.9199 -12.3633 -5.4975 -3.7263 -11.7733 -5.4704 -2.924 -12.3517
4 16 -5.4704 -2.924 -12.3517 -5.4975 -3.7263 -11.7733 -5.8441 -3.3961 -11.8853 -5.8307 -3.1617 -12.0562
3 16 -7.904 -2.106 -12.074 -6.1657 -2.1532 -12.6532 -6.2652 -2.2252 -12.5671
4 16 -6.7479 -3.0435 -11.8167 -6.3568 -2.4213 -12.3957 -6.3186 -2.8401 -12.1122 -6.503 -2.9883 -11.9422
3 16 -6.7479 -3.0435 -11.8167 -7.1203 -3.0297 -11.6953 -6.3568 -2.4213 -12.3957
4 16 -6.2652 -2.2252 -12.5671 -6.3568 -2.4213 -12.3957 -7.1203 -3.0297 -11.6953 -7.904 -2.106 -12.074
3 16 2.575 5.148 -16.017 2.5629 3.3064 -15.4969 2.1671 3.4304 -15.5723
3 16 1.6065 3.421 -15.6268 1.2409 3.2548 -15.617 2.575 5.148 -16.017
3 16 5.4745 1.2664 -14.23 5.7268 1.0776 -14.09 5.7532 .9146 -14.0304
3 16 5.6577 -1.804 -12.9752 6.2621 -.9426 -13.1293 6.2988 -1.0924 -13.0536
4 16 6.1771 -1.6912 -12.8436 5.9741 -1.8151 -12.8614 5.7281 -1.8227 -12.943 6.2823 -1.4822 -12.8953
3 16 7.904 -2.106 -12.074 7.6803 -2.1121 -12.1485 7.6628 -2.05 -12.1807
3 16 7.6628 -2.05 -12.1807 7.2269 -1.588 -12.5253 7.904 -2.106 -12.074
4 16 7.904 -2.106 -12.074 7.2269 -1.588 -12.5253 6.9063 -1.1198 -12.8328 7.6441 -.3641 -12.8964
4 16 7.2072 -.3294 -13.0616 7.6441 -.3641 -12.8964 6.9063 -1.1198 -12.8328 6.8256 -.8108 -12.9905
3 16 6.8256 -.8108 -12.9905 6.8694 -.5191 -13.0982 7.2072 -.3294 -13.0616
4 16 0 5.738 -16.489 -.6912 2.4749 -15.4522 -1.6447 3.1429 -15.5442 -2.575 5.148 -16.017
3 16 -.6912 2.4749 -15.4522 -.7803 2.4939 -15.4485 -1.6447 3.1429 -15.5442
3 16 -2.4366 3.3982 -15.5357 -2.5634 3.3902 -15.5206 -2.575 5.148 -16.017
3 16 -2.575 5.148 -16.017 -1.6447 3.1429 -15.5442 -2.046 3.3249 -15.5548
4 16 -7.394 1.1618 -13.5822 -6.5791 .982 -13.7869 -6.3126 .8718 -13.8377 -7.473 .783 -13.438
3 16 5.57 -4.857 -10.946 3.216 -4.8356 -11.4978 3.4057 -4.7851 -11.4907
3 16 3.8235 -4.5059 -11.5957 4.5746 -3.4012 -12.2167 5.57 -4.857 -10.946
3 16 5.57 -4.857 -10.946 3.4057 -4.7851 -11.4907 3.8235 -4.5059 -11.5957
4 16 3.8844 -3.6133 -12.2218 3.8121 -3.7549 -12.1368 3.3514 -4.2253 -11.9045 3.171 -4.2918 -11.898
3 16 -4.7385 -2.8012 -12.6096 -3.8165 -3.6779 -12.191 -4.4799 -3.9082 -11.8747
4 16 -5.4458 -2.9199 -12.3633 -4.7385 -2.8012 -12.6096 -4.4799 -3.9082 -11.8747 -5.0171 -3.9209 -11.7432
4 16 -5.4394 -3.7817 -11.7468 -5.4975 -3.7263 -11.7733 -5.4458 -2.9199 -12.3633 -5.0171 -3.9209 -11.7432
4 16 -5.5613 -4.7207 -11.0457 -5.3045 -4.7486 -11.0842 -4.8677 -4.8506 -11.1106 -5.57 -4.857 -10.946
4 16 5.1337 -2.1189 -12.9887 5.137 -2.1562 -12.9726 4.4124 -2.1068 -13.1493 4.8161 -1.9397 -13.1307
3 16 4.4124 -2.1068 -13.1493 4.4502 -2.0509 -13.164 4.8161 -1.9397 -13.1307
3 16 5.1471 .0477 -13.8746 5.3454 -1.7087 -13.1112 5.1775 -1.5984 -13.1927
3 16 5.1775 -1.5984 -13.1927 4.9061 -1.3207 -13.3652 4.7959 -1.0367 -13.5055
4 16 5.1471 .0477 -13.8746 5.1775 -1.5984 -13.1927 4.7959 -1.0367 -13.5055 4.8168 -.4887 -13.7258
4 16 5.1123 .0333 -13.8762 5.1471 .0477 -13.8746 4.8168 -.4887 -13.7258 4.9195 -.197 -13.8233
4 16 2.6958 -4.4668 -11.8718 2.6135 -4.4579 -11.8941 2.6371 -3.4278 -12.5947 3.171 -4.2918 -11.898
4 16 3.171 -4.2918 -11.898 2.6371 -3.4278 -12.5947 2.8388 -3.2413 -12.6826 3.8844 -3.6133 -12.2218
3 16 2.8388 -3.2413 -12.6826 3.5457 -2.8703 -12.7973 3.8844 -3.6133 -12.2218
4 16 3.8844 -3.6133 -12.2218 3.5457 -2.8703 -12.7973 3.7802 -2.8685 -12.7524 4.0113 -3.3648 -12.367
3 16 3.7802 -2.8685 -12.7524 4.0188 -3.0251 -12.5981 4.0113 -3.3648 -12.367
4 16 4.2885 -2.7476 -12.7349 4.2651 -2.3246 -13.0292 5.1591 -2.4012 -12.8006 4.718 -2.8207 -12.6003
3 16 4.718 -2.8207 -12.6003 4.6892 -2.8301 -12.5995 4.2885 -2.7476 -12.7349
4 16 5.137 -2.1562 -12.9726 5.1591 -2.4012 -12.8006 4.2651 -2.3246 -13.0292 4.4124 -2.1068 -13.1493
4 16 3.269 -2.5451 -13.0745 2.67 -1.988 -13.574 3.8536 -2.0687 -13.2855 3.7094 -2.3132 -13.1465
4 16 2.6578 -2.5234 -13.2098 2.67 -1.988 -13.574 3.269 -2.5451 -13.0745 2.9451 -2.6194 -13.0875
4 16 -5.3554 -1.7967 -13.073 -5.1391 .1183 -13.9053 -5.0029 -.0227 -13.8768 -4.8644 -.6901 -13.6329
4 16 -5.0159 -1.5339 -13.2541 -5.3554 -1.7967 -13.073 -4.8644 -.6901 -13.6329 -4.8924 -1.1395 -13.4425
4 16 -3.471 -1.3856 -13.6483 -3.5934 -2.051 -13.3489 -4.4993 -2.1127 -13.1281 -4.4813 -1.9861 -13.1839
3 16 -3.471 -1.3856 -13.6483 -3.174 -1.5374 -13.6501 -3.1753 -1.7817 -13.5496
4 16 -3.5934 -2.051 -13.3489 -3.471 -1.3856 -13.6483 -3.1753 -1.7817 -13.5496 -3.2619 -1.9229 -13.473
3 16 -3.8165 -3.6779 -12.191 -4.7385 -2.8012 -12.6096 -4.2023 -2.7112 -12.7769
4 16 -3.2255 -3.0474 -12.7392 -3.2853 -3.2887 -12.5622 -3.7812 -3.6657 -12.2063 -3.5438 -2.7997 -12.8461
4 16 2.4666 -4.4422 -11.9195 2.3284 -4.3422 -12.0017 2.2483 -4.1454 -12.144 2.6135 -4.4579 -11.8941
3 16 4.774 4.526 -15.38 4.9072 2.7648 -14.8329 3.536 2.6715 -15.1129
3 16 4.4653 2.37 -14.816 4.1356 2.3233 -14.8762 3.7558 2.4813 -15.0078
4 16 5.7644 .8456 -13.9993 5.605 .6602 -13.9753 5.221 .6221 -14.0807 5.7532 .9146 -14.0304
4 16 5.5013 .1946 -13.822 5.7839 .1138 -13.7011 6.0907 -.2416 -13.4629 5.1471 .0477 -13.8746
4 16 5.1471 .0477 -13.8746 6.0907 -.2416 -13.4629 6.2621 -.9426 -13.1293 5.3454 -1.7087 -13.1112
4 16 5.3761 -1.7288 -13.0936 5.3454 -1.7087 -13.1112 6.2621 -.9426 -13.1293 5.6577 -1.804 -12.9752
4 16 -7.1203 -3.0297 -11.6953 -7.4342 -3.018 -11.5789 -7.989 -2.9171 -11.4332 -7.904 -2.106 -12.074
3 272 2.605 -4.83 -11.641 2.6958 -4.4668 -11.8718 3.171 -4.2918 -11.898
3 272 0 -4.555 -12.09 -.0432 -4.4976 -12.1244 0 -4.4482 -12.1596
4 272 -4.0966 -.7516 -13.7734 -4.4813 -1.9861 -13.1839 -5.0159 -1.5339 -13.2541 -4.8924 -1.1395 -13.4425
4 272 2.3353 -4.8834 -11.6044 .8855 -5.0397 -11.5402 .559 -4.9552 -11.6473 0 -4.555 -12.09
4 272 -2.5634 3.3902 -15.5206 -2.5585 2.6389 -15.3084 -2.7024 2.6343 -15.2769 -2.7975 3.3755 -15.4674
4 272 -.7708 -5.662 -10.9159 -1.4219 -5.0326 -11.5125 -1.2582 -4.8367 -11.722 -.202 -5.2259 -11.3956
4 272 .2307 2.4683 -15.5038 1.1522 3.2145 -15.6155 1.2409 3.2548 -15.617 0 1.494 -15.245
3 272 2.6041 -4.8762 -11.5914 2.5433 -4.8778 -11.5965 2.605 -4.83 -11.641
3 272 -.3049 2.3924 -15.4729 0 1.494 -15.245 -.6912 2.4749 -15.4522
4 272 -8.0911 2.5057 -13.7488 -7.207 2.0576 -13.9232 -7.394 1.1618 -13.5822 -7.8763 1.2682 -13.4447
4 272 -1.6447 3.1429 -15.5442 -2.5065 2.6405 -15.3141 -2.4366 3.3982 -15.5357 -2.046 3.3249 -15.5548
3 272 -5.6219 1.7585 -14.3372 -5.5429 1.7969 -14.3746 -5.043 .969 -14.275
4 272 -5.5629 -1.9391 -12.951 -5.398 -2.174 -12.909 -6.1657 -2.1532 -12.6532 -6.0904 -2.0987 -12.7021
4 272 .6771 -.7659 -14.2593 .1015 -1.7744 -13.8953 0 -1.766 -13.908 0 -.7654 -14.3184
3 272 -1.2706 -1.5505 -13.8818 -.997 -1.321 -14.0015 0 -1.766 -13.908
3 272 -5.0925 2.0156 -14.5641 -5.043 .969 -14.275 -5.5429 1.7969 -14.3746
4 272 -5.5613 -4.7207 -11.0457 -5.4394 -3.7817 -11.7468 -5.0171 -3.9209 -11.7432 -5.3045 -4.7486 -11.0842
3 272 -4.7385 -2.8012 -12.6096 -5.4458 -2.9199 -12.3633 -5.398 -2.174 -12.909
3 272 .1015 -1.7744 -13.8953 0 -1.9523 -13.7865 0 -1.766 -13.908
3 272 5.1591 -2.4012 -12.8006 5.137 -2.1562 -12.9726 5.398 -2.174 -12.909
4 272 2.6041 -4.8762 -11.5914 2.605 -4.83 -11.641 3.216 -4.8356 -11.4978 3.1149 -4.8625 -11.4915
4 272 -.6078 -3.9707 -12.4278 -2.67 -1.988 -13.574 -1.5605 -2.5917 -13.2592 -1.0991 -3.2092 -12.8893
4 272 -3.3363 -4.1346 -11.973 -3.2853 -3.2887 -12.5622 -3.2255 -3.0474 -12.7392 -2.6284 -3.8072 -12.3366
4 272 3.4464 1.1124 -14.6751 3.0804 1.896 -14.9873 4.1356 2.3233 -14.8762 4.2602 1.3454 -14.5611
3 272 2.7956 1.1904 -14.8439 2.549 1.193 -14.9 2.6412 1.3311 -14.9199
3 272 5.3761 -1.7288 -13.0936 5.398 -2.174 -12.909 5.3454 -1.7087 -13.1112
3 272 -1.8079 -3.7768 -12.4397 -2.1949 -3.7188 -12.4405 -2.67 -1.988 -13.574
3 272 -5.5241 -1.9273 -12.9679 -5.398 -2.174 -12.909 -5.5629 -1.9391 -12.951
3 272 -5.5711 .5652 -13.9481 -5.043 .969 -14.275 -5.1391 .1183 -13.9053
3 272 -5.6982 -4.7059 -11.008 -6.4538 -3.8723 -11.3305 -7.1203 -3.0297 -11.6953
3 272 2.5505 1.4138 -14.9623 2.6412 1.3311 -14.9199 2.549 1.193 -14.9
4 272 8.817 .2897 -12.73 8.2931 -.4156 -12.6322 7.6441 -.3641 -12.8964 7.596 .3127 -13.1962
3 272 2.6135 -4.4579 -11.8941 2.605 -4.83 -11.641 2.4666 -4.4422 -11.9195
4 272 0 -4.555 -12.09 2.3284 -4.3422 -12.0017 2.4666 -4.4422 -11.9195 2.605 -4.83 -11.641
3 272 0 -4.555 -12.09 2.3825 -2.2644 -13.4142 2.3705 -2.4275 -13.3041
4 272 2.6578 -2.5234 -13.2098 2.6371 -3.4278 -12.5947 2.3893 -3.6569 -12.4632 2.3705 -2.4275 -13.3041
4 272 2.2483 -4.1454 -12.144 0 -4.555 -12.09 2.3705 -2.4275 -13.3041 2.3893 -3.6569 -12.4632
3 272 2.2483 -4.1454 -12.144 2.3284 -4.3422 -12.0017 0 -4.555 -12.09
4 272 0 -4.4482 -12.1596 .2501 -4.1626 -12.3281 2.3825 -2.2644 -13.4142 0 -4.555 -12.09
4 272 1.1152 -2.0215 -13.6624 1.296 -1.8738 -13.7459 2.4045 -1.9659 -13.6072 2.3825 -2.2644 -13.4142
3 272 0 -3.3148 -12.8984 0 -2.7614 -13.2592 .552 -3.0615 -13.0244
4 272 .849 -3.0327 -13.0221 .552 -3.0615 -13.0244 0 -2.7614 -13.2592 1.1152 -2.0215 -13.6624
3 272 2.3825 -2.2644 -13.4142 .2501 -4.1626 -12.3281 .849 -3.0327 -13.0221
3 272 2.3825 -2.2644 -13.4142 .849 -3.0327 -13.0221 1.1152 -2.0215 -13.6624
3 272 2.549 1.193 -14.9 2.5728 .5682 -14.6396 1.5257 1.0866 -14.9453
4 272 1.0777 1.0958 -14.988 .3377 .8049 -14.933 0 .7407 -14.9361 0 1.494 -15.245
4 272 1.0777 1.0958 -14.988 0 1.494 -15.245 2.549 1.193 -14.9 1.5257 1.0866 -14.9453
4 272 2.5505 1.4138 -14.9623 2.549 1.193 -14.9 0 1.494 -15.245 2.286 1.6548 -15.0575
4 272 2.0718 2 -15.1771 0 1.494 -15.245 1.2409 3.2548 -15.617 1.8846 2.3719 -15.3015
4 272 2.1671 3.4304 -15.5723 1.9447 2.737 -15.3987 1.2409 3.2548 -15.617 1.6065 3.421 -15.6268
4 272 2.5181 2.4974 -15.2724 2.1597 2.7553 -15.382 2.1671 3.4304 -15.5723 2.5629 3.3064 -15.4969
3 272 1.9447 2.737 -15.3987 2.1671 3.4304 -15.5723 2.1597 2.7553 -15.382
3 272 2.5629 3.3064 -15.4969 2.5573 2.4555 -15.2566 2.5181 2.4974 -15.2724
3 272 1.2409 3.2548 -15.617 1.9447 2.737 -15.3987 1.8846 2.3719 -15.3015
3 272 2.0718 2 -15.1771 2.286 1.6548 -15.0575 0 1.494 -15.245
3 272 2.605 -4.83 -11.641 2.6135 -4.4579 -11.8941 2.6958 -4.4668 -11.8718
4 272 2.605 -4.83 -11.641 3.171 -4.2918 -11.898 3.4057 -4.7851 -11.4907 3.216 -4.8356 -11.4978
4 272 3.171 -4.2918 -11.898 3.3514 -4.2253 -11.9045 3.8235 -4.5059 -11.5957 3.4057 -4.7851 -11.4907
3 272 3.8121 -3.7549 -12.1368 3.8235 -4.5059 -11.5957 3.3514 -4.2253 -11.9045
4 272 3.8235 -4.5059 -11.5957 3.8121 -3.7549 -12.1368 3.8844 -3.6133 -12.2218 4.5746 -3.4012 -12.2167
4 272 4.9964 -3.1049 -12.333 4.5746 -3.4012 -12.2167 3.8844 -3.6133 -12.2218 4.718 -2.8207 -12.6003
4 272 5.1591 -2.4012 -12.8006 5.398 -2.174 -12.909 5.4465 -2.9309 -12.3552 5.1657 -2.4735 -12.7472
4 272 4.718 -2.8207 -12.6003 4.9517 -2.7438 -12.6021 5.4465 -2.9309 -12.3552 4.9964 -3.1049 -12.333
3 272 5.1657 -2.4735 -12.7472 5.4465 -2.9309 -12.3552 4.9517 -2.7438 -12.6021
3 272 0 -4.555 -12.09 -.0728 -4.485 -12.1305 -.0432 -4.4976 -12.1244
4 272 -4.9555 2.1266 -14.6346 -3.9003 1.276 -14.6214 -3.9373 1.0683 -14.5521 -5.043 .969 -14.275
4 272 -3.9003 1.276 -14.6214 -4.9555 2.1266 -14.6346 -3.7977 3.0635 -15.1694 -3.4094 2.0547 -14.9602
3 272 -3.7977 3.0635 -15.1694 -3.2342 2.2195 -15.0478 -3.4094 2.0547 -14.9602
3 272 -2.67 -1.988 -13.574 -3.5934 -2.051 -13.3489 -3.2619 -1.9229 -13.473
3 272 -2.67 -1.988 -13.574 -3.2619 -1.9229 -13.473 -3.1753 -1.7817 -13.5496
4 272 -3.471 -1.3856 -13.6483 -3.1283 -.6524 -14.0219 -2.641 -1.2264 -13.8915 -3.174 -1.5374 -13.6501
4 272 -3.1283 -.6524 -14.0219 -3.471 -1.3856 -13.6483 -3.8647 -.7405 -13.8279 -3.4938 -.5907 -13.9689
4 272 -2.641 -1.2264 -13.8915 -2.67 -1.988 -13.574 -3.1753 -1.7817 -13.5496 -3.174 -1.5374 -13.6501
4 272 -4.4813 -1.9861 -13.1839 -4.0966 -.7516 -13.7734 -3.8647 -.7405 -13.8279 -3.471 -1.3856 -13.6483
4 272 -3.9373 1.0683 -14.5521 -4.1514 -.1325 -14.0155 -5.0029 -.0227 -13.8768 -5.043 .969 -14.275
3 272 -5.0029 -.0227 -13.8768 -5.1391 .1183 -13.9053 -5.043 .969 -14.275
4 272 -4.0966 -.7516 -13.7734 -4.8644 -.6901 -13.6329 -5.0029 -.0227 -13.8768 -4.1514 -.1325 -14.0155
3 272 -4.8644 -.6901 -13.6329 -4.0966 -.7516 -13.7734 -4.8924 -1.1395 -13.4425
4 272 -5.398 -2.174 -12.909 -5.3554 -1.7967 -13.073 -4.4813 -1.9861 -13.1839 -4.4993 -2.1127 -13.1281
3 272 -5.3554 -1.7967 -13.073 -5.0159 -1.5339 -13.2541 -4.4813 -1.9861 -13.1839
4 272 0 -4.555 -12.09 2.605 -4.83 -11.641 2.5433 -4.8778 -11.5965 2.3353 -4.8834 -11.6044
4 272 .8955 -5.3603 -11.2141 .8855 -5.0397 -11.5402 2.3353 -4.8834 -11.6044 1.1996 -5.4592 -11.0938
3 272 .559 -4.9552 -11.6473 0 -5.1541 -11.4818 0 -4.555 -12.09
4 272 -3.2342 2.2195 -15.0478 -3.7977 3.0635 -15.1694 -3.2313 3.2959 -15.3539 -2.9189 2.516 -15.198
4 272 -2.7975 3.3755 -15.4674 -2.7024 2.6343 -15.2769 -2.9189 2.516 -15.198 -3.2313 3.2959 -15.3539
4 272 -8.5616 1.6756 -13.3184 -8.6858 2.242 -13.4581 -7.8763 1.2682 -13.4447 -7.9676 1.2883 -13.4166
4 272 -8.7403 2.1334 -13.4015 -8.6858 2.242 -13.4581 -8.5616 1.6756 -13.3184 -8.7041 1.8459 -13.3204
4 272 -1.2279 -4.6846 -11.8784 0 -4.555 -12.09 0 -5.1541 -11.4818 -.202 -5.2259 -11.3956
4 272 -1.7539 -5.4896 -11.0268 -1.4219 -5.0326 -11.5125 -.7708 -5.662 -10.9159 -.9572 -5.7044 -10.8607
3 272 -1.7539 -5.4896 -11.0268 -2.3175 -5.0528 -11.4335 -1.8652 -5.0964 -11.4187
3 272 -1.7539 -5.4896 -11.0268 -1.8652 -5.0964 -11.4187 -1.4219 -5.0326 -11.5125
3 272 -1.2582 -4.8367 -11.722 -1.2279 -4.6846 -11.8784 -.202 -5.2259 -11.3956
3 272 0 1.494 -15.245 0 2.4356 -15.521 .2307 2.4683 -15.5038
3 272 7.1481 -2.9969 -11.7087 6.2883 -4.0103 -11.2932 6.3162 -3.1749 -11.8757
4 272 7.1481 -2.9969 -11.7087 6.3162 -3.1749 -11.8757 6.2424 -2.9553 -12.0574 7.1832 -2.8191 -11.8224
4 272 7.1832 -2.8191 -11.8224 6.2424 -2.9553 -12.0574 6.0253 -2.8575 -12.2033 7.3547 -2.6446 -11.8857
4 272 7.3547 -2.6446 -11.8857 7.6803 -2.1121 -12.1485 7.735 -2.3052 -11.9923 7.5062 -2.5749 -11.8817
3 272 5.5904 -2.8753 -12.344 5.4465 -2.9309 -12.3552 5.398 -2.174 -12.909
4 272 5.398 -2.174 -12.909 7.6803 -2.1121 -12.1485 7.3547 -2.6446 -11.8857 6.0253 -2.8575 -12.2033
3 272 6.0253 -2.8575 -12.2033 5.5904 -2.8753 -12.344 5.398 -2.174 -12.909
3 272 -.3049 2.3924 -15.4729 0 2.4356 -15.521 0 1.494 -15.245
3 272 -7.8763 1.2682 -13.4447 -8.6858 2.242 -13.4581 -8.0911 2.5057 -13.7488
4 272 -8.3796 2.5511 -13.661 -8.0911 2.5057 -13.7488 -8.6858 2.242 -13.4581 -8.5931 2.4265 -13.5474
3 272 -5.4975 -3.7263 -11.7733 -5.5613 -4.7207 -11.0457 -5.6982 -4.7059 -11.008
3 272 -5.6982 -4.7059 -11.008 -7.1203 -3.0297 -11.6953 -6.7479 -3.0435 -11.8167
4 272 -5.8307 -3.1617 -12.0562 -5.8441 -3.3961 -11.8853 -6.7479 -3.0435 -11.8167 -6.503 -2.9883 -11.9422
4 272 -6.7479 -3.0435 -11.8167 -5.8441 -3.3961 -11.8853 -5.4975 -3.7263 -11.7733 -5.6982 -4.7059 -11.008
4 272 -5.8307 -3.1617 -12.0562 -6.3186 -2.8401 -12.1122 -6.3568 -2.4213 -12.3957 -5.4704 -2.924 -12.3517
4 272 -6.2652 -2.2252 -12.5671 -6.1657 -2.1532 -12.6532 -5.4704 -2.924 -12.3517 -6.3568 -2.4213 -12.3957
3 272 -6.503 -2.9883 -11.9422 -6.3186 -2.8401 -12.1122 -5.8307 -3.1617 -12.0562
4 272 -5.4458 -2.9199 -12.3633 -5.4704 -2.924 -12.3517 -6.1657 -2.1532 -12.6532 -5.398 -2.174 -12.909
3 272 -2.3175 -5.0528 -11.4335 -1.7539 -5.4896 -11.0268 -1.8967 -5.4512 -11.0521
4 272 -2.601 -5.0255 -11.4311 -2.3175 -5.0528 -11.4335 -1.8967 -5.4512 -11.0521 -2.5906 -5.5403 -10.8783
3 272 5.2449 1.3034 -14.3152 5.5748 1.8497 -14.3809 5.4745 1.2664 -14.23
4 272 5.7268 1.0776 -14.09 5.4745 1.2664 -14.23 5.5748 1.8497 -14.3809 5.718 1.7186 -14.2939
4 272 5.718 1.7186 -14.2939 6.4481 1.678 -14.0472 6.2699 .9705 -13.8823 5.7268 1.0776 -14.09
4 272 6.3402 .8697 -13.8282 5.7532 .9146 -14.0304 5.7268 1.0776 -14.09 6.2699 .9705 -13.8823
3 272 6.2621 -.9426 -13.1293 7.1855 .3733 -13.3647 6.8694 -.5191 -13.0982
4 272 7.542 .3206 -13.2197 7.2072 -.3294 -13.0616 6.8694 -.5191 -13.0982 7.1855 .3733 -13.3647
3 272 7.542 .3206 -13.2197 7.6441 -.3641 -12.8964 7.2072 -.3294 -13.0616
4 272 6.2988 -1.0924 -13.0536 6.2621 -.9426 -13.1293 6.8694 -.5191 -13.0982 6.8256 -.8108 -12.9905
4 272 6.8256 -.8108 -12.9905 6.9063 -1.1198 -12.8328 6.2823 -1.4822 -12.8953 6.2988 -1.0924 -13.0536
4 272 6.1771 -1.6912 -12.8436 6.2823 -1.4822 -12.8953 6.9063 -1.1198 -12.8328 7.2269 -1.588 -12.5253
3 272 5.9741 -1.8151 -12.8614 6.1771 -1.6912 -12.8436 7.6803 -2.1121 -12.1485
4 272 7.6628 -2.05 -12.1807 7.6803 -2.1121 -12.1485 6.1771 -1.6912 -12.8436 7.2269 -1.588 -12.5253
4 272 5.7281 -1.8227 -12.943 5.9741 -1.8151 -12.8614 7.6803 -2.1121 -12.1485 5.398 -2.174 -12.909
3 272 5.398 -2.174 -12.909 5.6577 -1.804 -12.9752 5.7281 -1.8227 -12.943
4 272 0 1.494 -15.245 -1.8419 1.2765 -14.9957 -1.8691 1.2927 -14.9975 -.7803 2.4939 -15.4485
3 272 0 1.494 -15.245 -.7803 2.4939 -15.4485 -.6912 2.4749 -15.4522
4 272 -2.5038 2.0836 -15.1567 -.7803 2.4939 -15.4485 -1.8691 1.2927 -14.9975 -2.3965 1.8344 -15.0971
4 272 -2.4366 3.3982 -15.5357 -2.5065 2.6405 -15.3141 -2.5585 2.6389 -15.3084 -2.5634 3.3902 -15.5206
4 272 -2.5065 2.6405 -15.3141 -1.6447 3.1429 -15.5442 -.7803 2.4939 -15.4485 -2.5038 2.0836 -15.1567
4 272 -6.5791 .982 -13.7869 -7.394 1.1618 -13.5822 -7.207 2.0576 -13.9232 -6.5982 1.7491 -14.0214
4 272 -6.5982 1.7491 -14.0214 -6.0976 1.6798 -14.1601 -6.3126 .8718 -13.8377 -6.5791 .982 -13.7869
4 272 -6.3126 .8718 -13.8377 -6.0976 1.6798 -14.1601 -5.6219 1.7585 -14.3372 -5.043 .969 -14.275
4 272 2.6589 -1.6958 -13.6958 2.4045 -1.9659 -13.6072 1.296 -1.8738 -13.7459 2.2517 -1.0931 -13.9819
3 272 2.2517 -1.0931 -13.9819 2.6212 -.7052 -14.1087 2.6589 -1.6958 -13.6958
4 272 5.504 1.9144 -14.4195 5.0149 1.3404 -14.3904 4.9072 2.7648 -14.8329 5.4596 2.177 -14.5079
3 272 4.9072 2.7648 -14.8329 5.0067 2.8538 -14.8307 5.4596 2.177 -14.5079
4 272 5.6897 2.8947 -14.6512 5.4596 2.177 -14.5079 5.0067 2.8538 -14.8307 5.5229 2.9785 -14.7222
4 272 5.5748 1.8497 -14.3809 5.2449 1.3034 -14.3152 5.0149 1.3404 -14.3904 5.504 1.9144 -14.4195
3 272 -2.67 -1.988 -13.574 -2.641 -1.2264 -13.8915 -2.3764 -1.538 -13.7867
3 272 -2.67 -1.988 -13.574 -2.3764 -1.538 -13.7867 -1.9479 -1.8909 -13.6797
4 272 -1.0689 -.7645 -14.225 0 -.7654 -14.3184 0 -1.766 -13.908 -.9544 -1.1422 -14.0793
3 272 0 -1.766 -13.908 -2.67 -1.988 -13.574 -1.9479 -1.8909 -13.6797
3 272 0 -1.766 -13.908 -1.9479 -1.8909 -13.6797 -1.2706 -1.5505 -13.8818
3 272 -.997 -1.321 -14.0015 -.9544 -1.1422 -14.0793 0 -1.766 -13.908
4 272 0 .7407 -14.9361 -.0469 .7318 -14.9283 -.5162 .7369 -14.8896 0 1.494 -15.245
4 272 -1.8419 1.2765 -14.9957 0 1.494 -15.245 -.5162 .7369 -14.8896 -1.2065 .8976 -14.8955
3 272 -5.0925 2.0156 -14.5641 -4.9555 2.1266 -14.6346 -5.043 .969 -14.275
3 272 -3.8165 -3.6779 -12.191 -3.3363 -4.1346 -11.973 -3.6114 -4.2618 -11.8191
4 272 -3.9232 -4.521 -11.5622 -4.4799 -3.9082 -11.8747 -3.8165 -3.6779 -12.191 -3.6114 -4.2618 -11.8191
3 272 -3.8465 -4.8146 -11.3691 -3.7904 -4.8408 -11.3631 -4.8677 -4.8506 -11.1106
3 272 -3.9232 -4.521 -11.5622 -3.8465 -4.8146 -11.3691 -4.8677 -4.8506 -11.1106
4 272 -3.9232 -4.521 -11.5622 -4.8677 -4.8506 -11.1106 -5.0171 -3.9209 -11.7432 -4.4799 -3.9082 -11.8747
3 272 -4.8677 -4.8506 -11.1106 -5.3045 -4.7486 -11.0842 -5.0171 -3.9209 -11.7432
3 272 -5.5613 -4.7207 -11.0457 -5.4975 -3.7263 -11.7733 -5.4394 -3.7817 -11.7468
4 272 -7.989 -2.9171 -11.4332 -8.0421 -3.424 -11.0328 -8.7962 -3.2557 -10.8222 -8.8241 -2.7652 -11.1744
4 272 -9.2762 -2.6603 -11.0511 -8.8241 -2.7652 -11.1744 -8.7962 -3.2557 -10.8222 -9.2942 -3.1418 -10.6852
4 272 -9.2762 -2.6603 -11.0511 -9.2942 -3.1418 -10.6852 -9.4529 -2.9852 -10.731 -9.4519 -2.7743 -10.8881
4 272 3.8536 -2.0687 -13.2855 4.0074 -1.8079 -13.3593 4.4502 -2.0509 -13.164 4.4124 -2.1068 -13.1493
3 272 4.0074 -1.8079 -13.3593 3.9923 -1.4906 -13.4927 4.4502 -2.0509 -13.164
4 272 3.9923 -1.4906 -13.4927 4.9061 -1.3207 -13.3652 4.8161 -1.9397 -13.1307 4.4502 -2.0509 -13.164
4 272 3.7959 -1.3516 -13.5921 4.7959 -1.0367 -13.5055 4.9061 -1.3207 -13.3652 3.9923 -1.4906 -13.4927
4 272 5.137 -2.1562 -12.9726 5.1337 -2.1189 -12.9887 5.3454 -1.7087 -13.1112 5.398 -2.174 -12.909
3 272 5.1775 -1.5984 -13.1927 5.3454 -1.7087 -13.1112 5.1337 -2.1189 -12.9887
4 272 5.1337 -2.1189 -12.9887 4.8161 -1.9397 -13.1307 4.9061 -1.3207 -13.3652 5.1775 -1.5984 -13.1927
4 272 3.4818 -1.3078 -13.6779 3.5741 -.6339 -13.9341 3.7256 -.5832 -13.9224 3.7959 -1.3516 -13.5921
4 272 3.7959 -1.3516 -13.5921 3.7256 -.5832 -13.9224 4.8168 -.4887 -13.7258 4.7959 -1.0367 -13.5055
4 272 2.8918 -.5555 -14.112 2.8041 -1.5461 -13.7259 2.6589 -1.6958 -13.6958 2.6212 -.7052 -14.1087
4 272 3.5741 -.6339 -13.9341 3.4818 -1.3078 -13.6779 2.8041 -1.5461 -13.7259 2.8918 -.5555 -14.112
4 272 3.7256 -.5832 -13.9224 3.7602 -.1621 -14.0871 4.9195 -.197 -13.8233 4.8168 -.4887 -13.7258
4 272 4.4827 1.008 -14.4108 5.0735 .6992 -14.1578 5.1123 .0333 -13.8762 4.9195 -.197 -13.8233
3 272 5.0735 .6992 -14.1578 5.1471 .0477 -13.8746 5.1123 .0333 -13.8762
4 272 3.4464 1.1124 -14.6751 4.4692 1.0205 -14.4188 4.4827 1.008 -14.4108 3.5084 .9797 -14.6076
3 272 3.7602 -.1621 -14.0871 4.4827 1.008 -14.4108 4.9195 -.197 -13.8233
4 272 3.385 .8952 -14.5995 3.2043 .2556 -14.3767 2.5728 .5682 -14.6396 3.1108 1.0447 -14.7192
4 272 3.1108 1.0447 -14.7192 2.5728 .5682 -14.6396 2.549 1.193 -14.9 2.8479 1.1662 -14.8251
4 272 4.4827 1.008 -14.4108 3.7602 -.1621 -14.0871 3.2043 .2556 -14.3767 3.5084 .9797 -14.6076
3 272 3.5084 .9797 -14.6076 3.2043 .2556 -14.3767 3.385 .8952 -14.5995
4 272 3.8844 -3.6133 -12.2218 4.0113 -3.3648 -12.367 4.6892 -2.8301 -12.5995 4.718 -2.8207 -12.6003
4 272 4.2885 -2.7476 -12.7349 4.6892 -2.8301 -12.5995 4.0113 -3.3648 -12.367 4.0188 -3.0251 -12.5981
4 272 3.7094 -2.3132 -13.1465 3.8536 -2.0687 -13.2855 4.4124 -2.1068 -13.1493 4.2651 -2.3246 -13.0292
3 272 4.2885 -2.7476 -12.7349 4.0188 -3.0251 -12.5981 3.7802 -2.8685 -12.7524
4 272 4.2885 -2.7476 -12.7349 3.7802 -2.8685 -12.7524 3.7094 -2.3132 -13.1465 4.2651 -2.3246 -13.0292
4 272 3.269 -2.5451 -13.0745 3.7094 -2.3132 -13.1465 3.7802 -2.8685 -12.7524 3.5457 -2.8703 -12.7973
4 272 2.9451 -2.6194 -13.0875 2.8388 -3.2413 -12.6826 2.6371 -3.4278 -12.5947 2.6578 -2.5234 -13.2098
4 272 3.269 -2.5451 -13.0745 3.5457 -2.8703 -12.7973 2.8388 -3.2413 -12.6826 2.9451 -2.6194 -13.0875
4 272 0 -2.7614 -13.2592 0 -3.3148 -12.8984 -.7583 -3.6626 -12.618 -.2464 -2.9248 -13.1352
3 272 -.7583 -3.6626 -12.618 -.6078 -3.9707 -12.4278 -1.0991 -3.2092 -12.8893
4 272 0 -1.766 -13.908 0 -1.9523 -13.7865 -.1822 -2.2716 -13.5655 -.5486 -1.8658 -13.8041
3 272 -1.0991 -3.2092 -12.8893 -.2464 -2.9248 -13.1352 -.7583 -3.6626 -12.618
3 272 -2.67 -1.988 -13.574 0 -1.766 -13.908 -.5486 -1.8658 -13.8041
3 272 -2.67 -1.988 -13.574 -.5486 -1.8658 -13.8041 -1.5911 -2.4357 -13.3587
3 272 -2.67 -1.988 -13.574 -1.5911 -2.4357 -13.3587 -1.5605 -2.5917 -13.2592
3 272 -2.67 -1.988 -13.574 -2.6284 -3.8072 -12.3366 -3.2255 -3.0474 -12.7392
3 272 -3.3363 -4.1346 -11.973 -3.8165 -3.6779 -12.191 -3.7812 -3.6657 -12.2063
3 272 -3.3363 -4.1346 -11.973 -3.7812 -3.6657 -12.2063 -3.2853 -3.2887 -12.5622
4 272 -4.2023 -2.7112 -12.7769 -4.1601 -2.2698 -13.0874 -3.5934 -2.051 -13.3489 -3.5438 -2.7997 -12.8461
4 272 -3.2255 -3.0474 -12.7392 -3.5438 -2.7997 -12.8461 -3.5934 -2.051 -13.3489 -2.67 -1.988 -13.574
4 272 -4.7385 -2.8012 -12.6096 -5.398 -2.174 -12.909 -4.4993 -2.1127 -13.1281 -4.5206 -2.262 -13.0217
4 272 -4.7385 -2.8012 -12.6096 -4.5206 -2.262 -13.0217 -4.1601 -2.2698 -13.0874 -4.2023 -2.7112 -12.7769
3 272 -3.9139 -5.5516 -10.569 -4.1638 -5.4547 -10.6174 -4.2024 -5.1343 -10.9542
4 272 -3.0875 -5.6042 -10.6979 -3.9139 -5.5516 -10.569 -4.2024 -5.1343 -10.9542 -3.6017 -4.929 -11.3104
4 272 -2.5906 -5.5403 -10.8783 -3.0875 -5.6042 -10.6979 -3.6017 -4.929 -11.3104 -2.601 -5.0255 -11.4311
3 272 -4.8677 -4.8506 -11.1106 -3.7904 -4.8408 -11.3631 -4.3578 -4.9696 -11.0968
4 272 -4.3578 -4.9696 -11.0968 -3.7904 -4.8408 -11.3631 -3.6017 -4.929 -11.3104 -4.2024 -5.1343 -10.9542
4 272 4.5857 1.4095 -14.5069 4.4653 2.37 -14.816 4.9072 2.7648 -14.8329 5.0149 1.3404 -14.3904
3 272 4.2785 1.1966 -14.5133 4.4692 1.0205 -14.4188 3.4464 1.1124 -14.6751
4 272 4.5857 1.4095 -14.5069 4.2602 1.3454 -14.5611 4.1356 2.3233 -14.8762 4.4653 2.37 -14.816
3 272 4.2602 1.3454 -14.5611 4.2785 1.1966 -14.5133 3.4464 1.1124 -14.6751
4 272 3.0804 1.896 -14.9873 3.0441 1.9347 -15.0068 3.536 2.6715 -15.1129 3.7558 2.4813 -15.0078
3 272 3.7558 2.4813 -15.0078 4.1356 2.3233 -14.8762 3.0804 1.896 -14.9873
3 272 2.7956 1.1904 -14.8439 2.8479 1.1662 -14.8251 2.549 1.193 -14.9
3 272 5.7532 .9146 -14.0304 6.3402 .8697 -13.8282 5.7644 .8456 -13.9993
4 272 5.605 .6602 -13.9753 5.7644 .8456 -13.9993 6.3402 .8697 -13.8282 5.7839 .1138 -13.7011
4 272 6.8964 .4159 -13.4725 7.1855 .3733 -13.3647 6.2621 -.9426 -13.1293 6.0907 -.2416 -13.4629
3 272 6.5077 .6298 -13.6799 6.8964 .4159 -13.4725 6.0907 -.2416 -13.4629
4 272 6.3402 .8697 -13.8282 6.5077 .6298 -13.6799 6.0907 -.2416 -13.4629 5.7839 .1138 -13.7011
4 272 5.5013 .1946 -13.822 5.1471 .0477 -13.8746 5.0735 .6992 -14.1578 5.221 .6221 -14.0807
4 272 5.7839 .1138 -13.7011 5.5013 .1946 -13.822 5.221 .6221 -14.0807 5.605 .6602 -13.9753
3 272 5.3761 -1.7288 -13.0936 5.6577 -1.804 -12.9752 5.398 -2.174 -12.909
4 272 7.5062 -2.5749 -11.8817 7.735 -2.3052 -11.9923 7.743 -2.3335 -11.968 7.645 -2.511 -11.8742
3 272 6.2883 -4.0103 -11.2932 7.1481 -2.9969 -11.7087 6.9593 -3.9556 -11.0667
4 272 6.2837 -4.1497 -11.1907 6.2883 -4.0103 -11.2932 6.9593 -3.9556 -11.0667 6.642 -4.1622 -11.0386
4 272 0 -4.555 -12.09 -1.2279 -4.6846 -11.8784 -1.215 -4.6201 -11.9237 -.2922 -4.3915 -12.1723
4 272 -1.3233 -4.0905 -12.2742 -.5702 -4.0476 -12.3791 -.2922 -4.3915 -12.1723 -1.215 -4.6201 -11.9237
3 272 -.2922 -4.3915 -12.1723 -.0728 -4.485 -12.1305 0 -4.555 -12.09
3 272 -2.67 -1.988 -13.574 -.6078 -3.9707 -12.4278 -1.8079 -3.7768 -12.4397
4 272 -.5702 -4.0476 -12.3791 -1.3233 -4.0905 -12.2742 -1.8079 -3.7768 -12.4397 -.6078 -3.9707 -12.4278
3 272 -2.5787 -3.7843 -12.3573 -2.6284 -3.8072 -12.3366 -2.67 -1.988 -13.574
3 272 -2.1949 -3.7188 -12.4405 -2.5787 -3.7843 -12.3573 -2.67 -1.988 -13.574
3 272 -5.5241 -1.9273 -12.9679 -5.3554 -1.7967 -13.073 -5.398 -2.174 -12.909
3 272 -5.5711 .5652 -13.9481 -6.3126 .8718 -13.8377 -5.043 .969 -14.275
4 272 -7.2949 -4.2006 -10.7496 -7.0333 -4.1138 -10.9188 -6.9659 -4.5681 -10.6057 -7.2607 -4.3834 -10.6265
4 272 -5.6982 -4.7059 -11.008 -6.9659 -4.5681 -10.6057 -7.0333 -4.1138 -10.9188 -6.4927 -4.1113 -11.1362
4 272 -7.989 -2.9171 -11.4332 -7.4342 -3.018 -11.5789 -7.1759 -3.6175 -11.2333 -8.0421 -3.424 -11.0328
4 272 -6.4538 -3.8723 -11.3305 -7.1759 -3.6175 -11.2333 -7.4342 -3.018 -11.5789 -7.1203 -3.0297 -11.6953
3 272 -5.6982 -4.7059 -11.008 -6.4927 -4.1113 -11.1362 -6.4538 -3.8723 -11.3305
4 272 3.1279 3.0248 -15.2986 2.5573 2.4555 -15.2566 2.5629 3.3064 -15.4969 2.6182 3.2891 -15.4804
4 272 3.0441 1.9347 -15.0068 2.5573 2.4555 -15.2566 3.1279 3.0248 -15.2986 3.536 2.6715 -15.1129
3 272 7.6441 -.3641 -12.8964 7.542 .3206 -13.2197 7.596 .3127 -13.1962
3 272 8.817 .2897 -12.73 9.0293 .1321 -12.585 9.0067 -.1619 -12.4711
4 272 8.2931 -.4156 -12.6322 8.817 .2897 -12.73 9.0067 -.1619 -12.4711 8.7977 -.3684 -12.4632