0 Plate  8 x 16 x  0.667 with Rounded Corners and Reduced Number of Studs
0 Name: 5251.dat
0 Author: Gerald Lasser [GeraldLasser]
0 !LDRAW_ORG Unofficial_Part
0 !LICENSE Licensed under CC BY 4.0 : see CAreadme.txt

0 BFC CERTIFY CCW

0 !CATEGORY Plate

1 16 0 0 0 1 0 0 0 1 0 0 0 1 s\5251s01.dat
1 16 0 0 0 1 0 0 0 1 0 0 0 -1 s\5251s01.dat
1 16 0 0 0 -1 0 0 0 1 0 0 0 1 s\5251s01.dat
1 16 0 0 0 -1 0 0 0 1 0 0 0 -1 s\5251s01.dat
4 16 -60 3 20 -60 3 -20 -100 3 -20 -100 3 20
4 16 -60 3 -20 -60 3 20 -20 3 20 -20 3 -20
4 16 20 3 -20 -20 3 -20 -20 3 20 20 3 20
4 16 60 3 -20 20 3 -20 20 3 20 60 3 20
4 16 60 3 -20 60 3 20 100 3 20 100 3 -20
1 16 0 8 78 -20 0 0 0 -1 0 0 0 2 rect.dat
0 BFC INVERTNEXT
1 16 0 5.5 48 -20 0 0 0 -2.5 0 0 0 28 box2-7.dat
1 16 0 8 -78 -20 0 0 0 -1 0 0 0 2 rect.dat
0 BFC INVERTNEXT
1 16 0 5.5 -48 -20 0 0 0 -2.5 0 0 0 -28 box2-7.dat
1 16 -158 8 0 0 0 -2 0 -1 0 -20 0 0 rect.dat
0 BFC INVERTNEXT
1 16 -128 5.5 0 0 0 -28 0 -2.5 0 -20 0 0 box2-7.dat
1 16 158 8 0 0 0 -2 0 -1 0 -20 0 0 rect.dat
0 BFC INVERTNEXT
1 16 128 5.5 0 0 0 28 0 -2.5 0 -20 0 0 box2-7.dat

1 16 0 3 50 0 0 1 0 -1.25 0 -1 0 0 stug4-1x2.dat
1 16 0 3 -50 0 0 1 0 -1.25 0 -1 0 0 stug4-1x2.dat
1 16 0 3 0 -1 0 0 0 -1.25 0 0 0 -1 stug4-1x11.dat
1 16 130 3 0 -1 0 0 0 -1.25 0 0 0 -1 stug4-1x2.dat
1 16 -130 3 0 -1 0 0 0 -1.25 0 0 0 -1 stug4-1x2.dat

4 16 20 8 80 -20 8 80 -100 0 80 100 0 80
4 16 160 8 20 160 0 20 160 0 -20 160 8 -20
4 16 -160 0 -20 -160 0 20 -160 8 20 -160 8 -20
4 16 -100 0 -80 -20 8 -80 20 8 -80 100 0 -80

0 // Top
4 16 100 0 -80 160 0 -20 160 0 20 100 0 80
4 16 100 0 -80 100 0 80 -100 0 80 -100 0 -80
4 16 -160 0 -20 -100 0 -80 -100 0 80 -160 0 20
2 24 100 0 -80 -100 0 -80
2 24 -160 0 -20 -160 0 20
2 24 -100 0 80 100 0 80
2 24 160 0 20 160 0 -20

1 16 -130 0 -70 -1 0 0 0 1 0 0 0 -1 stud.dat
1 16 130 0 -70 -1 0 0 0 1 0 0 0 -1 stud.dat
1 16 -150 0 -50 -1 0 0 0 1 0 0 0 -1 stud.dat
1 16 150 0 -50 -1 0 0 0 1 0 0 0 -1 stud.dat
1 16 -130 0 70 -1 0 0 0 1 0 0 0 -1 stud.dat
1 16 130 0 70 -1 0 0 0 1 0 0 0 -1 stud.dat
1 16 -150 0 50 -1 0 0 0 1 0 0 0 -1 stud.dat
1 16 150 0 50 -1 0 0 0 1 0 0 0 -1 stud.dat
1 16 -140 0 0 -1 0 0 0 1 0 0 0 -1 stug-2x2.dat
1 16 140 0 0 -1 0 0 0 1 0 0 0 -1 stug-2x2.dat

1 16 -110 0 0 -1 0 0 0 1 0 0 0 -1 stug-4x1.dat
1 16 110 0 0 -1 0 0 0 1 0 0 0 -1 stug-4x1.dat
1 16 0 0 30 -1 0 0 0 1 0 0 0 -1 stug-1x10.dat
1 16 0 0 -30 -1 0 0 0 1 0 0 0 -1 stug-1x10.dat

1 16 -80 0 60 -1 0 0 0 1 0 0 0 -1 stug-2x2.dat
1 16 -80 0 -60 -1 0 0 0 1 0 0 0 -1 stug-2x2.dat
1 16 0 0 60 -1 0 0 0 1 0 0 0 -1 stug-2x2.dat
1 16 0 0 -60 -1 0 0 0 1 0 0 0 -1 stug-2x2.dat
1 16 80 0 60 -1 0 0 0 1 0 0 0 -1 stug-2x2.dat
1 16 80 0 -60 -1 0 0 0 1 0 0 0 -1 stug-2x2.dat

1 16 -40 0 0 -1 0 0 0 1 0 0 0 -1 stug-2x2.dat
1 16 40 0 0 -1 0 0 0 1 0 0 0 -1 stug-2x2.dat