0 Minifig Head SpongeBob with Toothy Grin Pattern
0 Name: 54872p06.dat
0 Author: Milan Schaefer [pinnacle335]
0 !LDRAW_ORG Unofficial_Part
0 !LICENSE Licensed under CC BY 4.0 : see CAreadme.txt

0 BFC CERTIFY CCW

0 !CATEGORY Minifig Head
0 !KEYWORDS Bricklink 54872pb06, Brickowl 263628, Brickset 12155
0 !KEYWORDS Rebrickable 54872pr0006, Set 3833, SquarePants

0 !HISTORY 2026-07-24 [pinnacle335] Rename part.

1 16 0 16 0 1 0 0 0 1 0 0 0 1 s\54872s01.dat

0 // Rear Face
1 16 0 0 14.5 -1 0 0 0 1 0 0 0 -1 s\54872s03.dat

0 // Pants Pattern
1 16 0 0 0 1 0 0 0 1 0 0 0 1 s\54872p06s01.dat

0 // Front Face Pattern
4 0 -1.7803 10.7218 -14.5 -1.2232 9.9649 -14.5 -2.4009 8.9801 -14.5 -2.8148 9.7767 -14.5
4 0 -1.026 11.9543 -14.5 -.6 13.2584 -14.5 .0143 11.6332 -14.5 -.3945 10.9829 -14.5
4 0 -.6 13.2584 -14.5 .5235 13.4228 -14.5 .7013 12.5638 -14.5 .0143 11.6332 -14.5
4 0 .7013 12.5638 -14.5 1.2641 11.4151 -14.5 .6168 10.757 -14.5 .0143 11.6332 -14.5
4 0 -.6 13.2584 -14.5 -.4916 14.2639 -14.5 .4929 14.2979 -14.5 .5235 13.4228 -14.5
4 0 -1.7803 10.7218 -14.5 -1.026 11.9543 -14.5 -.3945 10.9829 -14.5 -1.2232 9.9649 -14.5
4 0 -2.4009 8.9801 -14.5 -3.1946 8.4951 -14.5 -3.5843 9.3037 -14.5 -2.8148 9.7767 -14.5
4 0 -2.4009 8.9801 -14.5 -1.6746 7.5053 -14.5 -2.4175 7.0147 -14.5 -3.1946 8.4951 -14.5
4 0 -4.4625 8.9596 -14.5 -3.5843 9.3037 -14.5 -3.1946 8.4951 -14.5 -4.2282 8.0974 -14.5
4 0 -5.3138 8.7881 -14.5 -4.4625 8.9596 -14.5 -4.2282 8.0974 -14.5 -5.223 7.8993 -14.5
4 0 -6.1934 8.7719 -14.5 -5.3138 8.7881 -14.5 -5.223 7.8993 -14.5 -6.2108 7.9042 -14.5
4 0 -5.223 7.8993 -14.5 -5.1554 6.2589 -14.5 -6.1416 6.2024 -14.5 -6.2108 7.9042 -14.5
4 0 -7.0902 8.902 -14.5 -6.1934 8.7719 -14.5 -6.2108 7.9042 -14.5 -7.2603 8.0856 -14.5
4 0 -7.9653 9.2551 -14.5 -7.0902 8.902 -14.5 -7.2603 8.0856 -14.5 -8.2668 8.414 -14.5
4 0 -8.9074 9.6997 -14.5 -7.9653 9.2551 -14.5 -8.2668 8.414 -14.5 -9.2855 8.8902 -14.5
4 0 -8.2668 8.414 -14.5 -8.9912 6.9598 -14.5 -10.01 7.436 -14.5 -9.2855 8.8902 -14.5
4 0 -9.6387 10.3009 -14.5 -8.9074 9.6997 -14.5 -9.2855 8.8902 -14.5 -10.2508 9.65 -14.5
4 0 -10.8456 12.1105 -14.5 -10.3525 11.174 -14.5 -11.0367 10.6108 -14.5 -11.6762 11.7814 -14.5
4 0 -11.1386 13.0175 -14.5 -10.8456 12.1105 -14.5 -11.6762 11.7814 -14.5 -12.0096 12.8187 -14.5
4 0 -11.3015 13.945 -14.5 -11.1386 13.0175 -14.5 -12.0096 12.8187 -14.5 -12.1779 13.7714 -14.5
4 0 -10.3525 11.174 -14.5 -9.6387 10.3009 -14.5 -10.2508 9.65 -14.5 -11.0367 10.6108 -14.5
4 0 -.4916 14.2639 -14.5 -.525 15.1432 -14.5 .5429 15.1343 -14.5 .4929 14.2979 -14.5
4 0 -2.5433 14.304 -14.5 -3.7868 14.3759 -14.5 -3.8216 15.1546 -14.5 -2.5772 15.1503 -14.5
4 0 -3.7868 14.3759 -14.5 -6.6513 14.5 -14.5 -6.6291 15.2942 -14.5 -3.8216 15.1546 -14.5
4 0 -7.9027 14.615 -14.5 -9.0771 14.6917 -14.5 -9.0316 15.4608 -14.5 -7.8418 15.3812 -14.5
4 0 -9.0771 14.6917 -14.5 -10.4748 14.7909 -14.5 -10.3083 15.5198 -14.5 -9.0316 15.4608 -14.5
4 0 3.9564 15.2161 -14.5 6.528 15.3044 -14.5 6.6562 14.5636 -14.5 3.8024 14.3738 -14.5
4 0 2.4137 15.1861 -14.5 3.9564 15.2161 -14.5 3.8024 14.3738 -14.5 2.5197 14.3165 -14.5
4 0 7.9688 15.353 -14.5 8.9253 15.3839 -14.5 8.9416 14.6894 -14.5 7.9043 14.6096 -14.5
4 0 8.9253 15.3839 -14.5 10.2451 15.5022 -14.5 10.3131 14.8015 -14.5 8.9416 14.6894 -14.5
4 0 1.4678 9.7272 -14.5 .6168 10.757 -14.5 1.2641 11.4151 -14.5 2.0492 10.4442 -14.5
4 0 2.0492 10.4442 -14.5 2.8624 9.7171 -14.5 2.3662 8.9387 -14.5 1.4678 9.7272 -14.5
4 0 3.2954 8.4081 -14.5 2.3662 8.9387 -14.5 2.8624 9.7171 -14.5 3.727 9.2242 -14.5
4 0 3.727 9.2242 -14.5 4.5577 8.8832 -14.5 4.3558 8.063 -14.5 3.2954 8.4081 -14.5
4 0 4.5577 8.8832 -14.5 5.2501 8.7507 -14.5 5.2675 7.9131 -14.5 4.3558 8.063 -14.5
4 0 3.2954 8.4081 -14.5 2.5205 6.9534 -14.5 1.5913 7.484 -14.5 2.3662 8.9387 -14.5
4 0 6.2758 7.9076 -14.5 5.2675 7.9131 -14.5 5.2501 8.7507 -14.5 6.2811 8.7283 -14.5
4 0 6.2811 8.7283 -14.5 7.1409 8.8864 -14.5 7.3744 8.0507 -14.5 6.2758 7.9076 -14.5
4 0 7.1409 8.8864 -14.5 8.1146 9.2346 -14.5 8.3787 8.4011 -14.5 7.3744 8.0507 -14.5
4 0 6.2758 7.9076 -14.5 6.2465 6.351 -14.5 5.2337 6.3417 -14.5 5.2675 7.9131 -14.5
4 0 8.1146 9.2346 -14.5 8.8919 9.728 -14.5 9.2489 8.9299 -14.5 8.3787 8.4011 -14.5
4 0 10.2419 9.7158 -14.5 9.2489 8.9299 -14.5 8.8919 9.728 -14.5 9.7282 10.4567 -14.5
4 0 9.7282 10.4567 -14.5 10.3915 11.2621 -14.5 11.0779 10.6785 -14.5 10.2419 9.7158 -14.5
4 0 10.3915 11.2621 -14.5 10.8253 12.1851 -14.5 11.7016 11.7757 -14.5 11.0779 10.6785 -14.5
4 0 11.116 13.0903 -14.5 11.3039 13.8458 -14.5 12.2177 13.67 -14.5 12.0405 12.8554 -14.5
4 0 12.0405 12.8554 -14.5 11.7016 11.7757 -14.5 10.8253 12.1851 -14.5 11.116 13.0903 -14.5
4 0 9.2489 8.9299 -14.5 9.9752 7.3564 -14.5 9.1435 6.8511 -14.5 8.3787 8.4011 -14.5
4 0 -.7653 16.2378 -14.5 -.3557 15.9355 -14.5 -.525 15.1432 -14.5 -1.2552 15.6322 -14.5
4 0 .5229 15.8751 -14.5 .5429 15.1343 -14.5 -.525 15.1432 -14.5 .0488 15.819 -14.5
4 0 -1.2552 15.6322 -14.5 -1.7739 16.3195 -14.5 -1.1374 16.7182 -14.5 -.7653 16.2378 -14.5
4 0 -1.417 17.3262 -14.5 -1.1374 16.7182 -14.5 -1.7739 16.3195 -14.5 -2.1023 17.1825 -14.5
4 0 -1.5462 17.9175 -14.5 -1.417 17.3262 -14.5 -2.1023 17.1825 -14.5 -2.1736 18.1152 -14.5
4 0 -1.5501 18.5092 -14.5 -1.5462 17.9175 -14.5 -2.1736 18.1152 -14.5 -2.0704 18.6514 -14.5
4 0 -2.0704 18.6514 -14.5 -1.8133 19.2151 -14.5 -1.4813 19.0651 -14.5 -1.5501 18.5092 -14.5
3 0 -1.4813 19.0651 -14.5 -1.8133 19.2151 -14.5 -1.3143 19.6693 -14.5
4 0 -2.1736 18.1152 -14.5 -2.9889 18.552 -14.5 -2.8945 19.0427 -14.5 -2.0704 18.6514 -14.5
4 0 -2.9889 18.552 -14.5 -3.984 18.9208 -14.5 -3.8972 19.3719 -14.5 -2.8945 19.0427 -14.5
4 0 -4.8367 19.558 -14.5 -3.8972 19.3719 -14.5 -3.984 18.9208 -14.5 -4.8705 19.1122 -14.5
4 0 -4.8705 19.1122 -14.5 -5.8523 19.1832 -14.5 -5.8887 19.6288 -14.5 -4.8367 19.558 -14.5
4 0 -6.919 19.5325 -14.5 -5.8887 19.6288 -14.5 -5.8523 19.1832 -14.5 -6.8522 19.0802 -14.5
4 0 -8.0715 19.2575 -14.5 -6.919 19.5325 -14.5 -6.8522 19.0802 -14.5 -7.9544 18.7469 -14.5
4 0 -7.9544 18.7469 -14.5 -9.1632 18.0979 -14.5 -9.4226 18.5662 -14.5 -8.0715 19.2575 -14.5
4 0 -10.4321 17.8011 -14.5 -9.4226 18.5662 -14.5 -9.1632 18.0979 -14.5 -10.0445 17.3488 -14.5
4 0 -10.0445 17.3488 -14.5 -10.6629 16.3614 -14.5 -11.1805 16.7696 -14.5 -10.4321 17.8011 -14.5
4 0 1.3916 16.747 -14.5 1.5693 17.2514 -14.5 2.2886 17.1801 -14.5 2.0364 16.3835 -14.5
4 0 .8522 16.0489 -14.5 1.2268 16.4522 -14.5 1.6978 15.8536 -14.5 1.1589 15.3518 -14.5
4 0 1.2268 16.4522 -14.5 1.3916 16.747 -14.5 2.0364 16.3835 -14.5 1.6978 15.8536 -14.5
4 0 1.1589 15.3518 -14.5 .5429 15.1343 -14.5 .5229 15.8751 -14.5 .8522 16.0489 -14.5
3 0 -.525 15.1432 -14.5 -.3557 15.9355 -14.5 .0488 15.819 -14.5
4 0 1.5693 17.2514 -14.5 1.6361 17.9079 -14.5 2.3694 18.0085 -14.5 2.2886 17.1801 -14.5
4 0 1.6361 17.9079 -14.5 1.6432 18.6019 -14.5 2.3008 18.6921 -14.5 2.3694 18.0085 -14.5
4 0 2.1717 19.3281 -14.5 2.3008 18.6921 -14.5 1.6432 18.6019 -14.5 1.5488 19.2016 -14.5
4 0 1.888 20.0129 -14.5 2.1717 19.3281 -14.5 1.5488 19.2016 -14.5 1.4222 19.7504 -14.5
4 0 1.4222 19.7504 -14.5 1.1737 20.3199 -14.5 1.4712 20.4875 -14.5 1.888 20.0129 -14.5
4 0 1.1737 20.3199 -14.5 .9409 20.6963 -14.5 1.1126 20.8055 -14.5 1.4712 20.4875 -14.5
3 0 1.1126 20.8055 -14.5 .9409 20.6963 -14.5 .5163 21.1542 -14.5
4 0 -.4916 14.2639 -14.5 -2.5433 14.304 -14.5 -2.5772 15.1503 -14.5 -.525 15.1432 -14.5
4 0 -6.6513 14.5 -14.5 -7.9027 14.615 -14.5 -7.8418 15.3812 -14.5 -6.6291 15.2942 -14.5
4 0 6.528 15.3044 -14.5 7.9688 15.353 -14.5 7.9043 14.6096 -14.5 6.6562 14.5636 -14.5
4 0 .5429 15.1343 -14.5 2.4137 15.1861 -14.5 2.5197 14.3165 -14.5 .4929 14.2979 -14.5
4 0 -3.9533 13.4751 -14.5 -4.2975 13.0872 -14.5 -4.7206 12.9136 -14.5 -5.2691 13.8617 -14.5
4 0 -6.5674 13.5944 -14.5 -6.6822 14.0485 -14.5 -6.6513 14.5 -14.5 -5.2691 13.8617 -14.5
4 0 -3.9533 13.4751 -14.5 -5.2691 13.8617 -14.5 -3.7868 14.3759 -14.5 -3.7927 13.9825 -14.5
4 0 -6.5674 13.5944 -14.5 -5.2691 13.8617 -14.5 -5.826 12.9485 -14.5 -6.2617 13.1856 -14.5
4 0 4.6645 12.8282 -14.5 5.1442 13.7912 -14.5 5.7706 12.8437 -14.5 5.1663 12.7677 -14.5
3 0 -3.7868 14.3759 -14.5 -5.2691 13.8617 -14.5 -6.6513 14.5 -14.5
4 73 -2.8641 12.9652 -14.5 -3.9533 13.4751 -14.5 -3.7927 13.9825 -14.5 -2.5181 13.8079 -14.5
4 73 -8.0052 14.0961 -14.5 -6.6822 14.0485 -14.5 -6.5674 13.5944 -14.5 -7.8009 13.3036 -14.5
4 73 -5.3018 11.7355 -14.5 -5.3168 12.8287 -14.5 -4.7206 12.9136 -14.5 -4.3459 11.8425 -14.5
4 73 -2.5181 13.8079 -14.5 -3.7927 13.9825 -14.5 -3.7868 14.3759 -14.5 -2.5433 14.304 -14.5
4 73 -7.9027 14.615 -14.5 -6.6513 14.5 -14.5 -6.6822 14.0485 -14.5 -8.0052 14.0961 -14.5
4 73 -6.3743 11.9699 -14.5 -5.826 12.9485 -14.5 -5.3168 12.8287 -14.5 -5.3018 11.7355 -14.5
4 73 -7.8009 13.3036 -14.5 -6.5674 13.5944 -14.5 -6.2617 13.1856 -14.5 -7.2533 12.5587 -14.5
4 73 -4.3459 11.8425 -14.5 -4.7206 12.9136 -14.5 -4.2975 13.0872 -14.5 -3.432 12.3252 -14.5
4 73 -6.3743 11.9699 -14.5 -7.2533 12.5587 -14.5 -6.2617 13.1856 -14.5 -5.826 12.9485 -14.5
4 73 -2.8641 12.9652 -14.5 -3.432 12.3252 -14.5 -4.2975 13.0872 -14.5 -3.9533 13.4751 -14.5
4 0 6.4895 13.48 -14.5 6.1571 13.0572 -14.5 5.7706 12.8437 -14.5 5.1442 13.7912 -14.5
4 0 3.8572 13.4509 -14.5 3.7346 13.9223 -14.5 3.8024 14.3738 -14.5 5.1442 13.7912 -14.5
4 0 6.6562 14.5636 -14.5 6.6243 14.0152 -14.5 6.4895 13.48 -14.5 5.1442 13.7912 -14.5
4 0 3.8572 13.4509 -14.5 5.1442 13.7912 -14.5 4.6645 12.8282 -14.5 4.1989 13.0467 -14.5
3 0 6.6562 14.5636 -14.5 5.1442 13.7912 -14.5 3.8024 14.3738 -14.5
4 73 6.6243 14.0152 -14.5 7.9507 13.9475 -14.5 7.703 13.0611 -14.5 6.4895 13.48 -14.5
4 73 3.8572 13.4509 -14.5 2.6838 12.9323 -14.5 2.4457 13.8134 -14.5 3.7346 13.9223 -14.5
4 73 5.7706 12.8437 -14.5 6.2497 11.7731 -14.5 5.2482 11.5945 -14.5 5.1663 12.7677 -14.5
4 73 6.6562 14.5636 -14.5 7.9043 14.6096 -14.5 7.9507 13.9475 -14.5 6.6243 14.0152 -14.5
4 73 3.7346 13.9223 -14.5 2.4457 13.8134 -14.5 2.5197 14.3165 -14.5 3.8024 14.3738 -14.5
4 73 5.1663 12.7677 -14.5 5.2482 11.5945 -14.5 4.0987 11.7885 -14.5 4.6645 12.8282 -14.5
4 73 2.6838 12.9323 -14.5 3.8572 13.4509 -14.5 4.1989 13.0467 -14.5 3.3096 12.1734 -14.5
4 73 6.1571 13.0572 -14.5 7.1721 12.3329 -14.5 6.2497 11.7731 -14.5 5.7706 12.8437 -14.5
4 73 4.1989 13.0467 -14.5 4.6645 12.8282 -14.5 4.0987 11.7885 -14.5 3.3096 12.1734 -14.5
4 73 6.1571 13.0572 -14.5 6.4895 13.48 -14.5 7.703 13.0611 -14.5 7.1721 12.3329 -14.5
4 15 .4929 14.2979 -14.5 2.5197 14.3165 -14.5 2.4457 13.8134 -14.5 .5235 13.4228 -14.5
4 15 .5235 13.4228 -14.5 2.4457 13.8134 -14.5 2.6838 12.9323 -14.5 .7013 12.5638 -14.5
4 15 6.2811 8.7283 -14.5 5.2501 8.7507 -14.5 4.5577 8.8832 -14.5 5.2482 11.5945 -14.5
4 15 5.2482 11.5945 -14.5 4.5577 8.8832 -14.5 3.727 9.2242 -14.5 4.0987 11.7885 -14.5
4 15 3.727 9.2242 -14.5 2.8624 9.7171 -14.5 3.3096 12.1734 -14.5 4.0987 11.7885 -14.5
4 15 1.2641 11.4151 -14.5 3.3096 12.1734 -14.5 2.8624 9.7171 -14.5 2.0492 10.4442 -14.5
4 15 3.3096 12.1734 -14.5 1.2641 11.4151 -14.5 .7013 12.5638 -14.5 2.6838 12.9323 -14.5
4 15 5.2482 11.5945 -14.5 6.2497 11.7731 -14.5 7.1409 8.8864 -14.5 6.2811 8.7283 -14.5
4 15 8.8919 9.728 -14.5 8.1146 9.2346 -14.5 6.2497 11.7731 -14.5 7.1721 12.3329 -14.5
3 15 6.2497 11.7731 -14.5 8.1146 9.2346 -14.5 7.1409 8.8864 -14.5
4 15 8.8919 9.728 -14.5 7.1721 12.3329 -14.5 7.703 13.0611 -14.5 9.7282 10.4567 -14.5
3 15 10.3915 11.2621 -14.5 9.7282 10.4567 -14.5 7.703 13.0611 -14.5
4 15 7.9507 13.9475 -14.5 10.8253 12.1851 -14.5 10.3915 11.2621 -14.5 7.703 13.0611 -14.5
4 15 8.9416 14.6894 -14.5 10.8253 12.1851 -14.5 7.9507 13.9475 -14.5 7.9043 14.6096 -14.5
4 15 11.116 13.0903 -14.5 10.8253 12.1851 -14.5 10.7452 14.1726 -14.5 11.3039 13.8458 -14.5
4 0 2.3694 18.0085 -14.5 2.3008 18.6921 -14.5 3.0945 19.0246 -14.5 3.1995 18.536 -14.5
4 0 3.1995 18.536 -14.5 3.0945 19.0246 -14.5 4.0899 19.3752 -14.5 4.1864 18.9261 -14.5
4 0 4.1864 18.9261 -14.5 4.0899 19.3752 -14.5 5.0254 19.562 -14.5 5.0688 19.117 -14.5
4 0 5.0688 19.117 -14.5 5.0254 19.562 -14.5 6.086 19.6079 -14.5 6.0591 19.1616 -14.5
4 0 6.0591 19.1616 -14.5 6.086 19.6079 -14.5 7.1082 19.5433 -14.5 7.0511 19.0897 -14.5
4 0 7.0511 19.0897 -14.5 7.1082 19.5433 -14.5 8.2664 19.2931 -14.5 8.1602 18.7802 -14.5
4 0 8.1602 18.7802 -14.5 8.2664 19.2931 -14.5 9.6322 18.6116 -14.5 9.3828 18.1378 -14.5
4 0 9.3828 18.1378 -14.5 9.6322 18.6116 -14.5 10.5275 17.9175 -14.5 10.2072 17.4908 -14.5
4 0 10.2072 17.4908 -14.5 10.5275 17.9175 -14.5 11.6513 16.741 -14.5 11.1761 16.5756 -14.5
3 0 -11.8123 16.0628 -14.5 -12.4446 15.6582 -14.5 -12.6014 16.0774 -14.5
4 0 -12.6014 16.0774 -14.5 -12.4446 15.6582 -14.5 -13.1845 15.6496 -14.5 -13.515 16.3754 -14.5
4 0 -14.2306 16.738 -14.5 -13.515 16.3754 -14.5 -13.1845 15.6496 -14.5 -13.851 16.0535 -14.5
4 0 -13.515 16.3754 -14.5 -13.3456 17.2214 -14.5 -12.2129 16.7175 -14.5 -12.6014 16.0774 -14.5
4 0 -11.1296 18.0014 -14.5 -11.7576 17.3109 -14.5 -12.4455 17.6606 -14.5 -11.7205 18.4194 -14.5
4 0 -13.3456 17.2214 -14.5 -12.4455 17.6606 -14.5 -11.7576 17.3109 -14.5 -12.2129 16.7175 -14.5
4 0 -10.1351 18.9333 -14.5 -11.1296 18.0014 -14.5 -11.7205 18.4194 -14.5 -10.7062 19.4683 -14.5
4 0 -8.9553 19.7875 -14.5 -10.1351 18.9333 -14.5 -10.7062 19.4683 -14.5 -9.3694 20.405 -14.5
4 0 -7.563 20.5038 -14.5 -8.9553 19.7875 -14.5 -9.3694 20.405 -14.5 -7.8923 21.171 -14.5
4 0 -6.2304 21.0153 -14.5 -7.563 20.5038 -14.5 -7.8923 21.171 -14.5 -6.4884 21.7125 -14.5
4 0 -5.1104 21.3633 -14.5 -6.2304 21.0153 -14.5 -6.4884 21.7125 -14.5 -5.4855 21.9635 -14.5
4 0 -12.4156 18.6344 -14.5 -12.4455 17.6606 -14.5 -13.3456 17.2214 -14.5 -13.1347 18.762 -14.5
4 0 -12.1284 20.8565 -14.5 -12.4156 18.6344 -14.5 -13.1347 18.762 -14.5 -12.8281 20.9807 -14.5
4 0 -12.8281 20.9807 -14.5 -12.3479 22.9483 -14.5 -11.6483 22.8241 -14.5 -12.1284 20.8565 -14.5
4 0 -12.3479 22.9483 -14.5 -11.8099 24.6428 -14.5 -10.8524 25.2399 -14.5 -11.6483 22.8241 -14.5
4 0 -11.8099 24.6428 -14.5 -11.1871 26.2903 -14.5 -10.4755 26.0382 -14.5 -10.8524 25.2399 -14.5
4 0 -10.4755 26.0382 -14.5 -9.4835 26.0576 -14.5 -9.5795 25.315 -14.5 -10.8524 25.2399 -14.5
4 0 -9.4835 26.0576 -14.5 -8.5538 26.197 -14.5 -8.4567 25.4545 -14.5 -9.5795 25.315 -14.5
4 0 -8.5538 26.197 -14.5 -7.7432 26.5134 -14.5 -7.252 25.8605 -14.5 -8.4567 25.4545 -14.5
4 0 -6.9714 26.7091 -14.5 -5.8643 26.6224 -14.5 -6.0125 25.8252 -14.5 -6.7581 25.8452 -14.5
4 0 7.0161 25.9569 -14.5 7.0086 25.4199 -14.5 6.2275 25.4297 -14.5 6.1784 25.8734 -14.5
3 0 4.9297 26.1089 -14.5 6.156 26.6626 -14.5 6.1784 25.8734 -14.5
4 0 -5.8643 26.6224 -14.5 -4.7757 26.7859 -14.5 -4.6997 26.0963 -14.5 -6.0125 25.8252 -14.5
4 0 -4.7757 26.7859 -14.5 -4.0129 27.1499 -14.5 -3.5093 26.5708 -14.5 -4.6997 26.0963 -14.5
4 0 -6.0125 25.8252 -14.5 -6.1572 25.3706 -14.5 -6.8051 25.2972 -14.5 -6.7581 25.8452 -14.5
4 0 -6.1572 25.3706 -14.5 -6.011 24.7098 -14.5 -6.5883 24.428 -14.5 -6.8051 25.2972 -14.5
4 0 1.518 22.5302 -14.5 .8766 22.5796 -14.5 .96 25.829 -14.5 1.5988 25.7531 -14.5
4 0 -7.172 30.5099 -14.5 -6.9714 26.7091 -14.5 -7.7432 26.5134 -14.5 -7.9553 29.8282 -14.5
3 0 -7.172 30.5099 -14.5 -7.9553 29.8282 -14.5 -7.8369 30.8108 -14.5
4 0 -7.9553 29.8282 -14.5 -8.8029 28.99 -14.5 -9.2031 29.5188 -14.5 -7.8369 30.8108 -14.5
4 0 -10.3178 27.9358 -14.5 -9.7512 27.5837 -14.5 -10.4755 26.0382 -14.5 -11.1871 26.2903 -14.5
4 0 -4.0129 27.1499 -14.5 -3.3481 27.339 -14.5 -2.7602 27.2729 -14.5 -3.5093 26.5708 -14.5
4 0 -1.9863 27.2524 -14.5 -2.7375 26.4984 -14.5 -3.5093 26.5708 -14.5 -2.7602 27.2729 -14.5
4 0 -4.0129 27.1499 -14.5 -4.3086 32.0635 -14.5 -3.4738 32.3254 -14.5 -3.3481 27.339 -14.5
4 0 -1.9945 33.3363 -14.5 -3.4738 32.3254 -14.5 -4.3086 32.0635 -14.5 -3.7358 32.9436 -14.5
4 0 -4.3086 32.0635 -14.5 -5.3593 31.6767 -14.5 -5.4068 32.3643 -14.5 -3.7358 32.9436 -14.5
4 0 -5.3593 31.6767 -14.5 -6.449 31.0988 -14.5 -6.8644 31.6091 -14.5 -5.4068 32.3643 -14.5
4 0 -6.8644 31.6091 -14.5 -6.449 31.0988 -14.5 -7.172 30.5099 -14.5 -7.8369 30.8108 -14.5
4 0 .1707 33.4298 -14.5 -1.8644 32.6943 -14.5 -3.4738 32.3254 -14.5 -1.9945 33.3363 -14.5
3 0 -1.8644 32.6943 -14.5 .1707 33.4298 -14.5 -.3001 32.7984 -14.5
3 0 -.3001 32.7984 -14.5 .1707 33.4298 -14.5 .5759 32.7962 -14.5
4 0 .5759 32.7962 -14.5 .4989 27.7753 -14.5 -.3629 27.7638 -14.5 -.3001 32.7984 -14.5
4 0 .0305 27.0205 -14.5 -.9813 26.6125 -14.5 -1.2467 27.4039 -14.5 -.3629 27.7638 -14.5
4 0 -.9813 26.6125 -14.5 -1.8591 26.5118 -14.5 -1.9863 27.2524 -14.5 -1.2467 27.4039 -14.5
3 0 -2.7375 26.4984 -14.5 -1.9863 27.2524 -14.5 -1.8591 26.5118 -14.5
4 0 -1.2271 21.8796 -14.5 -2.6081 21.7897 -14.5 -2.8121 22.4054 -14.5 -1.6252 22.5156 -14.5
3 0 -5.4855 21.9635 -14.5 -4.8531 22.0892 -14.5 -5.1104 21.3633 -14.5
4 0 -1.5877 25.3731 -14.5 -1.6968 26.0908 -14.5 -.9018 26.1806 -14.5 -.8706 25.4557 -14.5
4 0 -1.6252 22.5156 -14.5 -1.5877 25.3731 -14.5 -.8706 25.4557 -14.5 -.8769 22.576 -14.5
4 0 -1.6968 26.0908 -14.5 -1.8591 26.5118 -14.5 -.9813 26.6125 -14.5 -.9018 26.1806 -14.5
3 0 -1.6252 22.5156 -14.5 -.8769 22.576 -14.5 -1.2271 21.8796 -14.5
4 0 .9825 21.8669 -14.5 -.0758 21.8912 -14.5 .0463 22.6016 -14.5 .8766 22.5796 -14.5
4 0 -3.7876 21.652 -14.5 -5.1104 21.3633 -14.5 -4.8531 22.0892 -14.5 -3.9005 22.267 -14.5
4 0 -2.6081 21.7897 -14.5 -3.7876 21.652 -14.5 -3.9005 22.267 -14.5 -2.8121 22.4054 -14.5
3 0 .9825 21.8669 -14.5 .8766 22.5796 -14.5 1.518 22.5302 -14.5
4 0 2.4313 21.7486 -14.5 .9825 21.8669 -14.5 1.518 22.5302 -14.5 2.5333 22.3771 -14.5
4 0 2.5333 22.3771 -14.5 3.6775 22.2262 -14.5 3.5754 21.5977 -14.5 2.4313 21.7486 -14.5
4 0 4.9202 21.3245 -14.5 3.5754 21.5977 -14.5 3.6775 22.2262 -14.5 4.836 21.9975 -14.5
4 0 1.7313 26.467 -14.5 1.5988 25.7531 -14.5 .96 25.829 -14.5 1.0823 26.5915 -14.5
4 0 -.0758 21.8912 -14.5 -1.2271 21.8796 -14.5 -.8769 22.576 -14.5 .0463 22.6016 -14.5
4 0 1.9701 27.2719 -14.5 1.7313 26.467 -14.5 1.0823 26.5915 -14.5 1.1847 27.4309 -14.5
3 0 .4989 27.7753 -14.5 1.1847 27.4309 -14.5 1.0823 26.5915 -14.5
4 0 -.3629 27.7638 -14.5 .4989 27.7753 -14.5 1.0823 26.5915 -14.5 .0305 27.0205 -14.5
4 0 1.9701 27.2719 -14.5 2.9045 27.2917 -14.5 2.8647 26.457 -14.5 1.7313 26.467 -14.5
4 0 2.9045 27.2917 -14.5 3.4596 27.4195 -14.5 3.7795 26.5631 -14.5 2.8647 26.457 -14.5
4 0 3.4596 27.4195 -14.5 3.6522 32.393 -14.5 4.4219 32.1533 -14.5 4.169 27.2479 -14.5
4 0 2.2832 33.3476 -14.5 2.1697 32.7528 -14.5 .5759 32.7962 -14.5 .1707 33.4298 -14.5
3 0 3.6522 32.393 -14.5 2.1697 32.7528 -14.5 2.2832 33.3476 -14.5
4 0 4.4219 32.1533 -14.5 3.6522 32.393 -14.5 2.2832 33.3476 -14.5 4.1617 32.9648 -14.5
4 0 3.4596 27.4195 -14.5 4.169 27.2479 -14.5 5.0961 26.8516 -14.5 3.7795 26.5631 -14.5
4 0 6.156 26.6626 -14.5 4.9297 26.1089 -14.5 3.7795 26.5631 -14.5 5.0961 26.8516 -14.5
4 0 -5.826 12.9485 -14.5 -5.2691 13.8617 -14.5 -4.7206 12.9136 -14.5 -5.3168 12.8287 -14.5
4 0 -7.7432 26.5134 -14.5 -6.9714 26.7091 -14.5 -6.7581 25.8452 -14.5 -7.252 25.8605 -14.5
4 0 6.156 26.6626 -14.5 7.152 26.7997 -14.5 7.0161 25.9569 -14.5 6.1784 25.8734 -14.5
4 0 6.7953 24.614 -14.5 5.5627 21.79 -14.5 4.836 21.9975 -14.5 6.023 24.6784 -14.5
4 0 6.023 24.6784 -14.5 6.2275 25.4297 -14.5 7.0086 25.4199 -14.5 6.7953 24.614 -14.5
3 0 7.0161 25.9569 -14.5 7.152 26.7997 -14.5 7.9902 26.6123 -14.5
4 0 7.9902 26.6123 -14.5 8.7961 26.2132 -14.5 8.4724 25.3944 -14.5 7.0161 25.9569 -14.5
4 0 8.7961 26.2132 -14.5 9.9612 26.0688 -14.5 9.9036 25.2162 -14.5 8.4724 25.3944 -14.5
4 0 9.9612 26.0688 -14.5 10.8622 26.1717 -14.5 11.0946 25.3663 -14.5 9.9036 25.2162 -14.5
4 0 8.0839 30.0475 -14.5 7.9902 26.6123 -14.5 7.152 26.7997 -14.5 7.3468 30.7257 -14.5
3 0 4.836 21.9975 -14.5 5.5627 21.79 -14.5 4.9202 21.3245 -14.5
4 0 5.5627 21.79 -14.5 6.8455 21.4063 -14.5 6.5435 20.826 -14.5 4.9202 21.3245 -14.5
4 0 7.8427 20.2745 -14.5 6.5435 20.826 -14.5 6.8455 21.4063 -14.5 8.1647 20.8926 -14.5
4 0 9.0572 19.6106 -14.5 7.8427 20.2745 -14.5 8.1647 20.8926 -14.5 9.4317 20.1816 -14.5
4 0 10.0736 18.885 -14.5 9.0572 19.6106 -14.5 9.4317 20.1816 -14.5 10.5426 19.4447 -14.5
4 0 10.5426 19.4447 -14.5 12.1291 18.0307 -14.5 11.5587 17.5747 -14.5 10.0736 18.885 -14.5
4 0 12.7303 16.1375 -14.5 11.5587 17.5747 -14.5 12.1291 18.0307 -14.5 12.6792 17.3922 -14.5
4 0 -4.8531 22.0892 -14.5 -5.4855 21.9635 -14.5 -6.5883 24.428 -14.5 -6.011 24.7098 -14.5
3 15 -4.8531 22.0892 -14.5 -6.011 24.7098 -14.5 -3.9005 22.267 -14.5
4 15 -6.011 24.7098 -14.5 -1.5877 25.3731 -14.5 -1.6252 22.5156 -14.5 -2.8121 22.4054 -14.5
3 15 -2.8121 22.4054 -14.5 -3.9005 22.267 -14.5 -6.011 24.7098 -14.5
3 15 1.518 22.5302 -14.5 1.5988 25.7531 -14.5 2.5333 22.3771 -14.5
3 15 4.836 21.9975 -14.5 3.6775 22.2262 -14.5 6.023 24.6784 -14.5
4 15 6.023 24.6784 -14.5 3.6775 22.2262 -14.5 2.5333 22.3771 -14.5 1.5988 25.7531 -14.5
4 15 -6.011 24.7098 -14.5 -6.1572 25.3706 -14.5 -6.0125 25.8252 -14.5 -4.6997 26.0963 -14.5
4 15 -1.6968 26.0908 -14.5 -1.5877 25.3731 -14.5 -2.7375 26.4984 -14.5 -1.8591 26.5118 -14.5
3 15 1.7313 26.467 -14.5 2.8647 26.457 -14.5 1.5988 25.7531 -14.5
4 15 4.9297 26.1089 -14.5 6.1784 25.8734 -14.5 6.2275 25.4297 -14.5 6.023 24.6784 -14.5
3 15 4.9297 26.1089 -14.5 6.023 24.6784 -14.5 1.5988 25.7531 -14.5
4 15 2.8647 26.457 -14.5 3.7795 26.5631 -14.5 4.9297 26.1089 -14.5 1.5988 25.7531 -14.5
3 15 -1.5877 25.3731 -14.5 -6.011 24.7098 -14.5 -4.6997 26.0963 -14.5
4 15 -3.5093 26.5708 -14.5 -2.7375 26.4984 -14.5 -1.5877 25.3731 -14.5 -4.6997 26.0963 -14.5
3 70 -12.4455 17.6606 -14.5 -12.4156 18.6344 -14.5 -11.7205 18.4194 -14.5
4 70 -12.4156 18.6344 -14.5 -12.1284 20.8565 -14.5 -10.7062 19.4683 -14.5 -11.7205 18.4194 -14.5
4 70 -12.1284 20.8565 -14.5 -11.6483 22.8241 -14.5 -9.3694 20.405 -14.5 -10.7062 19.4683 -14.5
3 70 -9.3694 20.405 -14.5 -11.6483 22.8241 -14.5 -10.8524 25.2399 -14.5
4 70 -9.3694 20.405 -14.5 -10.8524 25.2399 -14.5 -9.5795 25.315 -14.5 -7.8923 21.171 -14.5
4 70 -8.4567 25.4545 -14.5 -6.4884 21.7125 -14.5 -7.8923 21.171 -14.5 -9.5795 25.315 -14.5
4 70 -6.5883 24.428 -14.5 -6.4884 21.7125 -14.5 -8.4567 25.4545 -14.5 -7.252 25.8605 -14.5
3 70 -6.7581 25.8452 -14.5 -6.8051 25.2972 -14.5 -7.252 25.8605 -14.5
3 70 -5.4855 21.9635 -14.5 -6.4884 21.7125 -14.5 -6.5883 24.428 -14.5
3 70 -6.5883 24.428 -14.5 -7.252 25.8605 -14.5 -6.8051 25.2972 -14.5
3 70 -.8706 25.4557 -14.5 -.9018 26.1806 -14.5 .96 25.829 -14.5
4 70 .0305 27.0205 -14.5 .96 25.829 -14.5 -.9018 26.1806 -14.5 -.9813 26.6125 -14.5
3 70 .0305 27.0205 -14.5 1.0823 26.5915 -14.5 .96 25.829 -14.5
4 0 5.4713 32.5489 -14.5 6.9063 31.8058 -14.5 6.4738 31.3492 -14.5 5.4732 31.8493 -14.5
4 0 7.3468 30.7257 -14.5 6.4738 31.3492 -14.5 6.9063 31.8058 -14.5 7.9694 31.0553 -14.5
4 0 5.4732 31.8493 -14.5 4.4219 32.1533 -14.5 4.1617 32.9648 -14.5 5.4713 32.5489 -14.5
3 0 7.3468 30.7257 -14.5 7.9694 31.0553 -14.5 8.0839 30.0475 -14.5
4 0 8.9623 29.2807 -14.5 8.0839 30.0475 -14.5 7.9694 31.0553 -14.5 9.402 29.7913 -14.5
4 0 10.2089 27.528 -14.5 8.9623 29.2807 -14.5 9.402 29.7913 -14.5 10.6486 28.0386 -14.5
4 0 10.6486 28.0386 -14.5 11.478 26.4699 -14.5 10.8622 26.1717 -14.5 10.2089 27.528 -14.5
4 0 11.0946 25.3663 -14.5 10.8622 26.1717 -14.5 11.478 26.4699 -14.5 11.7702 25.6967 -14.5
4 0 11.7702 25.6967 -14.5 12.4911 23.5871 -14.5 11.8362 23.3734 -14.5 11.0946 25.3663 -14.5
4 0 12.4169 20.658 -14.5 11.8362 23.3734 -14.5 12.4911 23.5871 -14.5 13.0782 20.8088 -14.5
4 0 13.0782 20.8088 -14.5 13.4779 17.7389 -14.5 12.6792 17.3922 -14.5 12.4169 20.658 -14.5
4 0 12.7303 16.1375 -14.5 12.6792 17.3922 -14.5 13.4779 17.7389 -14.5 13.6715 16.3246 -14.5
4 0 12.7303 16.1375 -14.5 13.6715 16.3246 -14.5 13.8402 15.843 -14.5 13.2422 15.6247 -14.5
3 0 13.8402 15.843 -14.5 13.6715 16.3246 -14.5 14.4843 16.6555 -14.5
4 0 13.2422 15.6247 -14.5 12.5051 15.7025 -14.5 11.8434 16.1571 -14.5 12.7303 16.1375 -14.5
3 70 12.6792 17.3922 -14.5 12.1291 18.0307 -14.5 12.4169 20.658 -14.5
4 70 12.1291 18.0307 -14.5 10.5426 19.4447 -14.5 11.8362 23.3734 -14.5 12.4169 20.658 -14.5
4 70 10.5426 19.4447 -14.5 9.4317 20.1816 -14.5 11.0946 25.3663 -14.5 11.8362 23.3734 -14.5
4 70 11.0946 25.3663 -14.5 9.4317 20.1816 -14.5 8.1647 20.8926 -14.5 9.9036 25.2162 -14.5
4 70 6.8455 21.4063 -14.5 8.4724 25.3944 -14.5 9.9036 25.2162 -14.5 8.1647 20.8926 -14.5
4 70 8.4724 25.3944 -14.5 6.8455 21.4063 -14.5 5.5627 21.79 -14.5 6.7953 24.614 -14.5
3 70 7.0086 25.4199 -14.5 7.0161 25.9569 -14.5 8.4724 25.3944 -14.5
3 70 7.0086 25.4199 -14.5 8.4724 25.3944 -14.5 6.7953 24.614 -14.5
3 15 -3.4738 32.3254 -14.5 -1.8644 32.6943 -14.5 -3.3481 27.339 -14.5
3 15 -.3001 32.7984 -14.5 -.3629 27.7638 -14.5 -1.8644 32.6943 -14.5
4 15 -1.8644 32.6943 -14.5 -1.9863 27.2524 -14.5 -2.7602 27.2729 -14.5 -3.3481 27.339 -14.5
4 15 -1.2467 27.4039 -14.5 -1.9863 27.2524 -14.5 -1.8644 32.6943 -14.5 -.3629 27.7638 -14.5
3 15 .4989 27.7753 -14.5 .5759 32.7962 -14.5 2.1697 32.7528 -14.5
3 15 3.6522 32.393 -14.5 3.4596 27.4195 -14.5 2.1697 32.7528 -14.5
4 15 2.9045 27.2917 -14.5 1.9701 27.2719 -14.5 2.1697 32.7528 -14.5 3.4596 27.4195 -14.5
4 15 1.1847 27.4309 -14.5 .4989 27.7753 -14.5 2.1697 32.7528 -14.5 1.9701 27.2719 -14.5
4 15 -6.449 31.0988 -14.5 -5.3593 31.6767 -14.5 -4.7757 26.7859 -14.5 -5.8643 26.6224 -14.5
4 15 -5.3593 31.6767 -14.5 -4.3086 32.0635 -14.5 -4.0129 27.1499 -14.5 -4.7757 26.7859 -14.5
4 15 -6.9714 26.7091 -14.5 -7.172 30.5099 -14.5 -6.449 31.0988 -14.5 -5.8643 26.6224 -14.5
4 15 5.4732 31.8493 -14.5 6.4738 31.3492 -14.5 6.156 26.6626 -14.5 5.0961 26.8516 -14.5
4 15 5.4732 31.8493 -14.5 5.0961 26.8516 -14.5 4.169 27.2479 -14.5 4.4219 32.1533 -14.5
4 15 6.4738 31.3492 -14.5 7.3468 30.7257 -14.5 7.152 26.7997 -14.5 6.156 26.6626 -14.5
4 15 10.2089 27.528 -14.5 7.9902 26.6123 -14.5 8.0839 30.0475 -14.5 8.9623 29.2807 -14.5
4 0 -8.8029 28.99 -14.5 -9.7512 27.5837 -14.5 -10.3178 27.9358 -14.5 -9.2031 29.5188 -14.5
4 15 -9.7512 27.5837 -14.5 -8.5538 26.197 -14.5 -9.4835 26.0576 -14.5 -10.4755 26.0382 -14.5
3 15 -8.5538 26.197 -14.5 -9.7512 27.5837 -14.5 -8.8029 28.99 -14.5
4 15 -7.9553 29.8282 -14.5 -7.7432 26.5134 -14.5 -8.5538 26.197 -14.5 -8.8029 28.99 -14.5
4 15 9.9612 26.0688 -14.5 8.7961 26.2132 -14.5 10.2089 27.528 -14.5 10.8622 26.1717 -14.5
3 15 7.9902 26.6123 -14.5 10.2089 27.528 -14.5 8.7961 26.2132 -14.5
3 4 -11.5771 16.7797 -14.5 -11.1805 16.7696 -14.5 -11.2964 16.4721 -14.5
4 4 -10.6629 16.3614 -14.5 -10.9792 16.0546 -14.5 -11.2964 16.4721 -14.5 -11.1805 16.7696 -14.5
4 4 -10.6629 16.3614 -14.5 -10.3083 15.5198 -14.5 -10.822 15.5207 -14.5 -10.9792 16.0546 -14.5
4 4 -10.3083 15.5198 -14.5 -10.4748 14.7909 -14.5 -10.8658 15.0218 -14.5 -10.822 15.5207 -14.5
4 4 -10.8658 15.0218 -14.5 -10.4748 14.7909 -14.5 -10.7611 14.3262 -14.5 -11.0708 14.6572 -14.5
4 4 -11.3015 13.945 -14.5 -12.1779 13.7714 -14.5 -12.1113 14.2864 -14.5 -11.5076 14.4096 -14.5
4 4 -12.1779 13.7714 -14.5 -13.3557 13.8271 -14.5 -13.2176 14.3143 -14.5 -12.1113 14.2864 -14.5
4 4 -14.2191 14.6241 -14.5 -13.2176 14.3143 -14.5 -13.3557 13.8271 -14.5 -14.5838 14.1637 -14.5
4 4 -14.932 15.2054 -14.5 -14.2191 14.6241 -14.5 -14.5838 14.1637 -14.5 -15.4686 14.879 -14.5
4 4 -15.1661 15.7615 -14.5 -14.932 15.2054 -14.5 -15.4686 14.879 -14.5 -15.8153 15.8125 -14.5
4 4 -15.0616 16.3328 -14.5 -15.1661 15.7615 -14.5 -15.8153 15.8125 -14.5 -15.6432 16.6316 -14.5
4 4 -14.7635 16.7796 -14.5 -15.0616 16.3328 -14.5 -15.6432 16.6316 -14.5 -15.0004 17.1291 -14.5
3 4 -14.7635 16.7796 -14.5 -15.0004 17.1291 -14.5 -14.3345 17.0689 -14.5
4 4 -11.3015 13.945 -14.5 -11.5076 14.4096 -14.5 -11.0708 14.6572 -14.5 -10.7611 14.3262 -14.5
3 4 11.6513 16.741 -14.5 11.3472 16.3392 -14.5 11.1761 16.5756 -14.5
4 4 10.6841 16.1845 -14.5 11.1761 16.5756 -14.5 11.3472 16.3392 -14.5 11.0409 15.926 -14.5
4 4 10.6841 16.1845 -14.5 11.0409 15.926 -14.5 10.8733 15.3876 -14.5 10.2451 15.5022 -14.5
4 4 10.2451 15.5022 -14.5 10.8733 15.3876 -14.5 10.9173 14.8887 -14.5 10.3131 14.8015 -14.5
4 4 10.9173 14.8887 -14.5 11.1711 14.5249 -14.5 10.7452 14.1726 -14.5 10.3131 14.8015 -14.5
4 4 11.3039 13.8458 -14.5 11.6081 14.2774 -14.5 12.3582 14.1372 -14.5 12.2177 13.67 -14.5
4 4 13.299 14.1634 -14.5 13.437 13.6957 -14.5 12.2177 13.67 -14.5 12.3582 14.1372 -14.5
4 4 13.437 13.6957 -14.5 13.299 14.1634 -14.5 14.2708 14.4928 -14.5 14.5603 14.0325 -14.5
4 4 15 15.0676 -14.5 15.5718 14.8376 -14.5 14.5603 14.0325 -14.5 14.2708 14.4928 -14.5
4 4 15.2484 15.6014 -14.5 15.7909 15.775 -14.5 15.5718 14.8376 -14.5 15 15.0676 -14.5
4 4 15.1439 16.1532 -14.5 15.5696 16.6031 -14.5 15.7909 15.775 -14.5 15.2484 15.6014 -14.5
4 4 15.5696 16.6031 -14.5 15.1439 16.1532 -14.5 14.8163 16.5994 -14.5 15 16.9573 -14.5
3 4 14.8163 16.5994 -14.5 14.3965 16.9235 -14.5 15 16.9573 -14.5
4 4 11.3039 13.8458 -14.5 10.7452 14.1726 -14.5 11.1711 14.5249 -14.5 11.6081 14.2774 -14.5
4 15 8.9416 14.6894 -14.5 10.3131 14.8015 -14.5 10.7452 14.1726 -14.5 10.8253 12.1851 -14.5
4 15 -2.8148 9.7767 -14.5 -3.5843 9.3037 -14.5 -4.4625 8.9596 -14.5 -4.3459 11.8425 -14.5
4 15 -4.3459 11.8425 -14.5 -4.4625 8.9596 -14.5 -5.3138 8.7881 -14.5 -5.3018 11.7355 -14.5
4 15 -5.3138 8.7881 -14.5 -6.1934 8.7719 -14.5 -6.3743 11.9699 -14.5 -5.3018 11.7355 -14.5
4 15 -6.1934 8.7719 -14.5 -7.0902 8.902 -14.5 -7.9653 9.2551 -14.5 -6.3743 11.9699 -14.5
4 15 -8.9074 9.6997 -14.5 -7.2533 12.5587 -14.5 -6.3743 11.9699 -14.5 -7.9653 9.2551 -14.5
4 15 -8.9074 9.6997 -14.5 -9.6387 10.3009 -14.5 -7.8009 13.3036 -14.5 -7.2533 12.5587 -14.5
4 15 -9.6387 10.3009 -14.5 -10.3525 11.174 -14.5 -8.0052 14.0961 -14.5 -7.8009 13.3036 -14.5
3 15 -8.0052 14.0961 -14.5 -10.3525 11.174 -14.5 -10.8456 12.1105 -14.5
4 15 -10.8456 12.1105 -14.5 -11.1386 13.0175 -14.5 -7.9027 14.615 -14.5 -8.0052 14.0961 -14.5
4 15 -10.7611 14.3262 -14.5 -9.0771 14.6917 -14.5 -7.9027 14.615 -14.5 -11.1386 13.0175 -14.5
3 15 -11.1386 13.0175 -14.5 -11.3015 13.945 -14.5 -10.7611 14.3262 -14.5
3 15 -9.0771 14.6917 -14.5 -10.7611 14.3262 -14.5 -10.4748 14.7909 -14.5
4 15 -1.7803 10.7218 -14.5 -2.8148 9.7767 -14.5 -4.3459 11.8425 -14.5 -3.432 12.3252 -14.5
4 15 -1.7803 10.7218 -14.5 -3.432 12.3252 -14.5 -2.8641 12.9652 -14.5 -1.026 11.9543 -14.5
4 15 -2.5181 13.8079 -14.5 -.6 13.2584 -14.5 -1.026 11.9543 -14.5 -2.8641 12.9652 -14.5
4 15 -2.5433 14.304 -14.5 -.4916 14.2639 -14.5 -.6 13.2584 -14.5 -2.5181 13.8079 -14.5
4 0 -4.3419 15.8371 -14.5 -5.8652 15.7985 -14.5 -5.8336 16.1774 -14.5 -4.3976 16.1515 -14.5
3 0 -4.3419 15.8371 -14.5 -4.3976 16.1515 -14.5 -2.9147 16.1518 -14.5
4 0 -5.8652 15.7985 -14.5 -7.2857 16.07 -14.5 -7.2538 16.3667 -14.5 -5.8336 16.1774 -14.5
3 0 -7.2538 16.3667 -14.5 -7.2857 16.07 -14.5 -8.6487 16.5822 -14.5
4 0 7.5127 16.0349 -14.5 5.7378 15.7536 -14.5 5.7172 16.179 -14.5 7.3901 16.3239 -14.5
3 0 7.5127 16.0349 -14.5 7.3901 16.3239 -14.5 8.9 16.544 -14.5
4 0 4.2145 16.1453 -14.5 5.7172 16.179 -14.5 5.7378 15.7536 -14.5 4.2092 15.8273 -14.5
3 0 4.2145 16.1453 -14.5 4.2092 15.8273 -14.5 3.0459 16.1246 -14.5
4 4 -14.4373 15.0393 -14.5 -13.8691 14.9852 -14.5 -14.0709 14.8274 -14.5 -14.3008 14.8629 -14.5
4 4 -14.4373 15.0393 -14.5 -14.2854 15.2444 -14.5 -14.0026 15.218 -14.5 -13.8691 14.9852 -14.5
4 4 -12.2276 14.6649 -14.5 -11.6591 14.7752 -14.5 -11.8279 14.5537 -14.5 -12.037 14.5222 -14.5
4 4 -12.2276 14.6649 -14.5 -12.1216 14.9177 -14.5 -11.8311 14.9586 -14.5 -11.6591 14.7752 -14.5
4 4 -13.3743 15.3015 -14.5 -12.8404 15.383 -14.5 -12.9867 15.1539 -14.5 -13.239 15.1423 -14.5
4 4 -13.3743 15.3015 -14.5 -13.2714 15.5442 -14.5 -12.9616 15.5474 -14.5 -12.8404 15.383 -14.5
4 4 13.846 14.727 -14.5 13.9306 14.9714 -14.5 14.1192 15.0825 -14.5 14.3835 15.0048 -14.5
4 4 14.3348 14.7441 -14.5 14.0908 14.6204 -14.5 13.846 14.727 -14.5 14.3835 15.0048 -14.5
4 4 11.9361 14.4004 -14.5 11.6809 14.5463 -14.5 12.2618 14.6428 -14.5 12.1059 14.4335 -14.5
4 4 11.8009 14.7936 -14.5 12.0595 14.8537 -14.5 12.2618 14.6428 -14.5 11.6809 14.5463 -14.5
4 4 13.0261 15.0269 -14.5 12.8403 15.2659 -14.5 13.4113 15.1883 -14.5 13.2491 15.0469 -14.5
4 4 13.4113 15.1883 -14.5 12.8403 15.2659 -14.5 12.9861 15.4171 -14.5 13.2741 15.4469 -14.5
4 4 -1.3019 34.9673 -14.5 .3295 35.05 -14.5 .2971 34.2471 -14.5 -1.2602 34.1969 -14.5
4 4 -1.2602 34.1969 -14.5 -2.5387 34.0917 -14.5 -2.6716 34.6896 -14.5 -1.3019 34.9673 -14.5
4 4 -2.5387 34.0917 -14.5 -3.6597 33.9417 -14.5 -3.7666 34.3189 -14.5 -2.6716 34.6896 -14.5
3 4 -3.7666 34.3189 -14.5 -3.6597 33.9417 -14.5 -4.6645 33.8025 -14.5
4 4 .3295 35.05 -14.5 2.2034 34.8973 -14.5 2.065 34.1489 -14.5 .2971 34.2471 -14.5
4 4 2.2034 34.8973 -14.5 3.4961 34.4851 -14.5 3.2688 33.9548 -14.5 2.065 34.1489 -14.5
4 4 3.4961 34.4851 -14.5 4.3202 34.0302 -14.5 4.1881 33.7219 -14.5 3.2688 33.9548 -14.5
3 4 4.1881 33.7219 -14.5 4.3202 34.0302 -14.5 4.974 33.4934 -14.5
3 191 -12.7668 25.7746 -14.5 -13.1767 25.6736 -14.5 -13.5872 25.7724 -14.5
3 191 -14.1693 26.4807 -14.5 -14.2522 26.9824 -14.5 -14.172 27.4845 -14.5
3 191 -13.5937 28.1959 -14.5 -13.1838 28.2968 -14.5 -12.7733 28.1981 -14.5
3 191 -12.1912 27.4898 -14.5 -12.1083 26.9881 -14.5 -12.1884 26.4747 -14.5
4 191 -12.1912 27.4898 -14.5 -12.1884 26.4747 -14.5 -12.4197 26.0485 -14.5 -12.7668 25.7746 -14.5
4 191 -13.9358 26.0558 -14.5 -14.1693 26.4807 -14.5 -12.7668 25.7746 -14.5 -13.5872 25.7724 -14.5
4 191 -13.9407 27.9106 -14.5 -13.5937 28.1959 -14.5 -14.1693 26.4807 -14.5 -14.172 27.4845 -14.5
4 191 -12.4247 27.9147 -14.5 -12.1912 27.4898 -14.5 -13.5937 28.1959 -14.5 -12.7733 28.1981 -14.5
3 191 -12.7668 25.7746 -14.5 -14.1693 26.4807 -14.5 -13.5937 28.1959 -14.5
3 191 -13.5937 28.1959 -14.5 -12.1912 27.4898 -14.5 -12.7668 25.7746 -14.5
3 191 -10.5273 30.4942 -14.5 -11.1462 31.0188 -14.5 -11.5609 31.8054 -14.5
3 191 -11.5609 31.8054 -14.5 -11.7082 32.7342 -14.5 -11.5658 33.6637 -14.5
3 191 -10.5393 34.9805 -14.5 -9.8115 35.1672 -14.5 -9.0826 34.9844 -14.5
3 191 -8.0491 33.6731 -14.5 -7.9017 32.7444 -14.5 -8.0441 31.8148 -14.5
4 191 -8.0491 33.6731 -14.5 -8.0441 31.8148 -14.5 -8.4546 31.026 -14.5 -9.0706 30.4981 -14.5
4 191 -9.7985 30.3113 -14.5 -10.5273 30.4942 -14.5 -11.5609 31.8054 -14.5 -9.0706 30.4981 -14.5
4 191 -11.1554 34.4525 -14.5 -10.5393 34.9805 -14.5 -11.5609 31.8054 -14.5 -11.5658 33.6637 -14.5
4 191 -8.4637 34.4597 -14.5 -8.0491 33.6731 -14.5 -10.5393 34.9805 -14.5 -9.0826 34.9844 -14.5
3 191 -9.0706 30.4981 -14.5 -11.5609 31.8054 -14.5 -10.5393 34.9805 -14.5
3 191 -10.5393 34.9805 -14.5 -8.0491 33.6731 -14.5 -9.0706 30.4981 -14.5
3 191 8.9682 32.6806 -14.5 8.5916 32.5964 -14.5 8.2145 32.6785 -14.5
4 191 8.9682 32.6806 -14.5 8.2145 32.6785 -14.5 7.8944 32.9146 -14.5 7.68 33.2687 -14.5
3 191 7.68 33.2687 -14.5 7.6039 33.6868 -14.5 7.6778 34.1053 -14.5
4 191 7.68 33.2687 -14.5 7.6778 34.1053 -14.5 7.8903 34.4605 -14.5 8.2091 34.6983 -14.5
4 191 9.4973 34.1102 -14.5 8.2091 34.6983 -14.5 8.5857 34.7825 -14.5 8.9628 34.7003 -14.5
3 191 8.9628 34.7003 -14.5 9.2829 34.4642 -14.5 9.4973 34.1102 -14.5
3 191 9.4995 33.2736 -14.5 9.287 32.9184 -14.5 8.9682 32.6806 -14.5
4 191 9.5733 33.6921 -14.5 9.4995 33.2736 -14.5 8.9682 32.6806 -14.5 9.4973 34.1102 -14.5
3 191 8.9682 32.6806 -14.5 7.68 33.2687 -14.5 8.2091 34.6983 -14.5
3 191 8.2091 34.6983 -14.5 9.4973 34.1102 -14.5 8.9682 32.6806 -14.5
3 191 13.0699 27.4794 -14.5 12.283 27.2824 -14.5 11.4951 27.4752 -14.5
3 191 10.3726 30.817 -14.5 10.8164 31.6487 -14.5 11.4824 32.2054 -14.5
3 191 11.4824 32.2054 -14.5 12.2693 32.4024 -14.5 13.0572 32.2097 -14.5
4 191 13.0699 27.4794 -14.5 14.1745 30.8272 -14.5 14.3337 29.8479 -14.5 14.1797 28.8678 -14.5
3 191 14.1797 28.8678 -14.5 13.7359 28.0361 -14.5 13.0699 27.4794 -14.5
4 191 10.8261 28.0283 -14.5 10.3779 28.8576 -14.5 13.0699 27.4794 -14.5 11.4951 27.4752 -14.5
4 191 10.2186 29.8369 -14.5 10.3726 30.817 -14.5 11.4824 32.2054 -14.5 10.3779 28.8576 -14.5
4 191 13.7262 31.6565 -14.5 14.1745 30.8272 -14.5 11.4824 32.2054 -14.5 13.0572 32.2097 -14.5
4 191 10.3779 28.8576 -14.5 11.4824 32.2054 -14.5 14.1745 30.8272 -14.5 13.0699 27.4794 -14.5
3 191 14.6152 4.1569 -14.5 14.2386 4.0482 -14.5 13.8614 4.1549 -14.5
4 191 14.6152 4.1569 -14.5 13.8614 4.1549 -14.5 13.541 4.4605 -14.5 13.3263 4.9187 -14.5
3 191 13.3263 4.9187 -14.5 13.2499 5.4596 -14.5 13.3234 6.0009 -14.5
4 191 13.3263 4.9187 -14.5 13.3234 6.0009 -14.5 13.5357 6.4603 -14.5 13.8544 6.7676 -14.5
4 191 15.1432 6.0058 -14.5 13.8544 6.7676 -14.5 14.231 6.8763 -14.5 14.6082 6.7696 -14.5
3 191 14.6082 6.7696 -14.5 14.9285 6.464 -14.5 15.1432 6.0058 -14.5
3 191 15.1461 4.9236 -14.5 14.9339 4.4643 -14.5 14.6152 4.1569 -14.5
4 191 15.2197 5.4649 -14.5 15.1461 4.9236 -14.5 14.6152 4.1569 -14.5 15.1432 6.0058 -14.5
3 191 14.6152 4.1569 -14.5 13.3263 4.9187 -14.5 13.8544 6.7676 -14.5
3 191 13.8544 6.7676 -14.5 15.1432 6.0058 -14.5 14.6152 4.1569 -14.5
4 191 -15.0454 5.342 -14.5 -12.7499 2.4986 -14.5 -13.626 2.7132 -14.5 -14.3699 3.3289 -14.5
3 191 -14.3699 3.3289 -14.5 -14.8683 4.252 -14.5 -15.0454 5.342 -14.5
3 191 -15.0454 5.342 -14.5 -14.8742 6.433 -14.5 -14.3807 7.3587 -14.5
4 191 -15.0454 5.342 -14.5 -14.3807 7.3587 -14.5 -13.6401 7.9784 -14.5 -12.7652 8.1977 -14.5
4 191 -10.4697 5.3543 -14.5 -12.7652 8.1977 -14.5 -11.8891 7.9831 -14.5 -11.1452 7.3674 -14.5
3 191 -11.1452 7.3674 -14.5 -10.6468 6.4443 -14.5 -10.4697 5.3543 -14.5
4 191 -12.7499 2.4986 -14.5 -10.4697 5.3543 -14.5 -10.6409 4.2633 -14.5 -11.1344 3.3375 -14.5
3 191 -11.1344 3.3375 -14.5 -11.875 2.7179 -14.5 -12.7499 2.4986 -14.5
3 191 -12.7499 2.4986 -14.5 -15.0454 5.342 -14.5 -12.7652 8.1977 -14.5
3 191 -12.7652 8.1977 -14.5 -10.4697 5.3543 -14.5 -12.7499 2.4986 -14.5
3 191 -15.0678 10.2789 -14.5 -15.3472 10.8026 -14.5 -15.4694 11.4332 -14.5
4 191 -14.4038 13.1672 -14.5 -15.4694 11.4332 -14.5 -15.4158 12.0747 -14.5 -15.1944 12.6295 -14.5
3 191 -15.1944 12.6295 -14.5 -14.8391 13.0131 -14.5 -14.4038 13.1672 -14.5
3 191 -14.4038 13.1672 -14.5 -13.955 13.0682 -14.5 -13.5608 12.7312 -14.5
4 191 -14.4038 13.1672 -14.5 -13.5608 12.7312 -14.5 -13.2814 12.2076 -14.5 -13.1592 11.577 -14.5
3 191 -13.1592 11.577 -14.5 -13.2129 10.9355 -14.5 -13.4342 10.3807 -14.5
4 191 -13.1592 11.577 -14.5 -13.4342 10.3807 -14.5 -13.7896 9.997 -14.5 -14.2248 9.843 -14.5
4 191 -14.6737 9.942 -14.5 -15.0678 10.2789 -14.5 -15.4694 11.4332 -14.5 -14.2248 9.843 -14.5
3 191 -14.2248 9.843 -14.5 -15.4694 11.4332 -14.5 -14.4038 13.1672 -14.5
3 191 -14.4038 13.1672 -14.5 -13.1592 11.577 -14.5 -14.2248 9.843 -14.5
4 16 -3.8216 15.1546 -14.5 -6.6291 15.2942 -14.5 -5.8652 15.7985 -14.5 -4.3419 15.8371 -14.5
4 16 -7.2538 16.3667 -14.5 -5.8523 19.1832 -14.5 -4.3976 16.1515 -14.5 -5.8336 16.1774 -14.5
4 16 -2.9889 18.552 -14.5 -2.9147 16.1518 -14.5 -4.3976 16.1515 -14.5 -3.984 18.9208 -14.5
4 16 -5.8523 19.1832 -14.5 -4.8705 19.1122 -14.5 -3.984 18.9208 -14.5 -4.3976 16.1515 -14.5
4 16 -2.1736 18.1152 -14.5 -2.1023 17.1825 -14.5 -2.9147 16.1518 -14.5 -2.9889 18.552 -14.5
3 16 -2.1023 17.1825 -14.5 -1.7739 16.3195 -14.5 -2.9147 16.1518 -14.5
4 16 -2.5772 15.1503 -14.5 -3.8216 15.1546 -14.5 -4.3419 15.8371 -14.5 -2.9147 16.1518 -14.5
4 16 -2.9147 16.1518 -14.5 -1.7739 16.3195 -14.5 -1.2552 15.6322 -14.5 -2.5772 15.1503 -14.5
3 16 -2.5772 15.1503 -14.5 -1.2552 15.6322 -14.5 -0.525 15.1432 -14.5
3 16 -5.8523 19.1832 -14.5 -7.2538 16.3667 -14.5 -6.8522 19.0802 -14.5
4 16 -7.9544 18.7469 -14.5 -6.8522 19.0802 -14.5 -7.2538 16.3667 -14.5 -8.6487 16.5822 -14.5
4 16 -9.1632 18.0979 -14.5 -7.9544 18.7469 -14.5 -8.6487 16.5822 -14.5 -10.0445 17.3488 -14.5
4 16 -9.0316 15.4608 -14.5 -10.3083 15.5198 -14.5 -10.0445 17.3488 -14.5 -8.6487 16.5822 -14.5
3 16 -10.0445 17.3488 -14.5 -10.3083 15.5198 -14.5 -10.6629 16.3614 -14.5
4 16 -7.8418 15.3812 -14.5 -9.0316 15.4608 -14.5 -8.6487 16.5822 -14.5 -7.2857 16.07 -14.5
4 16 -6.6291 15.2942 -14.5 -7.8418 15.3812 -14.5 -7.2857 16.07 -14.5 -5.8652 15.7985 -14.5
4 16 5.7378 15.7536 -14.5 6.528 15.3044 -14.5 3.9564 15.2161 -14.5 4.2092 15.8273 -14.5
4 16 7.5127 16.0349 -14.5 7.9688 15.353 -14.5 6.528 15.3044 -14.5 5.7378 15.7536 -14.5
4 16 5.7172 16.179 -14.5 6.0591 19.1616 -14.5 7.0511 19.0897 -14.5 7.3901 16.3239 -14.5
4 16 7.3901 16.3239 -14.5 7.0511 19.0897 -14.5 8.1602 18.7802 -14.5 8.9 16.544 -14.5
4 16 9.3828 18.1378 -14.5 10.2072 17.4908 -14.5 8.9 16.544 -14.5 8.1602 18.7802 -14.5
4 16 11.1761 16.5756 -14.5 10.6841 16.1845 -14.5 8.9 16.544 -14.5 10.2072 17.4908 -14.5
4 16 8.9 16.544 -14.5 10.6841 16.1845 -14.5 10.2451 15.5022 -14.5 8.9253 15.3839 -14.5
4 16 7.9688 15.353 -14.5 7.5127 16.0349 -14.5 8.9 16.544 -14.5 8.9253 15.3839 -14.5
4 16 4.1864 18.9261 -14.5 4.2145 16.1453 -14.5 3.0459 16.1246 -14.5 3.1995 18.536 -14.5
3 16 2.2886 17.1801 -14.5 2.3694 18.0085 -14.5 3.1995 18.536 -14.5
4 16 2.0364 16.3835 -14.5 2.2886 17.1801 -14.5 3.1995 18.536 -14.5 3.0459 16.1246 -14.5
4 16 6.0591 19.1616 -14.5 5.7172 16.179 -14.5 4.1864 18.9261 -14.5 5.0688 19.117 -14.5
3 16 4.1864 18.9261 -14.5 5.7172 16.179 -14.5 4.2145 16.1453 -14.5
4 16 2.4137 15.1861 -14.5 3.0459 16.1246 -14.5 4.2092 15.8273 -14.5 3.9564 15.2161 -14.5
4 16 2.0364 16.3835 -14.5 3.0459 16.1246 -14.5 2.4137 15.1861 -14.5 1.6978 15.8536 -14.5
3 16 1.6978 15.8536 -14.5 2.4137 15.1861 -14.5 1.1589 15.3518 -14.5
3 16 0.5429 15.1343 -14.5 1.1589 15.3518 -14.5 2.4137 15.1861 -14.5
3 16 -11.875 2.7179 -14.5 -11.1344 3.3375 -14.5 0 2 -14.5
3 16 0 2 -14.5 -17 2 -14.5 -12.7499 2.4986 -14.5
3 16 0 2 -14.5 -12.7499 2.4986 -14.5 -11.875 2.7179 -14.5
3 16 -12.7499 2.4986 -14.5 -17 2 -14.5 -13.626 2.7132 -14.5
3 16 -17 2 -14.5 -14.3699 3.3289 -14.5 -13.626 2.7132 -14.5
4 16 -17 3 -14.5 -14.8683 4.252 -14.5 -14.3699 3.3289 -14.5 -17 2 -14.5
4 16 -16.912 4 -14.5 -15.0454 5.342 -14.5 -14.8683 4.252 -14.5 -17 3 -14.5
4 16 -16.73 6 -14.5 -14.8742 6.433 -14.5 -15.0454 5.342 -14.5 -16.912 4 -14.5
4 16 -16.548 8 -14.5 -14.3807 7.3587 -14.5 -14.8742 6.433 -14.5 -16.73 6 -14.5
3 16 -10.4697 5.3543 -14.5 0 2 -14.5 -10.6409 4.2633 -14.5
3 16 0 2 -14.5 -11.1344 3.3375 -14.5 -10.6409 4.2633 -14.5
4 16 -8.9912 6.9598 -14.5 -10.6468 6.4443 -14.5 -11.1452 7.3674 -14.5 -10.01 7.436 -14.5
4 16 -8.2668 8.414 -14.5 -7.2603 8.0856 -14.5 -6.1416 6.2024 -14.5 -8.9912 6.9598 -14.5
3 16 -6.1416 6.2024 -14.5 -7.2603 8.0856 -14.5 -6.2108 7.9042 -14.5
3 16 -15.638 18 -14.5 -15.6432 16.6316 -14.5 -15.8153 15.8125 -14.5
3 16 -15.638 18 -14.5 -15.8153 15.8125 -14.5 -15.911 15 -14.5
3 16 -15.8153 15.8125 -14.5 -15.4686 14.879 -14.5 -15.911 15 -14.5
3 16 -15.6432 16.6316 -14.5 -15.638 18 -14.5 -15.0004 17.1291 -14.5
4 16 -15.4686 14.879 -14.5 -14.5838 14.1637 -14.5 -16.093 13 -14.5 -15.911 15 -14.5
4 16 -14.8391 13.0131 -14.5 -16.093 13 -14.5 -14.5838 14.1637 -14.5 -14.4038 13.1672 -14.5
3 16 -15.1944 12.6295 -14.5 -16.093 13 -14.5 -14.8391 13.0131 -14.5
4 16 -16.093 13 -14.5 -15.1944 12.6295 -14.5 -15.4158 12.0747 -14.5 -16.275 11 -14.5
3 16 -15.4694 11.4332 -14.5 -16.275 11 -14.5 -15.4158 12.0747 -14.5
4 16 -15.4694 11.4332 -14.5 -15.3472 10.8026 -14.5 -16.548 8 -14.5 -16.275 11 -14.5
3 16 -16.548 8 -14.5 -15.3472 10.8026 -14.5 -15.0678 10.2789 -14.5
4 16 -14.3807 7.3587 -14.5 -16.548 8 -14.5 -15.0678 10.2789 -14.5 -14.6737 9.942 -14.5
4 16 -14.3807 7.3587 -14.5 -14.6737 9.942 -14.5 -14.2248 9.843 -14.5 -13.6401 7.9784 -14.5
4 16 -13.6401 7.9784 -14.5 -14.2248 9.843 -14.5 -13.7896 9.997 -14.5 -12.7652 8.1977 -14.5
4 16 -12.7652 8.1977 -14.5 -13.7896 9.997 -14.5 -13.4342 10.3807 -14.5 -11.8891 7.9831 -14.5
3 16 -14.5838 14.1637 -14.5 -13.955 13.0682 -14.5 -14.4038 13.1672 -14.5
3 16 -13.3557 13.8271 -14.5 -12.1779 13.7714 -14.5 -13.5608 12.7312 -14.5
4 16 -14.5838 14.1637 -14.5 -13.3557 13.8271 -14.5 -13.5608 12.7312 -14.5 -13.955 13.0682 -14.5
4 16 -12.0096 12.8187 -14.5 -13.2814 12.2076 -14.5 -13.5608 12.7312 -14.5 -12.1779 13.7714 -14.5
4 16 -13.2814 12.2076 -14.5 -12.0096 12.8187 -14.5 -11.6762 11.7814 -14.5 -13.1592 11.577 -14.5
3 16 -11.6762 11.7814 -14.5 -13.2129 10.9355 -14.5 -13.1592 11.577 -14.5
3 16 -11.0367 10.6108 -14.5 -10.2508 9.65 -14.5 -13.4342 10.3807 -14.5
4 16 -11.6762 11.7814 -14.5 -11.0367 10.6108 -14.5 -13.4342 10.3807 -14.5 -13.2129 10.9355 -14.5
4 16 -13.4342 10.3807 -14.5 -10.2508 9.65 -14.5 -11.1452 7.3674 -14.5 -11.8891 7.9831 -14.5
4 16 -10.01 7.436 -14.5 -11.1452 7.3674 -14.5 -10.2508 9.65 -14.5 -9.2855 8.8902 -14.5
4 16 -5.1554 6.2589 -14.5 0 2 -14.5 -10.4697 5.3543 -14.5 -6.1416 6.2024 -14.5
4 16 -8.9912 6.9598 -14.5 -6.1416 6.2024 -14.5 -10.4697 5.3543 -14.5 -10.6468 6.4443 -14.5
4 16 -1.3019 34.9673 -14.5 -14 36 -14.5 14 36 -14.5 .3295 35.05 -14.5
3 16 0.3295 35.05 -14.5 14 36 -14.5 2.2034 34.8973 -14.5
4 16 2.2034 34.8973 -14.5 14 36 -14.5 8.5857 34.7825 -14.5 3.4961 34.4851 -14.5
4 16 8.5857 34.7825 -14.5 8.2091 34.6983 -14.5 4.3202 34.0302 -14.5 3.4961 34.4851 -14.5
4 16 8.2091 34.6983 -14.5 7.8903 34.4605 -14.5 4.974 33.4934 -14.5 4.3202 34.0302 -14.5
3 16 4.974 33.4934 -14.5 7.8903 34.4605 -14.5 7.6778 34.1053 -14.5
3 16 8.5857 34.7825 -14.5 14 36 -14.5 8.9628 34.7003 -14.5
4 16 9.4973 34.1102 -14.5 9.2829 34.4642 -14.5 14 36 -14.5 14.182 34 -14.5
3 16 14 36 -14.5 9.2829 34.4642 -14.5 8.9628 34.7003 -14.5
3 16 9.4973 34.1102 -14.5 14.182 34 -14.5 9.5733 33.6921 -14.5
4 16 14.364 32 -14.5 9.4995 33.2736 -14.5 9.5733 33.6921 -14.5 14.182 34 -14.5
4 16 9.4995 33.2736 -14.5 14.364 32 -14.5 13.0572 32.2097 -14.5 12.2693 32.4024 -14.5
4 16 11.4824 32.2054 -14.5 9.287 32.9184 -14.5 9.4995 33.2736 -14.5 12.2693 32.4024 -14.5
4 16 10.8164 31.6487 -14.5 8.9682 32.6806 -14.5 9.287 32.9184 -14.5 11.4824 32.2054 -14.5
4 16 10.3726 30.817 -14.5 8.5916 32.5964 -14.5 8.9682 32.6806 -14.5 10.8164 31.6487 -14.5
3 16 13.0572 32.2097 -14.5 14.364 32 -14.5 13.7262 31.6565 -14.5
4 16 14.1745 30.8272 -14.5 14.364 32 -14.5 14.638 29 -14.5 14.3337 29.8479 -14.5
3 16 14.1745 30.8272 -14.5 13.7262 31.6565 -14.5 14.364 32 -14.5
3 16 14.3337 29.8479 -14.5 14.638 29 -14.5 14.1797 28.8678 -14.5
4 16 14.1797 28.8678 -14.5 14.638 29 -14.5 14.819 27 -14.5 13.7359 28.0361 -14.5
3 16 13.7359 28.0361 -14.5 14.819 27 -14.5 13.0699 27.4794 -14.5
4 16 10.6486 28.0386 -14.5 10.8261 28.0283 -14.5 11.4951 27.4752 -14.5 11.478 26.4699 -14.5
4 16 9.402 29.7913 -14.5 10.3779 28.8576 -14.5 10.8261 28.0283 -14.5 10.6486 28.0386 -14.5
4 16 8.5916 32.5964 -14.5 10.2186 29.8369 -14.5 10.3779 28.8576 -14.5 9.402 29.7913 -14.5
3 16 10.2186 29.8369 -14.5 8.5916 32.5964 -14.5 10.3726 30.817 -14.5
4 16 8.5916 32.5964 -14.5 9.402 29.7913 -14.5 7.9694 31.0553 -14.5 8.2145 32.6785 -14.5
4 16 8.2145 32.6785 -14.5 7.9694 31.0553 -14.5 6.9063 31.8058 -14.5 7.8944 32.9146 -14.5
4 16 7.6039 33.6868 -14.5 7.68 33.2687 -14.5 6.9063 31.8058 -14.5 5.4713 32.5489 -14.5
3 16 6.9063 31.8058 -14.5 7.68 33.2687 -14.5 7.8944 32.9146 -14.5
4 16 5.4713 32.5489 -14.5 4.974 33.4934 -14.5 7.6778 34.1053 -14.5 7.6039 33.6868 -14.5
4 16 11.478 26.4699 -14.5 11.4951 27.4752 -14.5 12.283 27.2824 -14.5 11.7702 25.6967 -14.5
4 16 13.0699 27.4794 -14.5 14.819 27 -14.5 11.7702 25.6967 -14.5 12.283 27.2824 -14.5
3 16 15.001 25 -14.5 11.7702 25.6967 -14.5 14.819 27 -14.5
3 16 15.274 22 -14.5 12.4911 23.5871 -14.5 11.7702 25.6967 -14.5
3 16 15.274 22 -14.5 11.7702 25.6967 -14.5 15.001 25 -14.5
3 16 15.456 20 -14.5 13.0782 20.8088 -14.5 12.4911 23.5871 -14.5
3 16 15.456 20 -14.5 12.4911 23.5871 -14.5 15.274 22 -14.5
3 16 15.638 18 -14.5 13.4779 17.7389 -14.5 13.0782 20.8088 -14.5
3 16 15.638 18 -14.5 13.0782 20.8088 -14.5 15.456 20 -14.5
4 16 15 16.9573 -14.5 14.3965 16.9235 -14.5 13.4779 17.7389 -14.5 15.638 18 -14.5
3 16 15.911 15 -14.5 15.7909 15.775 -14.5 15.638 18 -14.5
3 16 15.7909 15.775 -14.5 15.5696 16.6031 -14.5 15.638 18 -14.5
3 16 15.5696 16.6031 -14.5 15 16.9573 -14.5 15.638 18 -14.5
4 16 13.6715 16.3246 -14.5 13.4779 17.7389 -14.5 14.3965 16.9235 -14.5 14.4843 16.6555 -14.5
4 16 15.1439 16.1532 -14.5 14.4843 16.6555 -14.5 14.3965 16.9235 -14.5 14.8163 16.5994 -14.5
4 16 13.8402 15.843 -14.5 13.2741 15.4469 -14.5 12.9861 15.4171 -14.5 13.2422 15.6247 -14.5
3 16 13.2422 15.6247 -14.5 12.9861 15.4171 -14.5 12.5051 15.7025 -14.5
4 16 13.2741 15.4469 -14.5 13.8402 15.843 -14.5 13.9306 14.9714 -14.5 13.4113 15.1883 -14.5
4 16 14.4843 16.6555 -14.5 14.1192 15.0825 -14.5 13.9306 14.9714 -14.5 13.8402 15.843 -14.5
4 16 15.1439 16.1532 -14.5 14.3835 15.0048 -14.5 14.1192 15.0825 -14.5 14.4843 16.6555 -14.5
4 16 15.2484 15.6014 -14.5 15 15.0676 -14.5 14.3835 15.0048 -14.5 15.1439 16.1532 -14.5
3 16 14.3835 15.0048 -14.5 15 15.0676 -14.5 14.3348 14.7441 -14.5
4 16 15 15.0676 -14.5 14.2708 14.4928 -14.5 14.0908 14.6204 -14.5 14.3348 14.7441 -14.5
4 16 14.2708 14.4928 -14.5 13.299 14.1634 -14.5 13.846 14.727 -14.5 14.0908 14.6204 -14.5
4 16 13.9306 14.9714 -14.5 13.846 14.727 -14.5 13.299 14.1634 -14.5 13.4113 15.1883 -14.5
3 16 13.2491 15.0469 -14.5 13.4113 15.1883 -14.5 13.299 14.1634 -14.5
4 16 13.299 14.1634 -14.5 12.3582 14.1372 -14.5 13.0261 15.0269 -14.5 13.2491 15.0469 -14.5
4 16 12.2618 14.6428 -14.5 12.0595 14.8537 -14.5 12.8403 15.2659 -14.5 13.0261 15.0269 -14.5
4 16 12.1059 14.4335 -14.5 12.2618 14.6428 -14.5 13.0261 15.0269 -14.5 12.3582 14.1372 -14.5
4 16 12.3582 14.1372 -14.5 11.6081 14.2774 -14.5 11.9361 14.4004 -14.5 12.1059 14.4335 -14.5
4 16 11.6809 14.5463 -14.5 11.9361 14.4004 -14.5 11.6081 14.2774 -14.5 11.1711 14.5249 -14.5
4 16 11.1711 14.5249 -14.5 10.9173 14.8887 -14.5 11.8009 14.7936 -14.5 11.6809 14.5463 -14.5
4 16 11.8434 16.1571 -14.5 12.5051 15.7025 -14.5 12.0595 14.8537 -14.5 11.8009 14.7936 -14.5
4 16 12.9861 15.4171 -14.5 12.8403 15.2659 -14.5 12.0595 14.8537 -14.5 12.5051 15.7025 -14.5
4 16 11.8009 14.7936 -14.5 10.9173 14.8887 -14.5 10.8733 15.3876 -14.5 11.8434 16.1571 -14.5
4 16 11.0409 15.926 -14.5 11.3472 16.3392 -14.5 11.8434 16.1571 -14.5 10.8733 15.3876 -14.5
3 16 11.3472 16.3392 -14.5 11.6513 16.741 -14.5 11.8434 16.1571 -14.5
4 16 11.5587 17.5747 -14.5 12.7303 16.1375 -14.5 11.8434 16.1571 -14.5 11.6513 16.741 -14.5
4 16 10.5275 17.9175 -14.5 9.6322 18.6116 -14.5 10.0736 18.885 -14.5 11.5587 17.5747 -14.5
3 16 11.6513 16.741 -14.5 10.5275 17.9175 -14.5 11.5587 17.5747 -14.5
4 16 5.0254 19.562 -14.5 4.0899 19.3752 -14.5 3.5754 21.5977 -14.5 4.9202 21.3245 -14.5
4 16 6.086 19.6079 -14.5 5.0254 19.562 -14.5 4.9202 21.3245 -14.5 6.5435 20.826 -14.5
4 16 7.1082 19.5433 -14.5 6.086 19.6079 -14.5 6.5435 20.826 -14.5 7.8427 20.2745 -14.5
4 16 8.2664 19.2931 -14.5 7.1082 19.5433 -14.5 7.8427 20.2745 -14.5 9.0572 19.6106 -14.5
4 16 9.6322 18.6116 -14.5 8.2664 19.2931 -14.5 9.0572 19.6106 -14.5 10.0736 18.885 -14.5
4 16 1.1126 20.8055 -14.5 .5163 21.1542 -14.5 -.0758 21.8912 -14.5 .9825 21.8669 -14.5
4 16 1.4712 20.4875 -14.5 1.1126 20.8055 -14.5 .9825 21.8669 -14.5 2.4313 21.7486 -14.5
3 16 1.4712 20.4875 -14.5 2.4313 21.7486 -14.5 3.5754 21.5977 -14.5
4 16 2.1717 19.3281 -14.5 1.888 20.0129 -14.5 4.0899 19.3752 -14.5 3.0945 19.0246 -14.5
4 16 1.4712 20.4875 -14.5 3.5754 21.5977 -14.5 4.0899 19.3752 -14.5 1.888 20.0129 -14.5
3 16 2.1717 19.3281 -14.5 3.0945 19.0246 -14.5 2.3008 18.6921 -14.5
4 16 14.9339 4.4643 -14.5 17 3 -14.5 17 2 -14.5 14.6152 4.1569 -14.5
3 16 14.6152 4.1569 -14.5 17 2 -14.5 14.2386 4.0482 -14.5
4 16 17 2 -14.5 0 2 -14.5 13.8614 4.1549 -14.5 14.2386 4.0482 -14.5
3 16 13.8614 4.1549 -14.5 0 2 -14.5 13.541 4.4605 -14.5
4 16 5.2337 6.3417 -14.5 13.3263 4.9187 -14.5 13.541 4.4605 -14.5 0 2 -14.5
3 16 5.2337 6.3417 -14.5 6.2465 6.351 -14.5 13.3263 4.9187 -14.5
3 16 6.2758 7.9076 -14.5 7.3744 8.0507 -14.5 6.2465 6.351 -14.5
4 16 8.3787 8.4011 -14.5 9.1435 6.8511 -14.5 6.2465 6.351 -14.5 7.3744 8.0507 -14.5
3 16 6.2465 6.351 -14.5 9.1435 6.8511 -14.5 13.3263 4.9187 -14.5
4 16 9.9752 7.3564 -14.5 13.2499 5.4596 -14.5 13.3263 4.9187 -14.5 9.1435 6.8511 -14.5
4 16 13.5357 6.4603 -14.5 13.3234 6.0009 -14.5 9.9752 7.3564 -14.5 9.2489 8.9299 -14.5
3 16 9.9752 7.3564 -14.5 13.3234 6.0009 -14.5 13.2499 5.4596 -14.5
4 16 13.8544 6.7676 -14.5 13.5357 6.4603 -14.5 9.2489 8.9299 -14.5 10.2419 9.7158 -14.5
4 16 14.231 6.8763 -14.5 13.8544 6.7676 -14.5 10.2419 9.7158 -14.5 11.0779 10.6785 -14.5
3 16 11.0779 10.6785 -14.5 11.7016 11.7757 -14.5 14.231 6.8763 -14.5
4 16 15.1432 6.0058 -14.5 16.73 6 -14.5 16.912 4 -14.5 15.2197 5.4649 -14.5
4 16 15.2197 5.4649 -14.5 16.912 4 -14.5 17 3 -14.5 15.1461 4.9236 -14.5
3 16 14.9339 4.4643 -14.5 15.1461 4.9236 -14.5 17 3 -14.5
3 16 1.5913 7.484 -14.5 2.5205 6.9534 -14.5 0 2 -14.5
3 16 2.5205 6.9534 -14.5 5.2337 6.3417 -14.5 0 2 -14.5
4 16 5.2337 6.3417 -14.5 2.5205 6.9534 -14.5 3.2954 8.4081 -14.5 4.3558 8.063 -14.5
3 16 5.2675 7.9131 -14.5 5.2337 6.3417 -14.5 4.3558 8.063 -14.5
4 16 2.3662 8.9387 -14.5 1.5913 7.484 -14.5 -1.6746 7.5053 -14.5 -2.4009 8.9801 -14.5
3 16 -2.4175 7.0147 -14.5 -1.6746 7.5053 -14.5 1.5913 7.484 -14.5
4 16 1.5913 7.484 -14.5 0 2 -14.5 -5.1554 6.2589 -14.5 -2.4175 7.0147 -14.5
4 16 -5.1554 6.2589 -14.5 -5.223 7.8993 -14.5 -4.2282 8.0974 -14.5 -2.4175 7.0147 -14.5
3 16 -2.4175 7.0147 -14.5 -4.2282 8.0974 -14.5 -3.1946 8.4951 -14.5
4 16 .6168 10.757 -14.5 1.4678 9.7272 -14.5 -1.2232 9.9649 -14.5 -.3945 10.9829 -14.5
4 16 1.4678 9.7272 -14.5 2.3662 8.9387 -14.5 -2.4009 8.9801 -14.5 -1.2232 9.9649 -14.5
3 16 0.6168 10.757 -14.5 -0.3945 10.9829 -14.5 0.0143 11.6332 -14.5
3 16 15.7909 15.775 -14.5 15.911 15 -14.5 15.5718 14.8376 -14.5
4 16 15.911 15 -14.5 16.093 13 -14.5 14.5603 14.0325 -14.5 15.5718 14.8376 -14.5
4 16 16.093 13 -14.5 16.275 11 -14.5 13.437 13.6957 -14.5 14.5603 14.0325 -14.5
4 16 13.437 13.6957 -14.5 16.275 11 -14.5 12.0405 12.8554 -14.5 12.2177 13.67 -14.5
4 16 11.7016 11.7757 -14.5 12.0405 12.8554 -14.5 16.275 11 -14.5 14.231 6.8763 -14.5
4 16 14.231 6.8763 -14.5 16.275 11 -14.5 16.548 8 -14.5 14.6082 6.7696 -14.5
4 16 14.9285 6.464 -14.5 16.548 8 -14.5 16.73 6 -14.5 15.1432 6.0058 -14.5
3 16 14.9285 6.464 -14.5 14.6082 6.7696 -14.5 16.548 8 -14.5
4 16 -11.1554 34.4525 -14.5 -14.182 34 -14.5 -14 36 -14.5 -10.5393 34.9805 -14.5
3 16 -9.8115 35.1672 -14.5 -10.5393 34.9805 -14.5 -14 36 -14.5
3 16 -9.8115 35.1672 -14.5 -14 36 -14.5 -1.3019 34.9673 -14.5
3 16 -9.0826 34.9844 -14.5 -9.8115 35.1672 -14.5 -1.3019 34.9673 -14.5
4 16 -2.6716 34.6896 -14.5 -8.4637 34.4597 -14.5 -9.0826 34.9844 -14.5 -1.3019 34.9673 -14.5
3 16 -3.7666 34.3189 -14.5 -4.6645 33.8025 -14.5 -8.0491 33.6731 -14.5
4 16 -2.6716 34.6896 -14.5 -3.7666 34.3189 -14.5 -8.0491 33.6731 -14.5 -8.4637 34.4597 -14.5
4 16 -8.0491 33.6731 -14.5 -5.4068 32.3643 -14.5 -6.8644 31.6091 -14.5 -7.9017 32.7444 -14.5
4 16 -8.4546 31.026 -14.5 -8.0441 31.8148 -14.5 -6.8644 31.6091 -14.5 -7.8369 30.8108 -14.5
3 16 -6.8644 31.6091 -14.5 -8.0441 31.8148 -14.5 -7.9017 32.7444 -14.5
4 16 -8.4546 31.026 -14.5 -7.8369 30.8108 -14.5 -9.2031 29.5188 -14.5 -9.0706 30.4981 -14.5
4 16 -10.3178 27.9358 -14.5 -9.7985 30.3113 -14.5 -9.0706 30.4981 -14.5 -9.2031 29.5188 -14.5
4 16 -11.1871 26.2903 -14.5 -10.5273 30.4942 -14.5 -9.7985 30.3113 -14.5 -10.3178 27.9358 -14.5
3 16 -11.1462 31.0188 -14.5 -12.4247 27.9147 -14.5 -12.7733 28.1981 -14.5
4 16 -11.1462 31.0188 -14.5 -10.5273 30.4942 -14.5 -11.1871 26.2903 -14.5 -12.4247 27.9147 -14.5
3 16 -12.4247 27.9147 -14.5 -11.1871 26.2903 -14.5 -12.1912 27.4898 -14.5
3 16 -12.1083 26.9881 -14.5 -12.1912 27.4898 -14.5 -11.1871 26.2903 -14.5
3 16 -12.1083 26.9881 -14.5 -11.1871 26.2903 -14.5 -12.1884 26.4747 -14.5
4 16 -12.7668 25.7746 -14.5 -12.4197 26.0485 -14.5 -11.1871 26.2903 -14.5 -11.8099 24.6428 -14.5
3 16 -11.1871 26.2903 -14.5 -12.4197 26.0485 -14.5 -12.1884 26.4747 -14.5
4 16 -13.1767 25.6736 -14.5 -12.7668 25.7746 -14.5 -11.8099 24.6428 -14.5 -12.3479 22.9483 -14.5
4 16 -15.001 25 -14.5 -13.1767 25.6736 -14.5 -12.3479 22.9483 -14.5 -12.8281 20.9807 -14.5
4 16 -14.2522 26.9824 -14.5 -14.1693 26.4807 -14.5 -14.819 27 -14.5 -14.638 29 -14.5
3 16 -14.638 29 -14.5 -14.172 27.4845 -14.5 -14.2522 26.9824 -14.5
4 16 -14.172 27.4845 -14.5 -14.638 29 -14.5 -14.364 32 -14.5 -13.9407 27.9106 -14.5
3 16 -13.9407 27.9106 -14.5 -14.364 32 -14.5 -13.5937 28.1959 -14.5
4 16 -14.182 34 -14.5 -13.1838 28.2968 -14.5 -13.5937 28.1959 -14.5 -14.364 32 -14.5
4 16 -11.5609 31.8054 -14.5 -11.1462 31.0188 -14.5 -13.1838 28.2968 -14.5 -14.182 34 -14.5
3 16 -13.1838 28.2968 -14.5 -11.1462 31.0188 -14.5 -12.7733 28.1981 -14.5
3 16 -11.5609 31.8054 -14.5 -14.182 34 -14.5 -11.7082 32.7342 -14.5
3 16 -11.1554 34.4525 -14.5 -11.5658 33.6637 -14.5 -14.182 34 -14.5
3 16 -11.5658 33.6637 -14.5 -11.7082 32.7342 -14.5 -14.182 34 -14.5
3 16 -15.001 25 -14.5 -12.8281 20.9807 -14.5 -15.274 22 -14.5
3 16 -13.5872 25.7724 -14.5 -13.1767 25.6736 -14.5 -15.001 25 -14.5
3 16 -13.5872 25.7724 -14.5 -15.001 25 -14.5 -13.9358 26.0558 -14.5
4 16 -14.819 27 -14.5 -14.1693 26.4807 -14.5 -13.9358 26.0558 -14.5 -15.001 25 -14.5
4 16 -15.456 20 -14.5 -15.274 22 -14.5 -12.8281 20.9807 -14.5 -13.1347 18.762 -14.5
4 16 .2971 34.2471 -14.5 2.065 34.1489 -14.5 2.2832 33.3476 -14.5 .1707 33.4298 -14.5
4 16 -1.9945 33.3363 -14.5 -1.2602 34.1969 -14.5 .2971 34.2471 -14.5 .1707 33.4298 -14.5
4 16 -2.5387 34.0917 -14.5 -1.2602 34.1969 -14.5 -1.9945 33.3363 -14.5 -3.7358 32.9436 -14.5
4 16 2.065 34.1489 -14.5 3.2688 33.9548 -14.5 4.1617 32.9648 -14.5 2.2832 33.3476 -14.5
4 16 -3.6597 33.9417 -14.5 -2.5387 34.0917 -14.5 -3.7358 32.9436 -14.5 -5.4068 32.3643 -14.5
3 16 -3.6597 33.9417 -14.5 -5.4068 32.3643 -14.5 -4.6645 33.8025 -14.5
4 16 3.2688 33.9548 -14.5 4.1881 33.7219 -14.5 5.4713 32.5489 -14.5 4.1617 32.9648 -14.5
3 16 4.974 33.4934 -14.5 5.4713 32.5489 -14.5 4.1881 33.7219 -14.5
3 16 -8.0491 33.6731 -14.5 -4.6645 33.8025 -14.5 -5.4068 32.3643 -14.5
4 16 -8.0715 19.2575 -14.5 -9.4226 18.5662 -14.5 -10.1351 18.9333 -14.5 -8.9553 19.7875 -14.5
4 16 -6.919 19.5325 -14.5 -8.0715 19.2575 -14.5 -8.9553 19.7875 -14.5 -7.563 20.5038 -14.5
4 16 -5.8887 19.6288 -14.5 -6.919 19.5325 -14.5 -7.563 20.5038 -14.5 -6.2304 21.0153 -14.5
4 16 -4.8367 19.558 -14.5 -5.8887 19.6288 -14.5 -6.2304 21.0153 -14.5 -5.1104 21.3633 -14.5
4 16 -3.8972 19.3719 -14.5 -4.8367 19.558 -14.5 -5.1104 21.3633 -14.5 -3.7876 21.652 -14.5
4 16 -2.8945 19.0427 -14.5 -3.8972 19.3719 -14.5 -3.7876 21.652 -14.5 -2.6081 21.7897 -14.5
4 16 -2.6081 21.7897 -14.5 -1.8133 19.2151 -14.5 -2.0704 18.6514 -14.5 -2.8945 19.0427 -14.5
4 16 -1.3143 19.6693 -14.5 -1.8133 19.2151 -14.5 -2.6081 21.7897 -14.5 -1.2271 21.8796 -14.5
4 16 -1.3143 19.6693 -14.5 -1.2271 21.8796 -14.5 -.0758 21.8912 -14.5 .5163 21.1542 -14.5
4 16 -1.1374 16.7182 -14.5 1.5693 17.2514 -14.5 1.3916 16.747 -14.5 -.7653 16.2378 -14.5
4 16 1.2268 16.4522 -14.5 -.3557 15.9355 -14.5 -.7653 16.2378 -14.5 1.3916 16.747 -14.5
3 16 1.2268 16.4522 -14.5 0.8522 16.0489 -14.5 -0.3557 15.9355 -14.5
4 16 .5229 15.8751 -14.5 .0488 15.819 -14.5 -.3557 15.9355 -14.5 .8522 16.0489 -14.5
4 16 -1.417 17.3262 -14.5 1.6361 17.9079 -14.5 1.5693 17.2514 -14.5 -1.1374 16.7182 -14.5
4 16 -1.5462 17.9175 -14.5 1.6432 18.6019 -14.5 1.6361 17.9079 -14.5 -1.417 17.3262 -14.5
4 16 -1.5501 18.5092 -14.5 1.5488 19.2016 -14.5 1.6432 18.6019 -14.5 -1.5462 17.9175 -14.5
4 16 -1.4813 19.0651 -14.5 1.4222 19.7504 -14.5 1.5488 19.2016 -14.5 -1.5501 18.5092 -14.5
4 16 1.4222 19.7504 -14.5 -1.4813 19.0651 -14.5 -1.3143 19.6693 -14.5 1.1737 20.3199 -14.5
4 16 1.1737 20.3199 -14.5 -1.3143 19.6693 -14.5 .5163 21.1542 -14.5 .9409 20.6963 -14.5
4 16 -15.638 18 -14.5 -15.456 20 -14.5 -13.1347 18.762 -14.5 -15.0004 17.1291 -14.5
4 16 -13.1347 18.762 -14.5 -13.3456 17.2214 -14.5 -14.3345 17.0689 -14.5 -15.0004 17.1291 -14.5
4 16 -13.515 16.3754 -14.5 -14.2306 16.738 -14.5 -14.3345 17.0689 -14.5 -13.3456 17.2214 -14.5
3 16 -14.3345 17.0689 -14.5 -14.2306 16.738 -14.5 -14.7635 16.7796 -14.5
4 16 -15.1661 15.7615 -14.5 -15.0616 16.3328 -14.5 -14.7635 16.7796 -14.5 -13.851 16.0535 -14.5
3 16 -13.851 16.0535 -14.5 -14.7635 16.7796 -14.5 -14.2306 16.738 -14.5
4 16 -14.2854 15.2444 -14.5 -14.932 15.2054 -14.5 -15.1661 15.7615 -14.5 -13.851 16.0535 -14.5
4 16 -13.2714 15.5442 -14.5 -13.1845 15.6496 -14.5 -12.4446 15.6582 -14.5 -12.9616 15.5474 -14.5
3 16 -14.0026 15.218 -14.5 -14.2854 15.2444 -14.5 -13.851 16.0535 -14.5
3 16 -14.2854 15.2444 -14.5 -14.4373 15.0393 -14.5 -14.932 15.2054 -14.5
4 16 -14.2191 14.6241 -14.5 -14.932 15.2054 -14.5 -14.4373 15.0393 -14.5 -14.3008 14.8629 -14.5
4 16 -14.0709 14.8274 -14.5 -13.2176 14.3143 -14.5 -14.2191 14.6241 -14.5 -14.3008 14.8629 -14.5
3 16 -12.1113 14.2864 -14.5 -13.2176 14.3143 -14.5 -14.0709 14.8274 -14.5
4 16 -13.239 15.1423 -14.5 -12.1113 14.2864 -14.5 -14.0709 14.8274 -14.5 -13.8691 14.9852 -14.5
4 16 -12.037 14.5222 -14.5 -12.1113 14.2864 -14.5 -13.239 15.1423 -14.5 -12.9867 15.1539 -14.5
4 16 -12.8404 15.383 -14.5 -12.1216 14.9177 -14.5 -12.2276 14.6649 -14.5 -12.9867 15.1539 -14.5
3 16 -12.037 14.5222 -14.5 -12.9867 15.1539 -14.5 -12.2276 14.6649 -14.5
4 16 -12.1113 14.2864 -14.5 -12.037 14.5222 -14.5 -11.8279 14.5537 -14.5 -11.5076 14.4096 -14.5
4 16 -11.6591 14.7752 -14.5 -11.0708 14.6572 -14.5 -11.5076 14.4096 -14.5 -11.8279 14.5537 -14.5
4 16 -11.8311 14.9586 -14.5 -10.8658 15.0218 -14.5 -11.0708 14.6572 -14.5 -11.6591 14.7752 -14.5
4 16 -11.8311 14.9586 -14.5 -10.9792 16.0546 -14.5 -10.822 15.5207 -14.5 -10.8658 15.0218 -14.5
3 16 -11.2964 16.4721 -14.5 -10.9792 16.0546 -14.5 -11.8311 14.9586 -14.5
4 16 -11.8123 16.0628 -14.5 -11.2964 16.4721 -14.5 -11.8311 14.9586 -14.5 -12.1216 14.9177 -14.5
3 16 -12.8404 15.383 -14.5 -12.9616 15.5474 -14.5 -12.4446 15.6582 -14.5
4 16 -11.8123 16.0628 -14.5 -12.1216 14.9177 -14.5 -12.8404 15.383 -14.5 -12.4446 15.6582 -14.5
4 16 -11.2964 16.4721 -14.5 -11.8123 16.0628 -14.5 -12.6014 16.0774 -14.5 -11.5771 16.7797 -14.5
3 16 -13.851 16.0535 -14.5 -13.1845 15.6496 -14.5 -13.2714 15.5442 -14.5
4 16 -13.851 16.0535 -14.5 -13.2714 15.5442 -14.5 -13.3743 15.3015 -14.5 -14.0026 15.218 -14.5
4 16 -13.239 15.1423 -14.5 -13.8691 14.9852 -14.5 -14.0026 15.218 -14.5 -13.3743 15.3015 -14.5
4 16 -9.4226 18.5662 -14.5 -10.4321 17.8011 -14.5 -11.1296 18.0014 -14.5 -10.1351 18.9333 -14.5
4 16 -11.5771 16.7797 -14.5 -11.7576 17.3109 -14.5 -11.1296 18.0014 -14.5 -11.1805 16.7696 -14.5
3 16 -11.1805 16.7696 -14.5 -11.1296 18.0014 -14.5 -10.4321 17.8011 -14.5
4 16 -12.6014 16.0774 -14.5 -12.2129 16.7175 -14.5 -11.7576 17.3109 -14.5 -11.5771 16.7797 -14.5
4 70 .96 25.829 -14.5 .8766 22.5796 -14.5 .0463 22.6016 -14.5 -.8706 25.4557 -14.5
3 70 .0463 22.6016 -14.5 -.8769 22.576 -14.5 -.8706 25.4557 -14.5