0 Car Base  6 x 12 with Axle Holes
0 Name: 5801.dat
0 Author: Rene Rechthaler [Blechtaler]
0 !LDRAW_ORG Unofficial_Part
0 !LICENSE Licensed under CC BY 4.0 : see CAreadme.txt

0 BFC CERTIFY CCW

0 !CATEGORY Car
0 !KEYWORDS Brickowl 1156287

1 16 0 0 0 1 0 0 0 1 0 0 0 1 s\5801s01.dat
1 16 0 0 0 -1 0 0 0 1 0 0 0 1 s\5801s01.dat
1 16 0 0 0 1 0 0 0 1 0 0 0 -1 s\5801s01.dat
1 16 0 0 0 -1 0 0 0 1 0 0 0 -1 s\5801s01.dat

0 // side plates
1 16 40 20 0 0 20 0 0 0 -4 40 0 0 box4-2p.dat
1 16 -40 20 0 0 -20 0 0 0 -4 40 0 0 box4-2p.dat
0 BFC INVERTNEXT
1 16 48 24 0 0 0 8 0 -4 0 36 0 0 box5-1.dat
0 BFC INVERTNEXT
1 16 -48 24 0 0 0 -8 0 -4 0 36 0 0 box5-1.dat
1 16 30 20 0 0 0 -10 0 -4 0 40 0 0 box2-11.dat
1 16 -30 20 0 0 0 10 0 -4 0 40 0 0 box2-11.dat
1 16 40 20 0 0 0 1 0 -1 0 1 0 0 2-4stud4.dat
1 16 -40 20 0 0 0 -1 0 -1 0 1 0 0 2-4stud4.dat
1 16 38 27 0 2 0 0 0 -1 0 0 0 40 rect1.dat
1 16 -38 27 0 -2 0 0 0 -1 0 0 0 40 rect1.dat
0 BFC INVERTNEXT
1 16 30 27 0 6 0 0 0 -4 0 0 0 40 box5.dat
0 BFC INVERTNEXT
1 16 -30 27 0 6 0 0 0 -4 0 0 0 40 box5.dat
4 16 60 24 -40 56 24 -36 56 24 36 60 24 40
4 16 40 27 40 40 24 36 40 24 -36 40 27 -40
4 16 24 27 40 24 27 -40 6 27 -14 6 27 14
4 16 6 27 14 6 27 -14 0 27 -14 0 27 14
4 16 -6 27 14 0 27 14 0 27 -14 -6 27 -14
4 16 -24 27 40 -6 27 14 -6 27 -14 -24 27 -40
4 16 -40 24 -36 -40 24 36 -40 27 40 -40 27 -40
4 16 -60 24 -40 -60 24 40 -56 24 36 -56 24 -36
2 24 20 24 40 20 24 -40
2 24 -20 24 40 -20 24 -40
4 16 6 24 -14 20 24 -40 20 24 40 6 24 14
4 16 6 24 -14 6 24 14 0 24 14 0 24 -14
4 16 -6 24 -14 0 24 -14 0 24 14 -6 24 14
4 16 -20 24 -40 -6 24 -14 -6 24 14 -20 24 40

0 // end plates
1 16 0 24 100 40 0 0 0 1 0 0 0 20 recte3.dat
1 16 0 24 -100 40 0 0 0 1 0 0 0 -20 recte3.dat
1 16 0 20 100 20 0 0 0 -4 0 0 0 -20 box2-5.dat
1 16 0 20 -100 20 0 0 0 -4 0 0 0 20 box2-5.dat
0 BFC INVERTNEXT
1 16 0 24 100 20 0 0 0 -4 0 0 0 16 box3u8p.dat
0 BFC INVERTNEXT
1 16 0 24 -100 20 0 0 0 -4 0 0 0 16 box3u8p.dat
3 16 20 16 120 40 24 120 -20 16 120
3 16 -20 16 120 40 24 120 -40 24 120
4 16 -40 24 120 40 24 120 20 24 116 -20 24 116
4 16 -20 24 80 -20 24 84 20 24 84 20 24 80
4 16 20 24 -84 -20 24 -84 -20 24 -80 20 24 -80
4 16 -20 24 -116 20 24 -116 40 24 -120 -40 24 -120
4 16 -20 16 -120 -40 24 -120 40 24 -120 20 16 -120

1 16 0 25.5 77 20 0 0 0 0 1.5 0 -1 0 rect2p.dat
1 16 0 25.5 -77 20 0 0 0 0 1.5 0 1 0 rect2p.dat
3 16 20 27 77 0 27 66 -20 27 77
3 16 -20 24 77 0 24 66 20 24 77
3 16 0 24 -66 -20 24 -77 20 24 -77
3 16 0 27 -66 20 27 -77 -20 27 -77

0 // studs
1 16 50 16 0 0 0 1 0 1 0 -1 0 0 stug-1x4.dat
1 16 30 16 0 0 0 1 0 1 0 -1 0 0 stug-1x4.dat
1 16 -30 16 0 0 0 1 0 1 0 -1 0 0 stug-1x4.dat
1 16 -50 16 0 0 0 1 0 1 0 -1 0 0 stug-1x4.dat
1 16 10 24 0 0 0 1 0 1 0 -1 0 0 stug-1x8.dat
1 16 -10 24 0 0 0 1 0 1 0 -1 0 0 stug-1x8.dat
1 16 0 16 100 0 0 1 0 1 0 -1 0 0 stug-2x2.dat
1 16 0 16 -100 0 0 1 0 1 0 -1 0 0 stug-2x2.dat
1 16 30 0 50 0 0 1 0 1 0 -1 0 0 stud.dat
1 16 30 0 -50 0 0 1 0 1 0 -1 0 0 stud.dat
1 16 30 0 110 0 0 1 0 1 0 -1 0 0 stud.dat
1 16 30 0 -110 0 0 1 0 1 0 -1 0 0 stud.dat
1 16 -30 0 50 0 0 1 0 1 0 -1 0 0 stud.dat
1 16 -30 0 -50 0 0 1 0 1 0 -1 0 0 stud.dat
1 16 -30 0 110 0 0 1 0 1 0 -1 0 0 stud.dat
1 16 -30 0 -110 0 0 1 0 1 0 -1 0 0 stud.dat
1 16 30 0 80 0 0 1 0 1 0 -1 0 0 stug2-1x2.dat
1 16 30 0 -80 0 0 1 0 1 0 -1 0 0 stug2-1x2.dat
1 16 -30 0 80 0 0 1 0 1 0 -1 0 0 stug2-1x2.dat
1 16 -30 0 -80 0 0 1 0 1 0 -1 0 0 stug2-1x2.dat
1 16 0 20 100 0 0 1 0 -1 0 1 0 0 stud4.dat
1 16 0 20 -100 0 0 1 0 -1 0 1 0 0 stud4.dat