0 Brick  4 x  2 x  1 with Curved Bottom
0 Name: 5853.dat
0 Author: Rene Rechthaler [Blechtaler]
0 !LDRAW_ORG Unofficial_Part
0 !LICENSE Licensed under CC BY 4.0 : see CAreadme.txt

0 BFC CERTIFY CCW

0 !CATEGORY Brick
0 !KEYWORDS Brickowl 1411545, Inverted, slope

0 !HISTORY 2026-01-02 [Blechtaler] made from 1750 by [GeraldLasser]

1 16 30 12 -8 2 0 0 0 4 0 0 0 2 box4-1.dat
1 16 20 12 -8 2 0 0 0 4 0 0 0 2 box4-1.dat
1 16 10 12 -8 2 0 0 0 4 0 0 0 2 box4-1.dat
1 16 0 12 -8 2 0 0 0 4 0 0 0 2 box4-1.dat
1 16 -10 12 -8 2 0 0 0 4 0 0 0 2 box4-1.dat
1 16 -20 12 -8 2 0 0 0 4 0 0 0 2 box4-1.dat
1 16 -30 12 -8 2 0 0 0 4 0 0 0 2 box4-1.dat
4 16 40 16 -10 36 16 -10 36 16 6 40 16 10
4 16 40 16 10 36 16 6 -36 16 6 -40 16 10
4 16 -40 16 10 -36 16 6 -36 16 -10 -40 16 -10
0 BFC INVERTNEXT
1 16 0 16 -2 -36 0 0 0 -4 0 0 0 8 box5-1.dat
1 16 0 16 0 40 0 0 0 -8 0 0 0 10 box4-4a.dat
1 16 0 8 0 -1 0 0 0 1 0 0 0 -1 stug-1x4.dat
1 16 0 12 0 1 0 0 0 -1 0 0 0 1 stug3-1x3.dat
2 24 -40 16 -10 -36 16 -10
2 24 36 16 -10 40 16 -10

1 16 0 20 -10 40 0 0 0 0 4 0 -1 0 recte3.dat
3 16 36 16 -10 40 16 -10 40 24 -10
3 16 -40 24 -10 -40 16 -10 -36 16 -10
4 16 -40 24 -10 -36 16 -10 36 16 -10 40 24 -10
1 16 -40 4 -10 0 80 0 20 0 0 0 0 -20 1-4cylo.dat
1 16 -40 4 -10 0 1 0 20 0 0 0 0 -20 1-4chrd.dat
1 16 40 4 -10 0 -1 0 0 0 20 -20 0 0 1-4chrd.dat
1 16 0 4 -10 0 0 40 4 0 0 0 -1 0 rect.dat
1 16 0 0 -20 40 0 0 0 1 0 0 0 -10 recte3.dat
1 16 0 2 -30 0 0 40 2 0 0 0 1 0 rect2p.dat
3 16 40 24 -10 40 16 -10 40 4 -30
3 16 40 4 -30 40 16 -10 40 8 -10
4 16 40 8 -10 40 0 -10 40 0 -30 40 4 -30
4 16 -40 4 -30 -40 0 -30 -40 0 -10 -40 8 -10
3 16 -40 4 -30 -40 8 -10 -40 16 -10
3 16 -40 4 -30 -40 16 -10 -40 24 -10
4 16 40 0 -10 37 0 -13 37 0 -27 40 0 -30
4 16 -40 0 -10 -40 0 -30 -37 0 -27 -37 0 -13
3 16 40 0 -30 37 0 -27 31.5 0 -27
3 16 40 0 -30 31.5 0 -27 28.5 0 -27
3 16 8.5 0 -27 0 0 -30 11.5 0 -27
3 16 0 0 -10 8.5 0 -13 11.5 0 -13
3 16 37 0 -13 40 0 -10 31.5 0 -13
3 16 31.5 0 -13 40 0 -10 28.5 0 -13
4 16 11.5 0 -13 28.5 0 -13 40 0 -10 0 0 -10
4 16 11.5 0 -27 0 0 -30 40 0 -30 28.5 0 -27

3 16 0 0 -30 8.5 0 -27 -8.5 0 -27
3 16 0 0 -30 -8.5 0 -27 -11.5 0 -27
3 16 -37 0 -27 -40 0 -30 -31.5 0 -27
3 16 -31.5 0 -27 -40 0 -30 -28.5 0 -27
3 16 -40 0 -10 -37 0 -13 -31.5 0 -13
3 16 -40 0 -10 -31.5 0 -13 -28.5 0 -13
3 16 8.5 0 -13 0 0 -10 -8.5 0 -13
3 16 -8.5 0 -13 0 0 -10 -11.5 0 -13
4 16 -28.5 0 -13 -11.5 0 -13 0 0 -10 -40 0 -10
4 16 -28.5 0 -27 -40 0 -30 0 0 -30 -11.5 0 -27

4 16 37 0 -13 37 20 -13 37 6 -27 37 0 -27
4 16 -37 0 -27 -37 6 -27 -37 20 -13 -37 0 -13

1 16 0 13 -20 -37 0 0 0 1 -7 0 0 -7 rect.dat

1 16 30 0 -20 0 0 1 0 1 0 1 0 0 stud2a.dat
1 16 10 0 -20 0 0 1 0 1 0 1 0 0 stud2a.dat
1 16 -10 0 -20 0 0 1 0 1 0 1 0 0 stud2a.dat
1 16 -30 0 -20 0 0 1 0 1 0 1 0 0 stud2a.dat
1 16 -30 0 -20 0 0 1 0 7 0 1 0 0 stud2s2e.dat
1 16 -10 0 -20 0 0 1 0 7 0 1 0 0 stud2s2e.dat
1 16 10 0 -20 0 0 1 0 7 0 1 0 0 stud2s2e.dat
1 16 30 0 -20 0 0 1 0 7 0 1 0 0 stud2s2e.dat
1 16 30 7 -20 0 0 6 0 6 0 -6 0 0 4-4cylse.dat
1 16 10 7 -20 0 0 6 0 6 0 -6 0 0 4-4cylse.dat
1 16 -10 7 -20 0 0 6 0 6 0 -6 0 0 4-4cylse.dat
1 16 -30 7 -20 0 0 6 0 6 0 -6 0 0 4-4cylse.dat
0 BFC INVERTNEXT
1 16 -30 9.5 -20 0 0 3.5 0 3.5 0 -3.5 0 0 4-4cylse.dat
0 BFC INVERTNEXT
1 16 -10 9.5 -20 0 0 3.5 0 3.5 0 -3.5 0 0 4-4cylse.dat
0 BFC INVERTNEXT
1 16 10 9.5 -20 0 0 3.5 0 3.5 0 -3.5 0 0 4-4cylse.dat
0 BFC INVERTNEXT
1 16 30 9.5 -20 0 0 3.5 0 3.5 0 -3.5 0 0 4-4cylse.dat
0 BFC INVERTNEXT
1 16 30 9.5 -20 0 0 3.5 0 -2.5 0 3.5 0 0 4-4cyli.dat
0 BFC INVERTNEXT
1 16 10 9.5 -20 0 0 3.5 0 -2.5 0 3.5 0 0 4-4cyli.dat
0 BFC INVERTNEXT
1 16 -10 9.5 -20 0 0 3.5 0 -2.5 0 3.5 0 0 4-4cyli.dat
0 BFC INVERTNEXT
1 16 -30 9.5 -20 0 0 3.5 0 -2.5 0 3.5 0 0 4-4cyli.dat

2 24 -30 0 -26 -31.4996 0 -25.7018
2 24 -28.5004 0 -25.7018 -30 0 -26
2 24 -28.5004 0 -14.2982 -30 0 -14
2 24 -30 0 -14 -31.4996 0 -14.2982
1 16 -30 7.5 -26.3509 0 0 -1.5 0 -7.5 0 .6491 0 0 box3u6a.dat
1 16 -30 20 -13.6491 0 0 -1.5 0 -20 0 .6491 0 0 box3u6a.dat
2 24 -28.5 6 -27 -28.5 7.2982 -25.7018
2 24 -31.5 6 -27 -31.5 7.2982 -25.7018
2 24 -28.5 18.7018 -14.2982 -28.5 20 -13
2 24 -31.5 18.7018 -14.2982 -31.5 20 -13

2 24 -10 0 -26 -11.4996 0 -25.7018
2 24 -8.5004 0 -25.7018 -10 0 -26
2 24 -8.5004 0 -14.2982 -10 0 -14
2 24 -10 0 -14 -11.4996 0 -14.2982
1 16 -10 7 -26.3509 0 0 -1.5 0 -7 0 .6491 0 0 box3u6a.dat
1 16 -10 20 -13.6491 0 0 -1.5 0 -20 0 .6491 0 0 box3u6a.dat
2 24 -8.5 6 -27 -8.5 7.2982 -25.7018
2 24 -11.5 6 -27 -11.5 7.2982 -25.7018
2 24 -8.5 18.7018 -14.2982 -8.5 20 -13
2 24 -11.5 18.7018 -14.2982 -11.5 20 -13

2 24 10 0 -26 8.5004 0 -25.7018
2 24 11.4996 0 -25.7018 10 0 -26
2 24 11.4996 0 -14.2982 10 0 -14
2 24 10 0 -14 8.5004 0 -14.2982
1 16 10 7.5 -26.3509 0 0 -1.5 0 -7.5 0 .6491 0 0 box3u6a.dat
1 16 10 20 -13.6491 0 0 -1.5 0 -20 0 .6491 0 0 box3u6a.dat
2 24 11.5 6 -27 11.5 7.2982 -25.7018
2 24 8.5 6 -27 8.5 7.2982 -25.7018
2 24 11.5 18.7018 -14.2982 11.5 20 -13
2 24 8.5 18.7018 -14.2982 8.5 20 -13

2 24 30 0 -26 28.5004 0 -25.7018
2 24 31.4996 0 -25.7018 30 0 -26
2 24 31.4996 0 -14.2982 30 0 -14
2 24 30 0 -14 28.5004 0 -14.2982
1 16 30 7 -26.3509 0 0 -1.5 0 -7 0 .6491 0 0 box3u6a.dat
1 16 30 20 -13.6491 0 0 -1.5 0 -20 0 .6491 0 0 box3u6a.dat
2 24 31.5 6 -27 31.5 7.2982 -25.7018
2 24 28.5 6 -27 28.5 7.2982 -25.7018
2 24 31.5 18.7018 -14.2982 31.5 20 -13
2 24 28.5 18.7018 -14.2982 28.5 20 -13

1 16 0 10 -13 0 0 8.5 -10 0 0 0 1 0 rect1.dat
1 16 0 3 -27 0 0 8.5 -3 0 0 0 -1 0 rect1.dat
1 16 20 10 -13 0 0 8.5 -10 0 0 0 1 0 rect1.dat
1 16 34.25 10 -13 0 0 2.75 -10 0 0 0 1 0 rect2a.dat
1 16 34.25 3 -27 0 0 2.75 -3 0 0 0 -1 0 rect2a.dat
1 16 20 3 -27 0 0 8.5 -3 0 0 0 -1 0 rect1.dat
1 16 -34.25 10 -13 0 0 -2.75 -10 0 0 0 1 0 rect2a.dat
1 16 -20 10 -13 0 0 8.5 -10 0 0 0 1 0 rect1.dat
1 16 -20 3 -27 0 0 8.5 -3 0 0 0 -1 0 rect1.dat
1 16 -34.25 3 -27 0 0 -2.75 -3 0 0 0 -1 0 rect2a.dat

2 24 -37 0 -13 -37 0 -27
2 24 37 0 -27 37 0 -13