0 Sticker 1.6 x 1.3 with White "7"
0 Name: 6022720l.dat
0 Author: Gerald Lasser [GeraldLasser]
0 !LDRAW_ORG Unofficial_Part
0 !LICENSE Licensed under CC BY 4.0 : see CAreadme.txt

0 BFC CERTIFY CCW

0 !CATEGORY Sticker
0 !KEYWORDS Bricklink 10233stk01, Brickowl 396237, Rebrickable 12953, Set 10233
0 !KEYWORDS TGV

1 16 0 -.25 0 13 0 0 0 .25 0 0 0 16 box5-12.dat

4 16 -13 -.25 16 -4.73 -.25 10.89 4.54 -.25 10.84 13 -.25 16
3 16 -13 -.25 16 -4.73 -.25 8.13 -4.73 -.25 10.89
3 16 1.25 -.25 8.13 -4.73 -.25 8.13 -3.15 -.25 -5.98
4 16 -3.15 -.25 -5.98 -4.73 -.25 8.13 -13 -.25 16 -13 -.25 -16
4 16 0 -.25 -5.98 -3.15 -.25 -5.98 -13 -.25 -16 13 -.25 -16
4 16 13 -.25 16 4.54 -.25 10.84 4.55 -.25 8.07 13 -.25 -16
3 16 4.55 -.25 8.07 0 -.25 -5.98 13 -.25 -16
0 BFC NOCLIP
4 15 -4.73 -.25 10.89 -4.73 -.25 8.13 1.25 -.25 8.13 4.54 -.25 10.84
4 15 1.25 -.25 8.13 -3.15 -.25 -5.98 0 -.25 -5.98 4.55 -.25 8.07
3 15 1.25 -.25 8.13 4.55 -.25 8.07 4.54 -.25 10.84
