0 Sticker  2.7 x  2.9 with Medium Lavender Bulletin Board with Notes, Lighthouse Photo, Sunset and Postcard
0 Name: 6037729h.dat
0 Author: Takeshi Takahashi [RainbowDolphin]
0 !LDRAW_ORG Unofficial_Part
0 !LICENSE Licensed under CC BY 4.0 : see CAreadme.txt

0 BFC CERTIFY CCW

0 !CATEGORY Sticker
0 !KEYWORDS boat, BrickLink 41015stk01, Brickowl 876226, Dolphin Cruiser
0 !KEYWORDS Friends, Rebrickable 14251, Set 41015, ship

1 16 0 -0.25 0 29 0 0 0 0.25 0 0 0 27 box5-12.dat
4 27 -21.5 -0.25 19.5 -22.33 -0.25 19.84 -22.4 -0.25 19.5 -22.33 -0.25 19.16
4 27 -21.5 -0.25 19.5 -22.33 -0.25 19.16 -22.14 -0.25 18.86 -21.84 -0.25 18.67
4 27 -21.5 -0.25 19.5 -21.84 -0.25 18.67 -21.5 -0.25 18.6 -21.16 -0.25 18.67
4 27 -21.5 -0.25 19.5 -21.16 -0.25 18.67 -20.86 -0.25 18.86 -20.67 -0.25 19.16
4 27 -21.5 -0.25 19.5 -20.67 -0.25 19.16 -20.6 -0.25 19.5 -20.67 -0.25 19.84
4 27 -21.5 -0.25 19.5 -20.67 -0.25 19.84 -20.86 -0.25 20.14 -21.16 -0.25 20.33
4 27 -21.5 -0.25 19.5 -21.16 -0.25 20.33 -21.5 -0.25 20.4 -21.84 -0.25 20.33
4 27 -21.5 -0.25 19.5 -21.84 -0.25 20.33 -22.14 -0.25 20.14 -22.33 -0.25 19.84
4 27 -7.2 -0.25 20.2 -8.029 -0.25 20.54 -8.1 -0.25 20.2 -8.029 -0.25 19.86
4 27 -7.2 -0.25 20.2 -8.029 -0.25 19.86 -7.84 -0.25 19.56 -7.54 -0.25 19.37
4 27 -7.2 -0.25 20.2 -7.54 -0.25 19.37 -7.2 -0.25 19.3 -6.86 -0.25 19.37
4 27 -7.2 -0.25 20.2 -6.86 -0.25 19.37 -6.56 -0.25 19.56 -6.37 -0.25 19.86
4 27 -7.2 -0.25 20.2 -6.37 -0.25 19.86 -6.3 -0.25 20.2 -6.37 -0.25 20.54
4 27 -7.2 -0.25 20.2 -6.37 -0.25 20.54 -6.56 -0.25 20.84 -6.86 -0.25 21.03
4 27 -7.2 -0.25 20.2 -6.86 -0.25 21.03 -7.2 -0.25 21.1 -7.54 -0.25 21.03
4 27 -7.2 -0.25 20.2 -7.54 -0.25 21.03 -7.84 -0.25 20.84 -8.029 -0.25 20.54
4 27 11.6 -0.25 -4.5 10.95 -0.25 -4.23 10.9 -0.25 -4.5 10.95 -0.25 -4.77
4 27 11.6 -0.25 -4.5 10.95 -0.25 -4.77 11.11 -0.25 -4.99 11.33 -0.25 -5.15
4 27 11.6 -0.25 -4.5 11.33 -0.25 -5.15 11.6 -0.25 -5.2 11.87 -0.25 -5.15
4 27 11.6 -0.25 -4.5 11.87 -0.25 -5.15 12.09 -0.25 -4.99 12.25 -0.25 -4.77
4 27 11.6 -0.25 -4.5 12.25 -0.25 -4.77 12.3 -0.25 -4.5 12.25 -0.25 -4.23
4 27 11.6 -0.25 -4.5 12.25 -0.25 -4.23 12.09 -0.25 -4.01 11.87 -0.25 -3.85
4 27 11.6 -0.25 -4.5 11.87 -0.25 -3.85 11.6 -0.25 -3.8 11.33 -0.25 -3.85
4 27 11.6 -0.25 -4.5 11.33 -0.25 -3.85 11.11 -0.25 -4.01 10.95 -0.25 -4.23
4 5 -20.1 -0.25 16 -19.8 -0.25 15 -19 -0.25 15.5 -19.2 -0.25 16.5
4 5 -20.2 -0.25 17.4 -20.1 -0.25 16 -19.2 -0.25 16.5 -18.9 -0.25 17.8
4 5 -19.7 -0.25 18.5 -20.2 -0.25 17.4 -18.9 -0.25 17.8 -18.2 -0.25 18.5
4 5 -18.9 -0.25 19.4 -19.7 -0.25 18.5 -18.2 -0.25 18.5 -17.9 -0.25 19.9
4 5 -17.9 -0.25 19.9 -18.2 -0.25 18.5 -17.1 -0.25 19 -16.5 -0.25 20
4 5 -16.5 -0.25 20 -17.1 -0.25 19 -15.8 -0.25 18.8 -15.2 -0.25 19.7
4 5 -14.4 -0.25 19 -15.2 -0.25 19.7 -15.8 -0.25 18.8 -14.4 -0.25 17.8
4 5 -14.4 -0.25 19 -14.4 -0.25 17.8 -13.1 -0.25 18.8 -13.6 -0.25 19.8
4 5 -13.6 -0.25 19.8 -13.1 -0.25 18.8 -12 -0.25 19.3 -12.1 -0.25 20.3
4 5 -10.7 -0.25 20.3 -12.1 -0.25 20.3 -12 -0.25 19.3 -10.8 -0.25 19.1
4 5 -9.6 -0.25 19.6 -10.7 -0.25 20.3 -10.8 -0.25 19.1 -9.8 -0.25 18.2
4 5 -8.8 -0.25 18.4 -9.6 -0.25 19.6 -9.8 -0.25 18.2 -9.4 -0.25 17
4 5 -8.3 -0.25 17 -8.8 -0.25 18.4 -9.4 -0.25 17 -8.7 -0.25 15.7
4 5 -8.7 -0.25 15.7 -9.4 -0.25 17 -9.8 -0.25 15.8 -9.2 -0.25 14.5
4 5 -9.2 -0.25 14.5 -9.8 -0.25 15.8 -10.5 -0.25 14.6 -9.8 -0.25 13.8
4 5 -16.1 -0.25 12.6 -17.2 -0.25 13.4 -18.1 -0.25 12.9 -16.6 -0.25 11.7
4 5 -14.3 -0.25 11.6 -16.1 -0.25 12.6 -16.6 -0.25 11.7 -14.9 -0.25 10.8
4 5 -14.3 -0.25 11.6 -14.9 -0.25 10.8 -14.1 -0.25 10.6 -13.2 -0.25 10.9
4 5 -12.9 -0.25 12.3 -14.3 -0.25 11.6 -13.2 -0.25 10.9 -11.6 -0.25 11.8
4 5 -11.6 -0.25 13.3 -12.9 -0.25 12.3 -11.6 -0.25 11.8 -10.7 -0.25 12.7
4 5 -17.9 -0.25 -14.4 -19.9 -0.25 -14.6 -19.8 -0.25 -15.1 -17.5 -0.25 -15
4 5 -17.9 -0.25 -14.4 -17.5 -0.25 -15 -16.9 -0.25 -14 -17.1 -0.25 -12.7
4 5 -16.5 -0.25 -12.7 -17.1 -0.25 -12.7 -16.9 -0.25 -14 -15.9 -0.25 -14.2
4 5 -15.9 -0.25 -14.2 -16.9 -0.25 -14 -16.3 -0.25 -15.6 -15.9 -0.25 -15.8
4 5 -15.9 -0.25 -14.2 -15.9 -0.25 -15.8 -15.4 -0.25 -15.2 -15.2 -0.25 -13.4
4 5 -15.5 -0.25 -11.6 -15.9 -0.25 -14.2 -15.2 -0.25 -13.4 -15.1 -0.25 -11.2
4 5 -14.6 -0.25 -11.6 -15.1 -0.25 -11.2 -15.2 -0.25 -13.4 -14.2 -0.25 -15
4 5 -14.2 -0.25 -15 -15.2 -0.25 -13.4 -14.5 -0.25 -16.5 -14 -0.25 -16.5
4 5 -14.2 -0.25 -15 -14 -0.25 -16.5 -13.2 -0.25 -14.4 -13.6 -0.25 -13.8
4 5 -11.4 -0.25 -13.7 -13.6 -0.25 -13.8 -13.2 -0.25 -14.4 -11.5 -0.25 -14.4
4 5 3.9 -0.25 2.7 4.2 -0.25 2.6 4.1 -0.25 4.9 3.7 -0.25 5.2
4 5 3.2 -0.25 3.2 3.9 -0.25 2.7 3.7 -0.25 5.2 3.3 -0.25 5.3
4 5 2.7 -0.25 3.9 3.2 -0.25 3.2 3.3 -0.25 5.3 2.8 -0.25 5.2
3 5 2.8 -0.25 5.2 2.5 -0.25 4.5 2.7 -0.25 3.9
4 5 4.1 -0.25 4.9 4.2 -0.25 2.6 4.5 -0.25 2.7 4.4 -0.25 5.2
4 5 4.4 -0.25 5.2 4.5 -0.25 2.7 5.2 -0.25 3.4 4.8 -0.25 5.4
4 5 4.8 -0.25 5.4 5.2 -0.25 3.4 5.7 -0.25 4.2 5.3 -0.25 5.4
3 5 5.3 -0.25 5.4 5.7 -0.25 4.2 5.7 -0.25 5
4 5 21.1 -0.25 12.3 23.9 -0.25 14.3 20.6 -0.25 14.7 20.8 -0.25 12.6
3 5 20.6 -0.25 14.7 20.3 -0.25 12.7 20.8 -0.25 12.6
4 5 23.9 -0.25 14.3 21.1 -0.25 12.3 21.5 -0.25 11.8 23.3 -0.25 10
3 5 21.5 -0.25 11.8 21.6 -0.25 11.1 23.3 -0.25 10
3 5 21.6 -0.25 11.1 21.5 -0.25 10.5 23.3 -0.25 10
3 5 21.5 -0.25 10.5 21.3 -0.25 10.1 23.3 -0.25 10
4 5 20.9 -0.25 12 20.2 -0.25 12.2 20.1 -0.25 11.4 21 -0.25 11.2
4 5 20.8 -0.25 10.2 21 -0.25 10.6 20 -0.25 10.8 19.9 -0.25 10.3
4 5 5.9 -0.25 22 4.88 -0.25 22.42 4.8 -0.25 22 4.88 -0.25 21.58
4 5 5.9 -0.25 22 4.88 -0.25 21.58 5.12 -0.25 21.22 5.48 -0.25 20.98
4 5 5.9 -0.25 22 5.48 -0.25 20.98 5.9 -0.25 20.9 6.32 -0.25 20.98
4 5 5.9 -0.25 22 6.32 -0.25 20.98 6.68 -0.25 21.22 6.92 -0.25 21.58
4 5 5.9 -0.25 22 6.92 -0.25 21.58 7 -0.25 22 6.92 -0.25 22.42
4 5 5.9 -0.25 22 6.92 -0.25 22.42 6.68 -0.25 22.78 6.32 -0.25 23.02
4 5 5.9 -0.25 22 6.32 -0.25 23.02 5.9 -0.25 23.1 5.48 -0.25 23.02
4 5 5.9 -0.25 22 5.48 -0.25 23.02 5.12 -0.25 22.78 4.88 -0.25 22.42
4 5 14 -0.25 -6.1 13.9 -0.25 -6.5 15.6 -0.25 -6.5 15.5 -0.25 -6.1
3 5 14.7 -0.25 -5.7 14 -0.25 -6.1 15.5 -0.25 -6.1
4 5 15.3 -0.25 -7.1 14.2 -0.25 -7.1 14.2 -0.25 -8.3 15.3 -0.25 -8.3
4 5 15.3 -0.25 -9 14.2 -0.25 -9 14.2 -0.25 -10.2 15.3 -0.25 -10.2
4 5 15.5 -0.25 -11.2 14 -0.25 -11.2 13.9 -0.25 -13 15.6 -0.25 -13
4 30 -19.7 -0.25 13.5 -19.6 -0.25 12.3 -18.7 -0.25 13 -19.5 -0.25 14.4
4 30 -19.5 -0.25 14.4 -18.7 -0.25 13 -17.4 -0.25 13.7 -18.3 -0.25 15.6
4 30 -18.3 -0.25 15.6 -17.4 -0.25 13.7 -16.3 -0.25 13.7 -17.4 -0.25 16.5
4 30 -17.4 -0.25 16.5 -16.3 -0.25 13.7 -15.9 -0.25 16.6 -16.8 -0.25 17.6
3 30 -16.4 -0.25 17.8 -16.8 -0.25 17.6 -15.9 -0.25 16.6
4 30 -15.9 -0.25 16.6 -16.3 -0.25 13.7 -15.5 -0.25 13.1 -13.9 -0.25 16.5
4 30 -13.9 -0.25 16.5 -15.5 -0.25 13.1 -14.5 -0.25 13 -14.1 -0.25 13.8
4 30 -12.5 -0.25 16 -13.9 -0.25 16.5 -14.1 -0.25 13.8 -12.6 -0.25 14
4 30 -11.2 -0.25 15 -12.5 -0.25 16 -12.6 -0.25 14 -11.4 -0.25 13.7
4 30 -10 -0.25 13.4 -11.2 -0.25 15 -11.4 -0.25 13.7 -10.2 -0.25 12.7
4 30 -9.4 -0.25 12.3 -10 -0.25 13.4 -10.2 -0.25 12.7 -10.3 -0.25 11.8
4 30 -9.2 -0.25 11.4 -9.4 -0.25 12.3 -10.3 -0.25 11.8 -10.2 -0.25 10.9
4 30 -10.2 -0.25 10.9 -10.3 -0.25 11.8 -10.9 -0.25 11.2 -11 -0.25 10.2
4 30 -8.4 -0.25 12.6 -9.4 -0.25 12.3 -9.2 -0.25 11.4 -8 -0.25 11.9
4 30 -7.3 -0.25 12.5 -8.4 -0.25 12.6 -8 -0.25 11.9 -7 -0.25 12
4 30 -20.9 -0.25 3.2 -21.4 -0.25 2.8 -21.1 -0.25 2.4 -20.2 -0.25 2.3
4 30 -20.9 -0.25 3.2 -20.2 -0.25 2.3 -19.7 -0.25 2.6 -20 -0.25 3.4
4 30 -20 -0.25 3.4 -19.7 -0.25 2.6 -19.1 -0.25 3.6 -19.8 -0.25 4.7
4 30 -19.8 -0.25 4.7 -19.1 -0.25 3.6 -18.8 -0.25 4.7 -19.5 -0.25 5.2
3 30 -19.1 -0.25 5.2 -19.5 -0.25 5.2 -18.8 -0.25 4.7
4 30 -19.7 -0.25 2.6 -20.2 -0.25 2.3 -20 -0.25 1.5 -19.4 -0.25 1.9
4 30 -19.4 -0.25 1.9 -20 -0.25 1.5 -19.3 -0.25 0.9 -18.5 -0.25 1
4 30 -18.4 -0.25 2.3 -19.4 -0.25 1.9 -18.5 -0.25 1 -17.9 -0.25 1.9
4 30 -18.1 -0.25 3.4 -18.4 -0.25 2.3 -17.9 -0.25 1.9 -17.6 -0.25 2.3
4 30 -17.2 -0.25 3 -18.1 -0.25 3.4 -17.6 -0.25 2.3 -17.3 -0.25 2
4 30 -17.2 -0.25 3 -17.3 -0.25 2 -16.8 -0.25 2.4 -16.4 -0.25 3.2
3 30 -16.9 -0.25 3.8 -17.2 -0.25 3 -16.4 -0.25 3.2
4 30 -16.2 -0.25 2.5 -16.4 -0.25 3.2 -16.8 -0.25 2.4 -16.4 -0.25 1.6
4 30 -16.2 -0.25 2.5 -16.4 -0.25 1.6 -16 -0.25 1.5 -15.5 -0.25 2.6
4 30 -15.5 -0.25 3.7 -16.2 -0.25 2.5 -15.5 -0.25 2.6 -14.7 -0.25 2.9
4 30 -14.7 -0.25 2.9 -15.5 -0.25 2.6 -15.1 -0.25 2 -14.3 -0.25 2.1
4 30 -14.7 -0.25 2.9 -14.3 -0.25 2.1 -14 -0.25 2.9 -14.4 -0.25 4
4 30 -14.4 -0.25 4 -14 -0.25 2.9 -13.6 -0.25 3.9 -14.1 -0.25 4.7
3 30 -13.7 -0.25 4.8 -14.1 -0.25 4.7 -13.6 -0.25 3.9
4 30 -14.3 -0.25 2.1 -15.1 -0.25 2 -14.8 -0.25 -0.4 -14.2 -0.25 0.9
3 30 -14.2 -0.25 0.9 -14.8 -0.25 -0.4 -14.4 -0.25 -0.5
4 30 -13.5 -0.25 2.7 -14.3 -0.25 2.1 -14.2 -0.25 0.9 -12.8 -0.25 2.1
4 30 -12.3 -0.25 3.5 -13.5 -0.25 2.7 -12.8 -0.25 2.1 -12.2 -0.25 2.6
3 30 -12.3 -0.25 3.5 -12.2 -0.25 2.6 -11.9 -0.25 3
4 30 -20.9 -0.25 -4.1 -20.9 -0.25 -5 -20.3 -0.25 -4.9 -20.2 -0.25 -3.7
4 30 -20.2 -0.25 -3.7 -20.3 -0.25 -4.9 -19.8 -0.25 -4.5 -19.5 -0.25 -3.9
4 30 -19.7 -0.25 -2.9 -20.2 -0.25 -3.7 -19.5 -0.25 -3.9 -19.4 -0.25 -2.9
4 30 -19.5 -0.25 -3.9 -19.8 -0.25 -4.5 -19.2 -0.25 -4.8 -18.8 -0.25 -4
4 30 -18.8 -0.25 -4 -19.2 -0.25 -4.8 -18.2 -0.25 -4.5 -18.2 -0.25 -3.3
4 30 -18.2 -0.25 -3.3 -18.2 -0.25 -4.5 -17.3 -0.25 -3.4 -17.6 -0.25 -2.6
4 30 -18.2 -0.25 -0.8 -18.2 -0.25 -3.3 -17.6 -0.25 -2.6 -17.8 -0.25 -0.7
4 30 -17.6 -0.25 -2.6 -17.3 -0.25 -3.4 -16.6 -0.25 -3.4 -16.8 -0.25 -1.2
3 30 -17.2 -0.25 -1.1 -17.6 -0.25 -2.6 -16.8 -0.25 -1.2
4 30 -16.6 -0.25 -3.4 -17.3 -0.25 -3.4 -17.2 -0.25 -5.1 -16.4 -0.25 -4.1
4 30 -16.4 -0.25 -4.1 -17.2 -0.25 -5.1 -16.9 -0.25 -5.7 -16.5 -0.25 -5.6
4 30 -16.6 -0.25 -3.4 -16.4 -0.25 -4.1 -15.6 -0.25 -4 -15.4 -0.25 -3.1
4 30 -15.4 -0.25 -3.1 -15.6 -0.25 -4 -14.6 -0.25 -3.7 -14.6 -0.25 -2.6
3 30 -15.1 -0.25 -2.5 -15.4 -0.25 -3.1 -14.6 -0.25 -2.6
4 30 -14.6 -0.25 -3.7 -15.6 -0.25 -4 -15.3 -0.25 -4.9 -14.7 -0.25 -5
4 30 -13.9 -0.25 -3.3 -14.6 -0.25 -3.7 -14.7 -0.25 -5 -13.4 -0.25 -4
4 30 -13.4 -0.25 -4 -14.7 -0.25 -5 -13.3 -0.25 -4.8 -12.7 -0.25 -4.3
4 30 -12.7 -0.25 -3.5 -13.4 -0.25 -4 -12.7 -0.25 -4.3 -11.6 -0.25 -3.4
3 30 -11.6 -0.25 -3.4 -12.7 -0.25 -4.3 -11.5 -0.25 -4.2
4 30 22.7 -0.25 8.2 14.9 -0.25 9.2 14.7 -0.25 8 22.5 -0.25 7
4 30 22.4 -0.25 6.2 14.6 -0.25 7.2 14.4 -0.25 6.1 22.2 -0.25 5.1
4 30 22.1 -0.25 4.3 18.4 -0.25 4.8 18.2 -0.25 3.8 21.9 -0.25 3.3
4 30 10.5 -0.25 -4.8 4.3 -0.25 -4.8 4.3 -0.25 -6.6 10.7 -0.25 -5.1
3 30 10.7 -0.25 -5.1 4.3 -0.25 -6.6 11 -0.25 -5.4
4 30 11.3 -0.25 -5.5 11 -0.25 -5.4 4.3 -0.25 -6.6 13.5 -0.25 -6.7
4 30 11.3 -0.25 -5.5 13.5 -0.25 -6.7 13.9 -0.25 -6.5 11.8 -0.25 -5.5
4 30 11.8 -0.25 -5.5 13.9 -0.25 -6.5 14 -0.25 -6.1 12.3 -0.25 -5.3
4 30 12.3 -0.25 -5.3 14 -0.25 -6.1 14.7 -0.25 -5.7 12.6 -0.25 -4.8
3 30 18.6 -0.25 -4.8 12.6 -0.25 -4.8 14.7 -0.25 -5.7
3 30 18.6 -0.25 -4.8 14.7 -0.25 -5.7 15.5 -0.25 -6.1
4 30 18.6 -0.25 -4.8 15.5 -0.25 -6.1 15.6 -0.25 -6.5 16 -0.25 -6.7
3 30 18.6 -0.25 -4.8 16 -0.25 -6.7 16 -0.25 -7.3
4 30 18.6 -0.25 -4.8 16 -0.25 -7.3 16 -0.25 -8.4 16.4 -0.25 -8.6
4 30 16 -0.25 -8.4 16 -0.25 -7.3 15.7 -0.25 -7.5 15.7 -0.25 -8.4
4 30 18.5 -0.25 -12.3 18.6 -0.25 -4.8 16.4 -0.25 -8.6 16.4 -0.25 -9.3
4 30 16 -0.25 -9.8 18.5 -0.25 -12.3 16.4 -0.25 -9.3 16 -0.25 -9.4
4 30 16 -0.25 -9.8 16 -0.25 -9.4 15.6 -0.25 -9.4 15.6 -0.25 -9.8
3 30 4.3 -0.25 -6.6 13.5 -0.25 -7.2 13.5 -0.25 -6.7
3 30 4.3 -0.25 -6.6 13.8 -0.25 -7.4 13.5 -0.25 -7.2
3 30 16 -0.25 -9.8 16.1 -0.25 -12.3 18.5 -0.25 -12.3
4 30 4.3 -0.25 -11 4.3 -0.25 -13 10.2 -0.25 -13.3 10.8 -0.25 -12.8
4 30 13.5 -0.25 -8.7 4.3 -0.25 -11 10.8 -0.25 -12.8 13.5 -0.25 -9.4
3 30 13.8 -0.25 -8.3 4.3 -0.25 -11 13.5 -0.25 -8.7
4 30 13.5 -0.25 -9.8 13.5 -0.25 -9.4 10.8 -0.25 -12.8 13.4 -0.25 -12.5
4 30 13.9 -0.25 -9.4 13.5 -0.25 -9.4 13.5 -0.25 -9.8 13.9 -0.25 -9.8
4 322 -20.7 -0.25 8 -22.2 -0.25 8 -22.2 -0.25 7.3 -20.7 -0.25 7.3
4 322 -17.8 -0.25 8.1 -19.9 -0.25 8.1 -19.9 -0.25 7.4 -17.8 -0.25 7.4
4 322 -14.6 -0.25 7.5 -14.6 -0.25 8.3 -16.8 -0.25 8.2 -16.8 -0.25 7.4
4 322 -11.4 -0.25 8.4 -13.8 -0.25 8.4 -13.8 -0.25 7.6 -11.4 -0.25 7.6
4 322 -8.2 -0.25 8.5 -10.6 -0.25 8.4 -10.6 -0.25 7.7 -8.2 -0.25 7.8
4 322 -6 -0.25 8.6 -7.5 -0.25 8.5 -7.5 -0.25 7.8 -6 -0.25 7.9
4 322 -19.4 -0.25 -9.5 -20.9 -0.25 -9.5 -20.9 -0.25 -10.2 -19.4 -0.25 -10.2
4 322 -16.5 -0.25 -9.4 -18.6 -0.25 -9.4 -18.6 -0.25 -10.1 -16.5 -0.25 -10.1
4 322 -13.3 -0.25 -10 -13.3 -0.25 -9.2 -15.5 -0.25 -9.3 -15.5 -0.25 -10.1
4 322 -10.1 -0.25 -9.1 -12.5 -0.25 -9.1 -12.5 -0.25 -9.9 -10.1 -0.25 -9.9
4 322 -6.9 -0.25 -9 -9.3 -0.25 -9.1 -9.3 -0.25 -9.8 -6.9 -0.25 -9.7
4 322 -4.7 -0.25 -8.9 -6.2 -0.25 -9 -6.2 -0.25 -9.7 -4.7 -0.25 -9.6
4 322 -9.2 -0.25 4.2 -9.7 -0.25 4.8 -10.2 -0.25 4.3 -9.6 -0.25 3.6
4 322 -8.7 -0.25 3.5 -9.2 -0.25 4.2 -9.6 -0.25 3.6 -8.8 -0.25 2.5
4 322 -8.7 -0.25 3.5 -8.8 -0.25 2.5 -8.3 -0.25 2.6 -7.7 -0.25 4.2
4 322 -8.6 -0.25 4.2 -8.7 -0.25 3.5 -7.7 -0.25 4.2 -8.1 -0.25 4.8
4 322 -8.1 -0.25 4.8 -7.7 -0.25 4.2 -7.1 -0.25 4.8 -6.9 -0.25 5.8
3 322 -6.9 -0.25 5.8 -7.1 -0.25 4.8 -6.4 -0.25 5.4
4 322 6.7 -0.25 16.9 8.4 -0.25 18.2 -2.3 -0.25 16 5.5 -0.25 16.2
4 322 8.4 -0.25 18.2 6.7 -0.25 16.9 7.7 -0.25 16.8 8.5 -0.25 17.2
4 322 8.4 -0.25 18.2 8.5 -0.25 17.2 10.2 -0.25 17.3 10.6 -0.25 17.5
4 322 16.4 -0.25 19.7 8.4 -0.25 18.2 10.6 -0.25 17.5 17.1 -0.25 15.7
4 322 17.1 -0.25 15.7 10.6 -0.25 17.5 10.7 -0.25 17.2 16.3 -0.25 15.4
4 322 16.3 -0.25 15.4 10.7 -0.25 17.2 14.7 -0.25 15.2 15.6 -0.25 14.9
4 322 13.9 -0.25 15 14.7 -0.25 15.2 10.7 -0.25 17.2 12.2 -0.25 14.8
3 322 13.9 -0.25 15 12.2 -0.25 14.8 13.1 -0.25 14.6
4 322 12.2 -0.25 14.8 10.7 -0.25 17.2 10.2 -0.25 16.8 11.6 -0.25 14.6
4 322 11.6 -0.25 14.6 10.2 -0.25 16.8 10.3 -0.25 14.4 11 -0.25 14.2
4 322 9.6 -0.25 14.3 10.3 -0.25 14.4 10.2 -0.25 16.8 8.7 -0.25 16.8
4 322 9.6 -0.25 14.3 8.7 -0.25 16.8 8 -0.25 16.4 7.5 -0.25 15.5
4 322 7.5 -0.25 15.5 8 -0.25 16.4 7.1 -0.25 16.4 6.8 -0.25 15.4
4 322 6.8 -0.25 15.4 7.1 -0.25 16.4 6.3 -0.25 16.1 6.2 -0.25 14.9
4 322 5.4 -0.25 15.1 6.2 -0.25 14.9 6.3 -0.25 16.1 5.6 -0.25 15.9
4 322 5.4 -0.25 15.1 5.6 -0.25 15.9 3.2 -0.25 14.8 4.6 -0.25 14.8
3 322 4.6 -0.25 14.8 3.2 -0.25 14.8 4 -0.25 14.4
4 322 -2.3 -0.25 16 3.2 -0.25 14.8 5.6 -0.25 15.9 5.5 -0.25 16.2
4 322 2.6 -0.25 14.6 3.2 -0.25 14.8 -2.3 -0.25 16 1.4 -0.25 14.4
3 322 2.6 -0.25 14.6 1.4 -0.25 14.4 2.1 -0.25 14.2
3 322 -2.3 -0.25 16 0.4 -0.25 14 1.4 -0.25 14.4
3 322 -2.3 -0.25 16 -0.1 -0.25 13.7 0.4 -0.25 14
4 322 -0.1 -0.25 13.7 -2.3 -0.25 16 -1.1 -0.25 10.2 0 -0.25 13.2
3 322 0 -0.25 13.2 -1.1 -0.25 10.2 -0.3 -0.25 10.7
4 322 0 -0.25 13.2 -0.3 -0.25 10.7 0.6 -0.25 10.8 0.9 -0.25 13.8
4 322 1.9 -0.25 11.1 0.9 -0.25 13.8 0.6 -0.25 10.8 1.3 -0.25 10.7
4 322 2 -0.25 13.8 0.9 -0.25 13.8 1.9 -0.25 11.1 2.4 -0.25 11.2
4 322 2.5 -0.25 13.9 2 -0.25 13.8 2.4 -0.25 11.2 3 -0.25 10.9
4 322 2.5 -0.25 13.9 3 -0.25 10.9 3.7 -0.25 11.3 3.3 -0.25 14.2
4 322 3.9 -0.25 13.9 3.3 -0.25 14.2 3.7 -0.25 11.3 4.2 -0.25 11.1
4 322 4.7 -0.25 14.3 3.9 -0.25 13.9 4.2 -0.25 11.1 5.6 -0.25 14.5
4 322 5.6 -0.25 14.5 4.2 -0.25 11.1 8.1 -0.25 13.7 6.7 -0.25 14.5
4 322 6.7 -0.25 14.5 8.1 -0.25 13.7 8.8 -0.25 13.8 7.1 -0.25 15
4 322 7.6 -0.25 15 7.1 -0.25 15 8.8 -0.25 13.8 9.6 -0.25 14.3
3 322 7.5 -0.25 15.5 7.6 -0.25 15 9.6 -0.25 14.3
4 322 8.1 -0.25 13.7 4.2 -0.25 11.1 4.3 -0.25 10.7 8.2 -0.25 13.3
4 322 8.2 -0.25 13.3 4.3 -0.25 10.7 17.9 -0.25 12.4 9.2 -0.25 13.5
3 322 11.1 -0.25 13.6 9.2 -0.25 13.5 17.9 -0.25 12.4
3 322 10 -0.25 13.8 9.2 -0.25 13.5 11.1 -0.25 13.6
4 322 11.7 -0.25 14.1 11.1 -0.25 13.6 17.9 -0.25 12.4 13.2 -0.25 14.1
3 322 12.4 -0.25 14.3 11.7 -0.25 14.1 13.2 -0.25 14.1
4 322 14 -0.25 14.4 13.2 -0.25 14.1 17.9 -0.25 12.4 15.7 -0.25 14.4
3 322 14.7 -0.25 14.6 14 -0.25 14.4 15.7 -0.25 14.4
4 322 16.5 -0.25 14.9 15.7 -0.25 14.4 17.9 -0.25 12.4 17.1 -0.25 15.1
4 322 -0.2 -0.25 10.1 -1.1 -0.25 9.7 -0.9 -0.25 8.7 0.8 -0.25 10.2
3 322 0.8 -0.25 10.2 -0.9 -0.25 8.7 1.5 -0.25 10.1
4 322 1.5 -0.25 10.1 -0.9 -0.25 8.7 17.9 -0.25 12.4 4.3 -0.25 10.7
3 322 4.3 -0.25 10.7 3 -0.25 10.5 1.5 -0.25 10.1
3 322 2.2 -0.25 10.6 1.5 -0.25 10.1 3 -0.25 10.5
3 322 4.3 -0.25 10.7 3.7 -0.25 10.7 3 -0.25 10.5
4 322 5.5 -0.25 9.5 5.5 -0.25 9.1 6.7 -0.25 9.4 6.9 -0.25 9.8
4 322 7.5 -0.25 9.9 6.9 -0.25 9.8 6.7 -0.25 9.4 9.1 -0.25 9.5
4 322 7.5 -0.25 9.9 9.1 -0.25 9.5 8.6 -0.25 9.9 8 -0.25 10.1
4 322 8.6 -0.25 9.9 9.1 -0.25 9.5 9.4 -0.25 9.7 9.2 -0.25 10.4
4 322 9.7 -0.25 10.4 9.2 -0.25 10.4 9.4 -0.25 9.7 10.1 -0.25 9.9
4 322 10.1 -0.25 9.9 9.4 -0.25 9.7 9.8 -0.25 9.4 10.5 -0.25 9.4
4 322 10.5 -0.25 10.1 10.1 -0.25 9.9 10.5 -0.25 9.4 11.1 -0.25 9.9
3 322 11.1 -0.25 10.3 10.5 -0.25 10.1 11.1 -0.25 9.9
4 322 2.4 -0.25 7.5 1.8 -0.25 7.6 1.8 -0.25 7.1 2.5 -0.25 6.7
4 322 2.4 -0.25 7.5 2.5 -0.25 6.7 3 -0.25 7.2 2.8 -0.25 8.3
4 322 3.4 -0.25 8.3 2.8 -0.25 8.3 3 -0.25 7.2 3.8 -0.25 7.3
4 322 3.8 -0.25 7.3 3 -0.25 7.2 3.5 -0.25 6.9 4.3 -0.25 6.8
4 322 4.6 -0.25 7.4 3.8 -0.25 7.3 4.3 -0.25 6.8 5.3 -0.25 6.9
4 322 5.3 -0.25 7.7 4.6 -0.25 7.4 5.3 -0.25 6.9 5.9 -0.25 7.3
4 322 5.9 -0.25 7.3 5.3 -0.25 6.9 5.7 -0.25 6.3 6.1 -0.25 6.3
4 322 5.9 -0.25 7.3 6.1 -0.25 6.3 6.3 -0.25 7.1 6.1 -0.25 8.1
4 322 6.1 -0.25 8.1 6.3 -0.25 7.1 6.7 -0.25 7.6 6.5 -0.25 8.1
4 322 6.7 -0.25 7.6 6.3 -0.25 7.1 7.1 -0.25 7 7.3 -0.25 7.6
3 322 7.3 -0.25 7.6 7.1 -0.25 7 7.7 -0.25 7.4
4 322 7.5 -0.25 8.4 7.3 -0.25 7.6 7.7 -0.25 7.4 8 -0.25 8.4
4 322 8.3 -0.25 7.7 8 -0.25 8.4 7.7 -0.25 7.4 8.3 -0.25 7
4 322 8.3 -0.25 7.7 8.3 -0.25 7 8.9 -0.25 7 9.1 -0.25 7.5
4 322 9 -0.25 8.4 8.3 -0.25 7.7 9.1 -0.25 7.5 9.5 -0.25 8.4
4 322 9.9 -0.25 7.6 9.5 -0.25 8.4 9.1 -0.25 7.5 9.5 -0.25 7.1
4 322 10.3 -0.25 6.3 9.9 -0.25 7.6 9.5 -0.25 7.1 9.8 -0.25 5.9
4 322 9.8 -0.25 5.9 9.5 -0.25 7.1 9.3 -0.25 6.4 9.3 -0.25 6
4 322 9.9 -0.25 7.6 10.3 -0.25 6.3 10.8 -0.25 7.3 10.7 -0.25 7.9
4 322 10.7 -0.25 7.9 10.8 -0.25 7.3 11.4 -0.25 7.8 11.2 -0.25 8.6
4 322 11.7 -0.25 8.6 11.2 -0.25 8.6 11.4 -0.25 7.8 12 -0.25 7.9
4 322 12 -0.25 7.9 11.4 -0.25 7.8 12 -0.25 7.2 12.6 -0.25 7.5
3 322 12.7 -0.25 8 12 -0.25 7.9 12.6 -0.25 7.5
4 322 6.9 -0.25 4.7 6.9 -0.25 5.4 6.4 -0.25 5.1 6.2 -0.25 4.3
4 322 6.7 -0.25 4 6.9 -0.25 4.7 6.2 -0.25 4.3 6.3 -0.25 3.4
4 322 6.9 -0.25 3.7 6.7 -0.25 4 6.3 -0.25 3.4 6.7 -0.25 3.1
4 322 6.9 -0.25 3.7 6.7 -0.25 3.1 7.1 -0.25 3.1 7.5 -0.25 3.6
4 322 7.2 -0.25 4.1 6.9 -0.25 3.7 7.5 -0.25 3.6 7.7 -0.25 4.5
4 322 6.9 -0.25 4.7 7.2 -0.25 4.1 7.7 -0.25 4.5 7.4 -0.25 5.1
3 322 6.9 -0.25 5.4 6.9 -0.25 4.7 7.4 -0.25 5.1
4 322 7.7 -0.25 4.5 7.5 -0.25 3.6 8.1 -0.25 3.8 8.1 -0.25 4.8
4 322 8.1 -0.25 4.8 8.1 -0.25 3.8 8.9 -0.25 4.3 8.9 -0.25 5.4
3 322 8.5 -0.25 5.7 8.1 -0.25 4.8 8.9 -0.25 5.4
4 322 8.9 -0.25 4.3 8.1 -0.25 3.8 8.2 -0.25 3 8.8 -0.25 3
3 322 8.9 -0.25 4.3 8.8 -0.25 3 9.2 -0.25 3.8
3 322 8.9 -0.25 4.3 9.2 -0.25 3.8 9.4 -0.25 4.1
4 322 9.4 -0.25 4.1 9.2 -0.25 3.8 9.3 -0.25 3.3 9.7 -0.25 3.3
4 322 9.4 -0.25 4.1 9.7 -0.25 3.3 10 -0.25 4 10 -0.25 4.5
4 322 10.5 -0.25 4.2 10 -0.25 4.5 10 -0.25 4 10.4 -0.25 3.6
4 322 10.5 -0.25 4.2 10.4 -0.25 3.6 11.7 -0.25 3.8 11.6 -0.25 4.4
4 322 12.1 -0.25 4.8 11.6 -0.25 4.4 11.7 -0.25 3.8 12.3 -0.25 4
4 322 12.3 -0.25 4 11.7 -0.25 3.8 12.1 -0.25 3.5 12.5 -0.25 3.5
4 322 3.6 -0.25 -4.1 4.3 -0.25 -4.8 10.5 -0.25 -4.8 10.4 -0.25 -4.1
4 322 12.7 -0.25 -4.1 12.6 -0.25 -4.8 18.6 -0.25 -4.8 19.3 -0.25 -4.1
4 322 19.3 -0.25 -4.1 18.6 -0.25 -4.8 18.5 -0.25 -12.3 19.3 -0.25 -16.8
3 322 18.5 -0.25 -12.3 18.5 -0.25 -15.5 19.3 -0.25 -16.8
3 322 18.5 -0.25 -15.5 17.6 -0.25 -15.5 19.3 -0.25 -16.8
4 322 12.2 -0.25 -15.5 19.3 -0.25 -16.8 17.6 -0.25 -15.5 12.2 -0.25 -15.2
4 322 12.2 -0.25 -15.2 17.6 -0.25 -15.5 16.3 -0.25 -14.9 14.6 -0.25 -14.5
4 322 11.6 -0.25 -14.9 12.2 -0.25 -15.2 14.6 -0.25 -14.5 11.7 -0.25 -14.3
4 322 10.8 -0.25 -15.1 11.6 -0.25 -14.9 11.7 -0.25 -14.3 10.6 -0.25 -14.3
4 322 9.8 -0.25 -15 10.8 -0.25 -15.1 10.6 -0.25 -14.3 9.3 -0.25 -14.7
4 322 9.3 -0.25 -14.7 10.6 -0.25 -14.3 10.1 -0.25 -13.9 8.7 -0.25 -14.1
4 322 8.7 -0.25 -13.8 8.7 -0.25 -14.1 10.1 -0.25 -13.9 10.2 -0.25 -13.3
4 322 7.8 -0.25 -13.7 8.7 -0.25 -13.8 10.2 -0.25 -13.3 7.2 -0.25 -13.4
3 322 4.3 -0.25 -13 7.2 -0.25 -13.4 10.2 -0.25 -13.3
4 322 6.4 -0.25 -13.5 7.2 -0.25 -13.4 4.3 -0.25 -13 5.3 -0.25 -13.5
3 322 6.4 -0.25 -13.5 5.3 -0.25 -13.5 6 -0.25 -13.7
3 322 4.3 -0.25 -13 4.1 -0.25 -13.7 5.3 -0.25 -13.5
3 322 4.3 -0.25 -11 4.1 -0.25 -13.7 4.3 -0.25 -13
4 322 3.5 -0.25 -16.9 4.1 -0.25 -13.7 4.3 -0.25 -11 3.6 -0.25 -4.1
3 322 3.6 -0.25 -4.1 4.3 -0.25 -11 4.3 -0.25 -6.6
3 322 3.6 -0.25 -4.1 4.3 -0.25 -6.6 4.3 -0.25 -4.8
4 322 4.1 -0.25 -13.7 3.5 -0.25 -16.9 4 -0.25 -15 4.2 -0.25 -14.1
4 322 4.2 -0.25 -14.1 4 -0.25 -15 4.7 -0.25 -14.7 5.3 -0.25 -13.8
4 322 5.3 -0.25 -13.8 4.7 -0.25 -14.7 5.3 -0.25 -14.7 5.9 -0.25 -14.2
4 322 5.9 -0.25 -14.2 5.3 -0.25 -14.7 5.8 -0.25 -15.1 6.3 -0.25 -15.1
4 322 6.6 -0.25 -13.9 5.9 -0.25 -14.2 6.3 -0.25 -15.1 6.9 -0.25 -14.8
4 322 7.3 -0.25 -13.8 6.6 -0.25 -13.9 6.9 -0.25 -14.8 7.7 -0.25 -14.8
4 322 7.9 -0.25 -14.1 7.3 -0.25 -13.8 7.7 -0.25 -14.8 8.3 -0.25 -15.2
4 322 8.7 -0.25 -14.1 7.9 -0.25 -14.1 8.3 -0.25 -15.2 8.7 -0.25 -14.8
3 322 8.7 -0.25 -14.1 8.7 -0.25 -14.8 9.3 -0.25 -14.7
3 322 4 -0.25 -15 3.5 -0.25 -16.9 4 -0.25 -15.4
4 322 4.8 -0.25 -15.2 4 -0.25 -15.4 3.5 -0.25 -16.9 5.3 -0.25 -15.3
3 322 5.3 -0.25 -15.3 3.5 -0.25 -16.9 6 -0.25 -15.6
4 322 6 -0.25 -15.6 3.5 -0.25 -16.9 8.1 -0.25 -15.7 7 -0.25 -15.3
3 322 7.6 -0.25 -15.2 7 -0.25 -15.3 8.1 -0.25 -15.7
4 322 8.1 -0.25 -15.7 3.5 -0.25 -16.9 19.3 -0.25 -16.8 10.3 -0.25 -15.6
4 322 8.1 -0.25 -15.7 10.3 -0.25 -15.6 9.2 -0.25 -15.2 8.7 -0.25 -15.3
4 322 10.3 -0.25 -15.6 19.3 -0.25 -16.8 12.2 -0.25 -15.5 11.4 -0.25 -15.4
4 191 -9.7 -0.25 4.8 -9.2 -0.25 4.2 -8.6 -0.25 4.2 -8.1 -0.25 4.8
4 191 -9.6 -0.25 2.2 -9.6 -0.25 3.6 -10.2 -0.25 4.3 -10.2 -0.25 1.6
4 191 -7.7 -0.25 2.2 -9.6 -0.25 2.2 -10.2 -0.25 1.6 -7.1 -0.25 1.6
4 191 -7.7 -0.25 2.2 -7.1 -0.25 1.6 -7.1 -0.25 4.8 -7.7 -0.25 4.2
4 322 -8.2 -0.25 -13.4 -8.7 -0.25 -12.8 -9.2 -0.25 -13.3 -8.6 -0.25 -14
4 322 -7.7 -0.25 -14.1 -8.2 -0.25 -13.4 -8.6 -0.25 -14 -7.8 -0.25 -15.1
4 322 -7.7 -0.25 -14.1 -7.8 -0.25 -15.1 -7.3 -0.25 -15 -6.7 -0.25 -13.4
4 322 -7.6 -0.25 -13.4 -7.7 -0.25 -14.1 -6.7 -0.25 -13.4 -7.1 -0.25 -12.8
4 322 -7.1 -0.25 -12.8 -6.7 -0.25 -13.4 -6.1 -0.25 -12.8 -5.9 -0.25 -11.8
3 322 -5.9 -0.25 -11.8 -6.1 -0.25 -12.8 -5.4 -0.25 -12.2
4 191 -8.7 -0.25 -12.8 -8.2 -0.25 -13.4 -7.6 -0.25 -13.4 -7.1 -0.25 -12.8
4 191 -8.6 -0.25 -15.4 -8.6 -0.25 -14 -9.2 -0.25 -13.3 -9.2 -0.25 -16
4 191 -6.7 -0.25 -15.4 -8.6 -0.25 -15.4 -9.2 -0.25 -16 -6.1 -0.25 -16
4 191 -6.7 -0.25 -15.4 -6.1 -0.25 -16 -6.1 -0.25 -12.8 -6.7 -0.25 -13.4
4 191 -10 -0.25 -1.3 -10 -0.25 -4.5 -9.4 -0.25 -3.9 -9.4 -0.25 -1.9
4 191 -7.5 -0.25 -3.9 -9.4 -0.25 -3.9 -10 -0.25 -4.5 -6.9 -0.25 -4.5
4 191 -7.5 -0.25 -3.9 -6.9 -0.25 -4.5 -6.9 -0.25 -1.3 -7.5 -0.25 -1.9
4 191 -9.4 -0.25 -1.9 -7.5 -0.25 -1.9 -6.9 -0.25 -1.3 -10 -0.25 -1.3
4 191 3.7 -0.25 19.4 -3.3 -0.25 20.9 -2.3 -0.25 16 3.7 -0.25 18.8
4 191 3.7 -0.25 18.8 -2.3 -0.25 16 8.4 -0.25 18.2 8.4 -0.25 18.7
4 191 -3.3 -0.25 20.9 3.7 -0.25 19.4 5.12 -0.25 21.22 4.88 -0.25 21.58
3 191 4.8 -0.25 22 -3.3 -0.25 20.9 4.88 -0.25 21.58
3 191 4.88 -0.25 22.42 -3.3 -0.25 20.9 4.8 -0.25 22
3 191 5.12 -0.25 22.78 -3.3 -0.25 20.9 4.88 -0.25 22.42
3 191 5.12 -0.25 21.22 3.7 -0.25 19.4 5.48 -0.25 20.98
4 191 5.9 -0.25 20.9 5.48 -0.25 20.98 3.7 -0.25 19.4 8.6 -0.25 20
3 191 8.6 -0.25 20 3.7 -0.25 19.4 8.5 -0.25 19.4
4 191 5.9 -0.25 20.9 8.6 -0.25 20 7.2 -0.25 20.7 6.32 -0.25 20.98
4 191 6.68 -0.25 21.22 6.32 -0.25 20.98 7.2 -0.25 20.7 7.5 -0.25 21.2
3 191 6.92 -0.25 21.58 6.68 -0.25 21.22 7.5 -0.25 21.2
4 191 7 -0.25 22 6.92 -0.25 21.58 7.5 -0.25 21.2 9.2 -0.25 20.9
3 191 7.5 -0.25 21.2 8.9 -0.25 20.5 9.2 -0.25 20.9
4 191 6.92 -0.25 22.42 7 -0.25 22 9.2 -0.25 20.9 7.3 -0.25 23.1
3 191 7.3 -0.25 23.1 6.68 -0.25 22.78 6.92 -0.25 22.42
3 191 7.3 -0.25 23.1 6.32 -0.25 23.02 6.68 -0.25 22.78
4 191 9.8 -0.25 21.6 9 -0.25 23.4 8 -0.25 23.3 9.5 -0.25 21.4
4 191 10.7 -0.25 23.7 9.6 -0.25 23.5 10.3 -0.25 22 10.9 -0.25 22.1
4 191 12.4 -0.25 23.3 11.4 -0.25 23.9 11.4 -0.25 22.2 12.2 -0.25 22.2
4 191 15.3 -0.25 24.8 11.4 -0.25 23.9 12.4 -0.25 23.3 13 -0.25 23.2
4 191 15.5 -0.25 24 15.3 -0.25 24.8 13 -0.25 23.2 13.6 -0.25 21.7
3 191 13 -0.25 23.2 12.9 -0.25 22 13.6 -0.25 21.7
4 191 15.5 -0.25 21.2 15.6 -0.25 23.4 14.1 -0.25 21.5 14.6 -0.25 20.8
4 191 16.3 -0.25 20.2 15.6 -0.25 23.4 15.5 -0.25 21.2 15.6 -0.25 20.7
4 191 15 -0.25 19.9 16.3 -0.25 20.2 15.6 -0.25 20.7 14.9 -0.25 20.4
4 191 20.8 -0.25 12.6 20.3 -0.25 12.7 20.2 -0.25 12.2 20.9 -0.25 12
4 191 21.1 -0.25 12.3 20.8 -0.25 12.6 20.9 -0.25 12 21.5 -0.25 11.8
4 191 21.5 -0.25 11.8 20.9 -0.25 12 21 -0.25 11.2 21.6 -0.25 11.1
4 191 21.6 -0.25 11.1 21 -0.25 11.2 21 -0.25 10.6 21.5 -0.25 10.5
4 191 21.5 -0.25 10.5 21 -0.25 10.6 20.8 -0.25 10.2 21.3 -0.25 10.1
4 191 20.9 -0.25 9.6 21.3 -0.25 10.1 20.8 -0.25 10.2 20.4 -0.25 9.8
4 191 20.4 -0.25 9.3 20.9 -0.25 9.6 20.4 -0.25 9.8 19.9 -0.25 9.7
4 191 19.8 -0.25 9.2 20.4 -0.25 9.3 19.9 -0.25 9.7 19.3 -0.25 9.8
4 191 19.1 -0.25 9.4 19.8 -0.25 9.2 19.3 -0.25 9.8 19 -0.25 10.1
4 191 18.5 -0.25 9.8 19.1 -0.25 9.4 19 -0.25 10.1 18.8 -0.25 10.6
4 191 18.2 -0.25 10.6 18.5 -0.25 9.8 18.8 -0.25 10.6 18.8 -0.25 10.9
4 191 18.1 -0.25 11.1 18.2 -0.25 10.6 18.8 -0.25 10.9 18.9 -0.25 11.5
4 191 18.9 -0.25 11.5 18.8 -0.25 10.9 20 -0.25 10.8 20.1 -0.25 11.4
4 191 21 -0.25 11.2 20.1 -0.25 11.4 20 -0.25 10.8 21 -0.25 10.6
4 191 18.2 -0.25 11.8 18.1 -0.25 11.1 18.9 -0.25 11.5 19.1 -0.25 12
4 191 18.7 -0.25 12.4 18.2 -0.25 11.8 19.1 -0.25 12 19.6 -0.25 12.3
4 191 19.3 -0.25 12.7 18.7 -0.25 12.4 19.6 -0.25 12.3 19.9 -0.25 12.8
4 191 19.9 -0.25 12.8 19.6 -0.25 12.3 20.2 -0.25 12.2 20.3 -0.25 12.7
4 191 10.2 -0.25 -13.3 10.1 -0.25 -13.9 10.6 -0.25 -14.3 10.8 -0.25 -12.8
4 191 10.8 -0.25 -12.8 10.6 -0.25 -14.3 11.7 -0.25 -14.3 13.4 -0.25 -12.5
3 191 13.4 -0.25 -12.5 11.7 -0.25 -14.3 13.4 -0.25 -13.7
4 191 13.4 -0.25 -13.7 11.7 -0.25 -14.3 14.6 -0.25 -14.5 16.1 -0.25 -13.7
3 191 16.1 -0.25 -13.7 14.6 -0.25 -14.5 16.3 -0.25 -14.9
4 191 16.1 -0.25 -13.7 16.3 -0.25 -14.9 17.6 -0.25 -15.5 18.5 -0.25 -15.5
4 191 16.1 -0.25 -13.7 18.5 -0.25 -15.5 18.5 -0.25 -12.3 16.1 -0.25 -12.3
4 15 -5.6 -0.25 22.3 -23.6 -0.25 21.7 -16.5 -0.25 20 -12.1 -0.25 20.3
4 15 -13.6 -0.25 19.8 -12.1 -0.25 20.3 -16.5 -0.25 20 -15.2 -0.25 19.7
3 15 -13.6 -0.25 19.8 -15.2 -0.25 19.7 -14.4 -0.25 19
4 15 -5.6 -0.25 22.3 -12.1 -0.25 20.3 -10.7 -0.25 20.3 -7.54 -0.25 21.03
3 15 -5.6 -0.25 22.3 -7.54 -0.25 21.03 -7.2 -0.25 21.1
3 15 -5.6 -0.25 22.3 -7.2 -0.25 21.1 -6.86 -0.25 21.03
3 15 -5.6 -0.25 22.3 -6.86 -0.25 21.03 -6.56 -0.25 20.84
3 15 -5.6 -0.25 22.3 -6.56 -0.25 20.84 -6.37 -0.25 20.54
3 15 -5.6 -0.25 22.3 -6.37 -0.25 20.54 -6.3 -0.25 20.2
4 15 -5 -0.25 8.3 -5.6 -0.25 22.3 -6.3 -0.25 20.2 -6.37 -0.25 19.86
4 15 -5 -0.25 8.3 -6.37 -0.25 19.86 -6.56 -0.25 19.56 -6 -0.25 8.6
4 15 -7 -0.25 12 -6 -0.25 8.6 -6.56 -0.25 19.56 -6.86 -0.25 19.37
4 15 -7.3 -0.25 12.5 -7 -0.25 12 -6.86 -0.25 19.37 -7.2 -0.25 19.3
4 15 -8.3 -0.25 17 -7.3 -0.25 12.5 -7.2 -0.25 19.3 -7.54 -0.25 19.37
4 15 -8.8 -0.25 18.4 -8.3 -0.25 17 -7.54 -0.25 19.37 -7.84 -0.25 19.56
4 15 -9.6 -0.25 19.6 -8.8 -0.25 18.4 -7.84 -0.25 19.56 -8.029 -0.25 19.86
4 15 -9.6 -0.25 19.6 -8.029 -0.25 19.86 -8.1 -0.25 20.2 -10.7 -0.25 20.3
3 15 -8.029 -0.25 20.54 -10.7 -0.25 20.3 -8.1 -0.25 20.2
3 15 -7.84 -0.25 20.84 -10.7 -0.25 20.3 -8.029 -0.25 20.54
3 15 -7.54 -0.25 21.03 -10.7 -0.25 20.3 -7.84 -0.25 20.84
3 15 -6 -0.25 8.6 -6 -0.25 7.9 -5 -0.25 8.3
4 15 -5 -0.25 8.3 -6 -0.25 7.9 -6.4 -0.25 5.4 -4.7 -0.25 -8.9
3 15 -5 -0.25 8.3 -4.7 -0.25 -8.9 -3.9 -0.25 -9.2
4 15 -3.9 -0.25 -9.2 -4.7 -0.25 -8.9 -4.7 -0.25 -9.6 -3.2 -0.25 -18.8
4 15 -3.2 -0.25 -18.8 -4.7 -0.25 -9.6 -5.4 -0.25 -12.2 -6.1 -0.25 -16
3 15 -5.4 -0.25 -12.2 -6.1 -0.25 -12.8 -6.1 -0.25 -16
4 15 -3.2 -0.25 -18.8 -6.1 -0.25 -16 -9.2 -0.25 -16 -14 -0.25 -16.5
4 15 -20.9 -0.25 -19 -3.2 -0.25 -18.8 -14 -0.25 -16.5 -14.5 -0.25 -16.5
3 15 -15.9 -0.25 -15.8 -20.9 -0.25 -19 -14.5 -0.25 -16.5
3 15 -15.4 -0.25 -15.2 -15.9 -0.25 -15.8 -14.5 -0.25 -16.5
3 15 -15.2 -0.25 -13.4 -15.4 -0.25 -15.2 -14.5 -0.25 -16.5
3 15 -16.3 -0.25 -15.6 -20.9 -0.25 -19 -15.9 -0.25 -15.8
4 15 -20.9 -0.25 -19 -16.3 -0.25 -15.6 -17.5 -0.25 -15 -19.8 -0.25 -15.1
3 15 -16.9 -0.25 -14 -17.5 -0.25 -15 -16.3 -0.25 -15.6
4 15 -20.9 -0.25 -19 -19.8 -0.25 -15.1 -19.9 -0.25 -14.6 -20.9 -0.25 -10.2
3 15 -21.7 -0.25 -9.8 -20.9 -0.25 -19 -20.9 -0.25 -10.2
3 15 -20.9 -0.25 -9.5 -21.7 -0.25 -9.8 -20.9 -0.25 -10.2
4 15 -20.9 -0.25 -5 -21.7 -0.25 -9.8 -20.9 -0.25 -9.5 -20.3 -0.25 -4.9
4 15 -21.7 -0.25 -9.8 -20.9 -0.25 -5 -20.9 -0.25 -4.1 -21.4 -0.25 2.8
4 15 -21.7 -0.25 -9.8 -21.4 -0.25 2.8 -22.2 -0.25 7.3 -22.8 -0.25 7.6
3 15 -22.2 -0.25 8 -22.8 -0.25 7.6 -22.2 -0.25 7.3
4 15 -22.8 -0.25 7.6 -22.2 -0.25 8 -21.5 -0.25 18.6 -21.84 -0.25 18.67
3 15 -22.14 -0.25 18.86 -22.8 -0.25 7.6 -21.84 -0.25 18.67
3 15 -22.33 -0.25 19.16 -22.8 -0.25 7.6 -22.14 -0.25 18.86
4 15 -22.8 -0.25 7.6 -22.33 -0.25 19.16 -22.4 -0.25 19.5 -23.6 -0.25 21.7
3 15 -23.6 -0.25 21.7 -22.4 -0.25 19.5 -22.33 -0.25 19.84
3 15 -23.6 -0.25 21.7 -22.33 -0.25 19.84 -22.14 -0.25 20.14
3 15 -23.6 -0.25 21.7 -22.14 -0.25 20.14 -21.84 -0.25 20.33
3 15 -23.6 -0.25 21.7 -21.84 -0.25 20.33 -21.5 -0.25 20.4
4 15 -23.6 -0.25 21.7 -21.5 -0.25 20.4 -21.16 -0.25 20.33 -16.5 -0.25 20
4 15 -17.9 -0.25 19.9 -16.5 -0.25 20 -21.16 -0.25 20.33 -20.86 -0.25 20.14
4 15 -18.9 -0.25 19.4 -17.9 -0.25 19.9 -20.86 -0.25 20.14 -20.67 -0.25 19.84
4 15 -18.9 -0.25 19.4 -20.67 -0.25 19.84 -20.6 -0.25 19.5 -19.7 -0.25 18.5
3 15 -20.6 -0.25 19.5 -20.67 -0.25 19.16 -19.7 -0.25 18.5
4 15 -19.7 -0.25 18.5 -20.67 -0.25 19.16 -20.86 -0.25 18.86 -20.2 -0.25 17.4
3 15 -20.86 -0.25 18.86 -21.16 -0.25 18.67 -20.2 -0.25 17.4
4 15 -20.2 -0.25 17.4 -21.16 -0.25 18.67 -21.5 -0.25 18.6 -20.1 -0.25 16
4 15 -20.1 -0.25 16 -21.5 -0.25 18.6 -22.2 -0.25 8 -19.8 -0.25 15
4 15 -19.8 -0.25 15 -22.2 -0.25 8 -19.7 -0.25 13.5 -19.5 -0.25 14.4
4 15 -19 -0.25 15.5 -19.8 -0.25 15 -19.5 -0.25 14.4 -18.3 -0.25 15.6
4 15 -19.2 -0.25 16.5 -19 -0.25 15.5 -18.3 -0.25 15.6 -17.4 -0.25 16.5
4 15 -18.9 -0.25 17.8 -19.2 -0.25 16.5 -17.4 -0.25 16.5 -16.8 -0.25 17.6
4 15 -18.2 -0.25 18.5 -18.9 -0.25 17.8 -16.8 -0.25 17.6 -17.1 -0.25 19
4 15 -17.1 -0.25 19 -16.8 -0.25 17.6 -16.4 -0.25 17.8 -15.8 -0.25 18.8
4 15 -15.8 -0.25 18.8 -16.4 -0.25 17.8 -15.9 -0.25 16.6 -14.4 -0.25 17.8
4 15 -14.4 -0.25 17.8 -15.9 -0.25 16.6 -13.9 -0.25 16.5 -13.1 -0.25 18.8
4 15 -13.1 -0.25 18.8 -13.9 -0.25 16.5 -12.5 -0.25 16 -12 -0.25 19.3
4 15 -10.8 -0.25 19.1 -12 -0.25 19.3 -12.5 -0.25 16 -9.8 -0.25 18.2
4 15 -9.8 -0.25 18.2 -12.5 -0.25 16 -11.2 -0.25 15 -9.4 -0.25 17
4 15 -9.8 -0.25 15.8 -9.4 -0.25 17 -11.2 -0.25 15 -10.5 -0.25 14.6
4 15 -10.5 -0.25 14.6 -11.2 -0.25 15 -10 -0.25 13.4 -9.8 -0.25 13.8
4 15 -9.8 -0.25 13.8 -10 -0.25 13.4 -9.4 -0.25 12.3 -9.2 -0.25 14.5
4 15 -9.2 -0.25 14.5 -9.4 -0.25 12.3 -8.4 -0.25 12.6 -8.7 -0.25 15.7
4 15 -8.7 -0.25 15.7 -8.4 -0.25 12.6 -7.3 -0.25 12.5 -8.3 -0.25 17
4 15 -19.6 -0.25 12.3 -19.7 -0.25 13.5 -22.2 -0.25 8 -20.7 -0.25 8
4 15 -19.6 -0.25 12.3 -20.7 -0.25 8 -19.9 -0.25 8.1 -18.7 -0.25 13
4 15 -18.1 -0.25 12.9 -18.7 -0.25 13 -19.9 -0.25 8.1 -17.8 -0.25 8.1
4 15 -17.4 -0.25 13.7 -18.7 -0.25 13 -18.1 -0.25 12.9 -17.2 -0.25 13.4
4 15 -16.3 -0.25 13.7 -17.4 -0.25 13.7 -17.2 -0.25 13.4 -16.1 -0.25 12.6
4 15 -15.5 -0.25 13.1 -16.3 -0.25 13.7 -16.1 -0.25 12.6 -14.3 -0.25 11.6
4 15 -14.5 -0.25 13 -15.5 -0.25 13.1 -14.3 -0.25 11.6 -12.9 -0.25 12.3
4 15 -14.1 -0.25 13.8 -14.5 -0.25 13 -12.9 -0.25 12.3 -12.6 -0.25 14
4 15 -12.6 -0.25 14 -12.9 -0.25 12.3 -11.6 -0.25 13.3 -11.4 -0.25 13.7
4 15 -11.4 -0.25 13.7 -11.6 -0.25 13.3 -10.7 -0.25 12.7 -10.2 -0.25 12.7
4 15 -10.3 -0.25 11.8 -10.2 -0.25 12.7 -10.7 -0.25 12.7 -11.6 -0.25 11.8
4 15 -10.9 -0.25 11.2 -10.3 -0.25 11.8 -11.6 -0.25 11.8 -13.2 -0.25 10.9
4 15 -11 -0.25 10.2 -10.9 -0.25 11.2 -13.2 -0.25 10.9 -13.8 -0.25 8.4
4 15 -13.8 -0.25 8.4 -13.2 -0.25 10.9 -14.1 -0.25 10.6 -14.6 -0.25 8.3
4 15 -14.6 -0.25 8.3 -14.1 -0.25 10.6 -14.9 -0.25 10.8 -16.8 -0.25 8.2
4 15 -16.8 -0.25 8.2 -14.9 -0.25 10.8 -16.6 -0.25 11.7 -17.8 -0.25 8.1
3 15 -18.1 -0.25 12.9 -17.8 -0.25 8.1 -16.6 -0.25 11.7
3 15 -11 -0.25 10.2 -13.8 -0.25 8.4 -11.4 -0.25 8.4
4 15 -11 -0.25 10.2 -11.4 -0.25 8.4 -10.6 -0.25 8.4 -10.2 -0.25 10.9
4 15 -10.2 -0.25 10.9 -10.6 -0.25 8.4 -8.2 -0.25 8.5 -9.2 -0.25 11.4
4 15 -8 -0.25 11.9 -9.2 -0.25 11.4 -8.2 -0.25 8.5 -7.5 -0.25 8.5
4 15 -7 -0.25 12 -8 -0.25 11.9 -7.5 -0.25 8.5 -6 -0.25 8.6
4 15 -7.5 -0.25 8.5 -8.2 -0.25 8.5 -8.2 -0.25 7.8 -7.5 -0.25 7.8
4 15 -6.9 -0.25 5.8 -7.5 -0.25 7.8 -8.2 -0.25 7.8 -8.1 -0.25 4.8
4 15 -6 -0.25 7.9 -7.5 -0.25 7.8 -6.9 -0.25 5.8 -6.4 -0.25 5.4
4 15 -9.7 -0.25 4.8 -8.1 -0.25 4.8 -8.2 -0.25 7.8 -10.6 -0.25 7.7
4 15 -10.2 -0.25 4.3 -9.7 -0.25 4.8 -10.6 -0.25 7.7 -11.4 -0.25 7.6
4 15 -11.4 -0.25 7.6 -10.6 -0.25 7.7 -10.6 -0.25 8.4 -11.4 -0.25 8.4
4 15 -12.3 -0.25 3.5 -10.2 -0.25 4.3 -11.4 -0.25 7.6 -13.7 -0.25 4.8
3 15 -13.7 -0.25 4.8 -13.6 -0.25 3.9 -12.3 -0.25 3.5
4 15 -13.5 -0.25 2.7 -12.3 -0.25 3.5 -13.6 -0.25 3.9 -14 -0.25 2.9
3 15 -14 -0.25 2.9 -14.3 -0.25 2.1 -13.5 -0.25 2.7
4 15 -13.7 -0.25 4.8 -11.4 -0.25 7.6 -13.8 -0.25 7.6 -14.1 -0.25 4.7
4 15 -14.6 -0.25 7.5 -14.1 -0.25 4.7 -13.8 -0.25 7.6 -13.8 -0.25 8.4
3 15 -13.8 -0.25 8.4 -14.6 -0.25 8.3 -14.6 -0.25 7.5
4 15 -14.1 -0.25 4.7 -14.6 -0.25 7.5 -15.5 -0.25 3.7 -14.4 -0.25 4
3 15 -14.4 -0.25 4 -15.5 -0.25 3.7 -14.7 -0.25 2.9
4 15 -15.5 -0.25 3.7 -14.6 -0.25 7.5 -16.8 -0.25 7.4 -16.9 -0.25 3.8
3 15 -16.9 -0.25 3.8 -16.4 -0.25 3.2 -15.5 -0.25 3.7
3 15 -15.5 -0.25 3.7 -16.4 -0.25 3.2 -16.2 -0.25 2.5
4 15 -16.9 -0.25 3.8 -16.8 -0.25 7.4 -18.8 -0.25 4.7 -18.1 -0.25 3.4
3 15 -16.9 -0.25 3.8 -18.1 -0.25 3.4 -17.2 -0.25 3
4 15 -18.1 -0.25 3.4 -18.8 -0.25 4.7 -19.1 -0.25 3.6 -18.4 -0.25 2.3
4 15 -18.4 -0.25 2.3 -19.1 -0.25 3.6 -19.7 -0.25 2.6 -19.4 -0.25 1.9
4 15 -19.1 -0.25 5.2 -18.8 -0.25 4.7 -16.8 -0.25 7.4 -17.8 -0.25 7.4
4 15 -17.8 -0.25 7.4 -16.8 -0.25 7.4 -16.8 -0.25 8.2 -17.8 -0.25 8.1
4 15 -19.5 -0.25 5.2 -19.1 -0.25 5.2 -17.8 -0.25 7.4 -19.9 -0.25 7.4
4 15 -20.7 -0.25 7.3 -19.5 -0.25 5.2 -19.9 -0.25 7.4 -20.7 -0.25 8
3 15 -19.9 -0.25 8.1 -20.7 -0.25 8 -19.9 -0.25 7.4
4 15 -19.5 -0.25 5.2 -20.7 -0.25 7.3 -22.2 -0.25 7.3 -19.8 -0.25 4.7
4 15 -19.8 -0.25 4.7 -22.2 -0.25 7.3 -20.9 -0.25 3.2 -20 -0.25 3.4
3 15 -22.2 -0.25 7.3 -21.4 -0.25 2.8 -20.9 -0.25 3.2
4 15 -10.2 -0.25 4.3 -12.3 -0.25 3.5 -11.9 -0.25 3 -10.2 -0.25 1.6
4 15 -10.2 -0.25 1.6 -11.9 -0.25 3 -12.2 -0.25 2.6 -10 -0.25 -1.3
4 15 -10 -0.25 -1.3 -12.2 -0.25 2.6 -12.8 -0.25 2.1 -14.2 -0.25 0.9
4 15 -10 -0.25 -1.3 -14.2 -0.25 0.9 -14.4 -0.25 -0.5 -11.6 -0.25 -3.4
4 15 -12.7 -0.25 -3.5 -11.6 -0.25 -3.4 -14.4 -0.25 -0.5 -13.9 -0.25 -3.3
3 15 -13.9 -0.25 -3.3 -13.4 -0.25 -4 -12.7 -0.25 -3.5
4 15 -13.9 -0.25 -3.3 -14.4 -0.25 -0.5 -14.6 -0.25 -2.6 -14.6 -0.25 -3.7
4 15 -15.1 -0.25 -2.5 -14.6 -0.25 -2.6 -14.4 -0.25 -0.5 -14.8 -0.25 -0.4
4 15 -15.1 -0.25 -2.5 -14.8 -0.25 -0.4 -16.8 -0.25 -1.2 -15.4 -0.25 -3.1
3 15 -16.8 -0.25 -1.2 -16.6 -0.25 -3.4 -15.4 -0.25 -3.1
4 15 -16 -0.25 1.5 -16.8 -0.25 -1.2 -14.8 -0.25 -0.4 -15.1 -0.25 2
3 15 -15.5 -0.25 2.6 -16 -0.25 1.5 -15.1 -0.25 2
4 15 -16.8 -0.25 -1.2 -16 -0.25 1.5 -16.4 -0.25 1.6 -17.2 -0.25 -1.1
4 15 -17.8 -0.25 -0.7 -17.2 -0.25 -1.1 -16.4 -0.25 1.6 -17.3 -0.25 2
3 15 -17.8 -0.25 -0.7 -17.6 -0.25 -2.6 -17.2 -0.25 -1.1
3 15 -16.8 -0.25 2.4 -17.3 -0.25 2 -16.4 -0.25 1.6
4 15 -17.8 -0.25 -0.7 -17.3 -0.25 2 -17.6 -0.25 2.3 -17.9 -0.25 1.9
4 15 -18.2 -0.25 -0.8 -17.8 -0.25 -0.7 -17.9 -0.25 1.9 -18.5 -0.25 1
4 15 -18.2 -0.25 -0.8 -18.5 -0.25 1 -19.4 -0.25 -2.9 -18.2 -0.25 -3.3
4 15 -18.8 -0.25 -4 -18.2 -0.25 -3.3 -19.4 -0.25 -2.9 -19.5 -0.25 -3.9
4 15 -19.7 -0.25 -2.9 -19.4 -0.25 -2.9 -18.5 -0.25 1 -19.3 -0.25 0.9
4 15 -20.2 -0.25 -3.7 -19.7 -0.25 -2.9 -19.3 -0.25 0.9 -20 -0.25 1.5
4 15 -20.9 -0.25 -4.1 -20.2 -0.25 -3.7 -20 -0.25 1.5 -21.1 -0.25 2.4
3 15 -21.1 -0.25 2.4 -20 -0.25 1.5 -20.2 -0.25 2.3
3 15 -21.4 -0.25 2.8 -20.9 -0.25 -4.1 -21.1 -0.25 2.4
4 15 -10 -0.25 -1.3 -11.6 -0.25 -3.4 -11.5 -0.25 -4.2 -10 -0.25 -4.5
4 15 -12.5 -0.25 -9.1 -10 -0.25 -4.5 -11.5 -0.25 -4.2 -12.7 -0.25 -4.3
4 15 -13.3 -0.25 -9.2 -12.5 -0.25 -9.1 -12.7 -0.25 -4.3 -13.3 -0.25 -4.8
4 15 -15.5 -0.25 -9.3 -13.3 -0.25 -9.2 -13.3 -0.25 -4.8 -14.7 -0.25 -5
4 15 -16.5 -0.25 -5.6 -15.5 -0.25 -9.3 -14.7 -0.25 -5 -15.3 -0.25 -4.9
4 15 -16.4 -0.25 -4.1 -16.5 -0.25 -5.6 -15.3 -0.25 -4.9 -15.6 -0.25 -4
4 15 -16.5 -0.25 -9.4 -15.5 -0.25 -9.3 -16.5 -0.25 -5.6 -16.9 -0.25 -5.7
4 15 -18.6 -0.25 -9.4 -16.5 -0.25 -9.4 -16.9 -0.25 -5.7 -17.2 -0.25 -5.1
4 15 -18.2 -0.25 -4.5 -18.6 -0.25 -9.4 -17.2 -0.25 -5.1 -17.3 -0.25 -3.4
4 15 -18.6 -0.25 -9.4 -18.2 -0.25 -4.5 -19.2 -0.25 -4.8 -19.4 -0.25 -9.5
4 15 -19.4 -0.25 -9.5 -19.2 -0.25 -4.8 -19.8 -0.25 -4.5 -20.3 -0.25 -4.9
3 15 -20.3 -0.25 -4.9 -20.9 -0.25 -9.5 -19.4 -0.25 -9.5
4 15 -18.6 -0.25 -10.1 -18.6 -0.25 -9.4 -19.4 -0.25 -9.5 -19.4 -0.25 -10.2
4 15 -17.9 -0.25 -14.4 -18.6 -0.25 -10.1 -19.4 -0.25 -10.2 -19.9 -0.25 -14.6
3 15 -19.4 -0.25 -10.2 -20.9 -0.25 -10.2 -19.9 -0.25 -14.6
4 15 -18.6 -0.25 -10.1 -17.9 -0.25 -14.4 -17.1 -0.25 -12.7 -16.5 -0.25 -10.1
4 15 -16.5 -0.25 -10.1 -17.1 -0.25 -12.7 -16.5 -0.25 -12.7 -15.5 -0.25 -11.6
3 15 -15.5 -0.25 -11.6 -16.5 -0.25 -12.7 -15.9 -0.25 -14.2
4 15 -16.5 -0.25 -10.1 -15.5 -0.25 -11.6 -15.5 -0.25 -10.1 -16.5 -0.25 -9.4
3 15 -15.5 -0.25 -9.3 -16.5 -0.25 -9.4 -15.5 -0.25 -10.1
3 15 -15.5 -0.25 -10.1 -15.5 -0.25 -11.6 -15.1 -0.25 -11.2
4 15 -13.3 -0.25 -10 -15.5 -0.25 -10.1 -15.1 -0.25 -11.2 -14.6 -0.25 -11.6
4 15 -13.3 -0.25 -10 -14.6 -0.25 -11.6 -12.5 -0.25 -9.9 -12.5 -0.25 -9.1
3 15 -12.5 -0.25 -9.1 -13.3 -0.25 -9.2 -13.3 -0.25 -10
4 15 -13.6 -0.25 -13.8 -12.5 -0.25 -9.9 -14.6 -0.25 -11.6 -14.2 -0.25 -15
4 15 -12.5 -0.25 -9.9 -13.6 -0.25 -13.8 -11.4 -0.25 -13.7 -10.1 -0.25 -9.9
4 15 -9.2 -0.25 -13.3 -10.1 -0.25 -9.9 -11.4 -0.25 -13.7 -11.5 -0.25 -14.4
4 15 -9.2 -0.25 -16 -9.2 -0.25 -13.3 -11.5 -0.25 -14.4 -14 -0.25 -16.5
3 15 -11.5 -0.25 -14.4 -13.2 -0.25 -14.4 -14 -0.25 -16.5
4 15 -10.1 -0.25 -9.9 -9.2 -0.25 -13.3 -8.7 -0.25 -12.8 -9.3 -0.25 -9.8
4 15 -6.9 -0.25 -9.7 -9.3 -0.25 -9.8 -8.7 -0.25 -12.8 -7.1 -0.25 -12.8
4 15 -6.9 -0.25 -9.7 -7.1 -0.25 -12.8 -5.9 -0.25 -11.8 -6.2 -0.25 -9.7
4 15 -4.7 -0.25 -9.6 -6.2 -0.25 -9.7 -5.9 -0.25 -11.8 -5.4 -0.25 -12.2
3 15 -7.6 -0.25 -13.4 -8.2 -0.25 -13.4 -7.7 -0.25 -14.1
3 15 -6.7 -0.25 -13.4 -7.3 -0.25 -15 -6.7 -0.25 -15.4
4 15 -6.7 -0.25 -15.4 -7.3 -0.25 -15 -7.8 -0.25 -15.1 -8.6 -0.25 -15.4
3 15 -8.6 -0.25 -14 -8.6 -0.25 -15.4 -7.8 -0.25 -15.1
4 15 -6.9 -0.25 -9.7 -6.2 -0.25 -9.7 -6.2 -0.25 -9 -6.9 -0.25 -9
4 15 -6.9 -0.25 -9 -6.2 -0.25 -9 -6.9 -0.25 -4.5 -10 -0.25 -4.5
4 15 -9.3 -0.25 -9.1 -6.9 -0.25 -9 -10 -0.25 -4.5 -10.1 -0.25 -9.1
4 15 -9.3 -0.25 -9.1 -10.1 -0.25 -9.1 -10.1 -0.25 -9.9 -9.3 -0.25 -9.8
3 15 -10 -0.25 -4.5 -12.5 -0.25 -9.1 -10.1 -0.25 -9.1
4 15 -6.9 -0.25 -4.5 -6.2 -0.25 -9 -4.7 -0.25 -8.9 -6.9 -0.25 -1.3
4 15 -6.9 -0.25 -1.3 -4.7 -0.25 -8.9 -6.4 -0.25 5.4 -7.1 -0.25 1.6
3 15 -6.4 -0.25 5.4 -7.1 -0.25 4.8 -7.1 -0.25 1.6
4 15 -6.9 -0.25 -1.3 -7.1 -0.25 1.6 -10.2 -0.25 1.6 -10 -0.25 -1.3
4 15 -7.5 -0.25 -1.9 -9.4 -0.25 -1.9 -9.4 -0.25 -3.9 -7.5 -0.25 -3.9
3 15 -8.6 -0.25 4.2 -9.2 -0.25 4.2 -8.7 -0.25 3.5
3 15 -7.7 -0.25 4.2 -8.3 -0.25 2.6 -7.7 -0.25 2.2
4 15 -7.7 -0.25 2.2 -8.3 -0.25 2.6 -8.8 -0.25 2.5 -9.6 -0.25 2.2
3 15 -9.6 -0.25 3.6 -9.6 -0.25 2.2 -8.8 -0.25 2.5
4 15 -23.9 -0.25 20.2 -25 -0.25 20 -24.6 -0.25 -20.9 -21.5 -0.25 -19.5
4 15 -21.5 -0.25 -19.5 -24.6 -0.25 -20.9 -6 -0.25 -20.7 -6 -0.25 -19.3
4 15 -4.3 -0.25 21.2 -3.3 -0.25 20.9 5.12 -0.25 22.78 5.48 -0.25 23.02
4 15 5.6 -0.25 23.4 -4.3 -0.25 21.2 5.48 -0.25 23.02 5.9 -0.25 23.1
4 15 15.9 -0.25 25.5 5.6 -0.25 23.4 5.9 -0.25 23.1 8 -0.25 23.3
4 15 7.3 -0.25 23.1 8 -0.25 23.3 5.9 -0.25 23.1 6.32 -0.25 23.02
4 15 15.9 -0.25 25.5 8 -0.25 23.3 9 -0.25 23.4 9.6 -0.25 23.5
4 15 11.4 -0.25 23.9 15.9 -0.25 25.5 9.6 -0.25 23.5 10.7 -0.25 23.7
3 15 15.9 -0.25 25.5 11.4 -0.25 23.9 15.3 -0.25 24.8
3 15 15.9 -0.25 25.5 15.3 -0.25 24.8 15.5 -0.25 24
4 15 15.9 -0.25 25.5 15.5 -0.25 24 15.6 -0.25 23.4 16.3 -0.25 20.2
4 15 17.9 -0.25 15.5 15.9 -0.25 25.5 16.3 -0.25 20.2 16.4 -0.25 19.7
4 15 16.4 -0.25 19.7 16.3 -0.25 20.2 15 -0.25 19.9 8.4 -0.25 18.2
4 15 8.4 -0.25 18.7 8.4 -0.25 18.2 15 -0.25 19.9 14.9 -0.25 20.4
4 15 8.5 -0.25 19.4 8.4 -0.25 18.7 14.9 -0.25 20.4 14.6 -0.25 20.8
4 15 3.7 -0.25 18.8 8.4 -0.25 18.7 8.5 -0.25 19.4 3.7 -0.25 19.4
4 15 14.6 -0.25 20.8 14.9 -0.25 20.4 15.6 -0.25 20.7 15.5 -0.25 21.2
3 15 16.4 -0.25 19.7 17.1 -0.25 15.7 17.9 -0.25 15.5
4 15 17.9 -0.25 15.5 17.1 -0.25 15.7 17.1 -0.25 15.1 17.9 -0.25 12.4
4 15 17.9 -0.25 15.5 17.9 -0.25 12.4 18.7 -0.25 12.4 19.3 -0.25 12.7
4 15 17.9 -0.25 15.5 19.3 -0.25 12.7 19.9 -0.25 12.8 20.6 -0.25 14.7
3 15 20.6 -0.25 14.7 19.9 -0.25 12.8 20.3 -0.25 12.7
4 15 25.1 -0.25 15.1 17.9 -0.25 15.5 20.6 -0.25 14.7 23.9 -0.25 14.3
4 15 25.1 -0.25 15.1 23.9 -0.25 14.3 23.3 -0.25 10 23.3 -0.25 -0.7
4 15 23.3 -0.25 -0.7 23.3 -0.25 10 22.7 -0.25 8.2 22.5 -0.25 7
3 15 22.5 -0.25 7 22.4 -0.25 6.2 23.3 -0.25 -0.7
4 15 23.3 -0.25 -0.7 22.4 -0.25 6.2 22.2 -0.25 5.1 22.1 -0.25 4.3
3 15 22.1 -0.25 4.3 21.9 -0.25 3.3 23.3 -0.25 -0.7
4 15 23.3 -0.25 -0.7 21.9 -0.25 3.3 18.2 -0.25 3.8 12.5 -0.25 3.5
4 15 23.3 -0.25 -0.7 12.5 -0.25 3.5 12.1 -0.25 3.5 8.8 -0.25 3
3 15 12.1 -0.25 3.5 9.7 -0.25 3.3 8.8 -0.25 3
4 15 10.4 -0.25 3.6 9.7 -0.25 3.3 12.1 -0.25 3.5 11.7 -0.25 3.8
3 15 10 -0.25 4 9.7 -0.25 3.3 10.4 -0.25 3.6
3 15 9.7 -0.25 3.3 9.3 -0.25 3.3 8.8 -0.25 3
3 15 9.2 -0.25 3.8 8.8 -0.25 3 9.3 -0.25 3.3
3 15 8.8 -0.25 3 8.2 -0.25 3 23.3 -0.25 -0.7
4 15 23.3 -0.25 -0.7 8.2 -0.25 3 7.1 -0.25 3.1 6.7 -0.25 3.1
4 15 7.5 -0.25 3.6 7.1 -0.25 3.1 8.2 -0.25 3 8.1 -0.25 3.8
4 15 23.3 -0.25 -0.7 6.7 -0.25 3.1 4.5 -0.25 2.7 4.2 -0.25 2.6
3 15 4.2 -0.25 2.6 0 -0.25 1.6 23.3 -0.25 -0.7
3 15 3.9 -0.25 2.7 0 -0.25 1.6 4.2 -0.25 2.6
3 15 3.2 -0.25 3.2 0 -0.25 1.6 3.9 -0.25 2.7
3 15 2.7 -0.25 3.9 0 -0.25 1.6 3.2 -0.25 3.2
3 15 2.5 -0.25 4.5 0 -0.25 1.6 2.7 -0.25 3.9
4 15 0 -0.25 1.6 2.5 -0.25 4.5 1.8 -0.25 7.1 0.6 -0.25 8.3
3 15 0.6 -0.25 8.3 1.8 -0.25 7.1 1.8 -0.25 7.6
4 15 0.6 -0.25 8.3 1.8 -0.25 7.6 2.4 -0.25 7.5 2.8 -0.25 8.3
4 15 0.6 -0.25 8.3 2.8 -0.25 8.3 5.5 -0.25 9.5 -0.9 -0.25 8.7
4 15 -0.9 -0.25 8.7 5.5 -0.25 9.5 6.9 -0.25 9.8 8 -0.25 10.1
3 15 8 -0.25 10.1 6.9 -0.25 9.8 7.5 -0.25 9.9
3 15 9.2 -0.25 10.4 -0.9 -0.25 8.7 8 -0.25 10.1
3 15 9.2 -0.25 10.4 8 -0.25 10.1 8.6 -0.25 9.9
3 15 17.9 -0.25 12.4 -0.9 -0.25 8.7 9.2 -0.25 10.4
3 15 17.9 -0.25 12.4 9.2 -0.25 10.4 9.7 -0.25 10.4
4 15 17.9 -0.25 12.4 9.7 -0.25 10.4 11.1 -0.25 10.3 18.2 -0.25 11.8
3 15 9.7 -0.25 10.4 10.5 -0.25 10.1 11.1 -0.25 10.3
3 15 9.7 -0.25 10.4 10.1 -0.25 9.9 10.5 -0.25 10.1
3 15 18.7 -0.25 12.4 17.9 -0.25 12.4 18.2 -0.25 11.8
4 15 18.2 -0.25 11.8 11.1 -0.25 10.3 11.1 -0.25 9.9 14.9 -0.25 9.2
3 15 18.2 -0.25 11.8 14.9 -0.25 9.2 18.1 -0.25 11.1
3 15 18.1 -0.25 11.1 14.9 -0.25 9.2 18.2 -0.25 10.6
3 15 18.2 -0.25 10.6 14.9 -0.25 9.2 18.5 -0.25 9.8
3 15 18.5 -0.25 9.8 14.9 -0.25 9.2 19.1 -0.25 9.4
4 15 19.8 -0.25 9.2 19.1 -0.25 9.4 14.9 -0.25 9.2 22.7 -0.25 8.2
3 15 20.4 -0.25 9.3 19.8 -0.25 9.2 22.7 -0.25 8.2
4 15 20.9 -0.25 9.6 20.4 -0.25 9.3 22.7 -0.25 8.2 23.3 -0.25 10
3 15 21.3 -0.25 10.1 20.9 -0.25 9.6 23.3 -0.25 10
4 15 20.4 -0.25 9.8 20.8 -0.25 10.2 19.9 -0.25 10.3 19.9 -0.25 9.7
4 15 19.3 -0.25 9.8 19.9 -0.25 9.7 19.9 -0.25 10.3 19 -0.25 10.1
4 15 19 -0.25 10.1 19.9 -0.25 10.3 20 -0.25 10.8 18.8 -0.25 10.6
3 15 18.8 -0.25 10.9 18.8 -0.25 10.6 20 -0.25 10.8
4 15 19.1 -0.25 12 18.9 -0.25 11.5 20.1 -0.25 11.4 20.2 -0.25 12.2
3 15 19.6 -0.25 12.3 19.1 -0.25 12 20.2 -0.25 12.2
4 15 14.9 -0.25 9.2 11.1 -0.25 9.9 11.7 -0.25 8.6 12.7 -0.25 8
3 15 11.7 -0.25 8.6 12 -0.25 7.9 12.7 -0.25 8
4 15 14.7 -0.25 8 14.9 -0.25 9.2 12.7 -0.25 8 12.6 -0.25 7.5
4 15 14.7 -0.25 8 12.6 -0.25 7.5 14.6 -0.25 7.2 22.5 -0.25 7
3 15 14.6 -0.25 7.2 22.4 -0.25 6.2 22.5 -0.25 7
4 15 11.2 -0.25 8.6 11.7 -0.25 8.6 11.1 -0.25 9.9 10.5 -0.25 9.4
4 15 10.7 -0.25 7.9 11.2 -0.25 8.6 10.5 -0.25 9.4 9.9 -0.25 7.6
4 15 9.5 -0.25 8.4 9.9 -0.25 7.6 10.5 -0.25 9.4 9.8 -0.25 9.4
4 15 9 -0.25 8.4 9.5 -0.25 8.4 9.8 -0.25 9.4 9.4 -0.25 9.7
4 15 9 -0.25 8.4 9.4 -0.25 9.7 9.1 -0.25 9.5 8 -0.25 8.4
3 15 9 -0.25 8.4 8 -0.25 8.4 8.3 -0.25 7.7
4 15 7.5 -0.25 8.4 8 -0.25 8.4 9.1 -0.25 9.5 6.7 -0.25 9.4
4 15 7.5 -0.25 8.4 6.7 -0.25 9.4 6.5 -0.25 8.1 6.7 -0.25 7.6
3 15 7.5 -0.25 8.4 6.7 -0.25 7.6 7.3 -0.25 7.6
4 15 6.1 -0.25 8.1 6.5 -0.25 8.1 6.7 -0.25 9.4 5.5 -0.25 9.1
4 15 6.1 -0.25 8.1 5.5 -0.25 9.1 5.3 -0.25 7.7 5.9 -0.25 7.3
4 15 4.6 -0.25 7.4 5.3 -0.25 7.7 5.5 -0.25 9.1 3.4 -0.25 8.3
3 15 3.4 -0.25 8.3 3.8 -0.25 7.3 4.6 -0.25 7.4
4 15 3.4 -0.25 8.3 5.5 -0.25 9.1 5.5 -0.25 9.5 2.8 -0.25 8.3
4 15 14.4 -0.25 6.1 14.6 -0.25 7.2 12.6 -0.25 7.5 12 -0.25 7.2
3 15 12 -0.25 7.2 12.1 -0.25 4.8 14.4 -0.25 6.1
4 15 14.4 -0.25 6.1 12.1 -0.25 4.8 18.4 -0.25 4.8 22.2 -0.25 5.1
3 15 22.2 -0.25 5.1 18.4 -0.25 4.8 22.1 -0.25 4.3
4 15 18.4 -0.25 4.8 12.1 -0.25 4.8 12.3 -0.25 4 18.2 -0.25 3.8
3 15 12.3 -0.25 4 12.5 -0.25 3.5 18.2 -0.25 3.8
4 15 11.6 -0.25 4.4 12.1 -0.25 4.8 12 -0.25 7.2 11.4 -0.25 7.8
4 15 10.5 -0.25 4.2 11.6 -0.25 4.4 11.4 -0.25 7.8 10.8 -0.25 7.3
4 15 10.5 -0.25 4.2 10.8 -0.25 7.3 10.3 -0.25 6.3 10 -0.25 4.5
4 15 10 -0.25 4.5 10.3 -0.25 6.3 9.8 -0.25 5.9 9.4 -0.25 4.1
4 15 9.4 -0.25 4.1 9.8 -0.25 5.9 9.3 -0.25 6 8.9 -0.25 5.4
3 15 8.9 -0.25 5.4 8.9 -0.25 4.3 9.4 -0.25 4.1
4 15 8.5 -0.25 5.7 8.9 -0.25 5.4 9.3 -0.25 6 9.3 -0.25 6.4
4 15 8.9 -0.25 7 8.5 -0.25 5.7 9.3 -0.25 6.4 9.5 -0.25 7.1
3 15 9.1 -0.25 7.5 8.9 -0.25 7 9.5 -0.25 7.1
4 15 8.5 -0.25 5.7 8.9 -0.25 7 8.3 -0.25 7 7.4 -0.25 5.1
4 15 8.1 -0.25 4.8 8.5 -0.25 5.7 7.4 -0.25 5.1 7.7 -0.25 4.5
4 15 7.4 -0.25 5.1 8.3 -0.25 7 7.7 -0.25 7.4 7.1 -0.25 7
4 15 6.9 -0.25 5.4 7.4 -0.25 5.1 7.1 -0.25 7 6.3 -0.25 7.1
4 15 6.9 -0.25 5.4 6.3 -0.25 7.1 6.1 -0.25 6.3 6.4 -0.25 5.1
4 15 6.4 -0.25 5.1 6.1 -0.25 6.3 5.7 -0.25 5 6.2 -0.25 4.3
4 15 6.2 -0.25 4.3 5.7 -0.25 5 5.7 -0.25 4.2 6.3 -0.25 3.4
3 15 5.7 -0.25 4.2 5.2 -0.25 3.4 6.3 -0.25 3.4
4 15 6.7 -0.25 3.1 6.3 -0.25 3.4 5.2 -0.25 3.4 4.5 -0.25 2.7
4 15 7.2 -0.25 4.1 6.9 -0.25 4.7 6.7 -0.25 4 6.9 -0.25 3.7
4 15 5.7 -0.25 5 6.1 -0.25 6.3 5.7 -0.25 6.3 5.3 -0.25 5.4
4 15 5.3 -0.25 5.4 5.7 -0.25 6.3 5.3 -0.25 6.9 4.8 -0.25 5.4
4 15 4.8 -0.25 5.4 5.3 -0.25 6.9 4.3 -0.25 6.8 4.4 -0.25 5.2
4 15 4.1 -0.25 4.9 4.4 -0.25 5.2 4.3 -0.25 6.8 3.7 -0.25 5.2
4 15 3.7 -0.25 5.2 4.3 -0.25 6.8 3.5 -0.25 6.9 3.3 -0.25 5.3
4 15 3.3 -0.25 5.3 3.5 -0.25 6.9 3 -0.25 7.2 2.8 -0.25 5.2
4 15 2.8 -0.25 5.2 3 -0.25 7.2 2.5 -0.25 6.7 2.5 -0.25 4.5
3 15 1.8 -0.25 7.1 2.5 -0.25 4.5 2.5 -0.25 6.7
3 15 -0.9 -0.25 8.7 -1.6 -0.25 7.9 0.6 -0.25 8.3
3 15 -1.1 -0.25 9.7 -1.6 -0.25 7.9 -0.9 -0.25 8.7
4 15 -1.6 -0.25 7.9 -1.1 -0.25 9.7 -1.1 -0.25 10.2 -2.3 -0.25 16
4 15 -1.1 -0.25 10.2 -1.1 -0.25 9.7 -0.2 -0.25 10.1 -0.3 -0.25 10.7
4 15 0.6 -0.25 10.8 -0.3 -0.25 10.7 -0.2 -0.25 10.1 0.8 -0.25 10.2
4 15 1.3 -0.25 10.7 0.6 -0.25 10.8 0.8 -0.25 10.2 1.5 -0.25 10.1
4 15 1.3 -0.25 10.7 1.5 -0.25 10.1 2.2 -0.25 10.6 1.9 -0.25 11.1
4 15 2.4 -0.25 11.2 1.9 -0.25 11.1 2.2 -0.25 10.6 3 -0.25 10.9
4 15 3 -0.25 10.9 2.2 -0.25 10.6 3 -0.25 10.5 3.7 -0.25 10.7
4 15 3.7 -0.25 11.3 3 -0.25 10.9 3.7 -0.25 10.7 4.2 -0.25 11.1
3 15 4.2 -0.25 11.1 3.7 -0.25 10.7 4.3 -0.25 10.7
4 15 -4.3 -0.25 21.2 -1.6 -0.25 7.9 -2.3 -0.25 16 -3.3 -0.25 20.9
4 15 0.4 -0.25 14 -0.1 -0.25 13.7 0 -0.25 13.2 0.9 -0.25 13.8
4 15 1.4 -0.25 14.4 0.4 -0.25 14 0.9 -0.25 13.8 2 -0.25 13.8
4 15 2.1 -0.25 14.2 1.4 -0.25 14.4 2 -0.25 13.8 2.5 -0.25 13.9
4 15 2.6 -0.25 14.6 2.1 -0.25 14.2 2.5 -0.25 13.9 3.3 -0.25 14.2
4 15 3.2 -0.25 14.8 2.6 -0.25 14.6 3.3 -0.25 14.2 4 -0.25 14.4
4 15 4 -0.25 14.4 3.3 -0.25 14.2 3.9 -0.25 13.9 4.7 -0.25 14.3
4 15 4.6 -0.25 14.8 4 -0.25 14.4 4.7 -0.25 14.3 5.4 -0.25 15.1
4 15 5.4 -0.25 15.1 4.7 -0.25 14.3 5.6 -0.25 14.5 6.2 -0.25 14.9
4 15 6.2 -0.25 14.9 5.6 -0.25 14.5 6.7 -0.25 14.5 7.1 -0.25 15
4 15 6.8 -0.25 15.4 6.2 -0.25 14.9 7.1 -0.25 15 7.5 -0.25 15.5
3 15 7.5 -0.25 15.5 7.1 -0.25 15 7.6 -0.25 15
4 15 5.5 -0.25 16.2 5.6 -0.25 15.9 6.3 -0.25 16.1 6.7 -0.25 16.9
4 15 6.7 -0.25 16.9 6.3 -0.25 16.1 7.1 -0.25 16.4 7.7 -0.25 16.8
4 15 7.7 -0.25 16.8 7.1 -0.25 16.4 8 -0.25 16.4 8.5 -0.25 17.2
3 15 8.5 -0.25 17.2 8 -0.25 16.4 8.7 -0.25 16.8
4 15 10.2 -0.25 17.3 8.5 -0.25 17.2 8.7 -0.25 16.8 10.2 -0.25 16.8
4 15 10.2 -0.25 17.3 10.2 -0.25 16.8 10.7 -0.25 17.2 10.6 -0.25 17.5
4 15 8.8 -0.25 13.8 8.1 -0.25 13.7 8.2 -0.25 13.3 9.2 -0.25 13.5
4 15 9.6 -0.25 14.3 8.8 -0.25 13.8 9.2 -0.25 13.5 10 -0.25 13.8
4 15 10.3 -0.25 14.4 9.6 -0.25 14.3 10 -0.25 13.8 11 -0.25 14.2
4 15 11 -0.25 14.2 10 -0.25 13.8 11.1 -0.25 13.6 11.7 -0.25 14.1
4 15 11.6 -0.25 14.6 11 -0.25 14.2 11.7 -0.25 14.1 12.2 -0.25 14.8
4 15 12.2 -0.25 14.8 11.7 -0.25 14.1 12.4 -0.25 14.3 13.1 -0.25 14.6
4 15 13.1 -0.25 14.6 12.4 -0.25 14.3 13.2 -0.25 14.1 14 -0.25 14.4
4 15 13.9 -0.25 15 13.1 -0.25 14.6 14 -0.25 14.4 14.7 -0.25 14.6
4 15 14.7 -0.25 15.2 13.9 -0.25 15 14.7 -0.25 14.6 15.6 -0.25 14.9
4 15 15.6 -0.25 14.9 14.7 -0.25 14.6 15.7 -0.25 14.4 16.5 -0.25 14.9
4 15 16.3 -0.25 15.4 15.6 -0.25 14.9 16.5 -0.25 14.9 17.1 -0.25 15.1
3 15 17.1 -0.25 15.7 16.3 -0.25 15.4 17.1 -0.25 15.1
4 15 8.6 -0.25 20 8.5 -0.25 19.4 14.6 -0.25 20.8 14.1 -0.25 21.5
4 15 8.9 -0.25 20.5 8.6 -0.25 20 14.1 -0.25 21.5 13.6 -0.25 21.7
4 15 7.2 -0.25 20.7 8.6 -0.25 20 8.9 -0.25 20.5 7.5 -0.25 21.2
4 15 13.6 -0.25 21.7 14.1 -0.25 21.5 15.6 -0.25 23.4 15.5 -0.25 24
4 15 9.2 -0.25 20.9 8.9 -0.25 20.5 13.6 -0.25 21.7 12.9 -0.25 22
4 15 9.5 -0.25 21.4 9.2 -0.25 20.9 12.9 -0.25 22 12.2 -0.25 22.2
4 15 7.3 -0.25 23.1 9.2 -0.25 20.9 9.5 -0.25 21.4 8 -0.25 23.3
4 15 12.2 -0.25 22.2 12.9 -0.25 22 13 -0.25 23.2 12.4 -0.25 23.3
4 15 9.8 -0.25 21.6 9.5 -0.25 21.4 12.2 -0.25 22.2 11.4 -0.25 22.2
3 15 11.4 -0.25 22.2 10.9 -0.25 22.1 9.8 -0.25 21.6
4 15 10.9 -0.25 22.1 11.4 -0.25 22.2 11.4 -0.25 23.9 10.7 -0.25 23.7
3 15 10.9 -0.25 22.1 10.3 -0.25 22 9.8 -0.25 21.6
4 15 9 -0.25 23.4 9.8 -0.25 21.6 10.3 -0.25 22 9.6 -0.25 23.5
4 15 2.8 -0.25 -3.3 3.6 -0.25 -4.1 10.4 -0.25 -4.1 11.11 -0.25 -4.01
3 15 2.8 -0.25 -3.3 11.11 -0.25 -4.01 11.33 -0.25 -3.85
3 15 2.8 -0.25 -3.3 11.33 -0.25 -3.85 11.6 -0.25 -3.8
3 15 20.2 -0.25 -3.3 2.8 -0.25 -3.3 11.6 -0.25 -3.8
3 15 20.2 -0.25 -3.3 11.6 -0.25 -3.8 11.87 -0.25 -3.85
4 15 20.2 -0.25 -3.3 11.87 -0.25 -3.85 12.09 -0.25 -4.01 12.7 -0.25 -4.1
3 15 12.09 -0.25 -4.01 12.25 -0.25 -4.23 12.7 -0.25 -4.1
4 15 12.7 -0.25 -4.1 12.25 -0.25 -4.23 12.3 -0.25 -4.5 12.6 -0.25 -4.8
4 15 12.6 -0.25 -4.8 12.3 -0.25 -4.5 12.25 -0.25 -4.77 12.3 -0.25 -5.3
3 15 12.25 -0.25 -4.77 12.09 -0.25 -4.99 12.3 -0.25 -5.3
4 15 12.3 -0.25 -5.3 12.09 -0.25 -4.99 11.87 -0.25 -5.15 11.8 -0.25 -5.5
4 15 11.8 -0.25 -5.5 11.87 -0.25 -5.15 11.6 -0.25 -5.2 11.3 -0.25 -5.5
4 15 11.3 -0.25 -5.5 11.6 -0.25 -5.2 11.33 -0.25 -5.15 11 -0.25 -5.4
4 15 11 -0.25 -5.4 11.33 -0.25 -5.15 11.11 -0.25 -4.99 10.7 -0.25 -5.1
4 15 10.7 -0.25 -5.1 11.11 -0.25 -4.99 10.95 -0.25 -4.77 10.5 -0.25 -4.8
4 15 10.5 -0.25 -4.8 10.95 -0.25 -4.77 10.9 -0.25 -4.5 10.4 -0.25 -4.1
3 15 10.4 -0.25 -4.1 10.9 -0.25 -4.5 10.95 -0.25 -4.23
3 15 11.11 -0.25 -4.01 10.4 -0.25 -4.1 10.95 -0.25 -4.23
3 15 20.2 -0.25 -3.3 12.7 -0.25 -4.1 19.3 -0.25 -4.1
4 15 20.2 -0.25 -3.3 19.3 -0.25 -4.1 19.3 -0.25 -16.8 20 -0.25 -21.9
4 15 20 -0.25 -21.9 19.3 -0.25 -16.8 3.5 -0.25 -16.9 2.4 -0.25 -21.9
4 15 2.4 -0.25 -21.9 3.5 -0.25 -16.9 3.6 -0.25 -4.1 2.8 -0.25 -3.3
4 15 13.8 -0.25 -7.4 4.3 -0.25 -6.6 4.3 -0.25 -11 13.8 -0.25 -8.3
4 15 13.8 -0.25 -7.4 13.8 -0.25 -8.3 14.2 -0.25 -8.3 14.2 -0.25 -7.1
4 15 13.5 -0.25 -7.2 13.8 -0.25 -7.4 14.2 -0.25 -7.1 13.5 -0.25 -6.7
4 15 13.9 -0.25 -6.5 13.5 -0.25 -6.7 14.2 -0.25 -7.1 15.3 -0.25 -7.1
4 15 15.6 -0.25 -6.5 13.9 -0.25 -6.5 15.3 -0.25 -7.1 16 -0.25 -6.7
4 15 16 -0.25 -7.3 16 -0.25 -6.7 15.3 -0.25 -7.1 15.7 -0.25 -7.5
4 15 15.7 -0.25 -7.5 15.3 -0.25 -7.1 15.3 -0.25 -8.3 15.7 -0.25 -8.4
4 15 15.7 -0.25 -8.4 15.3 -0.25 -8.3 15.3 -0.25 -9 15.6 -0.25 -9.4
4 15 16 -0.25 -8.4 15.7 -0.25 -8.4 15.6 -0.25 -9.4 16 -0.25 -9.4
4 15 16.4 -0.25 -8.6 16 -0.25 -8.4 16 -0.25 -9.4 16.4 -0.25 -9.3
4 15 15.6 -0.25 -9.8 15.6 -0.25 -9.4 15.3 -0.25 -9 15.3 -0.25 -10.2
4 15 15.6 -0.25 -9.8 15.3 -0.25 -10.2 15.5 -0.25 -11.2 16 -0.25 -9.8
4 15 16.1 -0.25 -12.3 16 -0.25 -9.8 15.5 -0.25 -11.2 15.6 -0.25 -13
3 15 16.1 -0.25 -12.3 15.6 -0.25 -13 16.1 -0.25 -13.7
4 15 16.1 -0.25 -13.7 15.6 -0.25 -13 13.9 -0.25 -13 13.4 -0.25 -13.7
4 15 13.4 -0.25 -12.5 13.4 -0.25 -13.7 13.9 -0.25 -13 14 -0.25 -11.2
4 15 13.5 -0.25 -9.8 13.4 -0.25 -12.5 14 -0.25 -11.2 13.9 -0.25 -9.8
4 15 13.9 -0.25 -9.8 14 -0.25 -11.2 14.2 -0.25 -10.2 14.2 -0.25 -9
4 15 14.2 -0.25 -10.2 14 -0.25 -11.2 15.5 -0.25 -11.2 15.3 -0.25 -10.2
3 15 14.2 -0.25 -9 13.9 -0.25 -9.4 13.9 -0.25 -9.8
4 15 13.9 -0.25 -9.4 14.2 -0.25 -9 13.8 -0.25 -8.3 13.5 -0.25 -8.7
3 15 13.5 -0.25 -8.7 13.5 -0.25 -9.4 13.9 -0.25 -9.4
3 15 14.2 -0.25 -8.3 13.8 -0.25 -8.3 14.2 -0.25 -9
4 15 15.3 -0.25 -8.3 14.2 -0.25 -8.3 14.2 -0.25 -9 15.3 -0.25 -9
4 15 4.1 -0.25 -13.7 4.2 -0.25 -14.1 5.3 -0.25 -13.8 5.3 -0.25 -13.5
4 15 6 -0.25 -13.7 5.3 -0.25 -13.5 5.3 -0.25 -13.8 5.9 -0.25 -14.2
4 15 6 -0.25 -13.7 5.9 -0.25 -14.2 6.6 -0.25 -13.9 6.4 -0.25 -13.5
4 15 7.2 -0.25 -13.4 6.4 -0.25 -13.5 6.6 -0.25 -13.9 7.3 -0.25 -13.8
4 15 7.8 -0.25 -13.7 7.2 -0.25 -13.4 7.3 -0.25 -13.8 7.9 -0.25 -14.1
4 15 8.7 -0.25 -13.8 7.8 -0.25 -13.7 7.9 -0.25 -14.1 8.7 -0.25 -14.1
4 15 4 -0.25 -15 4 -0.25 -15.4 4.8 -0.25 -15.2 4.7 -0.25 -14.7
4 15 5.3 -0.25 -14.7 4.7 -0.25 -14.7 4.8 -0.25 -15.2 5.3 -0.25 -15.3
4 15 5.8 -0.25 -15.1 5.3 -0.25 -14.7 5.3 -0.25 -15.3 6 -0.25 -15.6
4 15 6.3 -0.25 -15.1 5.8 -0.25 -15.1 6 -0.25 -15.6 7 -0.25 -15.3
4 15 6.9 -0.25 -14.8 6.3 -0.25 -15.1 7 -0.25 -15.3 7.6 -0.25 -15.2
4 15 7.7 -0.25 -14.8 6.9 -0.25 -14.8 7.6 -0.25 -15.2 8.3 -0.25 -15.2
4 15 8.3 -0.25 -15.2 7.6 -0.25 -15.2 8.1 -0.25 -15.7 8.7 -0.25 -15.3
4 15 8.7 -0.25 -14.8 8.3 -0.25 -15.2 8.7 -0.25 -15.3 9.2 -0.25 -15.2
4 15 9.3 -0.25 -14.7 8.7 -0.25 -14.8 9.2 -0.25 -15.2 9.8 -0.25 -15
4 15 9.8 -0.25 -15 9.2 -0.25 -15.2 10.3 -0.25 -15.6 10.8 -0.25 -15.1
4 15 10.8 -0.25 -15.1 10.3 -0.25 -15.6 11.4 -0.25 -15.4 11.6 -0.25 -14.9
4 15 12.2 -0.25 -15.2 11.6 -0.25 -14.9 11.4 -0.25 -15.4 12.2 -0.25 -15.5
3 30 29 -0.25 27 -29 -0.25 27 15.9 -0.25 25.5
4 30 29 -0.25 27 15.9 -0.25 25.5 17.9 -0.25 15.5 25.1 -0.25 15.1
4 30 29 -0.25 27 25.1 -0.25 15.1 23.3 -0.25 -0.7 29 -0.25 -27
4 30 29 -0.25 -27 23.3 -0.25 -0.7 20.2 -0.25 -3.3 20 -0.25 -21.9
4 30 29 -0.25 -27 20 -0.25 -21.9 2.4 -0.25 -21.9 -29 -0.25 -27
4 30 -29 -0.25 -27 2.4 -0.25 -21.9 -6 -0.25 -20.7 -24.6 -0.25 -20.9
4 30 -29 -0.25 -27 -24.6 -0.25 -20.9 -25 -0.25 20 -29 -0.25 27
4 30 -29 -0.25 27 -25 -0.25 20 -23.9 -0.25 20.2 -23.6 -0.25 21.7
4 30 -29 -0.25 27 -23.6 -0.25 21.7 -5.6 -0.25 22.3 5.6 -0.25 23.4
3 30 -29 -0.25 27 5.6 -0.25 23.4 15.9 -0.25 25.5
3 30 5.6 -0.25 23.4 -5.6 -0.25 22.3 -4.3 -0.25 21.2
4 30 -4.3 -0.25 21.2 -5.6 -0.25 22.3 -5 -0.25 8.3 -1.6 -0.25 7.9
4 30 0 -0.25 1.6 -1.6 -0.25 7.9 -5 -0.25 8.3 -3.2 -0.25 -18.8
3 30 0.6 -0.25 8.3 -1.6 -0.25 7.9 0 -0.25 1.6
4 30 2.8 -0.25 -3.3 0 -0.25 1.6 -3.2 -0.25 -18.8 2.4 -0.25 -21.9
4 30 0 -0.25 1.6 2.8 -0.25 -3.3 20.2 -0.25 -3.3 23.3 -0.25 -0.7
4 30 -6 -0.25 -20.7 2.4 -0.25 -21.9 -3.2 -0.25 -18.8 -6 -0.25 -19.3
4 30 -6 -0.25 -19.3 -3.2 -0.25 -18.8 -20.9 -0.25 -19 -21.5 -0.25 -19.5
3 30 -21.7 -0.25 -9.8 -21.5 -0.25 -19.5 -20.9 -0.25 -19
4 30 -23.9 -0.25 20.2 -21.5 -0.25 -19.5 -21.7 -0.25 -9.8 -22.8 -0.25 7.6
3 30 -23.6 -0.25 21.7 -23.9 -0.25 20.2 -22.8 -0.25 7.6
