0 Sticker  1.1 x  5.6 with Medium Azure Wave and "HLC" (Formed)
0 Name: 6037729ec01.dat
0 Author: Takeshi Takahashi [RainbowDolphin]
0 !LDRAW_ORG Unofficial_Part
0 !LICENSE Licensed under CC BY 4.0 : see CAreadme.txt

0 BFC CERTIFY CCW

0 !CATEGORY Sticker
0 !KEYWORDS bow, BrickLink 41015stk01, Brickowl 876226, Dolphin Cruiser
0 !KEYWORDS Rebrickable 14251, Set 41015, ship

0 !PREVIEW 16 0 0 0 0 0 -1 0 1 0 1 0 0

0 !HISTORY 2024-11-24 [RainbowDolphin] Created, sticker base by Philippe Hurbain [Philo]

0 // Back surface
4 16 -138.8727 50.1274 17.5647 -135.822 60.333 15.382 -151.543 60.333 47.811 -151.9324 50.0464 44.5673
4 16 -158.7265 56.2525 68.2937 -158.912 53.1834 67.3587 -158.852 51.2175 66.2003 -158.5266 50.1611 64.6594
4 16 -158.7265 56.2525 68.2937 -158.5266 50.1611 64.6594 -151.543 60.333 47.811 -158.6551 59.5156 69.6814
4 16 -158.5266 50.1611 64.6594 -158.2482 49.7819 63.6499 -151.9324 50.0464 44.5673 -151.543 60.333 47.811
4 16 -158.3055 62.0563 71.5365 -158.6551 59.5156 69.6814 -151.543 60.333 47.811 -151.9541 69.6209 60.0146
3 16 -151.9541 69.6209 60.0146 -153.5623 69.6008 65.1532 -158.3055 62.0563 71.5365
4 16 -158.3055 62.0563 71.5365 -153.5623 69.6008 65.1532 -155.5758 69.44 73.103 -158.0327 64.1623 74.0502
4 16 -157.4351 67.1377 76.7341 -158.0327 64.1623 74.0502 -155.5758 69.44 73.103 -156.1713 69.5202 75.6746
4 16 -157.4351 67.1377 76.7341 -156.1713 69.5202 75.6746 -156.4978 69.2939 76.6188 -157.1697 67.9653 77.0754
3 16 -156.8018 68.8093 77.026 -157.1697 67.9653 77.0754 -156.4978 69.2939 76.6188
3 16 -151.9541 69.6209 60.0146 -151.543 60.333 47.811 -146.9455 69.6648 46.0509
3 16 -131.7752 69.6871 15.6853 -143.8299 69.691 39.6457 -135.822 60.333 15.382
4 16 -143.8299 69.691 39.6457 -146.9455 69.6648 46.0509 -151.543 60.333 47.811 -135.822 60.333 15.382
4 16 -108.3509 60.333 -21.435 -115.152 60.333 -14.31 -108.2136 55.9378 -22.7145 -108.129 59.1054 -21.9847
4 16 -108.2136 55.9378 -22.7145 -115.152 60.333 -14.31 -117.6927 50.1045 -13.7261 -113.9889 50.2651 -17.6845
4 16 -109 53.15 -22.4545 -108.2136 55.9378 -22.7145 -113.9889 50.2651 -17.6845 -111.9823 50.7341 -19.7486
3 16 -111.9823 50.7341 -19.7486 -110.3494 51.6307 -21.3197 -109 53.15 -22.4545
4 16 -110.3822 66.8855 -15.8178 -111.4743 68.4745 -13.7778 -115.152 60.333 -14.31 -108.9515 63.6176 -19.1319
3 16 -109.5931 65.3985 -17.475 -110.3822 66.8855 -15.8178 -108.9515 63.6176 -19.1319
3 16 -108.3509 60.333 -21.435 -108.9515 63.6176 -19.1319 -115.152 60.333 -14.31
4 16 -114.9062 70.012 -8.3395 -119.95 69.9996 -1.8228 -115.152 60.333 -14.31 -112.9623 69.5724 -11.1397
3 16 -111.4743 68.4745 -13.7778 -112.9623 69.5724 -11.1397 -115.152 60.333 -14.31
3 16 -123.602 69.9058 3.369 -131.7752 69.6871 15.6853 -135.822 60.333 15.382
4 16 -119.95 69.9996 -1.8228 -123.602 69.9058 3.369 -135.822 60.333 15.382 -115.152 60.333 -14.31
4 16 -135.822 60.333 15.382 -121.1031 50.0404 -8.8464 -117.6927 50.1045 -13.7261 -115.152 60.333 -14.31
3 16 -135.822 60.333 15.382 -138.8727 50.1274 17.5647 -121.1031 50.0404 -8.8464

0 // Edge
4 16 -157.4351 67.1377 76.7341 -157.1697 67.9653 77.0754 -157.3697 67.9653 76.9254 -157.6351 67.1377 76.5841
4 16 -158.0327 64.1623 74.0502 -157.4351 67.1377 76.7341 -157.6351 67.1377 76.5841 -158.2327 64.1623 73.9002
4 16 -156.8018 68.8093 77.026 -156.4978 69.2939 76.6188 -156.6978 69.2939 76.4688 -157.0018 68.8093 76.876
4 16 -157.1697 67.9653 77.0754 -156.8018 68.8093 77.026 -157.0018 68.8093 76.876 -157.3697 67.9653 76.9254
4 16 -158.7265 56.2525 68.2937 -158.6551 59.5156 69.6814 -158.8551 59.5156 69.5314 -158.9265 56.2525 68.1437
4 16 -158.912 53.1834 67.3587 -158.7265 56.2525 68.2937 -158.9265 56.2525 68.1437 -159.112 53.1834 67.2087
4 16 -158.3055 62.0563 71.5365 -158.0327 64.1623 74.0502 -158.2327 64.1623 73.9002 -158.5055 62.0563 71.3865
4 16 -158.6551 59.5156 69.6814 -158.3055 62.0563 71.5365 -158.5055 62.0563 71.3865 -158.8551 59.5156 69.5314
4 16 -146.9455 69.6648 46.0509 -143.8299 69.691 39.6457 -144.0299 69.691 39.4957 -147.1455 69.6648 45.9009
4 16 -151.9541 69.6209 60.0146 -146.9455 69.6648 46.0509 -147.1455 69.6648 45.9009 -152.1541 69.6209 59.8646
4 16 -131.7752 69.6871 15.6853 -123.602 69.9058 3.369 -123.802 69.9058 3.219 -131.9752 69.6871 15.5353
4 16 -143.8299 69.691 39.6457 -131.7752 69.6871 15.6853 -131.9752 69.6871 15.5353 -144.0299 69.691 39.4957
4 16 -156.1713 69.5202 75.6746 -155.5758 69.44 73.103 -155.7758 69.44 72.953 -156.3713 69.5202 75.5246
4 16 -156.4978 69.2939 76.6188 -156.1713 69.5202 75.6746 -156.3713 69.5202 75.5246 -156.6978 69.2939 76.4688
4 16 -153.5623 69.6008 65.1532 -151.9541 69.6209 60.0146 -152.1541 69.6209 59.8646 -153.7623 69.6008 65.0032
4 16 -155.5758 69.44 73.103 -153.5623 69.6008 65.1532 -153.7623 69.6008 65.0032 -155.7758 69.44 72.953
4 16 -119.95 69.9996 -1.8228 -114.9062 70.012 -8.3395 -115.1062 70.012 -8.4895 -120.15 69.9996 -1.9728
4 16 -123.602 69.9058 3.369 -119.95 69.9996 -1.8228 -120.15 69.9996 -1.9728 -123.802 69.9058 3.219
4 16 -112.9623 69.5724 -11.1397 -111.4743 68.4745 -13.7778 -111.6743 68.4745 -13.9278 -113.1623 69.5724 -11.2897
4 16 -114.9062 70.012 -8.3395 -112.9623 69.5724 -11.1397 -113.1623 69.5724 -11.2897 -115.1062 70.012 -8.4895
4 16 -110.3822 66.8855 -15.8178 -109.5931 65.3985 -17.475 -109.7931 65.3985 -17.625 -110.5822 66.8855 -15.9678
4 16 -111.4743 68.4745 -13.7778 -110.3822 66.8855 -15.8178 -110.5822 66.8855 -15.9678 -111.6743 68.4745 -13.9278
4 16 -109 53.15 -22.4545 -110.3494 51.6307 -21.3197 -110.5494 51.6307 -21.4697 -109.1997 53.15 -22.6045
4 16 -108.2136 55.9378 -22.7145 -109 53.15 -22.4545 -109.1997 53.15 -22.6045 -108.4136 55.9378 -22.8645
4 16 -111.9823 50.7341 -19.7486 -113.9889 50.2651 -17.6845 -114.1889 50.2651 -17.8345 -112.1823 50.7341 -19.8986
4 16 -110.3494 51.6307 -21.3197 -111.9823 50.7341 -19.7486 -112.1823 50.7341 -19.8986 -110.5494 51.6307 -21.4697
4 16 -108.9515 63.6176 -19.1319 -108.3509 60.333 -21.435 -108.5509 60.333 -21.585 -109.1515 63.6176 -19.2819
4 16 -109.5931 65.3985 -17.475 -108.9515 63.6176 -19.1319 -109.1515 63.6176 -19.2819 -109.7931 65.3985 -17.625
4 16 -108.129 59.1054 -21.9847 -108.2136 55.9378 -22.7145 -108.4136 55.9378 -22.8645 -108.329 59.1054 -22.1347
4 16 -108.3509 60.333 -21.435 -108.129 59.1054 -21.9847 -108.329 59.1054 -22.1347 -108.5509 60.333 -21.585
4 16 -158.2482 49.7819 63.6499 -158.5266 50.1611 64.6594 -158.7266 50.1611 64.5094 -158.4482 49.7819 63.4999
4 16 -151.9324 50.0464 44.5673 -158.2482 49.7819 63.6499 -158.4482 49.7819 63.4999 -152.1324 50.0464 44.4173
4 16 -158.852 51.2175 66.2003 -158.912 53.1834 67.3587 -159.112 53.1834 67.2087 -159.052 51.2175 66.0503
4 16 -158.5266 50.1611 64.6594 -158.852 51.2175 66.2003 -159.052 51.2175 66.0503 -158.7266 50.1611 64.5094
4 16 -117.6927 50.1045 -13.7261 -121.1031 50.0404 -8.8464 -121.3031 50.0404 -8.9964 -117.8927 50.1045 -13.8761
4 16 -113.9889 50.2651 -17.6845 -117.6927 50.1045 -13.7261 -117.8927 50.1045 -13.8761 -114.1889 50.2651 -17.8345
4 16 -138.8727 50.1274 17.5647 -151.9324 50.0464 44.5673 -152.1324 50.0464 44.4173 -139.0727 50.1274 17.4147
4 16 -121.1031 50.0404 -8.8464 -138.8727 50.1274 17.5647 -139.0727 50.1274 17.4147 -121.3031 50.0404 -8.9964

0 // Edge condlines
5 24 -138.8727 50.1274 17.5647 -139.0727 50.1274 17.4147 -151.9324 50.0464 44.5673 -121.3031 50.0404 -8.9964
5 24 -110.3494 51.6307 -21.3197 -110.5494 51.6307 -21.4697 -111.9823 50.7341 -19.7486 -109.1997 53.15 -22.6045
5 24 -158.2482 49.7819 63.6499 -158.4482 49.7819 63.4999 -158.5266 50.1611 64.6594 -152.1324 50.0464 44.4173
5 24 -111.9823 50.7341 -19.7486 -112.1823 50.7341 -19.8986 -113.9889 50.2651 -17.6845 -110.5494 51.6307 -21.4697
5 24 -108.3509 60.333 -21.435 -108.5509 60.333 -21.585 -109.1515 63.6176 -19.2819 -108.129 59.1054 -21.9847
5 24 -158.852 51.2175 66.2003 -159.052 51.2175 66.0503 -158.912 53.1834 67.3587 -158.7266 50.1611 64.5094
5 24 -108.2136 55.9378 -22.7145 -108.4136 55.9378 -22.8645 -108.329 59.1054 -22.1347 -109 53.15 -22.4545
5 24 -111.4743 68.4745 -13.7778 -111.6743 68.4745 -13.9278 -113.1623 69.5724 -11.2897 -110.3822 66.8855 -15.8178
5 24 -108.129 59.1054 -21.9847 -108.329 59.1054 -22.1347 -108.2136 55.9378 -22.7145 -108.5509 60.333 -21.585
5 24 -144.0299 69.691 39.4957 -143.8299 69.691 39.6457 -131.7752 69.6871 15.6853 -147.1455 69.6648 45.9009
5 24 -158.6551 59.5156 69.6814 -158.8551 59.5156 69.5314 -158.9265 56.2525 68.1437 -158.3055 62.0563 71.5365
5 24 -159.112 53.1834 67.2087 -158.912 53.1834 67.3587 -159.052 51.2175 66.0503 -158.7265 56.2525 68.2937
5 24 -117.6927 50.1045 -13.7261 -117.8927 50.1045 -13.8761 -121.1031 50.0404 -8.8464 -114.1889 50.2651 -17.8345
5 24 -158.2327 64.1623 73.9002 -158.0327 64.1623 74.0502 -157.4351 67.1377 76.7341 -158.5055 62.0563 71.3865
5 24 -156.1713 69.5202 75.6746 -156.3713 69.5202 75.5246 -155.5758 69.44 73.103 -156.6978 69.2939 76.4688
5 24 -115.1062 70.012 -8.4895 -114.9062 70.012 -8.3395 -120.15 69.9996 -1.9728 -112.9623 69.5724 -11.1397
5 24 -112.9623 69.5724 -11.1397 -113.1623 69.5724 -11.2897 -111.4743 68.4745 -13.7778 -115.1062 70.012 -8.4895
5 24 -158.3055 62.0563 71.5365 -158.5055 62.0563 71.3865 -158.0327 64.1623 74.0502 -158.8551 59.5156 69.5314
5 24 -156.8018 68.8093 77.026 -157.0018 68.8093 76.876 -156.4978 69.2939 76.6188 -157.3697 67.9653 76.9254
5 24 -121.1031 50.0404 -8.8464 -121.3031 50.0404 -8.9964 -117.8927 50.1045 -13.8761 -138.8727 50.1274 17.5647
5 24 -108.9515 63.6176 -19.1319 -109.1515 63.6176 -19.2819 -108.3509 60.333 -21.435 -109.7931 65.3985 -17.625
5 24 -157.6351 67.1377 76.5841 -157.4351 67.1377 76.7341 -157.1697 67.9653 77.0754 -158.2327 64.1623 73.9002
5 24 -157.0018 68.8093 76.876 -156.6978 69.2939 76.4688 -157.3697 67.9653 76.9254 -156.8018 68.8093 77.026
5 24 -155.5758 69.44 73.103 -155.7758 69.44 72.953 -156.3713 69.5202 75.5246 -153.5623 69.6008 65.1532
5 24 -156.4978 69.2939 76.6188 -156.6978 69.2939 76.4688 -156.1713 69.5202 75.6746 -157.0018 68.8093 76.876
5 24 -109.5931 65.3985 -17.475 -109.7931 65.3985 -17.625 -108.9515 63.6176 -19.1319 -110.5822 66.8855 -15.9678
5 24 -113.9889 50.2651 -17.6845 -114.1889 50.2651 -17.8345 -117.6927 50.1045 -13.7261 -112.1823 50.7341 -19.8986
5 24 -157.3697 67.9653 76.9254 -157.1697 67.9653 77.0754 -157.6351 67.1377 76.5841 -156.8018 68.8093 77.026
5 24 -119.95 69.9996 -1.8228 -120.15 69.9996 -1.9728 -114.9062 70.012 -8.3395 -123.802 69.9058 3.219
5 24 -158.7265 56.2525 68.2937 -158.9265 56.2525 68.1437 -158.6551 59.5156 69.6814 -159.112 53.1834 67.2087
5 24 -109 53.15 -22.4545 -109.1997 53.15 -22.6045 -110.3494 51.6307 -21.3197 -108.4136 55.9378 -22.8645
5 24 -151.9324 50.0464 44.5673 -152.1324 50.0464 44.4173 -158.2482 49.7819 63.6499 -139.0727 50.1274 17.4147
5 24 -131.7752 69.6871 15.6853 -131.9752 69.6871 15.5353 -123.602 69.9058 3.369 -144.0299 69.691 39.4957
5 24 -158.5266 50.1611 64.6594 -158.7266 50.1611 64.5094 -158.4482 49.7819 63.4999 -158.852 51.2175 66.2003
5 24 -110.3822 66.8855 -15.8178 -110.5822 66.8855 -15.9678 -109.5931 65.3985 -17.475 -111.6743 68.4745 -13.9278
5 24 -153.5623 69.6008 65.1532 -153.7623 69.6008 65.0032 -151.9541 69.6209 60.0146 -155.7758 69.44 72.953

3 322 -148.3312 57.5849 39.5165 -146.6112 54.1 34.584 -147.6952 56 37.576
4 322 -143.0672 53.3448 26.9502 -145.5071 53.2 31.944 -146.6112 54.1 34.584 -148.3312 57.5849 39.5165
3 322 -143.0672 53.3448 26.9502 -144.3548 53 29.48 -145.5071 53.2 31.944
4 322 -149.5338 58.09 42.2048 -150.163 58.09 43.5072 -150.1295 58.4 43.56 -150.0451 58.71 43.5072
3 322 -149.9583 58.8954 43.4005 -149.5338 58.09 42.2048 -150.0451 58.71 43.5072
3 322 -149.5338 58.09 42.2048 -149.9583 58.8954 43.4005 -149.4574 58.492 42.2048
4 322 -149.5338 58.09 42.2048 -149.6555 57.83 42.3544 -149.7984 57.66 42.5832 -149.9416 57.6 42.856
4 322 -149.5338 58.09 42.2048 -149.9416 57.6 42.856 -150.062 57.66 43.1288 -150.1402 57.83 43.3576
3 322 -150.1402 57.83 43.3576 -150.163 58.09 43.5072 -149.5338 58.09 42.2048
4 5 -151.859 57.2682 46.6946 -151.3131 56.2 45.144 -151.6599 54.6 45.232 -151.9943 53.6943 45.5676
3 5 -151.6599 54.6 45.232 -151.3131 56.2 45.144 -150.9182 54.7 43.736
3 5 -151.3131 56.2 45.144 -151.859 57.2682 46.6946 -150.8858 58 44.968
4 14 -151.9943 53.6943 45.5676 -151.6599 54.6 45.232 -151.6376 53.6 44.792 -152.0324 52.6884 45.2504
4 14 -151.6376 53.6 44.792 -151.6599 54.6 45.232 -150.9182 54.7 43.736 -150.3757 54.2 42.416
4 14 -150.85 56.4 44.264 -150.3757 54.2 42.416 -150.9182 54.7 43.736 -151.3131 56.2 45.144
4 14 -150.85 56.4 44.264 -151.3131 56.2 45.144 -150.8858 58 44.968 -150.379 59.1 44.352
4 14 -151.6319 58.1 46.552 -150.379 59.1 44.352 -150.8858 58 44.968 -151.859 57.2682 46.6946
3 14 -151.8215 58.2607 47.0075 -151.6319 58.1 46.552 -151.859 57.2682 46.6946
3 15 -152.0324 52.6884 45.2504 -151.6376 53.6 44.792 -150.3757 54.2 42.416
4 15 -147.6952 56 37.576 -150.3757 54.2 42.416 -149.6555 57.83 42.3544 -148.3312 57.5849 39.5165
3 15 -148.3312 57.5849 39.5165 -149.6555 57.83 42.3544 -149.5338 58.09 42.2048
3 15 -148.3312 57.5849 39.5165 -149.5338 58.09 42.2048 -149.4574 58.492 42.2048
3 15 -149.9583 58.8954 43.4005 -150.0451 58.71 43.5072 -150.379 59.1 44.352
3 15 -150.1295 58.4 43.56 -150.379 59.1 44.352 -150.0451 58.71 43.5072
4 15 -150.379 59.1 44.352 -150.1295 58.4 43.56 -150.163 58.09 43.5072 -150.85 56.4 44.264
3 15 -150.85 56.4 44.264 -150.163 58.09 43.5072 -150.1402 57.83 43.3576
4 15 -150.85 56.4 44.264 -150.1402 57.83 43.3576 -150.062 57.66 43.1288 -150.3757 54.2 42.416
3 15 -150.3757 54.2 42.416 -150.062 57.66 43.1288 -149.9416 57.6 42.856
3 15 -150.3757 54.2 42.416 -149.9416 57.6 42.856 -149.7984 57.66 42.5832
3 15 -150.3757 54.2 42.416 -149.7984 57.66 42.5832 -149.6555 57.83 42.3544
3 15 -151.6319 58.1 46.552 -151.8215 58.2607 47.0075 -151.743 60.333 47.661
4 15 -151.6319 58.1 46.552 -151.743 60.333 47.661 -151.0993 59.85 46.1384 -150.379 59.1 44.352
4 15 -152.1324 50.0464 44.4173 -152.0324 52.6884 45.2504 -150.3757 54.2 42.416 -147.6952 56 37.576
3 15 -152.1324 50.0464 44.4173 -147.6952 56 37.576 -146.6112 54.1 34.584
3 15 -152.1324 50.0464 44.4173 -146.6112 54.1 34.584 -145.5071 53.2 31.944
4 15 -152.1324 50.0464 44.4173 -145.5071 53.2 31.944 -144.3548 53 29.48 -139.0727 50.1274 17.4147
3 15 -139.0727 50.1274 17.4147 -144.3548 53 29.48 -143.0672 53.3448 26.9502
4 15 -158.9265 56.2525 68.1437 -158.7266 50.1611 64.5094 -159.052 51.2175 66.0503 -159.112 53.1834 67.2087
3 322 -156.9559 59.7339 63.6911 -155.5268 56.9 57.816 -156.2278 57.8 60.456
4 322 -152.3158 60.2672 49.4226 -154.8997 56.6 55.704 -155.5268 56.9 57.816 -156.9559 59.7339 63.6911
3 322 -154.8997 56.6 55.704 -152.3158 60.2672 49.4226 -154.1909 56.7675 53.5668
3 322 -152.3158 60.2672 49.4226 -152.7107 58.9 49.984 -154.1909 56.7675 53.5668
4 322 -155.989484375 54.14782421875 57.905921875 -156.3868 54.19 59.1712 -156.3548 54.5 59.224 -156.2891 54.81 59.1712
4 322 -155.989484375 54.14782421875 57.905921875 -156.2891 54.81 59.1712 -156.2003 55.07 59.0216 -156.1004 55.24 58.7928
4 322 -155.989484375 54.14782421875 57.905921875 -156.1004 55.24 58.7928 -156.0039 55.3 58.52 -155.9262 55.24 58.2472
4 322 -155.989484375 54.14782421875 57.905921875 -155.9262 55.24 58.2472 -155.88 55.07 58.0184 -155.8732 54.81 57.8688
3 322 -155.989484375 54.14782421875 57.905921875 -155.8732 54.81 57.8688 -155.9052 54.5 57.816
3 322 -156.2828 53.7206 58.6136 -156.3338 53.76 58.7928 -155.989484375 54.14782421875 57.905921875
4 322 -155.989484375 54.14782421875 57.905921875 -156.3338 53.76 58.7928 -156.3801 53.93 59.0216 -156.3868 54.19 59.1712
4 322 -156.5092 55.57 60.236 -156.8183 55.57 61.204 -156.7961 55.8 61.248 -156.7458 56.03 61.204
4 322 -156.5092 55.57 60.236 -156.7458 56.03 61.204 -156.6793 56.22 61.0896 -156.6054 56.35 60.9224
4 322 -156.5092 55.57 60.236 -156.6054 56.35 60.9224 -156.5329 56.4 60.72 -156.4761 56.35 60.5176
4 322 -156.5092 55.57 60.236 -156.4761 56.35 60.5176 -156.4433 56.22 60.3504 -156.4367 56.03 60.236
3 322 -156.5092 55.57 60.236 -156.4367 56.03 60.236 -156.4589 55.8 60.192
4 322 -156.5092 55.57 60.236 -156.5757 55.38 60.3504 -156.6496 55.25 60.5176 -156.7221 55.2 60.72
4 322 -156.5092 55.57 60.236 -156.7221 55.2 60.72 -156.7788 55.25 60.9224 -156.8117 55.38 61.0896
3 322 -156.8117 55.38 61.0896 -156.8183 55.57 61.204 -156.5092 55.57 60.236
4 322 -157.8434 58.87 66.044 -158.1524 58.87 67.012 -158.1302 59.1 67.056 -158.0799 59.33 67.012
4 322 -157.8434 58.87 66.044 -158.0799 59.33 67.012 -158.0134 59.52 66.8976 -157.9573 59.6188 66.7706
4 322 -157.8434 58.87 66.044 -157.9573 59.6188 66.7706 -157.8122 59.6355 66.3244 -157.7774 59.52 66.1584
4 322 -157.8434 58.87 66.044 -157.7774 59.52 66.1584 -157.7708 59.33 66.044 -157.793 59.1 66
4 322 -157.8434 58.87 66.044 -157.9099 58.68 66.1584 -157.9837 58.55 66.3256 -158.0562 58.5 66.528
4 322 -157.8434 58.87 66.044 -158.0562 58.5 66.528 -158.113 58.55 66.7304 -158.1459 58.68 66.8976
3 322 -158.1459 58.68 66.8976 -158.1524 58.87 67.012 -157.8434 58.87 66.044
4 322 -155.9891 56.32 58.9776 -156.1465 56.32 59.4704 -156.1361 56.6 59.576 -156.0582 56.88 59.4704
4 322 -155.9891 56.32 58.9776 -156.0582 56.88 59.4704 -155.9606 57 59.224 -155.9008 56.88 58.9776
3 322 -155.9891 56.32 58.9776 -155.9008 56.88 58.9776 -155.9113 56.6 58.872
3 322 -156.0867 56.2 59.224 -156.1465 56.32 59.4704 -155.9891 56.32 58.9776
3 15 -152.7107 58.9 49.984 -152.3158 60.2672 49.4226 -151.743 60.333 47.661
4 15 -155.989484375 54.14782421875 57.905921875 -155.9052 54.5 57.816 -154.8997 56.6 55.704 -154.1909 56.7675 53.5668
3 15 -155.9052 54.5 57.816 -155.8732 54.81 57.8688 -154.8997 56.6 55.704
4 15 -154.8997 56.6 55.704 -155.8732 54.81 57.8688 -155.88 55.07 58.0184 -155.5268 56.9 57.816
3 15 -155.88 55.07 58.0184 -155.9262 55.24 58.2472 -155.5268 56.9 57.816
4 15 -155.5268 56.9 57.816 -155.9262 55.24 58.2472 -156.0039 55.3 58.52 -155.9891 56.32 58.9776
3 15 -155.9891 56.32 58.9776 -155.9113 56.6 58.872 -155.5268 56.9 57.816
3 15 -155.9113 56.6 58.872 -155.9008 56.88 58.9776 -155.5268 56.9 57.816
4 15 -155.5268 56.9 57.816 -155.9008 56.88 58.9776 -155.9606 57 59.224 -156.2278 57.8 60.456
3 15 -156.0582 56.88 59.4704 -156.2278 57.8 60.456 -155.9606 57 59.224
4 15 -156.2278 57.8 60.456 -156.0582 56.88 59.4704 -156.1361 56.6 59.576 -156.4433 56.22 60.3504
4 15 -156.4367 56.03 60.236 -156.4433 56.22 60.3504 -156.1361 56.6 59.576 -156.1465 56.32 59.4704
4 15 -156.4589 55.8 60.192 -156.4367 56.03 60.236 -156.1465 56.32 59.4704 -156.0867 56.2 59.224
4 15 -156.2003 55.07 59.0216 -156.4589 55.8 60.192 -156.0867 56.2 59.224 -156.1004 55.24 58.7928
4 15 -156.1004 55.24 58.7928 -156.0867 56.2 59.224 -155.9891 56.32 58.9776 -156.0039 55.3 58.52
4 15 -156.5092 55.57 60.236 -156.4589 55.8 60.192 -156.2003 55.07 59.0216 -156.2891 54.81 59.1712
4 15 -156.5757 55.38 60.3504 -156.5092 55.57 60.236 -156.2891 54.81 59.1712 -156.3548 54.5 59.224
3 15 -156.3548 54.5 59.224 -156.6496 55.25 60.5176 -156.5757 55.38 60.3504
4 15 -156.7221 55.2 60.72 -156.6496 55.25 60.5176 -156.3548 54.5 59.224 -158.7266 50.1611 64.5094
3 15 -156.4433 56.22 60.3504 -156.4761 56.35 60.5176 -156.2278 57.8 60.456
3 15 -156.4761 56.35 60.5176 -156.5329 56.4 60.72 -156.2278 57.8 60.456
4 15 -156.2278 57.8 60.456 -156.5329 56.4 60.72 -156.6054 56.35 60.9224 -156.9559 59.7339 63.6911
4 15 -156.9559 59.7339 63.6911 -156.6054 56.35 60.9224 -156.6793 56.22 61.0896 -157.793 59.1 66
4 15 -157.8434 58.87 66.044 -157.793 59.1 66 -156.6793 56.22 61.0896 -156.7458 56.03 61.204
4 15 -157.9099 58.68 66.1584 -157.8434 58.87 66.044 -156.7458 56.03 61.204 -156.7961 55.8 61.248
4 15 -157.9837 58.55 66.3256 -157.9099 58.68 66.1584 -156.7961 55.8 61.248 -158.7266 50.1611 64.5094
3 15 -157.793 59.1 66 -157.7708 59.33 66.044 -156.9559 59.7339 63.6911
3 15 -156.9559 59.7339 63.6911 -157.7708 59.33 66.044 -157.7774 59.52 66.1584
3 15 -157.7774 59.52 66.1584 -157.8122 59.6355 66.3244 -156.9559 59.7339 63.6911
3 15 -158.0134 59.52 66.8976 -157.9948 59.6145 66.8859 -157.9573 59.6188 66.7706
4 15 -158.8551 59.5156 69.5314 -157.9948 59.6145 66.8859 -158.0134 59.52 66.8976 -158.0799 59.33 67.012
3 15 -158.1302 59.1 67.056 -158.8551 59.5156 69.5314 -158.0799 59.33 67.012
3 15 -158.1524 58.87 67.012 -158.8551 59.5156 69.5314 -158.1302 59.1 67.056
4 15 -158.8551 59.5156 69.5314 -158.1524 58.87 67.012 -158.1459 58.68 66.8976 -158.9265 56.2525 68.1437
3 15 -158.9265 56.2525 68.1437 -158.1459 58.68 66.8976 -158.113 58.55 66.7304
3 15 -158.9265 56.2525 68.1437 -158.113 58.55 66.7304 -158.0562 58.5 66.528
4 15 -158.9265 56.2525 68.1437 -158.0562 58.5 66.528 -157.9837 58.55 66.3256 -158.7266 50.1611 64.5094
3 15 -158.7266 50.1611 64.5094 -156.7961 55.8 61.248 -156.8183 55.57 61.204
3 15 -158.7266 50.1611 64.5094 -156.8183 55.57 61.204 -156.8117 55.38 61.0896
3 15 -158.7266 50.1611 64.5094 -156.8117 55.38 61.0896 -156.7788 55.25 60.9224
3 15 -158.7266 50.1611 64.5094 -156.7788 55.25 60.9224 -156.7221 55.2 60.72
3 15 -158.7266 50.1611 64.5094 -156.3548 54.5 59.224 -156.3868 54.19 59.1712
3 15 -158.7266 50.1611 64.5094 -156.3868 54.19 59.1712 -156.3801 53.93 59.0216
3 15 -158.7266 50.1611 64.5094 -156.3801 53.93 59.0216 -156.3338 53.76 58.7928
3 15 -158.7266 50.1611 64.5094 -156.3338 53.76 58.7928 -156.2828 53.7206 58.6136
3 322 -152.7107 58.9 49.984 -153.1986 57.7 50.952 -154.1909 56.7675 53.5668
3 322 -156.1567 53.76 58.2472 -155.989484375 54.14782421875 57.905921875 -156.0573 53.93 58.0184
3 322 -155.989484375 54.14782421875 57.905921875 -156.1567 53.76 58.2472 -156.2828 53.7206 58.6136
3 5 -151.9943 53.6943 45.5676 -152.2563 52.7 45.936 -152.3637 54.6 47.08
3 5 -151.9943 53.6943 45.5676 -152.3637 54.6 47.08 -151.859 57.2682 46.6946
3 5 -151.859 57.2682 46.6946 -152.3637 54.6 47.08 -152.3829 56.1 47.784
3 5 -151.859 57.2682 46.6946 -152.3829 56.1 47.784 -152.2586 58 48.224
3 5 -152.3637 54.6 47.08 -152.9427 54.6 48.84 -152.3829 56.1 47.784
3 14 -152.0324 52.6884 45.2504 -152.3973 51.5 45.848 -152.2563 52.7 45.936
3 14 -152.2563 52.7 45.936 -151.9943 53.6943 45.5676 -152.0324 52.6884 45.2504
4 14 -151.8215 58.2607 47.0075 -151.859 57.2682 46.6946 -152.2586 58 48.224 -152.4065 59 49.104
4 14 -152.6441 56.3 48.664 -152.4065 59 49.104 -152.2586 58 48.224 -152.3829 56.1 47.784
4 14 -152.6441 56.3 48.664 -152.3829 56.1 47.784 -152.9427 54.6 48.84 -153.332 54.1 49.808
4 14 -152.5927 53.8 47.432 -153.332 54.1 49.808 -152.9427 54.6 48.84 -152.3637 54.6 47.08
4 14 -152.5927 53.8 47.432 -152.3637 54.6 47.08 -152.2563 52.7 45.936 -152.3973 51.5 45.848
3 15 -152.4065 59 49.104 -152.7107 58.9 49.984 -151.743 60.333 47.661
3 15 -151.8215 58.2607 47.0075 -152.4065 59 49.104 -151.743 60.333 47.661
3 15 -152.7107 58.9 49.984 -152.4065 59 49.104 -152.6441 56.3 48.664
4 15 -153.1986 57.7 50.952 -152.7107 58.9 49.984 -152.6441 56.3 48.664 -153.332 54.1 49.808
3 15 -153.332 54.1 49.808 -154.1909 56.7675 53.5668 -153.1986 57.7 50.952
3 15 -153.332 54.1 49.808 -155.989484375 54.14782421875 57.905921875 -154.1909 56.7675 53.5668
3 15 -158.7266 50.1611 64.5094 -156.2828 53.7206 58.6136 -158.4482 49.7819 63.4999
4 15 -158.4482 49.7819 63.4999 -156.2828 53.7206 58.6136 -156.1567 53.76 58.2472 -152.3973 51.5 45.848
4 15 -152.3973 51.5 45.848 -156.1567 53.76 58.2472 -156.0573 53.93 58.0184 -152.5927 53.8 47.432
4 15 -153.332 54.1 49.808 -152.5927 53.8 47.432 -156.0573 53.93 58.0184 -155.989484375 54.14782421875 57.905921875
3 15 -158.4482 49.7819 63.4999 -152.3973 51.5 45.848 -152.1324 50.0464 44.4173
3 15 -152.1324 50.0464 44.4173 -152.3973 51.5 45.848 -152.0324 52.6884 45.2504
3 322 -157.1204 63.706 68.8738 -153.2586 66.8 60.104 -154.1993 65.5 61.6
3 322 -157.1204 63.706 68.8738 -154.1993 65.5 61.6 -157.1128 61.8 66.616
4 322 -157.1128 61.8 66.616 -154.1993 65.5 61.6 -154.6466 64.5 61.864 -156.9559 59.7339 63.6911
3 322 -156.9559 59.7339 63.6911 -154.6466 64.5 61.864 -154.7921 62.9 60.456
3 322 -156.9559 59.7339 63.6911 -154.7921 62.9 60.456 -154.5993 61.1 57.728
3 322 -156.9559 59.7339 63.6911 -154.5993 61.1 57.728 -154.3432 60.6 56.32
3 322 -152.3158 60.2672 49.4226 -156.9559 59.7339 63.6911 -154.3432 60.6 56.32
3 322 -154.3432 60.6 56.32 -153.8864 60.8 55.088 -152.3158 60.2672 49.4226
3 322 -152.3158 60.2672 49.4226 -153.8864 60.8 55.088 -153.3657 61.4 54.12
3 322 -152.3158 60.2672 49.4226 -153.3657 61.4 54.12 -152.9092 62.2 53.592
4 322 -152.3158 60.2672 49.4226 -152.9092 62.2 53.592 -152.5258 63.1 53.416 -151.7957 61.5246 49.2266
3 322 -151.7957 61.5246 49.2266 -152.5258 63.1 53.416 -152.2885 63.9 53.592
4 322 -151.9912 65.9415 55.0301 -151.7957 61.5246 49.2266 -152.2885 63.9 53.592 -152.2888 64.5 54.296
4 322 -151.9912 65.9415 55.0301 -152.2888 64.5 54.296 -152.4716 64.6 55 -152.5632 65.1 55.88
4 322 -152.5632 65.1 55.88 -152.4716 64.6 55 -152.8187 64.1 55.528 -152.9192 64.2 55.968
4 15 -152.0638 67.5811 57.1844 -151.9912 65.9415 55.0301 -152.5632 65.1 55.88 -153.2586 66.8 60.104
4 15 -153.2586 66.8 60.104 -152.5632 65.1 55.88 -152.9192 64.2 55.968 -154.1993 65.5 61.6
4 15 -154.6466 64.5 61.864 -154.1993 65.5 61.6 -152.9192 64.2 55.968 -154.7921 62.9 60.456
4 15 -154.5993 61.1 57.728 -154.7921 62.9 60.456 -152.9192 64.2 55.968 -152.8187 64.1 55.528
4 15 -154.3432 60.6 56.32 -154.5993 61.1 57.728 -152.8187 64.1 55.528 -153.8864 60.8 55.088
4 15 -153.8864 60.8 55.088 -152.8187 64.1 55.528 -152.4716 64.6 55 -153.3657 61.4 54.12
4 15 -153.3657 61.4 54.12 -152.4716 64.6 55 -152.2888 64.5 54.296 -152.9092 62.2 53.592
4 15 -152.9092 62.2 53.592 -152.2888 64.5 54.296 -152.2885 63.9 53.592 -152.5258 63.1 53.416
3 322 -157.9573 59.6188 66.7706 -157.8521 59.7 66.528 -157.8122 59.6355 66.3244
3 15 -152.3158 60.2672 49.4226 -151.7957 61.5246 49.2266 -151.743 60.333 47.661
3 15 -157.8122 59.6355 66.3244 -157.1128 61.8 66.616 -156.9559 59.7339 63.6911
3 15 -157.8122 59.6355 66.3244 -157.8521 59.7 66.528 -157.1128 61.8 66.616
3 15 -157.9573 59.6188 66.7706 -157.1128 61.8 66.616 -157.8521 59.7 66.528
3 15 -157.9948 59.6145 66.8859 -157.1128 61.8 66.616 -157.9573 59.6188 66.7706
3 322 -157.1204 63.706 68.8738 -152.1541 69.6209 59.8646 -153.2586 66.8 60.104
3 322 -153.2586 66.8 60.104 -152.1541 69.6209 59.8646 -152.0638 67.5811 57.1844
4 15 -158.5055 62.0563 71.3865 -157.1204 63.706 68.8738 -157.1128 61.8 66.616 -158.8551 59.5156 69.5314
3 15 -158.8551 59.5156 69.5314 -157.1128 61.8 66.616 -157.9948 59.6145 66.8859
4 322 -153.7623 69.6008 65.0032 -152.1541 69.6209 59.8646 -157.1204 63.706 68.8738 -157.1226 64.256 69.5254
3 15 -158.5055 62.0563 71.3865 -157.1226 64.256 69.5254 -157.1204 63.706 68.8738
4 15 -158.2328 64.1623 73.9002 -157.4033 65.9439 73.5805 -157.1226 64.256 69.5254 -158.5055 62.0563 71.3865
4 322 -157.1226 64.256 69.5254 -157.4033 65.9439 73.5805 -155.7758 69.44 72.953 -153.7623 69.6008 65.0032
3 15 -158.2328 64.1623 73.9002 -157.6351 67.1377 76.5841 -157.4033 65.9439 73.5805
4 322 -155.7758 69.44 72.953 -157.4033 65.9439 73.5805 -157.6351 67.1377 76.5841 -156.3713 69.5202 75.5246
4 322 -156.3713 69.5202 75.5246 -157.6351 67.1377 76.5841 -157.3697 67.9653 76.9254 -156.6978 69.2939 76.4688
3 322 -157.3697 67.9653 76.9254 -157.0018 68.8093 76.876 -156.6978 69.2939 76.4688
3 322 -151.7957 61.5246 49.2266 -150.9583 64.5 50.424 -151.1652 63.2 49.456
4 322 -151.9912 65.9415 55.0301 -151.0676 65.5 51.92 -150.9583 64.5 50.424 -151.7957 61.5246 49.2266
3 322 -151.9912 65.9415 55.0301 -151.3156 66.1 53.328 -151.0676 65.5 51.92
3 322 -151.9912 65.9415 55.0301 -151.7244 66.1 54.472 -151.3156 66.1 53.328
4 15 -150.2185 65.5 49.544 -150.9583 64.5 50.424 -151.0676 65.5 51.92 -150.8478 67.2 53.328
3 15 -151.0676 65.5 51.92 -151.3156 66.1 53.328 -150.8478 67.2 53.328
4 15 -150.8478 67.2 53.328 -151.3156 66.1 53.328 -151.7244 66.1 54.472 -152.0638 67.5811 57.1844
3 15 -151.9912 65.9415 55.0301 -152.0638 67.5811 57.1844 -151.7244 66.1 54.472
3 15 -150.0531 63.7631 47.0141 -151.1652 63.2 49.456 -150.2185 65.5 49.544
3 15 -151.1652 63.2 49.456 -150.9583 64.5 50.424 -150.2185 65.5 49.544
4 15 -151.743 60.333 47.661 -151.7957 61.5246 49.2266 -151.1652 63.2 49.456 -150.0531 63.7631 47.0141
4 322 -150.8478 67.2 53.328 -152.0638 67.5811 57.1844 -152.1541 69.6209 59.8646 -147.1455 69.6648 45.9009
3 322 -150.2185 65.5 49.544 -150.8478 67.2 53.328 -147.1455 69.6648 45.9009
3 322 -150.0531 63.7631 47.0141 -150.2185 65.5 49.544 -147.1455 69.6648 45.9009
3 322 -136.022 60.333 15.232 -144.0299 69.691 39.4957 -131.9752 69.6871 15.5353
4 322 -143.5762 65.1 34.76 -145.1668 63.9 37.048 -149.6985 62.6 45.32 -144.0299 69.691 39.4957
4 322 -149.4018 60.333 42.8316 -149.6985 62.6 45.32 -145.1668 63.9 37.048 -146.1074 62.3 37.664
3 322 -149.4018 60.333 42.8316 -146.1074 62.3 37.664 -146.6121 60.333 37.077
4 322 -140.367 60.333 24.1949 -142.3138 60.333 28.2106 -142.1446 60.8 28.248 -140.3228 61.3 24.904
4 322 -140.3228 61.3 24.904 -142.1446 60.8 28.248 -142.0795 61.6 28.776 -140.4361 62.4 26.048
4 322 -140.8378 63.1 27.456 -140.4361 62.4 26.048 -142.0795 61.6 28.776 -142.3004 61.9 29.48
4 322 -141.3974 63.3 28.776 -140.8378 63.1 27.456 -142.3004 61.9 29.48 -142.0323 63.1 29.92
4 322 -142.6143 62.5 30.624 -142.0323 63.1 29.92 -142.3004 61.9 29.48 -142.9678 61.3 30.36
3 322 -142.9678 61.3 30.36 -143.0181 61.6 30.712 -142.6143 62.5 30.624
4 15 -140.4361 62.4 26.048 -140.8378 63.1 27.456 -140.6123 64.3 27.984 -139.5854 62.5 24.376
3 15 -140.8378 63.1 27.456 -141.3974 63.3 28.776 -140.6123 64.3 27.984
4 15 -140.6123 64.3 27.984 -141.3974 63.3 28.776 -142.0323 63.1 29.92 -142.1709 65.2 31.944
4 15 -142.1709 65.2 31.944 -142.0323 63.1 29.92 -142.6143 62.5 30.624 -143.5762 65.1 34.76
4 15 -143.5762 65.1 34.76 -142.6143 62.5 30.624 -143.0181 61.6 30.712 -145.1668 63.9 37.048
3 15 -146.6121 60.333 37.077 -145.1668 63.9 37.048 -143.0181 61.6 30.712
3 15 -146.6121 60.333 37.077 -146.1074 62.3 37.664 -145.1668 63.9 37.048
3 15 -146.6121 60.333 37.077 -143.0181 61.6 30.712 -142.9678 61.3 30.36
3 15 -142.3138 60.333 28.2106 -146.6121 60.333 37.077 -142.9678 61.3 30.36
3 15 -142.3138 60.333 28.2106 -142.9678 61.3 30.36 -142.3004 61.9 29.48
3 15 -142.3138 60.333 28.2106 -142.3004 61.9 29.48 -142.0795 61.6 28.776
3 15 -142.3138 60.333 28.2106 -142.0795 61.6 28.776 -142.1446 60.8 28.248
3 322 -151.1565 60.333 46.4512 -151.0222 60.63 46.42 -150.8905 60.82 46.3056
3 322 -151.1565 60.333 46.4512 -150.8905 60.82 46.3056 -150.7573 60.95 46.1384
3 322 -151.1565 60.333 46.4512 -150.7573 60.95 46.1384 -150.6391 61 45.936
3 322 -151.1565 60.333 46.4512 -150.6391 61 45.936 -150.5611 60.95 45.7336
4 322 -151.1565 60.333 46.4512 -150.5611 60.95 45.7336 -150.5322 60.82 45.5664 -150.553 60.63 45.452
3 322 -151.1565 60.333 46.4512 -150.553 60.63 45.452 -150.657 60.333 45.4208
4 322 -150.6071 61.42 46.2176 -150.846 61.42 46.7104 -150.7849 61.7 46.816 -150.6213 61.98 46.7104
4 322 -150.6071 61.42 46.2176 -150.6213 61.98 46.7104 -150.4537 62.1 46.464 -150.3824 61.98 46.2176
3 322 -150.6071 61.42 46.2176 -150.3824 61.98 46.2176 -150.4436 61.7 46.112
3 322 -150.7747 61.3 46.464 -150.846 61.42 46.7104 -150.6071 61.42 46.2176
3 15 -150.657 60.333 45.4208 -150.553 60.63 45.452 -149.4018 60.333 42.8316
4 15 -149.4018 60.333 42.8316 -150.553 60.63 45.452 -150.5322 60.82 45.5664 -149.6985 62.6 45.32
3 15 -150.5322 60.82 45.5664 -150.5611 60.95 45.7336 -149.6985 62.6 45.32
4 15 -149.6985 62.6 45.32 -150.5611 60.95 45.7336 -150.6391 61 45.936 -150.4436 61.7 46.112
3 15 -150.4436 61.7 46.112 -150.3824 61.98 46.2176 -149.6985 62.6 45.32
4 15 -149.6985 62.6 45.32 -150.3824 61.98 46.2176 -150.4537 62.1 46.464 -150.0531 63.7631 47.0141
3 15 -150.0531 63.7631 47.0141 -150.4537 62.1 46.464 -150.6213 61.98 46.7104
3 15 -150.0531 63.7631 47.0141 -150.6213 61.98 46.7104 -150.7849 61.7 46.816
3 15 -151.743 60.333 47.661 -150.0531 63.7631 47.0141 -150.7849 61.7 46.816
3 15 -150.7849 61.7 46.816 -150.846 61.42 46.7104 -151.743 60.333 47.661
3 15 -151.743 60.333 47.661 -150.846 61.42 46.7104 -151.0222 60.63 46.42
3 15 -151.743 60.333 47.661 -151.0222 60.63 46.42 -151.1565 60.333 46.4512
4 15 -150.8905 60.82 46.3056 -151.0222 60.63 46.42 -150.846 61.42 46.7104 -150.7747 61.3 46.464
4 15 -150.7573 60.95 46.1384 -150.8905 60.82 46.3056 -150.7747 61.3 46.464 -150.6071 61.42 46.2176
4 15 -150.6391 61 45.936 -150.7573 60.95 46.1384 -150.6071 61.42 46.2176 -150.4436 61.7 46.112
3 322 -139.5854 62.5 24.376 -136.022 60.333 15.232 -139.0938 60.333 21.5685
3 15 -140.3228 61.3 24.904 -140.4361 62.4 26.048 -139.5854 62.5 24.376
3 15 -140.367 60.333 24.1949 -140.3228 61.3 24.904 -139.5854 62.5 24.376
3 15 -139.0938 60.333 21.5685 -140.367 60.333 24.1949 -139.5854 62.5 24.376
4 322 -149.6985 62.6 45.32 -150.0531 63.7631 47.0141 -147.1455 69.6648 45.9009 -144.0299 69.691 39.4957
3 322 -143.5762 65.1 34.76 -144.0299 69.691 39.4957 -142.1709 65.2 31.944
3 322 -140.6123 64.3 27.984 -142.1709 65.2 31.944 -144.0299 69.691 39.4957
3 322 -136.022 60.333 15.232 -139.5854 62.5 24.376 -140.6123 64.3 27.984
3 322 -136.022 60.333 15.232 -140.6123 64.3 27.984 -144.0299 69.691 39.4957
3 322 -115.352 60.333 -14.46 -110.0906 60.333 -19.9719 -109.9262 58.6 -20.592
3 322 -115.352 60.333 -14.46 -109.9262 58.6 -20.592 -110.016 56.9528 -20.9236
3 15 -108.4136 55.9378 -22.8645 -110.016 56.9528 -20.9236 -108.329 59.1054 -22.1347
4 15 -108.329 59.1054 -22.1347 -110.016 56.9528 -20.9236 -109.9262 58.6 -20.592 -108.5509 60.333 -21.585
3 15 -109.9262 58.6 -20.592 -110.0906 60.333 -19.9719 -108.5509 60.333 -21.585
4 322 -110.016 56.9528 -20.9236 -110.5845 55.2 -20.68 -117.4237 51.9928 -13.9839 -115.352 60.333 -14.46
3 322 -117.4237 51.9928 -13.9839 -110.5845 55.2 -20.68 -111.8183 53.9 -19.624
3 322 -117.4237 51.9928 -13.9839 -111.8183 53.9 -19.624 -113.6466 52.9 -17.864
3 322 -117.4237 51.9928 -13.9839 -113.6466 52.9 -17.864 -115.8865 52.3 -15.576
4 15 -117.8927 50.1045 -13.8761 -117.4237 51.9928 -13.9839 -115.8865 52.3 -15.576 -114.1889 50.2651 -17.8345
3 15 -114.1889 50.2651 -17.8345 -115.8865 52.3 -15.576 -113.6466 52.9 -17.864
3 15 -114.1889 50.2651 -17.8345 -113.6466 52.9 -17.864 -111.8183 53.9 -19.624
4 15 -108.4136 55.9378 -22.8645 -114.1889 50.2651 -17.8345 -111.8183 53.9 -19.624 -110.5845 55.2 -20.68
3 15 -110.5845 55.2 -20.68 -110.016 56.9528 -20.9236 -108.4136 55.9378 -22.8645
4 15 -112.1823 50.7341 -19.8986 -114.1889 50.2651 -17.8345 -108.4136 55.9378 -22.8645 -109.1997 53.15 -22.6045
3 15 -112.1823 50.7341 -19.8986 -109.1997 53.15 -22.6045 -110.5494 51.6307 -21.4697
3 322 -115.352 60.333 -14.46 -111.6216 65.4576 -15.6392 -111.1621 64.7 -16.544
3 322 -115.352 60.333 -14.46 -111.1621 64.7 -16.544 -110.5869 62.8572 -18.1656
4 15 -109.1515 63.6176 -19.2819 -110.5869 62.8572 -18.1656 -111.1621 64.7 -16.544 -110.5822 66.8855 -15.9678
3 15 -111.1621 64.7 -16.544 -111.6216 65.4576 -15.6392 -110.5822 66.8855 -15.9678
3 15 -109.1515 63.6176 -19.2819 -110.5822 66.8855 -15.9678 -109.7931 65.3985 -17.625
3 322 -115.352 60.333 -14.46 -110.5869 62.8572 -18.1656 -110.0906 60.333 -19.9719
4 15 -109.1515 63.6176 -19.2819 -108.5509 60.333 -21.585 -110.0906 60.333 -19.9719 -110.5869 62.8572 -18.1656
4 322 -115.5111 64.8 -11.352 -115.9516 64.6 -10.912 -116.2594 64.8 -10.384 -115.1741 65.2 -11.528
4 322 -115.1741 65.2 -11.528 -116.2594 64.8 -10.384 -116.2625 65.2 -10.12 -116.0973 65.8 -9.944
4 322 -114.8696 65.4 -11.792 -115.1741 65.2 -11.528 -116.0973 65.8 -9.944 -115.6096 66.5 -10.12
4 322 -114.8696 65.4 -11.792 -115.6096 66.5 -10.12 -115.0184 67 -10.56 -114.3235 67.3 -11.264
3 322 -114.8696 65.4 -11.792 -114.3235 67.3 -11.264 -113.661 67.4 -12.056
3 322 -113.661 67.4 -12.056 -114.6801 65.1 -12.232 -114.8696 65.4 -11.792
3 322 -113.661 67.4 -12.056 -114.7742 64.1 -12.76 -114.6801 65.1 -12.232
4 322 -115.352 60.333 -14.46 -115.2555 62.6 -13.112 -114.7742 64.1 -12.76 -113.661 67.4 -12.056
3 322 -115.352 60.333 -14.46 -115.7972 61.2299 -13.3014 -115.2555 62.6 -13.112
3 15 -118.6564 66.9904 -5.86 -116.0973 65.8 -9.944 -116.2625 65.2 -10.12
3 15 -118.6564 66.9904 -5.86 -116.2625 65.2 -10.12 -116.2594 64.8 -10.384
3 15 -118.6564 66.9904 -5.86 -116.405 66 -9.416 -116.0973 65.8 -9.944
3 15 -115.7972 61.2299 -13.3014 -118.6564 66.9904 -5.86 -116.2594 64.8 -10.384
3 15 -115.7972 61.2299 -13.3014 -116.2594 64.8 -10.384 -115.9516 64.6 -10.912
3 15 -115.7972 61.2299 -13.3014 -115.9516 64.6 -10.912 -115.5111 64.8 -11.352
3 15 -115.7972 61.2299 -13.3014 -115.5111 64.8 -11.352 -115.2555 62.6 -13.112
4 15 -114.7742 64.1 -12.76 -115.2555 62.6 -13.112 -115.5111 64.8 -11.352 -115.1741 65.2 -11.528
4 15 -114.6801 65.1 -12.232 -114.7742 64.1 -12.76 -115.1741 65.2 -11.528 -114.8696 65.4 -11.792
4 322 -116.1542 66.12 -9.6624 -116.5352 66.12 -9.1696 -116.4762 66.4 -9.064 -116.2539 66.68 -9.1696
4 322 -116.1542 66.12 -9.6624 -116.2539 66.68 -9.1696 -116.0032 66.8 -9.416 -115.873 66.68 -9.6624
3 322 -116.1542 66.12 -9.6624 -115.873 66.68 -9.6624 -115.932 66.4 -9.768
3 322 -116.405 66 -9.416 -116.5352 66.12 -9.1696 -116.1542 66.12 -9.6624
4 322 -114.7515 67.87 -10.34 -115.4998 67.87 -9.372 -115.4183 68.1 -9.328 -115.2688 68.33 -9.372
4 322 -114.7515 67.87 -10.34 -115.2688 68.33 -9.372 -115.0849 68.52 -9.4864 -114.8904 68.65 -9.6536
4 322 -114.7515 67.87 -10.34 -114.8904 68.65 -9.6536 -114.7088 68.7 -9.856 -114.5774 68.65 -10.0584
4 322 -114.7515 67.87 -10.34 -114.5774 68.65 -10.0584 -114.5135 68.52 -10.2256 -114.5205 68.33 -10.34
3 322 -114.7515 67.87 -10.34 -114.5205 68.33 -10.34 -114.602 68.1 -10.384
4 322 -114.7515 67.87 -10.34 -114.9354 67.68 -10.2256 -115.1299 67.55 -10.0584 -115.3115 67.5 -9.856
4 322 -114.7515 67.87 -10.34 -115.3115 67.5 -9.856 -115.4428 67.55 -9.6536 -115.5068 67.68 -9.4864
3 322 -115.5068 67.68 -9.4864 -115.4998 67.87 -9.372 -114.7515 67.87 -10.34
4 15 -114.7515 67.87 -10.34 -114.602 68.1 -10.384 -114.3235 67.3 -11.264 -115.0184 67 -10.56
3 15 -115.0184 67 -10.56 -114.9354 67.68 -10.2256 -114.7515 67.87 -10.34
4 15 -115.1299 67.55 -10.0584 -114.9354 67.68 -10.2256 -115.0184 67 -10.56 -115.6096 66.5 -10.12
4 15 -115.3115 67.5 -9.856 -115.1299 67.55 -10.0584 -115.6096 66.5 -10.12 -115.873 66.68 -9.6624
3 15 -115.932 66.4 -9.768 -115.873 66.68 -9.6624 -115.6096 66.5 -10.12
4 15 -115.932 66.4 -9.768 -115.6096 66.5 -10.12 -116.0973 65.8 -9.944 -116.1542 66.12 -9.6624
3 15 -116.0973 65.8 -9.944 -116.405 66 -9.416 -116.1542 66.12 -9.6624
3 15 -118.6564 66.9904 -5.86 -116.5352 66.12 -9.1696 -116.405 66 -9.416
3 15 -118.6564 66.9904 -5.86 -116.4762 66.4 -9.064 -116.5352 66.12 -9.1696
3 15 -116.4762 66.4 -9.064 -118.6564 66.9904 -5.86 -116.2539 66.68 -9.1696
3 15 -118.6564 66.9904 -5.86 -115.5068 67.68 -9.4864 -116.2539 66.68 -9.1696
4 15 -116.2539 66.68 -9.1696 -115.5068 67.68 -9.4864 -115.4428 67.55 -9.6536 -116.0032 66.8 -9.416
4 15 -116.0032 66.8 -9.416 -115.4428 67.55 -9.6536 -115.3115 67.5 -9.856 -115.873 66.68 -9.6624
3 15 -118.6564 66.9904 -5.86 -115.4998 67.87 -9.372 -115.5068 67.68 -9.4864
3 15 -118.6564 66.9904 -5.86 -115.4183 68.1 -9.328 -115.4998 67.87 -9.372
4 15 -115.2688 68.33 -9.372 -115.4183 68.1 -9.328 -118.6564 66.9904 -5.86 -115.1062 70.012 -8.4895
4 15 -113.1623 69.5724 -11.2897 -113.661 67.4 -12.056 -114.3235 67.3 -11.264 -114.602 68.1 -10.384
3 15 -114.602 68.1 -10.384 -114.5205 68.33 -10.34 -113.1623 69.5724 -11.2897
3 15 -114.5205 68.33 -10.34 -114.5135 68.52 -10.2256 -113.1623 69.5724 -11.2897
3 15 -114.5135 68.52 -10.2256 -114.5774 68.65 -10.0584 -113.1623 69.5724 -11.2897
4 15 -113.1623 69.5724 -11.2897 -114.5774 68.65 -10.0584 -114.7088 68.7 -9.856 -115.1062 70.012 -8.4895
3 15 -114.8904 68.65 -9.6536 -115.1062 70.012 -8.4895 -114.7088 68.7 -9.856
3 15 -115.0849 68.52 -9.4864 -115.1062 70.012 -8.4895 -114.8904 68.65 -9.6536
3 15 -115.2688 68.33 -9.372 -115.1062 70.012 -8.4895 -115.0849 68.52 -9.4864
3 15 -118.6564 66.9904 -5.86 -120.15 69.9996 -1.9728 -115.1062 70.012 -8.4895
3 322 -112.5366 66.5656 -14.0526 -113.661 67.4 -12.056 -112.9953 67.1 -13.112
3 322 -112.5366 66.5656 -14.0526 -115.352 60.333 -14.46 -113.661 67.4 -12.056
4 15 -111.6743 68.4745 -13.9278 -112.5366 66.5656 -14.0526 -112.9953 67.1 -13.112 -113.1623 69.5724 -11.2897
3 15 -112.9953 67.1 -13.112 -113.661 67.4 -12.056 -113.1623 69.5724 -11.2897
4 15 -132.1259 63.3851 11.4019 -132.8778 62.7961 12.1411 -132.4571 63.6 12.056 -132.111 63.6 11.528
3 322 -131.9752 69.6871 15.5353 -132.4571 63.6 12.056 -132.8778 62.7961 12.1411
3 322 -136.022 60.333 15.232 -131.9752 69.6871 15.5353 -132.8778 62.7961 12.1411
3 322 -132.1259 63.3851 11.4019 -132.111 63.6 11.528 -125.5985 69.8577 5.9261
3 322 -132.1259 63.3851 11.4019 -125.5985 69.8577 5.9261 -125.6828 68.4324 5.068
4 322 -125.5985 69.8577 5.9261 -132.111 63.6 11.528 -132.4571 63.6 12.056 -131.9752 69.6871 15.5353
3 15 -125.5985 69.8577 5.9261 -123.802 69.9058 3.219 -125.6828 68.4324 5.068
3 322 -115.352 60.333 -14.46 -116.2616 60.333 -13.1534 -115.7972 61.2299 -13.3014
4 322 -118.6564 66.9904 -5.86 -118.2307 65.4 -7.392 -120.6861 66.3 -3.344 -121.015 66.7 -2.64
4 322 -119.3273 68 -4.312 -118.6564 66.9904 -5.86 -121.015 66.7 -2.64 -121.0779 67 -2.376
4 322 -119.3273 68 -4.312 -121.0779 67 -2.376 -120.8362 67.6 -2.376 -119.8996 68.1 -3.432
3 322 -120.8362 67.6 -2.376 -120.43 68 -2.728 -119.8996 68.1 -3.432
3 15 -115.7972 61.2299 -13.3014 -118.1387 63.5 -8.624 -118.2307 65.4 -7.392
3 15 -115.7972 61.2299 -13.3014 -118.5383 61.9 -8.976 -118.1387 63.5 -8.624
3 15 -115.7972 61.2299 -13.3014 -119.286 60.333 -8.8089 -118.5383 61.9 -8.976
3 15 -116.2616 60.333 -13.1534 -119.286 60.333 -8.8089 -115.7972 61.2299 -13.3014
4 15 -132.9349 60.333 10.7975 -133.5075 60.333 11.62 -132.8778 62.7961 12.1411 -132.1238 63 11.176
3 15 -132.8778 62.7961 12.1411 -132.1259 63.3851 11.4019 -132.1238 63 11.176
4 15 -131.0096 60.333 8.0318 -131.5739 60.333 8.8423 -131.1161 61.7 8.976 -130.5841 61.5 8.096
4 15 -130.5841 61.5 8.096 -131.1161 61.7 8.976 -130.61 62.5 8.712 -130.2601 62 7.92
4 15 -130.2601 62 7.92 -130.61 62.5 8.712 -130.1425 62.9 8.272 -129.8329 62.3 7.48
4 15 -129.8329 62.3 7.48 -130.1425 62.9 8.272 -129.5718 63.1 7.568 -129.2026 62.8 6.864
3 15 -129.4444 62.2 6.864 -129.8329 62.3 7.48 -129.2026 62.8 6.864
4 15 -129.2108 60.333 5.4479 -128.9091 61.4 5.632 -128.2562 61.5 4.752 -128.5862 60.333 4.5506
4 15 -128.2562 61.5 4.752 -128.9091 61.4 5.632 -128.5867 62.2 5.632 -127.9934 62 4.664
4 15 -127.9934 62 4.664 -128.5867 62.2 5.632 -128.1612 62.8 5.368 -127.6888 62.3 4.4
4 15 -127.6888 62.3 4.4 -128.1612 62.8 5.368 -127.734 63.1 4.928 -126.3863 63.1 2.992
4 15 -126.6876 62.2 2.904 -127.6888 62.3 4.4 -126.3863 63.1 2.992 -125.9348 62.7 2.112
4 15 -126.2572 61.9 2.112 -126.6876 62.2 2.904 -125.9348 62.7 2.112 -125.9928 62.1 1.848
3 15 -126.361 60.333 1.3542 -126.2506 60.7 1.408 -125.6602 60.333 .3475
4 15 -125.6602 60.333 .3475 -126.2506 60.7 1.408 -125.5833 61.9 1.144 -124.8868 61.5 -.088
4 15 -124.8868 61.5 -.088 -125.5833 61.9 1.144 -124.8321 62.7 .528 -124.2985 62.2 -.528
4 15 -124.2985 62.2 -.528 -124.8321 62.7 .528 -123.9971 63.1 -.44 -123.6053 62.4 -1.408
4 15 -123.6053 62.4 -1.408 -123.9971 63.1 -.44 -123.1394 63.1 -1.672 -122.6058 62.6 -2.728
4 15 -123.1119 61.8 -2.464 -123.6053 62.4 -1.408 -122.6058 62.6 -2.728 -122.5396 61.7 -3.344
3 15 -122.7813 61.1 -3.344 -123.1119 61.8 -2.464 -122.5396 61.7 -3.344
3 322 -134.4236 60.333 12.936 -136.022 60.333 15.232 -132.8778 62.7961 12.1411
3 322 -134.4236 60.333 12.936 -132.8778 62.7961 12.1411 -133.5075 60.333 11.62
3 322 -119.286 60.333 -8.8089 -125.6602 60.333 .3475 -122.7813 61.1 -3.344
3 322 -125.6602 60.333 .3475 -123.1119 61.8 -2.464 -122.7813 61.1 -3.344
3 322 -125.6602 60.333 .3475 -123.6053 62.4 -1.408 -123.1119 61.8 -2.464
3 322 -125.6602 60.333 .3475 -124.2985 62.2 -.528 -123.6053 62.4 -1.408
3 322 -125.6602 60.333 .3475 -124.8868 61.5 -.088 -124.2985 62.2 -.528
3 322 -119.286 60.333 -8.8089 -122.7813 61.1 -3.344 -122.5396 61.7 -3.344
3 322 -119.286 60.333 -8.8089 -122.5396 61.7 -3.344 -121.413 64.8 -3.168
3 322 -119.286 60.333 -8.8089 -121.413 64.8 -3.168 -120.9858 65.1 -3.608
4 322 -119.286 60.333 -8.8089 -120.9858 65.1 -3.608 -120.7231 65.6 -3.696 -118.5383 61.9 -8.976
4 322 -118.1387 63.5 -8.624 -118.5383 61.9 -8.976 -120.7231 65.6 -3.696 -118.2307 65.4 -7.392
3 322 -118.2307 65.4 -7.392 -120.7231 65.6 -3.696 -120.6861 66.3 -3.344
4 322 -121.413 64.8 -3.168 -122.5396 61.7 -3.344 -122.6058 62.6 -2.728 -122.2094 64.8 -2.024
4 322 -122.2094 64.8 -2.024 -122.6058 62.6 -2.728 -123.1394 63.1 -1.672 -123.1107 65.3 -.44
4 322 -123.1107 65.3 -.44 -123.1394 63.1 -1.672 -123.9971 63.1 -.44 -124.1151 66 1.408
4 322 -125.9348 62.7 2.112 -124.1151 66 1.408 -123.9971 63.1 -.44 -124.8321 62.7 .528
4 322 -125.9928 62.1 1.848 -125.9348 62.7 2.112 -124.8321 62.7 .528 -125.5833 61.9 1.144
4 322 -126.2572 61.9 2.112 -125.9928 62.1 1.848 -125.5833 61.9 1.144 -126.2506 60.7 1.408
4 322 -126.2572 61.9 2.112 -126.2506 60.7 1.408 -128.2562 61.5 4.752 -126.6876 62.2 2.904
4 322 -126.6876 62.2 2.904 -128.2562 61.5 4.752 -127.9934 62 4.664 -127.6888 62.3 4.4
4 322 -128.5862 60.333 4.5506 -128.2562 61.5 4.752 -126.2506 60.7 1.408 -126.361 60.333 1.3542
4 322 -124.1151 66 1.408 -125.9348 62.7 2.112 -126.3863 63.1 2.992 -125.0599 67 3.344
4 322 -125.0599 67 3.344 -126.3863 63.1 2.992 -127.734 63.1 4.928 -125.6828 68.4324 5.068
4 322 -129.2026 62.8 6.864 -125.6828 68.4324 5.068 -127.734 63.1 4.928 -128.1612 62.8 5.368
4 322 -129.4444 62.2 6.864 -129.2026 62.8 6.864 -128.1612 62.8 5.368 -128.5867 62.2 5.632
3 322 -131.0096 60.333 8.0318 -129.4444 62.2 6.864 -128.5867 62.2 5.632
3 322 -131.0096 60.333 8.0318 -129.8329 62.3 7.48 -129.4444 62.2 6.864
3 322 -131.0096 60.333 8.0318 -130.5841 61.5 8.096 -129.8329 62.3 7.48
3 322 -130.5841 61.5 8.096 -130.2601 62 7.92 -129.8329 62.3 7.48
3 322 -128.9091 61.4 5.632 -129.2108 60.333 5.4479 -131.0096 60.333 8.0318
3 322 -131.0096 60.333 8.0318 -128.5867 62.2 5.632 -128.9091 61.4 5.632
3 322 -125.6828 68.4324 5.068 -129.2026 62.8 6.864 -129.5718 63.1 7.568
4 322 -132.1259 63.3851 11.4019 -125.6828 68.4324 5.068 -129.5718 63.1 7.568 -132.1238 63 11.176
3 322 -130.1425 62.9 8.272 -132.1238 63 11.176 -129.5718 63.1 7.568
3 322 -130.61 62.5 8.712 -132.1238 63 11.176 -130.1425 62.9 8.272
4 322 -132.1238 63 11.176 -130.61 62.5 8.712 -131.1161 61.7 8.976 -132.9349 60.333 10.7975
3 322 -131.5739 60.333 8.8423 -132.9349 60.333 10.7975 -131.1161 61.7 8.976
3 15 -118.2307 65.4 -7.392 -118.6564 66.9904 -5.86 -115.7972 61.2299 -13.3014
3 15 -123.802 69.9058 3.219 -120.43 68 -2.728 -125.6828 68.4324 5.068
4 15 -125.6828 68.4324 5.068 -120.43 68 -2.728 -120.8362 67.6 -2.376 -125.0599 67 3.344
4 15 -125.0599 67 3.344 -120.8362 67.6 -2.376 -121.0779 67 -2.376 -124.1151 66 1.408
4 15 -124.1151 66 1.408 -121.0779 67 -2.376 -121.015 66.7 -2.64 -123.1107 65.3 -.44
4 15 -123.1107 65.3 -.44 -121.015 66.7 -2.64 -120.6861 66.3 -3.344 -122.2094 64.8 -2.024
4 15 -122.2094 64.8 -2.024 -120.6861 66.3 -3.344 -120.7231 65.6 -3.696 -121.413 64.8 -3.168
3 15 -121.413 64.8 -3.168 -120.7231 65.6 -3.696 -120.9858 65.1 -3.608
3 15 -118.6564 66.9904 -5.86 -119.3273 68 -4.312 -120.15 69.9996 -1.9728
3 15 -119.3273 68 -4.312 -119.8996 68.1 -3.432 -120.15 69.9996 -1.9728
4 15 -120.15 69.9996 -1.9728 -119.8996 68.1 -3.432 -120.43 68 -2.728 -123.802 69.9058 3.219
3 322 -116.5255 59.5 -13.024 -116.2616 60.333 -13.1534 -115.352 60.333 -14.46
3 322 -115.352 60.333 -14.46 -117.3272 58.3 -12.232 -116.5255 59.5 -13.024
3 322 -117.4237 51.9928 -13.9839 -117.3272 58.3 -12.232 -115.352 60.333 -14.46
3 322 -117.4237 51.9928 -13.9839 -118.2905 57.5 -11.088 -117.3272 58.3 -12.232
3 322 -117.4237 51.9928 -13.9839 -119.6187 57.3 -9.24 -118.2905 57.5 -11.088
4 15 -119.286 60.333 -8.8089 -116.2616 60.333 -13.1534 -116.5255 59.5 -13.024 -119.8962 59.2 -8.272
4 15 -119.8962 59.2 -8.272 -116.5255 59.5 -13.024 -117.3272 58.3 -12.232 -118.2905 57.5 -11.088
4 15 -120.737 58.4 -7.304 -119.8962 59.2 -8.272 -118.2905 57.5 -11.088 -119.6187 57.3 -9.24
3 15 -119.6187 57.3 -9.24 -121.4748 57.8 -6.424 -120.737 58.4 -7.304
4 15 -133.6141 58.6492 11.2685 -133.5782 59.1 11.352 -133.0269 59.1 10.56 -133.0886 58.2818 10.4035
4 15 -133.5338 59.9 11.528 -133.0269 59.1 10.56 -133.5782 59.1 11.352 -134.1895 59.4 12.32
4 15 -134.0838 60.2 12.408 -133.5338 59.9 11.528 -134.1895 59.4 12.32 -134.4931 60 12.936
3 15 -134.4236 60.333 12.936 -134.0838 60.2 12.408 -134.4931 60 12.936
3 15 -132.9825 59.9 10.736 -133.0269 59.1 10.56 -133.5338 59.9 11.528
3 15 -133.5338 59.9 11.528 -132.9349 60.333 10.7975 -132.9825 59.9 10.736
3 15 -133.5338 59.9 11.528 -133.5075 60.333 11.62 -132.9349 60.333 10.7975
4 15 -131.6791 59.1 8.624 -133.0269 59.1 10.56 -132.9825 59.9 10.736 -131.6347 59.9 8.8
4 15 -131.1278 59.1 7.832 -131.6791 59.1 8.624 -131.6347 59.9 8.8 -131.0834 59.9 8.008
4 15 -131.7618 57.354 8.2195 -131.6791 59.1 8.624 -131.1278 59.1 7.832 -131.2361 57.7 7.568
3 15 -131.1838 56.9497 7.2679 -131.7618 57.354 8.2195 -131.2361 57.7 7.568
4 15 -131.1278 59.1 7.832 -131.0834 59.9 8.008 -130.635 59.7 7.304 -130.5556 59.2 7.04
4 15 -131.0096 60.333 8.0318 -131.0834 59.9 8.008 -131.6347 59.9 8.8 -131.5739 60.333 8.8423
4 15 -129.4063 55.9 4.4 -129.5679 56.3 4.752 -128.9344 56.4 3.872 -129.1 55.9 3.96
3 15 -128.5862 60.333 4.5506 -128.9344 56.4 3.872 -129.5679 56.3 4.752
3 15 -129.5679 56.3 4.752 -129.2108 60.333 5.4479 -128.5862 60.333 4.5506
4 15 -123.5381 57.6 -3.52 -123.5408 57 -3.696 -123.9878 57.5 -2.904 -123.7206 57.9 -3.168
4 15 -124.3984 57 -2.464 -123.9878 57.5 -2.904 -123.5408 57 -3.696 -124.1352 56.5 -2.992
4 15 -124.3984 57 -2.464 -124.1352 56.5 -2.992 -124.9121 56.3 -1.936 -125.1948 57 -1.32
4 15 -125.1948 57 -1.32 -124.9121 56.3 -1.936 -125.7071 56.6 -.704 -125.5792 57.8 -.528
4 15 -125.5792 57.8 -.528 -125.7071 56.6 -.704 -126.1932 57.5 .264 -125.8593 59.1 .264
4 15 -125.8593 59.1 .264 -126.1932 57.5 .264 -126.5137 58.9 1.144 -125.6602 60.333 .3475
3 15 -126.5137 58.9 1.144 -126.361 60.333 1.3542 -125.6602 60.333 .3475
3 322 -134.0838 60.2 12.408 -134.4236 60.333 12.936 -133.5075 60.333 11.62
3 322 -133.5075 60.333 11.62 -133.5338 59.9 11.528 -134.0838 60.2 12.408
3 322 -136.022 60.333 15.232 -134.4236 60.333 12.936 -134.4931 60 12.936
3 322 -136.022 60.333 15.232 -134.4931 60 12.936 -134.1895 59.4 12.32
3 322 -133.6141 58.6492 11.2685 -136.022 60.333 15.232 -134.1895 59.4 12.32
3 322 -133.6141 58.6492 11.2685 -134.1895 59.4 12.32 -133.5782 59.1 11.352
3 322 -133.0886 58.2818 10.4035 -133.0269 59.1 10.56 -131.7618 57.354 8.2195
3 322 -131.7618 57.354 8.2195 -133.0269 59.1 10.56 -131.6791 59.1 8.624
3 322 -122.969 51.2053 -6.2542 -129.4063 55.9 4.4 -129.1 55.9 3.96
3 322 -122.969 51.2053 -6.2542 -129.1 55.9 3.96 -125.7071 56.6 -.704
3 322 -122.969 51.2053 -6.2542 -125.7071 56.6 -.704 -124.9121 56.3 -1.936
3 322 -122.969 51.2053 -6.2542 -124.9121 56.3 -1.936 -124.1352 56.5 -2.992
4 322 -122.969 51.2053 -6.2542 -124.1352 56.5 -2.992 -123.5408 57 -3.696 -121.4748 57.8 -6.424
4 322 -119.6858 51.4 -10.912 -122.969 51.2053 -6.2542 -121.4748 57.8 -6.424 -119.6187 57.3 -9.24
3 322 -117.4237 51.9928 -13.9839 -119.6858 51.4 -10.912 -119.6187 57.3 -9.24
4 322 -121.4748 57.8 -6.424 -123.5408 57 -3.696 -123.5381 57.6 -3.52 -119.286 60.333 -8.8089
3 322 -119.286 60.333 -8.8089 -123.5381 57.6 -3.52 -123.7206 57.9 -3.168
3 322 -123.7206 57.9 -3.168 -125.6602 60.333 .3475 -119.286 60.333 -8.8089
3 322 -125.6602 60.333 .3475 -123.7206 57.9 -3.168 -123.9878 57.5 -2.904
3 322 -125.6602 60.333 .3475 -123.9878 57.5 -2.904 -124.3984 57 -2.464
3 322 -125.6602 60.333 .3475 -124.3984 57 -2.464 -125.1948 57 -1.32
3 322 -125.6602 60.333 .3475 -125.1948 57 -1.32 -125.5792 57.8 -.528
3 322 -125.6602 60.333 .3475 -125.5792 57.8 -.528 -125.8593 59.1 .264
3 322 -119.286 60.333 -8.8089 -120.737 58.4 -7.304 -121.4748 57.8 -6.424
3 322 -119.286 60.333 -8.8089 -119.8962 59.2 -8.272 -120.737 58.4 -7.304
4 322 -128.5862 60.333 4.5506 -126.361 60.333 1.3542 -126.5137 58.9 1.144 -128.9344 56.4 3.872
4 322 -128.9344 56.4 3.872 -126.5137 58.9 1.144 -126.1932 57.5 .264 -129.1 55.9 3.96
3 322 -129.1 55.9 3.96 -126.1932 57.5 .264 -125.7071 56.6 -.704
3 322 -131.0096 60.333 8.0318 -130.635 59.7 7.304 -131.0834 59.9 8.008
3 322 -130.635 59.7 7.304 -131.0096 60.333 8.0318 -129.2108 60.333 5.4479
3 322 -129.2108 60.333 5.4479 -130.5556 59.2 7.04 -130.635 59.7 7.304
3 322 -129.2108 60.333 5.4479 -129.5679 56.3 4.752 -130.5556 59.2 7.04
3 322 -131.1838 56.9497 7.2679 -130.5556 59.2 7.04 -129.5679 56.3 4.752
3 322 -131.1838 56.9497 7.2679 -131.2361 57.7 7.568 -130.5556 59.2 7.04
3 322 -131.2361 57.7 7.568 -131.1278 59.1 7.832 -130.5556 59.2 7.04
3 322 -131.1838 56.9497 7.2679 -129.5679 56.3 4.752 -129.4063 55.9 4.4
3 322 -129.4063 55.9 4.4 -122.969 51.2053 -6.2542 -131.1838 56.9497 7.2679
4 322 -131.5739 60.333 8.8423 -131.6347 59.9 8.8 -132.9825 59.9 10.736 -132.9349 60.333 10.7975
4 15 -121.3031 50.0404 -8.9964 -122.969 51.2053 -6.2542 -119.6858 51.4 -10.912 -117.8927 50.1045 -13.8761
3 15 -117.8927 50.1045 -13.8761 -119.6858 51.4 -10.912 -117.4237 51.9928 -13.9839
4 15 -134.3588 56.5 11.88 -134.7299 56.4 12.408 -134.5931 56.9 12.32 -134.3097 57.2 11.968
4 15 -134.3588 56.5 11.88 -134.3097 57.2 11.968 -133.6579 57.2 11 -133.3516 56.5 10.384
4 15 -133.1273 56.8 10.12 -133.3516 56.5 10.384 -133.6579 57.2 11 -133.0886 58.2818 10.4035
3 15 -133.6579 57.2 11 -133.6141 58.6492 11.2685 -133.0886 58.2818 10.4035
4 15 -131.1838 56.9497 7.2679 -131.1437 56.6 7.128 -131.6487 56.4 7.832 -131.7618 57.354 8.2195
4 15 -131.2239 55.7 7.04 -131.6487 56.4 7.832 -131.1437 56.6 7.128 -130.9714 55.8 6.688
3 322 -136.7754 56.2 15.4 -137.1393 56.5954 16.0314 -136.022 60.333 15.232
3 322 -136.022 60.333 15.232 -134.5931 56.9 12.32 -136.7754 56.2 15.4
3 322 -136.022 60.333 15.232 -134.3097 57.2 11.968 -134.5931 56.9 12.32
3 322 -134.3097 57.2 11.968 -136.022 60.333 15.232 -133.6141 58.6492 11.2685
3 322 -133.6141 58.6492 11.2685 -133.6579 57.2 11 -134.3097 57.2 11.968
3 322 -136.7754 56.2 15.4 -134.5931 56.9 12.32 -134.7299 56.4 12.408
3 322 -134.4472 54.4 11.528 -136.7754 56.2 15.4 -134.7299 56.4 12.408
4 322 -134.4472 54.4 11.528 -134.7299 56.4 12.408 -134.3588 56.5 11.88 -133.3516 56.5 10.384
4 322 -132.2192 53.1 7.92 -134.4472 54.4 11.528 -133.3516 56.5 10.384 -131.6487 56.4 7.832
4 322 -131.6487 56.4 7.832 -133.3516 56.5 10.384 -133.1273 56.8 10.12 -131.7618 57.354 8.2195
3 322 -133.1273 56.8 10.12 -133.0886 58.2818 10.4035 -131.7618 57.354 8.2195
4 322 -132.2192 53.1 7.92 -131.6487 56.4 7.832 -131.2239 55.7 7.04 -129.1463 51.9 3.08
4 322 -129.1463 51.9 3.08 -131.2239 55.7 7.04 -130.9714 55.8 6.688 -122.969 51.2053 -6.2542
3 322 -122.969 51.2053 -6.2542 -126.0396 51.3 -1.672 -129.1463 51.9 3.08
3 322 -131.1838 56.9497 7.2679 -130.9714 55.8 6.688 -131.1437 56.6 7.128
3 322 -130.9714 55.8 6.688 -131.1838 56.9497 7.2679 -122.969 51.2053 -6.2542
3 15 -134.4472 54.4 11.528 -132.2192 53.1 7.92 -139.0727 50.1274 17.4147
3 15 -136.7754 56.2 15.4 -134.4472 54.4 11.528 -139.0727 50.1274 17.4147
3 15 -139.0727 50.1274 17.4147 -137.1393 56.5954 16.0314 -136.7754 56.2 15.4
3 15 -132.2192 53.1 7.92 -129.1463 51.9 3.08 -139.0727 50.1274 17.4147
4 15 -139.0727 50.1274 17.4147 -129.1463 51.9 3.08 -126.0396 51.3 -1.672 -121.3031 50.0404 -8.9964
3 15 -121.3031 50.0404 -8.9964 -126.0396 51.3 -1.672 -122.969 51.2053 -6.2542
3 322 -148.6161 58.3 40.392 -149.4018 60.333 42.8316 -146.6121 60.333 37.077
3 322 -148.3312 57.5849 39.5165 -148.6161 58.3 40.392 -146.6121 60.333 37.077
3 322 -148.3312 57.5849 39.5165 -146.6121 60.333 37.077 -146.35 59.2 36.08
3 322 -148.3312 57.5849 39.5165 -146.35 59.2 36.08 -145.3044 58 33.44
4 322 -143.0672 53.3448 26.9502 -148.3312 57.5849 39.5165 -145.3044 58 33.44 -144.2538 57.7 31.152
3 322 -143.0672 53.3448 26.9502 -144.2538 57.7 31.152 -143.2798 58.1 29.304
3 322 -143.0672 53.3448 26.9502 -143.2798 58.1 29.304 -142.7397 58.9 28.512
4 322 -142.0789 54.2 25.256 -143.0672 53.3448 26.9502 -142.7397 58.9 28.512 -142.4128 59.7 28.16
4 322 -141.2314 55.7 24.112 -142.0789 54.2 25.256 -142.4128 59.7 28.16 -140.7253 57.2 23.672
4 322 -140.3543 59.1 23.672 -140.7253 57.2 23.672 -142.4128 59.7 28.16 -140.367 60.333 24.1949
3 322 -140.367 60.333 24.1949 -142.4128 59.7 28.16 -142.3138 60.333 28.2106
3 15 -146.6121 60.333 37.077 -145.3044 58 33.44 -146.35 59.2 36.08
4 15 -142.3138 60.333 28.2106 -144.2538 57.7 31.152 -145.3044 58 33.44 -146.6121 60.333 37.077
3 15 -142.3138 60.333 28.2106 -143.2798 58.1 29.304 -144.2538 57.7 31.152
3 15 -142.3138 60.333 28.2106 -142.7397 58.9 28.512 -143.2798 58.1 29.304
3 15 -142.3138 60.333 28.2106 -142.4128 59.7 28.16 -142.7397 58.9 28.512
4 322 -149.4574 58.492 42.2048 -149.9583 58.8954 43.4005 -149.7788 59.14 43.1288 -149.6348 59.2 42.856
3 322 -149.4574 58.492 42.2048 -149.6348 59.2 42.856 -149.5143 59.14 42.5832
3 322 -149.4574 58.492 42.2048 -149.5143 59.14 42.5832 -149.4366 58.97 42.3544
3 322 -149.4574 58.492 42.2048 -149.4366 58.97 42.3544 -149.4148 58.71 42.2048
4 322 -139.5511 56.79 21.0848 -140.1825 56.79 22.3872 -140.1475 57.1 22.44 -140.0614 57.41 22.3872
4 322 -139.5511 56.79 21.0848 -140.0614 57.41 22.3872 -139.9381 57.67 22.2376 -139.794 57.84 22.0088
4 322 -139.5511 56.79 21.0848 -139.794 57.84 22.0088 -139.65 57.9 21.736 -139.5295 57.84 21.4632
4 322 -139.5511 56.79 21.0848 -139.5295 57.84 21.4632 -139.4518 57.67 21.2344 -139.43 57.41 21.0848
3 322 -139.5511 56.79 21.0848 -139.43 57.41 21.0848 -139.465 57.1 21.032
4 322 -139.5511 56.79 21.0848 -139.6744 56.53 21.2344 -139.8185 56.36 21.4632 -139.9624 56.3 21.736
4 322 -139.5511 56.79 21.0848 -139.9624 56.3 21.736 -140.083 56.36 22.0088 -140.1607 56.53 22.2376
3 322 -140.1607 56.53 22.2376 -140.1825 56.79 22.3872 -139.5511 56.79 21.0848
3 322 -151.1565 60.333 46.4512 -150.7039 60.17 45.452 -151.1732 60.17 46.42
3 322 -150.7039 60.17 45.452 -151.1565 60.333 46.4512 -150.657 60.333 45.4208
4 322 -150.7039 60.17 45.452 -150.7965 59.98 45.5664 -150.9029 59.85 45.7336 -151.0108 59.8 45.936
4 322 -150.7039 60.17 45.452 -151.0108 59.8 45.936 -151.0993 59.85 46.1384 -151.1549 59.98 46.3056
3 322 -151.1549 59.98 46.3056 -151.1732 60.17 46.42 -150.7039 60.17 45.452
4 322 -139.6337 59.12 22.1936 -139.8726 59.12 22.6864 -139.8691 59.4 22.792 -139.7633 59.68 22.6864
4 322 -139.6337 59.12 22.1936 -139.7633 59.68 22.6864 -139.6204 59.8 22.44 -139.5244 59.68 22.1936
3 322 -139.6337 59.12 22.1936 -139.5244 59.68 22.1936 -139.5278 59.4 22.088
3 322 -139.7766 59 22.44 -139.8726 59.12 22.6864 -139.6337 59.12 22.1936
4 5 -139.2293 53.5 19.096 -139.7658 52.5 19.8 -139.6595 53.7 20.064 -138.7354 54.5 18.48
3 5 -138.6516 53.4 17.864 -139.2293 53.5 19.096 -138.7354 54.5 18.48
4 5 -138.7354 54.5 18.48 -139.6595 53.7 20.064 -138.9205 55.3 19.184 -138.2878 55.7 18.04
4 5 -138.9205 55.3 19.184 -139.6595 53.7 20.064 -139.491 55 20.24 -139.0666 56.3 19.888
3 5 -139.6595 53.7 20.064 -140.0738 54.2 21.12 -139.491 55 20.24
4 14 -139.1758 52.9 18.744 -139.9647 51.7 19.888 -139.7658 52.5 19.8 -139.2293 53.5 19.096
4 14 -139.1758 52.9 18.744 -139.2293 53.5 19.096 -138.6516 53.4 17.864 -138.3884 53 17.16
4 14 -138.4368 54.5 17.864 -138.3884 53 17.16 -138.6516 53.4 17.864 -138.7354 54.5 18.48
4 14 -138.4368 54.5 17.864 -138.7354 54.5 18.48 -138.2878 55.7 18.04 -137.8916 56.2 17.424
4 14 -138.679 56.1 19.008 -137.8916 56.2 17.424 -138.2878 55.7 18.04 -138.9205 55.3 19.184
4 14 -138.679 56.1 19.008 -138.9205 55.3 19.184 -139.0666 56.3 19.888 -139.0384 57.1 20.152
4 14 -139.564 55.5 20.592 -139.0384 57.1 20.152 -139.0666 56.3 19.888 -139.491 55 20.24
4 14 -139.564 55.5 20.592 -139.491 55 20.24 -140.0738 54.2 21.12 -140.4542 54 21.824
4 14 -139.9509 53.3 20.504 -140.4542 54 21.824 -140.0738 54.2 21.12 -139.6595 53.7 20.064
4 14 -139.9509 53.3 20.504 -139.6595 53.7 20.064 -139.7658 52.5 19.8 -139.9647 51.7 19.888
3 15 -148.3312 57.5849 39.5165 -149.4574 58.492 42.2048 -148.6161 58.3 40.392
3 15 -149.4574 58.492 42.2048 -149.4148 58.71 42.2048 -148.6161 58.3 40.392
4 15 -148.6161 58.3 40.392 -149.4148 58.71 42.2048 -149.4366 58.97 42.3544 -149.4018 60.333 42.8316
3 15 -149.4018 60.333 42.8316 -149.4366 58.97 42.3544 -149.5143 59.14 42.5832
3 15 -149.5143 59.14 42.5832 -149.6348 59.2 42.856 -149.4018 60.333 42.8316
3 15 -149.7788 59.14 43.1288 -149.4018 60.333 42.8316 -149.6348 59.2 42.856
3 15 -149.4018 60.333 42.8316 -149.7788 59.14 43.1288 -149.9583 58.8954 43.4005
3 15 -149.4018 60.333 42.8316 -149.9583 58.8954 43.4005 -150.379 59.1 44.352
4 15 -150.657 60.333 45.4208 -149.4018 60.333 42.8316 -150.379 59.1 44.352 -150.7039 60.17 45.452
3 15 -151.743 60.333 47.661 -151.1565 60.333 46.4512 -151.1732 60.17 46.42
3 15 -151.743 60.333 47.661 -151.1732 60.17 46.42 -151.1549 59.98 46.3056
3 15 -151.743 60.333 47.661 -151.1549 59.98 46.3056 -151.0993 59.85 46.1384
3 15 -150.379 59.1 44.352 -151.0993 59.85 46.1384 -151.0108 59.8 45.936
3 15 -150.379 59.1 44.352 -151.0108 59.8 45.936 -150.9029 59.85 45.7336
3 15 -150.379 59.1 44.352 -150.9029 59.85 45.7336 -150.7965 59.98 45.5664
3 15 -150.379 59.1 44.352 -150.7965 59.98 45.5664 -150.7039 60.17 45.452
3 322 -138.4736 58.9 19.712 -139.0938 60.333 21.5685 -136.022 60.333 15.232
3 322 -137.1393 56.5954 16.0314 -138.4736 58.9 19.712 -136.022 60.333 15.232
3 15 -140.367 60.333 24.1949 -139.6204 59.8 22.44 -139.7633 59.68 22.6864
3 15 -139.0938 60.333 21.5685 -139.5244 59.68 22.1936 -139.6204 59.8 22.44
3 15 -139.6204 59.8 22.44 -140.367 60.333 24.1949 -139.0938 60.333 21.5685
3 15 -139.0938 60.333 21.5685 -138.4736 58.9 19.712 -139.5244 59.68 22.1936
3 15 -138.4736 58.9 19.712 -139.5278 59.4 22.088 -139.5244 59.68 22.1936
4 15 -139.6337 59.12 22.1936 -139.5278 59.4 22.088 -138.4736 58.9 19.712 -139.5295 57.84 21.4632
3 15 -139.5295 57.84 21.4632 -139.65 57.9 21.736 -139.6337 59.12 22.1936
4 15 -139.6337 59.12 22.1936 -139.65 57.9 21.736 -139.794 57.84 22.0088 -139.7766 59 22.44
4 15 -139.7766 59 22.44 -139.794 57.84 22.0088 -139.9381 57.67 22.2376 -139.8726 59.12 22.6864
4 15 -139.8726 59.12 22.6864 -139.9381 57.67 22.2376 -140.0614 57.41 22.3872 -140.7253 57.2 23.672
4 15 -139.8726 59.12 22.6864 -140.7253 57.2 23.672 -140.3543 59.1 23.672 -139.8691 59.4 22.792
4 15 -139.8691 59.4 22.792 -140.3543 59.1 23.672 -140.367 60.333 24.1949 -139.7633 59.68 22.6864
3 15 -140.1475 57.1 22.44 -140.7253 57.2 23.672 -140.0614 57.41 22.3872
4 15 -140.7253 57.2 23.672 -140.1475 57.1 22.44 -140.1825 56.79 22.3872 -141.2314 55.7 24.112
3 15 -141.2314 55.7 24.112 -140.1825 56.79 22.3872 -140.1607 56.53 22.2376
4 15 -141.2314 55.7 24.112 -140.1607 56.53 22.2376 -140.083 56.36 22.0088 -140.4542 54 21.824
3 15 -140.4542 54 21.824 -142.0789 54.2 25.256 -141.2314 55.7 24.112
4 15 -139.9647 51.7 19.888 -139.1758 52.9 18.744 -138.3884 53 17.16 -139.0727 50.1274 17.4147
3 15 -137.1393 56.5954 16.0314 -138.3884 53 17.16 -138.4368 54.5 17.864
3 15 -138.4368 54.5 17.864 -137.8916 56.2 17.424 -137.1393 56.5954 16.0314
3 15 -137.1393 56.5954 16.0314 -137.8916 56.2 17.424 -138.4736 58.9 19.712
4 15 -138.4736 58.9 19.712 -137.8916 56.2 17.424 -138.679 56.1 19.008 -139.0384 57.1 20.152
4 15 -138.4736 58.9 19.712 -139.0384 57.1 20.152 -139.43 57.41 21.0848 -139.4518 57.67 21.2344
3 15 -139.4518 57.67 21.2344 -139.5295 57.84 21.4632 -138.4736 58.9 19.712
3 15 -139.0384 57.1 20.152 -139.465 57.1 21.032 -139.43 57.41 21.0848
4 15 -139.5511 56.79 21.0848 -139.465 57.1 21.032 -139.0384 57.1 20.152 -139.564 55.5 20.592
3 15 -139.564 55.5 20.592 -139.6744 56.53 21.2344 -139.5511 56.79 21.0848
4 15 -139.8185 56.36 21.4632 -139.6744 56.53 21.2344 -139.564 55.5 20.592 -140.4542 54 21.824
3 15 -140.4542 54 21.824 -139.9624 56.3 21.736 -139.8185 56.36 21.4632
3 15 -140.4542 54 21.824 -140.083 56.36 22.0088 -139.9624 56.3 21.736
3 15 -139.9647 51.7 19.888 -139.0727 50.1274 17.4147 -143.0672 53.3448 26.9502
3 15 -143.0672 53.3448 26.9502 -139.9509 53.3 20.504 -139.9647 51.7 19.888
4 15 -139.9509 53.3 20.504 -143.0672 53.3448 26.9502 -142.0789 54.2 25.256 -140.4542 54 21.824
3 15 -139.0727 50.1274 17.4147 -138.3884 53 17.16 -137.1393 56.5954 16.0314
4 322 -115.352 60.333 -14.46 -112.5366 66.5656 -14.0526 -112.0094 66.1 -14.872 -111.6216 65.4576 -15.6392
4 15 -110.5822 66.8855 -15.9678 -111.6216 65.4576 -15.6392 -112.0094 66.1 -14.872 -111.6743 68.4745 -13.9278
3 15 -112.0094 66.1 -14.872 -112.5366 66.5656 -14.0526 -111.6743 68.4745 -13.9278

0 // Face condlines
5 24 -109.1515 63.6176 -19.2819 -110.5822 66.8855 -15.9678 -109.7931 65.3985 -17.625 -115.352 60.333 -14.46
5 24 -131.9752 69.6871 15.5353 -136.022 60.333 15.232 -144.0299 69.691 39.4957 -123.802 69.9058 3.219
5 24 -108.5509 60.333 -21.585 -115.352 60.333 -14.46 -109.1515 63.6176 -19.2819 -108.329 59.1054 -22.1347
5 24 -115.352 60.333 -14.46 -120.15 69.9996 -1.9728 -115.1062 70.012 -8.4895 -136.022 60.333 15.232
5 24 -108.4136 55.9378 -22.8645 -115.352 60.333 -14.46 -114.1889 50.2651 -17.8345 -108.5509 60.333 -21.585
5 24 -115.352 60.333 -14.46 -136.022 60.333 15.232 -123.802 69.9058 3.219 -117.8927 50.1045 -13.8761
5 24 -136.022 60.333 15.232 -144.0299 69.691 39.4957 -131.9752 69.6871 15.5353 -151.743 60.333 47.661
5 24 -152.1324 50.0464 44.4173 -151.743 60.333 47.661 -158.4482 49.7819 63.4999 -136.022 60.333 15.232
5 24 -147.1455 69.6648 45.9009 -151.743 60.333 47.661 -152.1541 69.6209 59.8646 -144.0299 69.691 39.4957
5 24 -139.0727 50.1274 17.4147 -136.022 60.333 15.232 -121.3031 50.0404 -8.9964 -152.1324 50.0464 44.4173
5 24 -136.022 60.333 15.232 -121.3031 50.0404 -8.9964 -139.0727 50.1274 17.4147 -115.352 60.333 -14.46
5 24 -158.7266 50.1611 64.5094 -151.743 60.333 47.661 -158.9265 56.2525 68.1437 -152.1324 50.0464 44.4173
5 24 -117.8927 50.1045 -13.8761 -115.352 60.333 -14.46 -121.3031 50.0404 -8.9964 -108.4136 55.9378 -22.8645
5 24 -111.6743 68.4745 -13.9278 -115.352 60.333 -14.46 -113.1623 69.5724 -11.2897 -110.5822 66.8855 -15.9678
5 24 -151.743 60.333 47.661 -158.8551 59.5156 69.5314 -158.5055 62.0563 71.3865 -158.7266 50.1611 64.5094
5 24 -151.743 60.333 47.661 -136.022 60.333 15.232 -139.0727 50.1274 17.4147 -147.1455 69.6648 45.9009
5 24 -123.802 69.9058 3.219 -136.022 60.333 15.232 -120.15 69.9996 -1.9728 -131.9752 69.6871 15.5353
5 24 -151.743 60.333 47.661 -152.1541 69.6209 59.8646 -147.1455 69.6648 45.9009 -158.8551 59.5156 69.5314
5 24 -115.352 60.333 -14.46 -109.1515 63.6176 -19.2819 -111.6743 68.4745 -13.9278 -108.5509 60.333 -21.585
5 24 -158.5055 62.0563 71.3865 -153.7623 69.6008 65.0032 -158.2327 64.1623 73.9002 -152.1541 69.6209 59.8646
