0 Sticker  0.8 x  2.8 with White "BLEECKER" and Border
0 Name: 6071309g.dat
0 Author: Chris Böhnke [KnightOfTarenta]
0 !LDRAW_ORG Unofficial_Part
0 !LICENSE Licensed under CC BY 4.0 : see CAreadme.txt

0 BFC CERTIFY CCW

0 !CATEGORY Sticker
0 !KEYWORDS Bricklink 79118stk01, BrickOwl 76909, Karai Bike Escape
0 !KEYWORDS New York City, Nickelodeon, Rebrickable 17443, Roadsign, Set 79118
0 !KEYWORDS Teenage Mutant Ninja Turtles, TMNT

0 // Letters inlined from Primitive Family type-swiss721bt-bold-u by Ulrich Röder [UR]

0 // Stickerback
1 16 0 0 0 1 0 0 0 1 0 0 0 1 s\stickerback008x028.dat

0 // Colour 16 Main Colour
3 16 -16.19 -.25 3.3 -17.853 -.25 2.878 -17.457 -.25 2.356
3 16 -16.19 -.25 3.3 -18.506 -.25 3.194 -17.853 -.25 2.878
3 16 -16.19 -.25 3.3 -17.457 -.25 2.356 -17.325 -.25 1.637
3 16 -16.19 -.25 3.3 -17.325 -.25 1.637 -17.371 -.25 1.175
3 16 -17.516 -.25 .799 -17.761 -.25 .495 -17.662 -.25 .026
3 16 -21.212 -.25 2.152 -21.212 -.25 .746 -19.661 -.25 .746
3 16 -17.761 -.25 .495 -18.11 -.25 .271 -17.662 -.25 .026
3 16 -19.609 -.25 -.389 -18.764 -.25 -.587 -19.1 -.25 -.436
3 16 -18.579 -.25 -1.637 -19.114 -.25 -2.059 -18.77 -.25 -1.901
3 16 -18.579 -.25 -.851 -18.579 -.25 -1.637 -18.513 -.25 -1.247
3 16 -16.19 -.25 3.3 -17.345 -.25 -.317 -17.16 -.25 -.752
3 16 -6.125 -.25 -2.079 -6.125 -.25 -3.3 -5.575 -.25 -3.3
3 16 -5.575 -.25 3.3 -6.283 -.25 3.3 -6.283 -.25 2.152
3 16 .314 -.25 -2.429 -.625 -.25 -3.3 .743 -.25 -2.812
3 16 .743 -.25 -2.812 -.625 -.25 -3.3 1.245 -.25 -3.082
3 16 -.783 -.25 3.3 -.458 -.25 .007 -.26 -.25 1.412
3 16 -.783 -.25 3.3 .328 -.25 2.449 .77 -.25 2.825
3 16 -.783 -.25 3.3 .77 -.25 2.825 1.291 -.25 3.089
3 16 -.783 -.25 3.3 -.26 -.25 1.412 -.016 -.25 1.98
3 16 -.783 -.25 3.3 -.016 -.25 1.98 .328 -.25 2.449
3 16 -.783 -.25 2.152 -1.08 -.25 .746 -.458 -.25 .007
3 16 -1.08 -.25 .746 -1.08 -.25 -.389 -.625 -.25 -2.079
3 16 .968 -.25 .931 .862 -.25 .007 1.826 -.25 -1.987
3 16 5.763 -.25 3.3 4.486 -.25 2.719 5.027 -.25 2.013
3 16 5.763 -.25 3.3 5.027 -.25 2.013 5.258 -.25 1.069
3 16 5.763 -.25 3.3 3.661 -.25 3.155 4.486 -.25 2.719
3 16 5.258 -.25 -.97 5.02 -.25 -1.927 5.763 -.25 -3.3
3 16 5.02 -.25 -1.927 4.439 -.25 -2.666 5.763 -.25 -3.3
3 16 4.439 -.25 -2.666 3.575 -.25 -3.142 5.763 -.25 -3.3
3 16 9.703 -.25 3.3 7.116 -.25 3.3 7.116 -.25 .587
3 16 11.825 -.25 3.3 11.399 -.25 3.3 8.773 -.25 .634
3 16 16.775 -.25 -2.079 16.775 -.25 -3.3 17.181 -.25 -3.3
3 16 17.181 -.25 3.3 16.617 -.25 3.3 16.617 -.25 2.152
3 16 21.022 -.25 -2.957 18.534 -.25 -3.3 21.128 -.25 -3.3
3 16 21.933 -.25 .079 21.517 -.25 -.132 22.124 -.25 -.594
3 16 22.243 -.25 .422 21.933 -.25 .079 22.124 -.25 -.594
3 16 21.081 -.25 1.67 21.081 -.25 .898 21.141 -.25 1.294
3 16 20.969 -.25 -2.468 18.534 -.25 -3.3 21.022 -.25 -2.957
3 16 20.613 -.25 2.112 21.081 -.25 1.67 20.903 -.25 1.947
3 16 26 -.25 6 21.319 -.25 3.188 21.972 -.25 2.838
3 16 26 -.25 6 21.972 -.25 2.838 22.362 -.25 2.257
3 16 26 -.25 6 22.362 -.25 2.257 22.494 -.25 1.432
3 16 -17.252 -.25 -2.145 -17.444 -.25 -2.488 -16.19 -.25 -3.3
3 16 -19.503 -.25 -3.3 -22.506 -.25 -3.3 -26 -.25 -6
3 16 -17.094 -.25 -1.294 -17.252 -.25 -2.145 -16.19 -.25 -3.3
3 16 -17.444 -.25 -2.488 -17.721 -.25 -2.779 -16.19 -.25 -3.3
3 16 -17.721 -.25 -2.779 -18.48 -.25 -3.168 -16.19 -.25 -3.3
3 16 7.116 -.25 -3.3 5.763 -.25 -3.3 0 -.25 -6
3 16 -13 -.25 6 -16.19 -.25 3.3 -14.837 -.25 3.3
3 16 -13 -.25 6 -14.837 -.25 3.3 -11.075 -.25 3.3
3 16 -13 -.25 6 -11.075 -.25 3.3 -6.283 -.25 3.3
3 16 0 -.25 6 -5.575 -.25 3.3 -.783 -.25 3.3
3 16 13 -.25 6 7.116 -.25 3.3 9.703 -.25 3.3
3 16 13 -.25 6 9.703 -.25 3.3 11.399 -.25 3.3
3 16 13 -.25 6 11.399 -.25 3.3 11.825 -.25 3.3
3 16 13 -.25 6 11.825 -.25 3.3 16.617 -.25 3.3
3 16 13 -.25 6 16.617 -.25 3.3 17.181 -.25 3.3
3 16 13 -.25 6 17.181 -.25 3.3 20.382 -.25 3.3
3 16 26 -.25 6 22.494 -.25 1.432 22.619 -.25 -3.102
3 16 21.128 -.25 -3.3 18.534 -.25 -3.3 26 -.25 -6
3 16 22.619 -.25 -3.3 21.128 -.25 -3.3 26 -.25 -6
3 16 17.181 -.25 -3.3 16.775 -.25 -3.3 13 -.25 -6
3 16 11.825 -.25 -3.3 11.637 -.25 -3.3 13 -.25 -6
3 16 16.775 -.25 -3.3 11.825 -.25 -3.3 13 -.25 -6
3 16 11.637 -.25 -3.3 9.974 -.25 -3.3 13 -.25 -6
3 16 -.625 -.25 -3.3 -5.575 -.25 -3.3 0 -.25 -6
3 16 -11.075 -.25 -3.3 -11.61 -.25 -3.3 -13 -.25 -6
3 16 -6.125 -.25 -3.3 -11.075 -.25 -3.3 -13 -.25 -6
3 16 -.783 -.25 3.3 -.783 -.25 2.152 -.458 -.25 .007
4 16 -19.661 -.25 2.152 -21.212 -.25 2.152 -18.916 -.25 1.993 -19.219 -.25 2.112
4 16 -18.744 -.25 1.782 -18.916 -.25 1.993 -21.212 -.25 2.152 -18.685 -.25 1.465
4 16 -18.744 -.25 1.142 -18.685 -.25 1.465 -21.212 -.25 2.152 -18.922 -.25 .917
4 16 -19.404 -.25 3.3 -18.506 -.25 3.194 -16.19 -.25 3.3 -13 -.25 6
4 16 -19.226 -.25 .792 -18.922 -.25 .917 -21.212 -.25 2.152 -19.661 -.25 .746
4 16 -16.19 -.25 3.3 -17.516 -.25 .799 -17.662 -.25 .026 -17.345 -.25 -.317
4 16 -18.579 -.25 -.851 -18.764 -.25 -.587 -19.609 -.25 -.389 -21.212 -.25 -.389
4 16 -18.579 -.25 -.851 -21.212 -.25 -.389 -21.212 -.25 -2.112 -19.609 -.25 -2.112
4 16 -18.579 -.25 -.851 -19.609 -.25 -2.112 -19.114 -.25 -2.059 -18.579 -.25 -1.637
4 16 -16.19 -.25 3.3 -17.16 -.25 -.752 -17.094 -.25 -1.294 -16.19 -.25 -3.3
4 16 -11.61 -.25 -2.079 -11.61 -.25 -3.3 -11.075 -.25 -3.3 -11.075 -.25 3.3
4 16 -9.735 -.25 -.389 -9.735 -.25 -2.079 -6.125 -.25 -2.079 -6.58 -.25 -.389
4 16 -6.125 -.25 -2.079 -5.575 -.25 -3.3 -6.58 -.25 .746 -6.58 -.25 -.389
4 16 -9.735 -.25 2.152 -9.735 -.25 .746 -6.58 -.25 .746 -6.283 -.25 2.152
4 16 -5.575 -.25 3.3 -6.283 -.25 2.152 -6.58 -.25 .746 -5.575 -.25 -3.3
4 16 -4.235 -.25 -.389 -4.235 -.25 -2.079 -.625 -.25 -2.079 -1.08 -.25 -.389
4 16 .314 -.25 -2.429 -.266 -.25 -1.386 -.625 -.25 -2.079 -.625 -.25 -3.3
4 16 -1.08 -.25 .746 -.625 -.25 -2.079 -.266 -.25 -1.386 -.458 -.25 .007
4 16 1.298 -.25 -1.571 1.826 -.25 -1.987 .862 -.25 .007 .968 -.25 -.898
4 16 .968 -.25 .931 1.826 -.25 -1.987 2.545 -.25 -2.125 1.304 -.25 1.604
4 16 3.08 -.25 -2.053 1.846 -.25 2.02 1.304 -.25 1.604 2.545 -.25 -2.125
4 16 3.509 -.25 -1.828 2.591 -.25 2.158 1.846 -.25 2.02 3.08 -.25 -2.053
4 16 3.812 -.25 -1.465 3.991 -.25 -.97 2.591 -.25 2.158 3.509 -.25 -1.828
4 16 3.977 -.25 1.069 3.126 -.25 2.086 2.591 -.25 2.158 3.991 -.25 -.97
4 16 -.783 -.25 3.3 1.291 -.25 3.089 2.591 -.25 3.3 0 -.25 6
4 16 -4.235 -.25 2.152 -4.235 -.25 .746 -1.08 -.25 .746 -.783 -.25 2.152
4 16 3.991 -.25 -.97 5.258 -.25 -.97 5.258 -.25 1.069 3.977 -.25 1.069
4 16 3.826 -.25 1.538 3.542 -.25 1.881 3.126 -.25 2.086 3.977 -.25 1.069
4 16 2.591 -.25 3.3 3.661 -.25 3.155 5.763 -.25 3.3 0 -.25 6
4 16 5.763 -.25 3.3 5.258 -.25 1.069 5.258 -.25 -.97 5.763 -.25 -3.3
4 16 7.816 -.25 -.271 7.116 -.25 -.977 7.116 -.25 -3.3 9.974 -.25 -3.3
4 16 8.773 -.25 .634 11.637 -.25 -3.3 11.825 -.25 -3.3 11.825 -.25 3.3
4 16 13.165 -.25 2.152 13.165 -.25 .746 16.32 -.25 .746 16.617 -.25 2.152
4 16 16.32 -.25 -.389 13.165 -.25 -.389 13.165 -.25 -2.079 16.775 -.25 -2.079
4 16 16.32 -.25 .746 16.32 -.25 -.389 16.775 -.25 -2.079 17.181 -.25 -3.3
4 16 17.181 -.25 3.3 16.617 -.25 2.152 16.32 -.25 .746 17.181 -.25 -3.3
4 16 19.979 -.25 -.733 18.534 -.25 -.733 18.534 -.25 -3.3 20.428 -.25 -.785
4 16 18.534 -.25 -3.3 20.883 -.25 -1.261 20.718 -.25 -.944 20.428 -.25 -.785
4 16 21.081 -.25 .898 20.197 -.25 2.165 18.534 -.25 2.165 18.534 -.25 .416
4 16 22.243 -.25 .422 22.124 -.25 -.594 22.335 -.25 -1.577 22.428 -.25 .878
4 16 20.897 -.25 .627 21.081 -.25 .898 18.534 -.25 .416 20.124 -.25 .416
4 16 20.197 -.25 2.165 21.081 -.25 .898 21.081 -.25 1.67 20.613 -.25 2.112
4 16 18.534 -.25 -3.3 20.969 -.25 -2.468 20.956 -.25 -1.782 20.883 -.25 -1.261
4 16 22.362 -.25 -2.369 22.434 -.25 -2.858 22.619 -.25 -3.102 22.335 -.25 -1.577
4 16 22.428 -.25 .878 22.335 -.25 -1.577 22.619 -.25 -3.102 22.494 -.25 1.432
4 16 22.619 -.25 -3.102 22.619 -.25 -3.3 26 -.25 -6 26 -.25 6
4 16 20.382 -.25 3.3 21.319 -.25 3.188 26 -.25 6 13 -.25 6
4 16 -11.61 -.25 -2.079 -11.075 -.25 3.3 -14.837 -.25 3.3 -14.837 -.25 -2.079
4 16 -16.19 -.25 -3.3 -18.48 -.25 -3.168 -19.503 -.25 -3.3 -26 -.25 -6
4 16 2.479 -.25 -3.3 1.245 -.25 -3.082 -.625 -.25 -3.3 0 -.25 -6
4 16 5.763 -.25 -3.3 3.575 -.25 -3.142 2.479 -.25 -3.3 0 -.25 -6
4 16 0 -.25 -6 -5.575 -.25 -3.3 -6.125 -.25 -3.3 -13 -.25 -6
4 16 17.181 -.25 -3.3 13 -.25 -6 26 -.25 -6 18.534 -.25 -3.3
4 16 9.974 -.25 -3.3 7.116 -.25 -3.3 0 -.25 -6 13 -.25 -6
4 16 -22.506 -.25 3.3 -19.404 -.25 3.3 -13 -.25 6 -26 -.25 6
4 16 -13 -.25 6 -6.283 -.25 3.3 -5.575 -.25 3.3 0 -.25 6
4 16 0 -.25 6 5.763 -.25 3.3 7.116 -.25 3.3 13 -.25 6
4 16 -13 -.25 -6 -11.61 -.25 -3.3 -16.19 -.25 -3.3 -26 -.25 -6
4 16 -22.506 -.25 -3.3 -22.506 -.25 3.3 -26 -.25 6 -26 -.25 -6

0 BFC NOCLIP
0 // Colour 15 White
1 15 -26.5 -.25 6.5 -1.5 0 0 0 1 0 0 0 1.5 1-4chrd.dat
1 15 26.5 -.25 6.5 1.5 0 0 0 1 0 0 0 1.5 1-4chrd.dat
1 15 -26.5 -.25 -6.5 -1.5 0 0 0 1 0 0 0 -1.5 1-4chrd.dat
1 15 26.5 -.25 -6.5 1.5 0 0 0 1 0 0 0 -1.5 1-4chrd.dat
3 15 -18.744 -.25 1.782 -17.371 -.25 1.175 -17.325 -.25 1.637
3 15 -21.212 -.25 .746 -22.506 -.25 -3.3 -21.212 -.25 -.389
3 15 -21.212 -.25 -.389 -22.506 -.25 -3.3 -21.212 -.25 -2.112
3 15 -19.404 -.25 3.3 -19.661 -.25 2.152 -19.219 -.25 2.112
3 15 -9.735 -.25 .746 -11.075 -.25 -3.3 -9.735 -.25 -.389
3 15 -9.735 -.25 -.389 -11.075 -.25 -3.3 -9.735 -.25 -2.079
3 15 -4.235 -.25 .746 -5.575 -.25 -3.3 -4.235 -.25 -.389
3 15 -4.235 -.25 -.389 -5.575 -.25 -3.3 -4.235 -.25 -2.079
3 15 3.08 -.25 -2.053 2.545 -.25 -2.125 3.575 -.25 -3.142
3 15 11.399 -.25 3.3 9.703 -.25 3.3 8.773 -.25 .634
3 15 7.116 -.25 .587 5.763 -.25 -3.3 7.116 -.25 -.977
3 15 7.116 -.25 -.977 5.763 -.25 -3.3 7.116 -.25 -3.3
3 15 7.116 -.25 .587 7.116 -.25 -.977 7.816 -.25 -.271
3 15 13.165 -.25 .746 11.825 -.25 -3.3 13.165 -.25 -.389
3 15 13.165 -.25 -.389 11.825 -.25 -3.3 13.165 -.25 -2.079
3 15 17.181 -.25 3.3 18.534 -.25 .416 18.534 -.25 2.165
3 15 18.534 -.25 -.733 17.181 -.25 -3.3 18.534 -.25 -3.3
3 15 22.243 -.25 .422 21.517 -.25 -.132 21.933 -.25 .079
3 15 22.362 -.25 -2.369 21.128 -.25 -3.3 22.434 -.25 -2.858
3 15 22.362 -.25 2.257 21.081 -.25 1.67 21.141 -.25 1.294
3 15 13 -.25 -6 0 -.25 -6 26.5 -.25 -8
3 15 26.5 -.25 8 0 -.25 6 13 -.25 6
4 15 -18.916 -.25 1.993 -18.506 -.25 3.194 -19.404 -.25 3.3 -19.219 -.25 2.112
4 15 -19.609 -.25 -2.112 -19.503 -.25 -3.3 -18.48 -.25 -3.168 -19.114 -.25 -2.059
4 15 -17.721 -.25 -2.779 -18.77 -.25 -1.901 -19.114 -.25 -2.059 -18.48 -.25 -3.168
4 15 -17.662 -.25 .026 -18.11 -.25 .271 -19.1 -.25 -.436 -18.764 -.25 -.587
4 15 -18.922 -.25 .917 -19.226 -.25 .792 -19.1 -.25 -.436 -18.11 -.25 .271
4 15 -18.744 -.25 1.782 -17.853 -.25 2.878 -18.506 -.25 3.194 -18.916 -.25 1.993
4 15 -18.922 -.25 .917 -18.11 -.25 .271 -17.761 -.25 .495 -18.744 -.25 1.142
4 15 -17.444 -.25 -2.488 -18.579 -.25 -1.637 -18.77 -.25 -1.901 -17.721 -.25 -2.779
4 15 -17.761 -.25 .495 -17.516 -.25 .799 -18.685 -.25 1.465 -18.744 -.25 1.142
4 15 -18.685 -.25 1.465 -17.516 -.25 .799 -17.371 -.25 1.175 -18.744 -.25 1.782
4 15 -18.764 -.25 -.587 -18.579 -.25 -.851 -17.345 -.25 -.317 -17.662 -.25 .026
4 15 -18.744 -.25 1.782 -17.325 -.25 1.637 -17.457 -.25 2.356 -17.853 -.25 2.878
4 15 -18.579 -.25 -1.637 -17.444 -.25 -2.488 -17.252 -.25 -2.145 -17.094 -.25 -1.294
4 15 -17.345 -.25 -.317 -18.579 -.25 -.851 -18.513 -.25 -1.247 -17.16 -.25 -.752
4 15 -21.212 -.25 .746 -21.212 -.25 2.152 -22.506 -.25 3.3 -22.506 -.25 -3.3
4 15 -18.579 -.25 -1.637 -17.094 -.25 -1.294 -17.16 -.25 -.752 -18.513 -.25 -1.247
4 15 -19.609 -.25 -.389 -19.661 -.25 .746 -21.212 -.25 .746 -21.212 -.25 -.389
4 15 -21.212 -.25 -2.112 -22.506 -.25 -3.3 -19.503 -.25 -3.3 -19.609 -.25 -2.112
4 15 -22.506 -.25 3.3 -21.212 -.25 2.152 -19.661 -.25 2.152 -19.404 -.25 3.3
4 15 -19.1 -.25 -.436 -19.226 -.25 .792 -19.661 -.25 .746 -19.609 -.25 -.389
4 15 -14.837 -.25 3.3 -16.19 -.25 3.3 -16.19 -.25 -3.3 -14.837 -.25 -2.079
4 15 -11.61 -.25 -2.079 -14.837 -.25 -2.079 -16.19 -.25 -3.3 -11.61 -.25 -3.3
4 15 -9.735 -.25 2.152 -6.283 -.25 2.152 -6.283 -.25 3.3 -11.075 -.25 3.3
4 15 -6.125 -.25 -2.079 -9.735 -.25 -2.079 -11.075 -.25 -3.3 -6.125 -.25 -3.3
4 15 -9.735 -.25 .746 -9.735 -.25 2.152 -11.075 -.25 3.3 -11.075 -.25 -3.3
4 15 -9.735 -.25 .746 -9.735 -.25 -.389 -6.58 -.25 -.389 -6.58 -.25 .746
4 15 -4.235 -.25 2.152 -.783 -.25 2.152 -.783 -.25 3.3 -5.575 -.25 3.3
4 15 -.625 -.25 -2.079 -4.235 -.25 -2.079 -5.575 -.25 -3.3 -.625 -.25 -3.3
4 15 -4.235 -.25 .746 -4.235 -.25 2.152 -5.575 -.25 3.3 -5.575 -.25 -3.3
4 15 -4.235 -.25 .746 -4.235 -.25 -.389 -1.08 -.25 -.389 -1.08 -.25 .746
4 15 3.08 -.25 -2.053 3.575 -.25 -3.142 4.439 -.25 -2.666 3.509 -.25 -1.828
4 15 .862 -.25 .007 -.458 -.25 .007 -.266 -.25 -1.386 .968 -.25 -.898
4 15 3.126 -.25 2.086 3.542 -.25 1.881 4.486 -.25 2.719 3.661 -.25 3.155
4 15 5.027 -.25 2.013 4.486 -.25 2.719 3.542 -.25 1.881 3.826 -.25 1.538
4 15 -.26 -.25 1.412 -.458 -.25 .007 .862 -.25 .007 .968 -.25 .931
4 15 5.258 -.25 -.97 3.991 -.25 -.97 3.812 -.25 -1.465 5.02 -.25 -1.927
4 15 3.509 -.25 -1.828 4.439 -.25 -2.666 5.02 -.25 -1.927 3.812 -.25 -1.465
4 15 3.826 -.25 1.538 3.977 -.25 1.069 5.258 -.25 1.069 5.027 -.25 2.013
4 15 1.826 -.25 -1.987 1.298 -.25 -1.571 .314 -.25 -2.429 .743 -.25 -2.812
4 15 .314 -.25 -2.429 1.298 -.25 -1.571 .968 -.25 -.898 -.266 -.25 -1.386
4 15 -.26 -.25 1.412 .968 -.25 .931 1.304 -.25 1.604 -.016 -.25 1.98
4 15 1.304 -.25 1.604 .77 -.25 2.825 .328 -.25 2.449 -.016 -.25 1.98
4 15 1.304 -.25 1.604 1.846 -.25 2.02 1.291 -.25 3.089 .77 -.25 2.825
4 15 1.826 -.25 -1.987 .743 -.25 -2.812 1.245 -.25 -3.082 2.479 -.25 -3.3
4 15 2.545 -.25 -2.125 1.826 -.25 -1.987 2.479 -.25 -3.3 3.575 -.25 -3.142
4 15 1.291 -.25 3.089 1.846 -.25 2.02 2.591 -.25 2.158 2.591 -.25 3.3
4 15 3.661 -.25 3.155 2.591 -.25 3.3 2.591 -.25 2.158 3.126 -.25 2.086
4 15 7.116 -.25 .587 7.816 -.25 -.271 8.773 -.25 .634 9.703 -.25 3.3
4 15 9.974 -.25 -3.3 11.637 -.25 -3.3 8.773 -.25 .634 7.816 -.25 -.271
4 15 7.116 -.25 .587 7.116 -.25 3.3 5.763 -.25 3.3 5.763 -.25 -3.3
4 15 13.165 -.25 2.152 16.617 -.25 2.152 16.617 -.25 3.3 11.825 -.25 3.3
4 15 16.775 -.25 -2.079 13.165 -.25 -2.079 11.825 -.25 -3.3 16.775 -.25 -3.3
4 15 13.165 -.25 .746 13.165 -.25 2.152 11.825 -.25 3.3 11.825 -.25 -3.3
4 15 13.165 -.25 .746 13.165 -.25 -.389 16.32 -.25 -.389 16.32 -.25 .746
4 15 20.382 -.25 3.3 17.181 -.25 3.3 18.534 -.25 2.165 20.197 -.25 2.165
4 15 22.124 -.25 -.594 21.517 -.25 -.132 20.718 -.25 -.944 20.883 -.25 -1.261
4 15 20.718 -.25 -.944 21.517 -.25 -.132 20.897 -.25 .627 20.428 -.25 -.785
4 15 21.081 -.25 .898 20.897 -.25 .627 21.517 -.25 -.132 22.243 -.25 .422
4 15 18.534 -.25 -.733 18.534 -.25 .416 17.181 -.25 3.3 17.181 -.25 -3.3
4 15 20.613 -.25 2.112 20.903 -.25 1.947 21.972 -.25 2.838 21.319 -.25 3.188
4 15 22.362 -.25 2.257 21.972 -.25 2.838 20.903 -.25 1.947 21.081 -.25 1.67
4 15 20.124 -.25 .416 18.534 -.25 .416 18.534 -.25 -.733 19.979 -.25 -.733
4 15 20.956 -.25 -1.782 22.335 -.25 -1.577 22.124 -.25 -.594 20.883 -.25 -1.261
4 15 22.335 -.25 -1.577 20.956 -.25 -1.782 20.969 -.25 -2.468 22.362 -.25 -2.369
4 15 22.362 -.25 -2.369 20.969 -.25 -2.468 21.022 -.25 -2.957 21.128 -.25 -3.3
4 15 21.141 -.25 1.294 21.081 -.25 .898 22.243 -.25 .422 22.428 -.25 .878
4 15 21.141 -.25 1.294 22.428 -.25 .878 22.494 -.25 1.432 22.362 -.25 2.257
4 15 21.319 -.25 3.188 20.382 -.25 3.3 20.197 -.25 2.165 20.613 -.25 2.112
4 15 19.979 -.25 -.733 20.428 -.25 -.785 20.897 -.25 .627 20.124 -.25 .416
4 15 21.128 -.25 -3.3 22.619 -.25 -3.3 22.619 -.25 -3.102 22.434 -.25 -2.858
4 15 -26 -.25 6 -28 -.25 6.5 -28 -.25 -6.5 -26 -.25 -6
4 15 -26.5 -.25 -8 26.5 -.25 -8 0 -.25 -6 -13 -.25 -6
4 15 26 -.25 6 26 -.25 -6 28 -.25 -6.5 28 -.25 6.5
4 15 0 -.25 6 26.5 -.25 8 -26.5 -.25 8 -13 -.25 6
4 15 -26 -.25 6 -13 -.25 6 -26.5 -.25 8 -28 -.25 6.5
4 15 -26.5 -.25 -8 -13 -.25 -6 -26 -.25 -6 -28 -.25 -6.5
4 15 26 -.25 -6 13 -.25 -6 26.5 -.25 -8 28 -.25 -6.5
4 15 26.5 -.25 8 13 -.25 6 26 -.25 6 28 -.25 6.5