0 Sticker  0.9 x  5.4 with Dark Red Triangle and Peeling Paint (Formed)
0 Name: 6132160ec01.dat
0 Author: Evert-Jan Boer [ejboer]
0 !LDRAW_ORG Unofficial_Part
0 !LICENSE Licensed under CC BY 4.0 : see CAreadme.txt

0 BFC CERTIFY CCW

0 !CATEGORY Sticker
0 !KEYWORDS Bricklink 75060stk01a, Brickowl 679167, Rebrickable 18741, Set 75060
0 !KEYWORDS Slave I

1 72 -12.177 1.823 18 0 0 1 0 1 -1 1 0 0 1-4chrd.dat
1 72 -28.177 17.823 18 -1 0 0 1 1 0 0 0 1 1-4chrd.dat
4 72 -28.177 17.823 19 -29.177 18.823 18 -11.177 .823 18 -12.177 1.823 19
4 72 -29.177 18.823 18 -29.177 18.823 -20 -11.177 .823 -20 -11.177 .823 18
4 72 -26.0547 18.8257 -32.5 -23.227 16.448 -34.3 -22.352 15.548 -34.2 -21.8145 14.948 -33.95
4 72 -24.727 17.898 -34.1 -23.227 16.448 -34.3 -26.0547 18.8257 -32.5 -25.7256 18.823 -33.8057
4 72 -21.8145 14.948 -33.95 -21.202 14.348 -34 -19.552 12.323 -32.5 -26.0547 18.8257 -32.5
3 320 -25.7256 18.823 -33.8057 -24.4265 18.8223 -38.9993 -24.727 17.898 -34.1
3 320 -24.727 17.898 -34.1 -24.4265 18.8223 -38.9993 -23.227 16.448 -34.3
4 320 -20.8033 13.9915 -34.1685 -22.352 15.548 -34.2 -23.227 16.448 -34.3 -24.4265 18.8223 -38.9993
4 320 -21.202 14.348 -34 -21.8145 14.948 -33.95 -22.352 15.548 -34.2 -20.8033 13.9915 -34.1685
3 72 -19.552 12.323 -32.5 -21.202 14.348 -34 -20.8033 13.9915 -34.1685
4 0 -26.0547 18.8257 -32.5 -19.552 12.323 -32.5 -19.102 11.723 -31.9 -26.2048 18.8258 -31.9
3 72 -11.177 .823 -20 -29.177 18.823 -20 -11.177 1.1563 -21.3333
4 72 -19.102 11.723 -31.9 -11.177 1.1563 -21.3333 -29.177 18.823 -20 -26.2048 18.8258 -31.9
3 72 -15.2603 8.283 -41.2 -14.7103 7.833 -41.9 -14.1687 7.333 -42.4
4 72 -15.2603 8.283 -41.2 -14.1687 7.333 -42.4 -12.952 5.783 -42.1 -12.6437 4.933 -40.5
3 72 -12.952 5.783 -42.1 -14.1687 7.333 -42.4 -13.6312 6.733 -42.55
3 72 -12.6437 4.933 -40.5 -12.952 5.783 -42.1 -12.5687 5.083 -41.3
4 320 -24.1762 18.622 -40 -19.5081 18.619 -58.6622 -15.2603 8.283 -41.2 -16.102 9.233 -41
3 320 -15.2603 8.283 -41.2 -19.5081 18.619 -58.6622 -14.7103 7.833 -41.9
4 320 -12.6437 4.933 -40.5 -12.5687 5.083 -41.3 -11.177 3.623 -42 -11.177 3.023 -40
3 320 -12.5687 5.083 -41.3 -12.952 5.783 -42.1 -11.177 3.623 -42
3 320 -14.7103 7.833 -41.9 -19.5081 18.619 -58.6622 -14.1687 7.333 -42.4
3 320 -14.1687 7.333 -42.4 -19.5081 18.619 -58.6622 -13.6312 6.733 -42.55
4 320 -12.952 5.783 -42.1 -13.6312 6.733 -42.55 -19.5081 18.619 -58.6622 -11.177 3.623 -42
3 320 -11.177 3.023 -40 -12.8136 4.9869 -40 -12.6437 4.933 -40.5
3 320 -16.9502 9.9509 -40 -24.1762 18.622 -40 -16.8193 9.9438 -40.5
3 320 -24.1762 18.622 -40 -16.102 9.233 -41 -16.8193 9.9438 -40.5
4 72 -12.6437 4.933 -40.5 -12.8136 4.9869 -40 -16.9502 9.9509 -40 -16.8193 9.9438 -40.5
4 72 -15.2603 8.283 -41.2 -12.6437 4.933 -40.5 -16.8193 9.9438 -40.5 -16.102 9.233 -41
4 320 -14.674 18.4146 -77.988 -11.177 8.623 -64 -11.177 7.223 -60 -19.1735 18.418 -60
1 320 -11.427 17.723 -89.75 .25 0 0 -.4 1 .1 0 0 -.25 1-4chrd.dat
1 320 -11.477 17.803 -89.75 0 0 -.25 .1 1 .4 -.25 0 0 3-16chrd.dat
4 320 -11.477 17.903 -90 -11.427 17.823 -90 -11.177 17.323 -89.75 -11.708 18.2108 -89.8457
4 320 -11.177 17.323 -89.75 -11.177 13.423 -80 -14.1707 18.213 -80 -11.708 18.2108 -89.8457
4 72 -14.0812 6.133 -36.25 -14.5228 6.633 -35.95 -15.4812 7.933 -37.45 -13.7978 5.833 -36.65
4 72 -15.4812 7.933 -37.45 -13.9353 6.083 -37.5 -13.7145 5.783 -37.15 -13.7978 5.833 -36.65
4 72 -15.4812 7.933 -37.45 -15.5895 7.883 -35.65 -16.3353 8.783 -35.7 -16.9353 9.533 -36
4 72 -16.9562 9.833 -38.75 -15.4812 7.933 -37.45 -16.9353 9.533 -36 -17.2895 10.183 -38.25
4 72 -16.9353 9.533 -36 -17.3978 10.133 -36.45 -17.702 10.633 -37.8 -17.2895 10.183 -38.25
3 72 -17.3978 10.133 -36.45 -17.752 10.633 -37.2 -17.702 10.633 -37.8
3 72 -17.702 10.633 -37.8 -17.4978 10.433 -38.25 -17.2895 10.183 -38.25
4 72 -16.9687 9.883 -39.1 -14.0187 6.233 -38 -15.4812 7.933 -37.45 -16.9562 9.833 -38.75
4 72 -20.2687 13.433 -35 -17.3103 9.933 -35.5 -16.7895 9.283 -35.25 -20.5566 13.7058 -34.2727
4 72 -17.7937 10.583 -36.2 -17.3103 9.933 -35.5 -20.2687 13.433 -35 -20.2687 13.533 -36
4 72 -18.0812 11.033 -37.25 -17.7937 10.583 -36.2 -20.2687 13.533 -36 -20.2895 13.683 -37.25
4 72 -18.0562 11.083 -38.05 -18.0812 11.033 -37.25 -20.2895 13.683 -37.25 -18.4312 11.583 -38.55
4 72 -18.9478 12.233 -38.85 -18.4312 11.583 -38.55 -20.2895 13.683 -37.25 -19.5187 12.933 -39
4 72 -19.9687 13.483 -39.1 -19.5187 12.933 -39 -20.2895 13.683 -37.25 -20.4062 13.983 -38.85
3 72 -20.2895 13.683 -37.25 -20.527 14.083 -38.4 -20.4062 13.983 -38.85
3 72 -15.4812 7.933 -37.45 -14.0187 6.233 -38 -13.9353 6.083 -37.5
4 320 -17.7937 10.583 -36.2 -18.0812 11.033 -37.25 -17.752 10.633 -37.2 -17.3978 10.133 -36.45
4 320 -17.3103 9.933 -35.5 -17.7937 10.583 -36.2 -17.3978 10.133 -36.45 -16.9353 9.533 -36
4 320 -16.9353 9.533 -36 -16.3353 8.783 -35.7 -16.7895 9.283 -35.25 -17.3103 9.933 -35.5
4 320 -16.3353 8.783 -35.7 -15.5895 7.883 -35.65 -15.9187 8.233 -35.2 -16.7895 9.283 -35.25
4 320 -15.5895 7.883 -35.65 -15.0353 7.233 -35.8 -15.1103 7.283 -35.4 -15.9187 8.233 -35.2
4 320 -15.0353 7.233 -35.8 -14.5228 6.633 -35.95 -14.4603 6.533 -35.7 -15.1103 7.283 -35.4
4 320 -14.5228 6.633 -35.95 -14.0812 6.133 -36.25 -13.7437 5.733 -36.3 -14.4603 6.533 -35.7
4 320 -13.7978 5.833 -36.65 -13.1145 5.033 -36.85 -13.7437 5.733 -36.3 -14.0812 6.133 -36.25
4 320 -13.1145 5.033 -36.85 -13.7978 5.833 -36.65 -13.7145 5.783 -37.15 -12.252 4.033 -37.2
4 320 -13.9353 6.083 -37.5 -14.0187 6.233 -38 -12.252 4.033 -37.2 -13.7145 5.783 -37.15
4 320 -13.8145 6.033 -38.45 -13.2562 5.433 -39.15 -12.252 4.033 -37.2 -14.0187 6.233 -38
4 320 -13.2562 5.433 -39.15 -12.8136 4.9869 -40 -11.4478 3.083 -37.35 -12.252 4.033 -37.2
4 320 -24.4265 18.8223 -38.9993 -20.2687 13.533 -36 -20.2687 13.433 -35 -20.5566 13.7058 -34.2727
4 320 -18.0812 11.033 -37.25 -18.0562 11.083 -38.05 -17.702 10.633 -37.8 -17.752 10.633 -37.2
4 320 -17.4978 10.433 -38.25 -17.702 10.633 -37.8 -18.0562 11.083 -38.05 -18.4312 11.583 -38.55
4 320 -17.4978 10.433 -38.25 -18.4312 11.583 -38.55 -16.9562 9.833 -38.75 -17.2895 10.183 -38.25
4 320 -18.9478 12.233 -38.85 -16.9502 9.9509 -40 -16.9687 9.883 -39.1 -18.4312 11.583 -38.55
3 320 -18.4312 11.583 -38.55 -16.9687 9.883 -39.1 -16.9562 9.833 -38.75
3 72 -12.252 4.033 -37.2 -11.4478 3.083 -37.35 -11.177 2.7564 -37.3344
4 72 -11.177 2.7564 -37.3344 -11.177 2.273 -32.5 -13.7437 5.733 -36.3 -12.252 4.033 -37.2
3 72 -13.7437 5.733 -36.3 -13.1145 5.033 -36.85 -12.252 4.033 -37.2
3 72 -11.177 2.273 -32.5 -14.4603 6.533 -35.7 -13.7437 5.733 -36.3
3 72 -11.177 2.273 -32.5 -15.1103 7.283 -35.4 -14.4603 6.533 -35.7
3 72 -11.177 2.273 -32.5 -15.9187 8.233 -35.2 -15.1103 7.283 -35.4
4 320 -12.8136 4.9869 -40 -11.177 3.023 -40 -11.177 2.7564 -37.3344 -11.4478 3.083 -37.35
3 320 -20.4062 13.983 -38.85 -24.1762 18.622 -40 -19.9687 13.483 -39.1
3 320 -19.5187 12.933 -39 -19.9687 13.483 -39.1 -16.9502 9.9509 -40
3 320 -16.9502 9.9509 -40 -18.9478 12.233 -38.85 -19.5187 12.933 -39
3 320 -19.9687 13.483 -39.1 -24.1762 18.622 -40 -16.9502 9.9509 -40
3 320 -20.8033 13.9915 -34.1685 -24.4265 18.8223 -38.9993 -20.5566 13.7058 -34.2727
3 320 -20.2687 13.533 -36 -24.4265 18.8223 -38.9993 -20.2895 13.683 -37.25
4 320 -24.1762 18.622 -40 -20.527 14.083 -38.4 -20.2895 13.683 -37.25 -24.4265 18.8223 -38.9993
3 320 -20.527 14.083 -38.4 -24.1762 18.622 -40 -20.4062 13.983 -38.85
4 72 -13.8145 6.033 -38.45 -14.0187 6.233 -38 -16.9687 9.883 -39.1 -16.9502 9.9509 -40
4 72 -13.2562 5.433 -39.15 -13.8145 6.033 -38.45 -16.9502 9.9509 -40 -12.8136 4.9869 -40
4 72 -16.7895 9.283 -35.25 -19.552 12.323 -32.5 -20.8033 13.9915 -34.1685 -20.5566 13.7058 -34.2727
4 72 -15.9187 8.233 -35.2 -11.177 2.273 -32.5 -19.552 12.323 -32.5 -16.7895 9.283 -35.25
4 0 -19.552 12.323 -32.5 -11.177 2.273 -32.5 -11.177 2.213 -31.9 -19.102 11.723 -31.9
3 72 -11.177 1.1563 -21.3333 -19.102 11.723 -31.9 -11.177 2.213 -31.9
4 72 -14.5228 6.633 -35.95 -15.0353 7.233 -35.8 -15.5895 7.883 -35.65 -15.4812 7.933 -37.45
4 320 -19.1735 18.418 -60 -11.177 7.223 -60 -11.177 3.623 -42 -19.5081 18.619 -58.6622
4 320 -14.1707 18.213 -80 -11.177 13.423 -80 -11.177 8.623 -64 -14.674 18.4146 -77.988
5 24 -11.177 .823 -20 -29.177 18.823 -20 -11.177 1.1563 -21.3333 -11.177 .823 18
5 24 -11.177 8.623 -64 -14.6743 18.4154 -77.9891 -19.1748 18.4199 -60 -11.177 13.423 -80
5 24 -11.177 3.623 -42 -19.509 18.6206 -58.664 -11.177 7.223 -60 -24.1784 18.6246 -40
5 24 -19.1748 18.4199 -60 -11.177 7.223 -60 -19.509 18.6206 -58.664 -11.177 8.623 -64
5 24 -24.1784 18.6246 -40 -11.177 3.023 -40 -11.177 3.623 -42 -24.4282 18.8245 -39.0015
5 24 -11.177 1.1563 -21.3333 -24.4282 18.8245 -39.0015 -11.177 3.023 -40 -29.177 18.823 -20
5 24 -14.1712 18.2137 -80 -11.177 13.423 -80 -14.6743 18.4154 -77.9891 -11.177 17.323 -89.75

1 16 -12 2 18 0 0 1 0 -1 -1 1 0 0 1-4chrd.dat
1 16 -28 18 18 -1 0 0 1 -1 0 0 0 1 1-4chrd.dat
4 16 -11 1 18 -29 19 18 -28 18 19 -12 2 19
4 16 -11 1 -20 -29 19 -20 -29 19 18 -11 1 18
4 16 -19.332 18.7976 -58.664 -24.0014 18.8016 -40 -11 3.2 -40 -11 3.8 -42
4 16 -11 7.4 -60 -11 8.8 -64 -14.4973 18.5924 -77.9891 -18.9978 18.5969 -60
1 16 -11.25 17.9 -89.75 .25 0 0 -.4 -1 .1 0 0 -.25 1-4chrd.dat
1 16 -11.3 17.98 -89.75 0 0 -.25 .1 -1 .4 -.25 0 0 3-16chrd.dat
4 16 -11 17.5 -89.75 -11.25 18 -90 -11.3 18.08 -90 -11.531 18.3878 -89.8457
4 16 -13.9942 18.3907 -80 -11 13.6 -80 -11 17.5 -89.75 -11.531 18.3878 -89.8457
4 16 -11 1.3333 -21.3333 -11 3.2 -40 -24.0014 18.8016 -40 -24.2512 19.0015 -39.0015
4 16 -18.9978 18.5969 -60 -19.332 18.7976 -58.664 -11 3.8 -42 -11 7.4 -60
4 16 -13.9942 18.3907 -80 -14.4973 18.5924 -77.9891 -11 8.8 -64 -11 13.6 -80
4 16 -24.2512 19.0015 -39.0015 -29 19 -20 -11 1 -20 -11 1.3333 -21.3333
5 24 -11 1 -20 -29 19 -20 -11 1.3333 -21.3333 -11 1 18
5 24 -11 8.8 -64 -14.4973 18.5924 -77.9891 -18.9978 18.5969 -60 -11 13.6 -80
5 24 -11 3.8 -42 -19.332 18.7976 -58.664 -11 7.4 -60 -24.0014 18.8016 -40
5 24 -18.9978 18.5969 -60 -11 7.4 -60 -19.332 18.7976 -58.664 -11 8.8 -64
5 24 -24.0014 18.8016 -40 -11 3.2 -40 -11 3.8 -42 -24.2512 19.0015 -39.0015
5 24 -11 1.3333 -21.3333 -24.2512 19.0015 -39.0015 -11 3.2 -40 -29 19 -20
5 24 -13.9942 18.3907 -80 -11 13.6 -80 -14.4973 18.5924 -77.9891 -11 17.5 -89.75

4 16 -29.1009 18.7469 18.3827 -28.9239 18.9239 18.3827 -29 19 18 -29.177 18.823 18
4 16 -28.8841 18.5301 18.7071 -28.7071 18.7071 18.7071 -28.9239 18.9239 18.3827 -29.1009 18.7469 18.3827
4 16 -28.5597 18.2057 18.9239 -28.3827 18.3827 18.9239 -28.7071 18.7071 18.7071 -28.8841 18.5301 18.7071
4 16 -28.177 17.823 19 -28 18 19 -28.3827 18.3827 18.9239 -28.5597 18.2057 18.9239
4 16 -12 2 19 -28 18 19 -28.177 17.823 19 -12.177 1.823 19
4 16 -11.7943 1.4403 18.9239 -11.6173 1.6173 18.9239 -12 2 19 -12.177 1.823 19
4 16 -11.4699 1.1159 18.7071 -11.2929 1.2929 18.7071 -11.6173 1.6173 18.9239 -11.7943 1.4403 18.9239
4 16 -11.2531 .8991 18.3827 -11.0761 1.0761 18.3827 -11.2929 1.2929 18.7071 -11.4699 1.1159 18.7071
4 16 -11.177 .823 18 -11 1 18 -11.0761 1.0761 18.3827 -11.2531 .8991 18.3827
4 16 -11 1 -20 -11 1 18 -11.177 .823 18 -11.177 .823 -20
4 16 -11 1.3333 -21.3333 -11 1 -20 -11.177 .823 -20 -11.177 1.1563 -21.3333
4 16 -11 3.2 -40 -11 1.3333 -21.3333 -11.177 1.1563 -21.3333 -11.177 3.023 -40
4 16 -11 3.8 -42 -11 3.2 -40 -11.177 3.023 -40 -11.177 3.623 -42
4 16 -11 7.4 -60 -11 3.8 -42 -11.177 3.623 -42 -11.177 7.223 -60
4 16 -11 8.8 -64 -11 7.4 -60 -11.177 7.223 -60 -11.177 8.623 -64
4 16 -11 13.6 -80 -11 8.8 -64 -11.177 8.623 -64 -11.177 13.423 -80
4 16 -11 17.5 -89.75 -11 13.6 -80 -11.177 13.423 -80 -11.177 17.323 -89.75
4 16 -11.019 17.5687 -89.8457 -11 17.5 -89.75 -11.177 17.323 -89.75 -11.196 17.3917 -89.8457
4 16 -11.0732 17.6879 -89.9268 -11.019 17.5687 -89.8457 -11.196 17.3917 -89.8457 -11.2502 17.5109 -89.9268
4 16 -11.1543 17.8393 -89.981 -11.0732 17.6879 -89.9268 -11.2502 17.5109 -89.9268 -11.3313 17.6623 -89.981
4 16 -11.25 18 -90 -11.1543 17.8393 -89.981 -11.3313 17.6623 -89.981 -11.427 17.823 -90
4 16 -11.3 18.08 -90 -11.25 18 -90 -11.427 17.823 -90 -11.477 17.903 -90
4 16 -11.3957 18.2255 -89.981 -11.3 18.08 -90 -11.477 17.903 -90 -11.5727 18.0485 -89.981
4 16 -11.4768 18.3336 -89.9268 -11.3957 18.2255 -89.981 -11.5727 18.0485 -89.981 -11.6538 18.1566 -89.9268
4 16 -11.531 18.3878 -89.8457 -11.4768 18.3336 -89.9268 -11.6538 18.1566 -89.9268 -11.708 18.2108 -89.8457
4 16 -29 19 18 -29 19 -20 -29.177 18.823 -20 -29.177 18.823 18
4 16 -29.177 18.823 -20 -29 19 -20 -24.2512 19.0015 -39.0015 -24.4282 18.8245 -39.0015
4 16 -24.2512 19.0015 -39.0015 -24.0014 18.8016 -40 -24.1784 18.6246 -40 -24.4282 18.8245 -39.0015
4 16 -24.1784 18.6246 -40 -24.0014 18.8016 -40 -19.332 18.7976 -58.664 -19.509 18.6206 -58.664
4 16 -19.332 18.7976 -58.664 -18.9978 18.5969 -60 -19.1748 18.4199 -60 -19.509 18.6206 -58.664
4 16 -19.1748 18.4199 -60 -18.9978 18.5969 -60 -14.4973 18.5924 -77.9891 -14.6743 18.4154 -77.9891
4 16 -14.4973 18.5924 -77.9891 -13.9942 18.3907 -80 -14.1712 18.2137 -80 -14.6743 18.4154 -77.9891
4 16 -13.9942 18.3907 -80 -11.531 18.3878 -89.8457 -11.708 18.2108 -89.8457 -14.1712 18.2137 -80

5 24 -11.177 13.423 -80 -11 13.6 -80 -11 17.5 -89.75 -11.177 8.623 -64
5 24 -11.3957 18.2255 -89.981 -11.5727 18.0485 -89.981 -11.4768 18.3336 -89.9268 -11.477 17.903 -90
5 24 -11.531 18.3878 -89.8457 -11.708 18.2108 -89.8457 -13.9942 18.3907 -80 -11.6538 18.1566 -89.9268
5 24 -24.1784 18.6246 -40 -24.0014 18.8016 -40 -19.509 18.6206 -58.664 -24.2512 19.0015 -39.0015
5 24 -11 17.5 -89.75 -11.177 17.323 -89.75 -11.177 13.423 -80 -11.019 17.5687 -89.8457
5 24 -11.177 7.223 -60 -11 7.4 -60 -11 8.8 -64 -11.177 3.623 -42
5 24 -11.177 8.623 -64 -11 8.8 -64 -11 13.6 -80 -11.177 7.223 -60
5 24 -29 19 18 -29.177 18.823 18 -28.9239 18.9239 18.3827 -29.177 18.823 -20
5 24 -11.196 17.3917 -89.8457 -11.019 17.5687 -89.8457 -11.177 17.323 -89.75 -11.0732 17.6879 -89.9268
5 24 -28.8841 18.5301 18.7071 -28.7071 18.7071 18.7071 -29.1009 18.7469 18.3827 -28.3827 18.3827 18.9239
5 24 -11.477 17.903 -90 -11.3 18.08 -90 -11.3957 18.2255 -89.981 -11.427 17.823 -90
5 24 -28.9239 18.9239 18.3827 -29.1009 18.7469 18.3827 -29.177 18.823 18 -28.7071 18.7071 18.7071
5 24 -11.6538 18.1566 -89.9268 -11.4768 18.3336 -89.9268 -11.531 18.3878 -89.8457 -11.5727 18.0485 -89.981
5 24 -11.0732 17.6879 -89.9268 -11.2502 17.5109 -89.9268 -11.196 17.3917 -89.8457 -11.1543 17.8393 -89.981
5 24 -11.25 18 -90 -11.427 17.823 -90 -11.3313 17.6623 -89.981 -11.3 18.08 -90
5 24 -19.1748 18.4199 -60 -18.9978 18.5969 -60 -14.6743 18.4154 -77.9891 -19.332 18.7976 -58.664
5 24 -14.4973 18.5924 -77.9891 -14.6743 18.4154 -77.9891 -14.1712 18.2137 -80 -18.9978 18.5969 -60
5 24 -28.3827 18.3827 18.9239 -28.5597 18.2057 18.9239 -28.8841 18.5301 18.7071 -28 18 19
5 24 -11.2929 1.2929 18.7071 -11.4699 1.1159 18.7071 -11.7943 1.4403 18.9239 -11.0761 1.0761 18.3827
5 24 -11.7943 1.4403 18.9239 -11.6173 1.6173 18.9239 -12.177 1.823 19 -11.2929 1.2929 18.7071
5 24 -11 1 18 -11.177 .823 18 -11.2531 .8991 18.3827 -11 1 -20
5 24 -11.177 3.023 -40 -11 3.2 -40 -11 3.8 -42 -11.177 1.1563 -21.3333
5 24 -11.3313 17.6623 -89.981 -11.1543 17.8393 -89.981 -11.2502 17.5109 -89.9268 -11.25 18 -90
5 24 -28.177 17.823 19 -28 18 19 -28.5597 18.2057 18.9239 -12 2 19
5 24 -11 1.3333 -21.3333 -11.177 1.1563 -21.3333 -11 3.2 -40 -11.177 .823 -20
5 24 -24.2512 19.0015 -39.0015 -24.4282 18.8245 -39.0015 -24.1784 18.6246 -40 -29 19 -20
5 24 -11 3.8 -42 -11.177 3.623 -42 -11.177 3.023 -40 -11 7.4 -60
5 24 -11.177 .823 -20 -11 1 -20 -11 1.3333 -21.3333 -11.177 .823 18
5 24 -14.1712 18.2137 -80 -13.9942 18.3907 -80 -11.708 18.2108 -89.8457 -14.4973 18.5924 -77.9891
5 24 -11.2531 .8991 18.3827 -11.0761 1.0761 18.3827 -11.4699 1.1159 18.7071 -11 1 18
5 24 -19.332 18.7976 -58.664 -19.509 18.6206 -58.664 -24.0014 18.8016 -40 -19.1748 18.4199 -60
5 24 -12 2 19 -12.177 1.823 19 -11.6173 1.6173 18.9239 -28.177 17.823 19
