0 Sticker  1.7 x  3.7 with Worn Dark Bluish Grey Rectangle Right Model
0 Name: 6132160j.dat
0 Author: Evert-Jan Boer [ejboer]
0 !LDRAW_ORG Unofficial_Part
0 !LICENSE Licensed under CC BY 4.0 : see CAreadme.txt

0 BFC CERTIFY CCW

0 !CATEGORY Sticker
0 !KEYWORDS Bricklink 75060stk01a, Brickowl 679167, Rebrickable 18741, Set 75060
0 !KEYWORDS Slave I

1 72 14.75 -.25 -24.93 0 0 1 0 1 0 -1 0 0 1-4chrd.dat
1 72 14.75 -.25 11.07 1 0 0 0 1 0 0 0 1 1-4chrd.dat
1 320 -13.75 -.25 14.2 -1 0 0 0 1 0 0 0 1 5-16chrd.dat
1 72 -13.75 -.25 -22.5 -1 0 0 0 1 0 0 0 -1 3-16chrd.dat
3 320 -4.7586 -.25 13.3989 -10.15 -.25 13.3 -6.15 -.25 10.6
4 320 -5.2201 -.25 9.8933 -3.65 -.25 8.7 .25 -.25 8.6 -4.7586 -.25 13.3989
3 320 -3.65 -.25 8.7 -1.95 -.25 6.8 .25 -.25 8.6
4 320 -1.15 -.25 5.5 -.15 -.25 6.5 .25 -.25 8.6 -1.95 -.25 6.8
3 320 -.15 -.25 6.5 -1.15 -.25 5.5 -.45 -.25 3.9
3 320 4.15 -.25 6 2.55 -.25 3.3 5.55 -.25 3.4
3 320 -4.7586 -.25 13.3989 .25 -.25 8.6 .95 -.25 10
3 320 -4.7586 -.25 13.3989 .95 -.25 10 1.95 -.25 10.4
3 320 7.85 -.25 9.8 5.25 -.25 8.9 6.95 -.25 7.3
4 320 9.05 -.25 11.5 3.35 -.25 10.1 5.25 -.25 8.9 7.85 -.25 9.8
4 320 3.35 -.25 10.1 9.05 -.25 11.5 -4.7586 -.25 13.3989 1.95 -.25 10.4
4 72 -14.75 -.25 -22.5 -9.7213 -.25 -24.302 -13.95 -.25 14 -14.75 -.25 13
4 72 4.15 -.25 6 -.15 -.25 6.5 -.45 -.25 3.9 2.55 -.25 3.3
4 72 -.15 -.25 6.5 4.15 -.25 6 .95 -.25 10 .25 -.25 8.6
4 72 .95 -.25 10 4.15 -.25 6 3.35 -.25 10.1 1.95 -.25 10.4
4 72 6.95 -.25 7.3 5.25 -.25 8.9 3.35 -.25 10.1 4.15 -.25 6
3 72 6.95 -.25 7.3 4.15 -.25 6 5.55 -.25 3.4
4 72 -1.95 -.25 6.8 -9.7213 -.25 -24.302 -.45 -.25 3.9 -1.15 -.25 5.5
4 72 -12.95 -.25 14.1 -9.7213 -.25 -24.302 -6.15 -.25 10.6 -10.15 -.25 13.3
3 72 -12.95 -.25 14.1 -13.95 -.25 14 -9.7213 -.25 -24.302
3 320 -4.7586 -.25 13.3989 -6.15 -.25 10.6 -5.2201 -.25 9.8933
3 320 -14.75 -.25 14.2 -14.75 -.25 13 -13.95 -.25 14
4 320 -12.95 -.25 14.1 -13.3673 -.25 15.1239 -14.75 -.25 14.2 -13.95 -.25 14
4 320 -10.15 -.25 13.3 -4.7586 -.25 13.3989 -13.3673 -.25 15.1239 -12.95 -.25 14.1
3 320 -4.7586 -.25 13.3989 9.05 -.25 11.5 9.7225 -.25 12.4125
4 72 15.75 -.25 11.07 14.75 -.25 12.07 9.7225 -.25 12.4125 9.05 -.25 11.5
4 72 14.75 -.25 -25.93 15.75 -.25 -24.93 15.75 -.25 11.07 9.05 -.25 11.5
4 72 6.95 -.25 7.3 14.75 -.25 -25.93 9.05 -.25 11.5 7.85 -.25 9.8
3 72 6.95 -.25 7.3 5.55 -.25 3.4 14.75 -.25 -25.93
3 72 5.55 -.25 3.4 2.55 -.25 3.3 14.75 -.25 -25.93
4 72 -.45 -.25 3.9 -9.7213 -.25 -24.302 14.75 -.25 -25.93 2.55 -.25 3.3
3 72 -14.75 -.25 -22.5 -14.1327 -.25 -23.4239 -9.7213 -.25 -24.302
3 72 -6.15 -.25 10.6 -9.7213 -.25 -24.302 -5.2201 -.25 9.8933
4 72 -1.95 -.25 6.8 -3.65 -.25 8.7 -5.2201 -.25 9.8933 -9.7213 -.25 -24.302

1 16 14.75 0 -24.93 0 0 1 0 -1 0 -1 0 0 1-4chrd.dat
1 16 14.75 0 11.07 1 0 0 0 -1 0 0 0 1 1-4chrd.dat
1 16 -13.75 0 14.2 -1 0 0 0 -1 0 0 0 1 5-16chrd.dat
1 16 -13.75 0 -22.5 -1 0 0 0 -1 0 0 0 -1 3-16chrd.dat
4 16 -4.7586 0 13.3989 14.75 0 12.07 14.75 0 -25.93 -9.7213 0 -24.302
4 16 15.75 0 11.07 15.75 0 -24.93 14.75 0 -25.93 14.75 0 12.07
3 16 -14.75 0 14.2 -13.3673 0 15.1239 -4.7586 0 13.3989
4 16 -14.1327 0 -23.4239 -14.75 0 -22.5 -14.75 0 14.2 -4.7586 0 13.3989
3 16 -14.1327 0 -23.4239 -4.7586 0 13.3989 -9.7213 0 -24.302

1 16 14.75 -.25 -24.93 0 0 1 0 .25 0 -1 0 0 1-4cyli.dat
1 16 14.75 -.25 11.07 1 0 0 0 .25 0 0 0 1 1-4cyli.dat
1 16 -13.75 -.25 14.2 -1 0 0 0 .25 0 0 0 1 5-16cyli.dat
1 16 -13.75 -.25 -22.5 -1 0 0 0 .25 0 0 0 -1 3-16cyli.dat
4 16 -9.7213 -.25 -24.302 -14.1327 -.25 -23.4239 -14.1327 0 -23.4239 -9.7213 0 -24.302
4 16 14.75 -.25 -25.93 -9.7213 -.25 -24.302 -9.7213 0 -24.302 14.75 0 -25.93
4 16 15.75 -.25 11.07 15.75 -.25 -24.93 15.75 0 -24.93 15.75 0 11.07
4 16 -4.7586 -.25 13.3989 14.75 -.25 12.07 14.75 0 12.07 -4.7586 0 13.3989
4 16 -13.3673 -.25 15.1239 -4.7586 -.25 13.3989 -4.7586 0 13.3989 -13.3673 0 15.1239
4 16 -14.75 -.25 -22.5 -14.75 -.25 14.2 -14.75 0 14.2 -14.75 0 -22.5

5 24 -4.7586 -.25 13.3989 -4.7586 0 13.3989 14.75 -.25 12.07 -13.3673 0 15.1239
5 24 -9.7213 0 -24.302 -9.7213 -.25 -24.302 14.75 0 -25.93 -14.1327 -.25 -23.4239
