0 Sticker  1.8 x  1.8 Round with Cutout with Porsche GT3RS Silhouette and "3:09" on Black Background
0 Name: 6154914o.dat
0 Author: Jens Brühl [jb70]
0 !LDRAW_ORG Unofficial_Part
0 !LICENSE Licensed under CC BY 4.0 : see CAreadme.txt

0 BFC CERTIFY CCW

0 !CATEGORY Sticker
0 !KEYWORDS Bricklink 42056stk01, Brickowl 901585, Lego Technic
0 !KEYWORDS Porsche 911 GT3 RS, Rebrickable 27056, set 42056

1 16 0 0 0 -1 0 0 0 1 0 0 0 1 s\stickerback018x018a.dat

0 // Sticker Top
1 0 0 0 0 -1 0 0 0 1 0 0 0 1 s\6154914ms03.dat
1 15 2.7 -.25 2.2 .375 0 0 0 1 0 0 0 .375 logo-porsche-gt3rs-silhouette.dat
1 0 2.7 -.25 2.2 .375 0 0 0 1 0 0 0 .375 logo-porsche-gt3rs-silhouette-box.dat

0 // 3:09 9-Segment-Numbers
4 15 1.4 -0.25 -12.1 1.8 -0.25 -12.1 1.8 -0.25 -11.2 1.4 -0.25 -11.2
3 15 1.8 -0.25 -12.1 1.4 -0.25 -12.1 1.6 -0.25 -12.3
4 15 1.4 -0.25 -13.4 1.8 -0.25 -13.4 1.8 -0.25 -12.5 1.4 -0.25 -12.5
3 15 1.6 -0.25 -12.3 1.4 -0.25 -12.5 1.8 -0.25 -12.5
4 15 -0.5 -0.25 -13.4 -0.1 -0.25 -13.4 -0.1 -0.25 -12.5 -0.5 -0.25 -12.5
3 15 -0.3 -0.25 -12.3 -0.5 -0.25 -12.5 -0.1 -0.25 -12.5
4 15 -0.5 -0.25 -12.1 -0.1 -0.25 -12.1 -0.1 -0.25 -11.2 -0.5 -0.25 -11.2
3 15 -0.1 -0.25 -12.1 -0.5 -0.25 -12.1 -0.3 -0.25 -12.3
4 15 -0.1 -0.25 -10.8 -0.5 -0.25 -11.2 -0.1 -0.25 -11.2 1.4 -0.25 -10.8
3 15 1.4 -0.25 -10.8 -0.1 -0.25 -11.2 1.4 -0.25 -11.2
3 15 1.4 -0.25 -10.8 1.4 -0.25 -11.2 1.8 -0.25 -11.2
3 15 -0.1 -0.25 -13.4 -0.5 -0.25 -13.4 -0.1 -0.25 -13.8
4 15 1.4 -0.25 -13.4 -0.1 -0.25 -13.4 -0.1 -0.25 -13.8 1.4 -0.25 -13.8
3 15 1.8 -0.25 -13.4 1.4 -0.25 -13.4 1.4 -0.25 -13.8
4 15 4.1 -0.25 -12.1 4.5 -0.25 -12.1 4.5 -0.25 -11.2 4.1 -0.25 -11.2
3 15 4.5 -0.25 -12.1 4.1 -0.25 -12.1 4.3 -0.25 -12.3
4 15 4.1 -0.25 -13.4 4.5 -0.25 -13.4 4.5 -0.25 -12.5 4.1 -0.25 -12.5
3 15 4.3 -0.25 -12.3 4.1 -0.25 -12.5 4.5 -0.25 -12.5
4 15 2.2 -0.25 -12.1 2.6 -0.25 -12.1 2.6 -0.25 -11.2 2.2 -0.25 -11.2
4 15 2.6 -0.25 -10.8 2.2 -0.25 -11.2 2.6 -0.25 -11.2 4.1 -0.25 -10.8
3 15 4.1 -0.25 -10.8 2.6 -0.25 -11.2 4.1 -0.25 -11.2
3 15 4.1 -0.25 -10.8 4.1 -0.25 -11.2 4.5 -0.25 -11.2
4 15 4.1 -0.25 -13.4 2.6 -0.25 -13.4 2.6 -0.25 -13.8 4.1 -0.25 -13.8
3 15 4.5 -0.25 -13.4 4.1 -0.25 -13.4 4.1 -0.25 -13.8
4 15 -2.6 -0.25 -12.1 -2.2 -0.25 -12.1 -2.2 -0.25 -11.2 -2.6 -0.25 -11.2
3 15 -2.2 -0.25 -12.1 -2.6 -0.25 -12.1 -2.4 -0.25 -12.3
4 15 -2.6 -0.25 -13.4 -2.2 -0.25 -13.4 -2.2 -0.25 -12.5 -2.6 -0.25 -12.5
3 15 -2.4 -0.25 -12.3 -2.6 -0.25 -12.5 -2.2 -0.25 -12.5
4 15 -2.6 -0.25 -10.8 -4.1 -0.25 -10.8 -4.1 -0.25 -11.2 -2.6 -0.25 -11.2
3 15 -2.6 -0.25 -10.8 -2.6 -0.25 -11.2 -2.2 -0.25 -11.2
4 15 -2.6 -0.25 -13.4 -4.1 -0.25 -13.4 -4.1 -0.25 -13.8 -2.6 -0.25 -13.8
3 15 -2.2 -0.25 -13.4 -2.6 -0.25 -13.4 -2.6 -0.25 -13.8
3 15 -4.1 -0.25 -10.8 -4.3 -0.25 -11 -4.1 -0.25 -11.2
4 15 -2.6 -0.25 -12.5 -2.4 -0.25 -12.3 -2.6 -0.25 -12.1 -4.1 -0.25 -12.1
4 15 -4.1 -0.25 -12.5 -2.6 -0.25 -12.5 -4.1 -0.25 -12.1 -4.3 -0.25 -12.3
3 15 -4.1 -0.25 -13.4 -4.3 -0.25 -13.6 -4.1 -0.25 -13.8
4 15 -1.2 -0.25 -11.4 -1.5 -0.25 -11.4 -1.6 -0.25 -11.5 -1.1 -0.25 -11.5
4 15 -1.1 -0.25 -11.5 -1.6 -0.25 -11.5 -1.6 -0.25 -11.8 -1.1 -0.25 -11.8
4 15 -1.1 -0.25 -11.8 -1.6 -0.25 -11.8 -1.5 -0.25 -11.9 -1.2 -0.25 -11.9
4 15 -1.2 -0.25 -12.7 -1.5 -0.25 -12.7 -1.6 -0.25 -12.8 -1.1 -0.25 -12.8
4 15 -1.1 -0.25 -12.8 -1.6 -0.25 -12.8 -1.6 -0.25 -13.1 -1.1 -0.25 -13.1
4 15 -1.1 -0.25 -13.1 -1.6 -0.25 -13.1 -1.5 -0.25 -13.2 -1.2 -0.25 -13.2
4 15 4.1 -0.25 -12.5 4.3 -0.25 -12.3 4.1 -0.25 -12.1 2.6 -0.25 -12.1
4 15 2.6 -0.25 -12.5 4.1 -0.25 -12.5 2.6 -0.25 -12.1 2.2 -0.25 -12.1
3 15 2.6 -0.25 -13.4 2.4 -0.25 -13.6 2.6 -0.25 -13.8
4 0 -4.1 -.25 -12.1 -2.6 -.25 -12.1 -2.6 -.25 -11.2 -4.1 -.25 -11.2
4 0 -4.3 -.25 -12.3 -4.1 -.25 -12.1 -4.1 -.25 -11.2 -4.3 -.25 -11
4 0 -4.1 -.25 -13.4 -2.6 -.25 -13.4 -2.6 -.25 -12.5 -4.1 -.25 -12.5
4 0 -4.3 -.25 -13.6 -4.1 -.25 -13.4 -4.1 -.25 -12.5 -4.3 -.25 -12.3
4 0 -.1 -.25 -10.8 -2.6 -.25 -10.8 -2.2 -.25 -11.2 -.5 -.25 -11.2
4 0 -.5 -.25 -11.2 -2.2 -.25 -11.2 -1.5 -.25 -11.4 -1.2 -.25 -11.4
3 0 -1.2 -.25 -11.4 -1.1 -.25 -11.5 -.5 -.25 -11.2
3 0 -2.2 -.25 -11.2 -1.6 -.25 -11.5 -1.5 -.25 -11.4
3 0 -1.6 -.25 -11.8 -2.2 -.25 -12.1 -1.5 -.25 -11.9
3 0 -1.1 -.25 -11.8 -1.2 -.25 -11.9 -.5 -.25 -12.1
3 0 -1.2 -.25 -12.7 -1.1 -.25 -12.8 -.5 -.25 -12.5
3 0 -2.2 -.25 -12.5 -1.6 -.25 -12.8 -1.5 -.25 -12.7
3 0 -1.6 -.25 -13.1 -2.2 -.25 -13.4 -1.5 -.25 -13.2
3 0 -1.1 -.25 -13.1 -1.2 -.25 -13.2 -.5 -.25 -13.4
4 0 -2.2 -.25 -11.2 -2.2 -.25 -12.1 -1.6 -.25 -11.8 -1.6 -.25 -11.5
4 0 -1.1 -.25 -11.5 -1.1 -.25 -11.8 -.5 -.25 -12.1 -.5 -.25 -11.2
4 0 -1.2 -.25 -11.9 -1.5 -.25 -11.9 -2.2 -.25 -12.1 -.5 -.25 -12.1
4 0 -.5 -.25 -12.1 -2.2 -.25 -12.1 -2.4 -.25 -12.3 -.3 -.25 -12.3
4 0 -.3 -.25 -12.3 -2.4 -.25 -12.3 -2.2 -.25 -12.5 -.5 -.25 -12.5
4 0 -.5 -.25 -12.5 -2.2 -.25 -12.5 -1.5 -.25 -12.7 -1.2 -.25 -12.7
4 0 -1.1 -.25 -13.1 -.5 -.25 -13.4 -.5 -.25 -12.5 -1.1 -.25 -12.8
4 0 -2.2 -.25 -13.4 -1.6 -.25 -13.1 -1.6 -.25 -12.8 -2.2 -.25 -12.5
4 0 -1.2 -.25 -13.2 -1.5 -.25 -13.2 -2.2 -.25 -13.4 -.5 -.25 -13.4
4 0 -.5 -.25 -13.4 -2.2 -.25 -13.4 -2.6 -.25 -13.8 -.1 -.25 -13.8
4 0 -.1 -.25 -11.2 -.1 -.25 -12.1 1.4 -.25 -12.1 1.4 -.25 -11.2
4 0 1.4 -.25 -12.1 -.1 -.25 -12.1 -.3 -.25 -12.3 1.6 -.25 -12.3
4 0 -.3 -.25 -12.3 -.1 -.25 -12.5 1.4 -.25 -12.5 1.6 -.25 -12.3
4 0 -.1 -.25 -12.5 -.1 -.25 -13.4 1.4 -.25 -13.4 1.4 -.25 -12.5
4 0 2.6 -.25 -10.8 1.4 -.25 -10.8 1.8 -.25 -11.2 2.2 -.25 -11.2
4 0 2.2 -.25 -11.2 1.8 -.25 -11.2 1.8 -.25 -12.1 2.2 -.25 -12.1
4 0 2.6 -.25 -11.2 2.6 -.25 -12.1 4.1 -.25 -12.1 4.1 -.25 -11.2
4 0 2.6 -.25 -12.5 2.6 -.25 -13.4 4.1 -.25 -13.4 4.1 -.25 -12.5
4 0 1.8 -.25 -12.1 1.6 -.25 -12.3 1.8 -.25 -12.5 2.2 -.25 -12.1
4 0 2.6 -.25 -12.5 2.2 -.25 -12.1 1.8 -.25 -12.5 1.8 -.25 -13.4
4 0 2.6 -.25 -13.4 2.6 -.25 -12.5 1.8 -.25 -13.4 2.4 -.25 -13.6
4 0 2.4 -.25 -13.6 1.8 -.25 -13.4 1.4 -.25 -13.8 2.6 -.25 -13.8

0 // Background Filling
4 0 -9.4875 -.25 6.1375 -9.622 -.25 8.4194 -9.622 -.25 0 -9.4875 -.25 -1.7375
3 0 -9.4875 -.25 -1.7375 -9.622 -.25 0 -9.622 -.25 -8.4194
4 0 14.8875 -.25 -1.7375 -9.4875 -.25 -1.7375 -9.622 -.25 -8.4194 16.6302 -.25 -6.8886
4 0 16.6302 -.25 6.8886 14.8875 -.25 6.1375 14.8875 -.25 -1.7375 18 -.25 0
3 0 18 -.25 0 14.8875 -.25 -1.7375 16.6302 -.25 -6.8886
4 0 -9.622 -.25 8.4194 -9.4875 -.25 6.1375 14.8875 -.25 6.1375 16.6302 -.25 6.8886
4 0 -9.622 -.25 8.4194 16.6302 -.25 6.8886 12.7278 -.25 12.7278 6.8886 -.25 16.6302
4 0 -9.622 -.25 8.4194 6.8886 -.25 16.6302 0 -.25 18 -10.9584 -.25 14.2812
3 0 -10.9584 -.25 14.2812 -11.2962 -.25 8.4194 -9.622 -.25 8.4194
4 0 0 -.25 -18 -2.6 -.25 -13.8 -4.1 -.25 -13.8 -10.9584 -.25 -14.2812
4 0 -.1 -.25 -10.8 1.4 -.25 -10.8 16.6302 -.25 -6.8886 -9.622 -.25 -8.4194
4 0 2.6 -.25 -13.8 0 -.25 -18 6.8886 -.25 -16.6302 4.1 -.25 -13.8
4 0 4.5 -.25 -13.4 6.8886 -.25 -16.6302 12.7278 -.25 -12.7278 4.5 -.25 -12.5
4 0 4.5 -.25 -12.1 12.7278 -.25 -12.7278 16.6302 -.25 -6.8886 4.5 -.25 -11.2
4 0 -9.622 -.25 -8.4194 -11.2962 -.25 -8.4194 -10.9584 -.25 -14.2812 -4.3 -.25 -12.3
3 0 -4.1 -.25 -13.8 -4.3 -.25 -13.6 -10.9584 -.25 -14.2812
3 0 -10.9584 -.25 -14.2812 -4.3 -.25 -13.6 -4.3 -.25 -12.3
3 0 -4.3 -.25 -12.3 -4.3 -.25 -11 -9.622 -.25 -8.4194
3 0 -9.622 -.25 -8.4194 -4.3 -.25 -11 -4.1 -.25 -10.8
3 0 -9.622 -.25 -8.4194 -4.1 -.25 -10.8 -2.6 -.25 -10.8
3 0 -9.622 -.25 -8.4194 -2.6 -.25 -10.8 -.1 -.25 -10.8
3 0 1.4 -.25 -10.8 2.6 -.25 -10.8 16.6302 -.25 -6.8886
3 0 16.6302 -.25 -6.8886 2.6 -.25 -10.8 4.1 -.25 -10.8
3 0 16.6302 -.25 -6.8886 4.1 -.25 -10.8 4.5 -.25 -11.2
4 0 4.3 -.25 -12.3 4.5 -.25 -12.5 12.7278 -.25 -12.7278 4.5 -.25 -12.1
3 0 4.5 -.25 -13.4 4.1 -.25 -13.8 6.8886 -.25 -16.6302
3 0 -.1 -.25 -13.8 -2.6 -.25 -13.8 0 -.25 -18
3 0 -.1 -.25 -13.8 0 -.25 -18 1.4 -.25 -13.8
3 0 1.4 -.25 -13.8 0 -.25 -18 2.6 -.25 -13.8