0 Plate  4 x  6 with 12 Studs on Three Edges with Blue R2-D2 Figure and Silver "25 YEARS OF STAR WARS" Pattern
0 Name: 6180p04.dat
0 Author: Gabriel Läufer [Dr.Bricktacular]
0 !LDRAW_ORG Unofficial_Part
0 !LICENSE Licensed under CC BY 4.0 : see CAreadme.txt

0 BFC CERTIFY CCW

0 !CATEGORY Plate
0 !KEYWORDS Bricklink 6180pb195, Rebrickable 6180pr0034, Set 40755, set 75379
0 !KEYWORDS set 75383, set 75387, set 75392, Set 75394, set75396

0 !HISTORY 2025-03-14 [Dr.Bricktacular] Pattern based on the part 49311ps1.dat from Magnus Forsberg [MagFors]

0 // Pattern-Basepart
1 16 0 0 0 1 0 0 0 1 0 0 0 1 s\6180s01.dat

0 // Pattern
4 80 -7.6 0 19.06 -8.54 0 16.45 -7.36 0 16.31 -5.46 0 18.7
4 80 .38 0 16.82 -1.75 0 17.69 -1.2 0 14.57 .23 0 13.92
4 80 1.73 0 14.21 .38 0 16.82 .23 0 13.92 1.02 0 13.48
4 80 2.83 0 15.58 .38 0 16.82 1.73 0 14.21 2.99 0 15.44
4 80 -6.81 0 -32.27 -8.23 0 -32.49 -7.12 0 -35.02 -5.78 0 -34.81
4 80 -2.62 0 15.15 -1.2 0 14.57 -1.75 0 17.69 -3.33 0 18.19
3 80 1.73 0 14.21 1.02 0 13.48 1.25 0 13.48
3 80 -3.33 0 18.19 -4.52 0 15.73 -2.62 0 15.15
4 80 -5.7 0 16.02 -4.52 0 15.73 -3.33 0 18.19 -5.46 0 18.7
4 80 1.49 0 9.49 1.57 0 10.07 1.33 0 11.02 -.33 0 6.81
3 80 -5.46 0 18.7 -7.36 0 16.31 -5.7 0 16.02
4 80 -8.54 0 16.45 -7.6 0 19.06 -9.49 0 19.21 -10.84 0 16.6
4 80 -13.13 0 16.45 -12.4 0 19.21 -14 0 19.06 -14.39 0 16.31
4 80 -15.97 0 16.02 -14.39 0 16.31 -15.81 0 18.77 -17.47 0 18.41
4 80 -17.16 0 15.73 -17.47 0 18.41 -19.05 0 17.98 -18.58 0 15.29
4 80 -18.58 0 15.29 -19.05 0 17.98 -21.18 0 17.18 -20 0 14.79
4 80 -21.58 0 14.06 -20 0 14.79 -22.61 0 16.53 -23.87 0 15.87
4 80 -23.79 0 12.83 -21.58 0 14.06 -23.87 0 15.87 -25.69 0 14.79
4 80 -25.13 0 11.89 -23.79 0 12.83 -25.69 0 14.79 -27.66 0 13.34
4 80 -26.56 0 10.8 -25.13 0 11.89 -27.66 0 13.34 -29.8 0 11.45
4 80 -28.53 0 8.91 -26.56 0 10.8 -29.8 0 11.45 -31.14 0 10
4 80 -29.8 0 7.46 -28.53 0 8.91 -31.14 0 10 -32.17 0 8.77
4 80 -30.51 0 6.52 -32.17 0 8.77 -33.51 0 6.88 -31.53 0 5
4 80 -31.53 0 5 -33.51 0 6.88 -34.3 0 5.58 -32.48 0 3.33
4 80 -32.48 0 3.33 -34.3 0 5.58 -34.93 0 4.42 -33.11 0 2.03
4 80 -33.11 0 2.03 -34.93 0 4.42 -35.8 0 2.53 -33.67 0 .65
4 80 -34.46 0 -1.82 -34.14 0 -.73 -36.67 0 .14 -37.14 0 -1.6
4 80 -34.77 0 -3.27 -34.46 0 -1.82 -37.14 0 -1.6 -37.48 0 -2.93
4 80 -35.01 0 -4.64 -34.77 0 -3.27 -37.48 0 -2.93 -37.73 0 -4.47
4 80 -35.01 0 -4.64 -37.73 0 -4.47 -37.85 0 -6.09 -35.17 0 -6.24
4 80 -34.69 0 -13.13 -34.93 0 -11.9 -37.38 0 -13.27 -37.06 0 -14.72
4 80 -34.38 0 -14.51 -34.69 0 -13.13 -37.06 0 -14.72 -36.75 0 -15.88
4 80 -33.98 0 -15.81 -36.75 0 -15.88 -36.27 0 -17.33 -33.59 0 -16.9
4 80 -33.03 0 -18.28 -33.59 0 -16.9 -35.8 0 -18.57 -35.09 0 -20.16
4 80 -32.01 0 -20.23 -35.09 0 -20.16 -34.22 0 -21.76 -31.22 0 -21.54
4 80 -31.22 0 -21.54 -34.22 0 -21.76 -33.27 0 -23.28 -29.87 0 -23.42
4 80 -28.85 0 -24.58 -29.87 0 -23.42 -32.17 0 -24.8 -30.59 0 -26.69
4 80 -27.22 0 -26.19 -28.85 0 -24.58 -30.59 0 -26.69 -29.14 0 -28.25
4 80 -25.45 0 -27.7 -27.5 0 -29.51 -26 0 -30.6 -24.34 0 -28.5
4 80 -22.69 0 -29.51 -24.27 0 -31.69 -22.92 0 -32.41 -21.58 0 -30.09
4 80 -21.58 0 -30.09 -22.92 0 -32.41 -21.58 0 -33.07 -20 0 -30.82
4 80 -20 0 -30.82 -21.58 0 -33.07 -19.53 0 -33.86 -18.66 0 -31.33
4 80 -18.66 0 -31.33 -19.53 0 -33.86 -17.79 0 -34.37 -16.68 0 -31.91
4 80 -16.68 0 -31.91 -17.79 0 -34.37 -15.89 0 -34.81 -14.23 0 -32.41
4 80 -14.23 0 -32.41 -15.89 0 -34.81 -14.47 0 -35.02 -12.57 0 -35.24
4 80 -4.75 0 -31.83 -5.78 0 -34.81 -3.88 0 -34.37 -3.49 0 -31.47
4 80 -1.43 0 -33.65 -1.38 0 -33.07 -1.62 0 -32.38 -3.88 0 -34.37
4 80 -3.49 0 -31.47 -3.88 0 -34.37 -1.62 0 -32.38 -1.75 0 -30.89
4 80 11.34 0 -10.06 15.31 0 -14.22 16.42 0 -13.56 17.61 0 -12.48
3 80 -1.38 0 -33.07 -1.43 0 -33.65 -.96 0 -33.36
3 80 -4.75 0 -31.83 -6.81 0 -32.27 -5.78 0 -34.81
3 80 -8.23 0 -32.49 -10.84 0 -32.63 -7.12 0 -35.02
4 80 -7.12 0 -35.02 -10.84 0 -32.63 -14.23 0 -32.41 -9.02 0 -35.24
4 80 -24.27 0 -31.69 -22.69 0 -29.51 -24.34 0 -28.5 -26 0 -30.6
4 80 -27.5 0 -29.51 -25.45 0 -27.7 -27.22 0 -26.19 -29.14 0 -28.25
3 80 -33.27 0 -23.28 -32.17 0 -24.8 -29.87 0 -23.42
3 80 -33.03 0 -18.28 -35.09 0 -20.16 -32.01 0 -20.23
3 80 -33.59 0 -16.9 -36.27 0 -17.33 -35.8 0 -18.57
3 80 -34.38 0 -14.51 -36.75 0 -15.88 -33.98 0 -15.81
4 80 -37.62 0 -11.82 -37.38 0 -13.27 -34.93 0 -11.9 -35.17 0 -9.94
4 80 -37.85 0 -10.01 -37.62 0 -11.82 -35.17 0 -9.94 -35.27 0 -8.09
4 80 -36.67 0 .14 -34.14 0 -.73 -33.67 0 .65 -35.8 0 2.53
3 80 -32.17 0 8.77 -30.51 0 6.52 -29.8 0 7.46
3 80 -21.18 0 17.18 -22.61 0 16.53 -20 0 14.79
3 80 -17.47 0 18.41 -17.16 0 15.73 -15.97 0 16.02
3 80 -14 0 19.06 -15.81 0 18.77 -14.39 0 16.31
4 80 -12.4 0 19.21 -13.13 0 16.45 -10.84 0 16.6 -10.98 0 19.28
3 80 -10.98 0 19.28 -10.84 0 16.6 -9.49 0 19.21
3 80 1.33 0 11.02 -4.67 0 4.49 -.33 0 6.81
4 80 18.4 0 -8.2 18.08 0 -7.4 11.29 0 -9.53 11.34 0 -10.06
4 80 10.18 0 -16.1 3.39 0 -14.22 2.75 0 -15.09 9.71 0 -16.32
4 80 -.33 0 6.23 -.33 0 6.81 -4.67 0 4.49 -3.01 0 .94
4 80 -3.01 0 .94 -4.67 0 4.49 -6.41 0 2.61 -6.56 0 1.91
3 80 -6.41 0 2.61 -6.76 0 2.14 -6.56 0 1.91
4 80 8.27 0 -10.21 3.15 0 -6.6 2.44 0 -7.91 2.28 0 -8.86
4 80 5.91 0 -4.86 4.41 0 -5.51 8.27 0 -10.21 8.81 0 -9.51
3 80 -.33 0 6.23 -3.01 0 .94 7.46 0 -1.89
4 80 11.34 0 -10.06 18.16 0 -11.61 18.47 0 -10.66 18.55 0 -9
4 80 15.31 0 -14.22 11.34 0 -10.06 11.05 0 -10.52 13.42 0 -15.09
4 80 11.29 0 -9.53 16.74 0 -5.88 15.79 0 -5.3 14.45 0 -4.79
4 80 28.74 0 -10.47 28.82 0 -8.96 21.16 0 -14.14 26.23 0 -14.87
4 80 13.42 0 -15.09 11.05 0 -10.52 10.42 0 -10.81 10.18 0 -16.1
3 80 28.74 0 -10.47 26.23 0 -14.87 27.32 0 -14.6
4 80 18.72 0 -22.12 18.7 0 -17.33 9.15 0 -17.33 1.88 0 -22.12
4 80 1.88 0 -18.2 1.88 0 -22.12 9.15 0 -17.33 2.04 0 -16.83
4 80 10.18 0 -16.1 10.42 0 -10.81 8.44 0 -11.39 6.86 0 -11.97
4 80 10.18 0 -16.1 5.52 0 -12.62 4.33 0 -13.35 3.39 0 -14.22
3 80 2.04 0 -16.83 9.15 0 -17.33 9.15 0 -16.9
4 80 2.04 0 -16.83 9.15 0 -16.9 9.71 0 -16.32 2.36 0 -15.81
3 80 2.75 0 -15.09 2.36 0 -15.81 9.71 0 -16.32
3 80 6.86 0 -11.97 5.52 0 -12.62 10.18 0 -16.1
4 80 14.45 0 -4.79 13.1 0 -4.5 11.05 0 -9.21 11.29 0 -9.53
3 80 11.34 0 -10.06 17.61 0 -12.48 18.16 0 -11.61
4 80 17.53 0 -6.6 16.74 0 -5.88 11.29 0 -9.53 18.08 0 -7.4
3 80 18.4 0 -8.2 11.34 0 -10.06 18.55 0 -9
4 80 11.05 0 -9.21 13.1 0 -4.5 11.29 0 -4.28 10.42 0 -9.07
4 80 7.41 0 -4.5 5.91 0 -4.86 8.81 0 -9.51 9.56 0 -9.14
3 80 4.41 0 -5.51 3.15 0 -6.6 8.27 0 -10.21
4 80 9.31 0 -4.28 7.41 0 -4.5 9.56 0 -9.14 10.42 0 -9.07
3 80 11.29 0 -4.28 9.31 0 -4.28 10.42 0 -9.07
4 80 28.82 0 -8.96 36.94 0 -8.92 36.94 0 -4.43 22.27 0 -4.43
4 80 36.57 0 -11.32 36.01 0 -10.88 34.99 0 -10.45 37.59 0 -13.27
4 80 29.85 0 -17.48 28.63 0 -17.67 31.75 0 -22.19 33.56 0 -21.76
3 80 36.57 0 -11.32 37.59 0 -13.27 37.2 0 -12.04
4 80 30.56 0 -15.52 37.59 0 -13.27 34.99 0 -10.45 30.32 0 -15.09
4 80 37.75 0 -16.17 30.56 0 -15.52 30.56 0 -16.39 37.59 0 -17.55
4 80 28.74 0 -22.41 30.32 0 -22.34 28.63 0 -17.67 27.4 0 -17.62
4 80 30.32 0 -17.12 33.56 0 -21.76 35.06 0 -21.1 35.85 0 -20.52
4 80 36.41 0 -19.94 36.88 0 -19.36 30.32 0 -17.12 35.85 0 -20.52
4 80 36.88 0 -19.36 37.28 0 -18.57 30.56 0 -16.39 30.32 0 -17.12
4 80 30.32 0 -15.09 33.8 0 -10.16 30.96 0 -10.08 29.69 0 -14.65
4 80 26.77 0 -22.26 28.74 0 -22.41 27.4 0 -17.62 25.51 0 -22.05
4 80 25.19 0 -17.12 23.21 0 -16.25 19.98 0 -19.73 21.4 0 -20.6
4 80 25.51 0 -22.05 27.4 0 -17.62 26.14 0 -17.41 24 0 -21.68
4 80 24.48 0 -27.19 24.32 0 -27.41 25.35 0 -28.12 25.91 0 -27.63
4 80 6.51 0 -31.83 5.91 0 -31.6 5.74 0 -31.64 5.24 0 -32.03
4 80 6.51 0 -31.83 6.78 0 -31.47 6.06 0 -31.48 5.91 0 -31.6
4 80 21.24 0 -25.09 20.92 0 -24.51 19.97 0 -25.4 21.24 0 -25.82
4 80 24 0 -21.68 26.14 0 -17.41 25.19 0 -17.12 22.82 0 -21.25
3 80 25.19 0 -17.12 21.4 0 -20.6 22.82 0 -21.25
3 80 28.63 0 -17.67 30.32 0 -22.34 31.75 0 -22.19
4 80 37.75 0 -15.01 37.59 0 -13.27 30.56 0 -15.52 37.75 0 -16.17
3 80 30.32 0 -17.12 29.85 0 -17.48 33.56 0 -21.76
3 80 30.56 0 -16.39 37.28 0 -18.57 37.59 0 -17.55
3 80 33.8 0 -10.16 30.32 0 -15.09 34.99 0 -10.45
4 80 29.69 0 -14.65 30.96 0 -10.08 29.61 0 -10.23 28.74 0 -10.47
3 80 22.27 0 -4.43 21.16 0 -14.14 28.82 0 -8.96
4 80 4.17 0 -25.74 3.39 0 -24.24 1.99 0 -24.25 3.53 0 -27.07
4 80 6.39 0 -24.24 4.96 0 -24.24 4.17 0 -25.74 4.89 0 -27.03
4 80 10.77 0 -26.69 10.75 0 -25.74 8.57 0 -25.74 8.6 0 -26.68
4 80 -.17 0 -29.84 -.15 0 -32.02 .54 0 -31.36 .54 0 -29.85
4 80 3.54 0 -28.33 4.88 0 -28.35 4.89 0 -27.03 3.53 0 -27.07
3 80 4.17 0 -25.74 3.53 0 -27.07 4.89 0 -27.03
4 80 7.02 0 -28.35 8.57 0 -25.74 8.6 0 -25.19 7.02 0 -24.26
4 80 8.6 0 -25.19 10.73 0 -25.19 10.71 0 -24.25 7.02 0 -24.26
4 80 8.6 0 -26.68 8.57 0 -25.74 7.02 0 -28.35 8.6 0 -27.32
3 80 15 0 -24.24 14.05 0 -25.26 14.48 0 -26.43
4 80 10.81 0 -28.34 10.81 0 -27.34 8.6 0 -27.32 7.02 0 -28.35
4 80 13.36 0 -27.5 13.69 0 -26.47 11.52 0 -28.34 12.94 0 -28.35
4 80 14.84 0 -27.48 15.2 0 -28.33 16.66 0 -28.35 15 0 -24.24
4 80 3.87 0 -31.58 2.77 0 -31.57 1.96 0 -32.02 3.87 0 -32.02
4 80 9.31 0 -30.05 8.84 0 -30.51 8.83 0 -31.43 9.47 0 -30.41
4 80 20.45 0 -24.29 19.79 0 -25.15 19.97 0 -25.4 20.92 0 -24.51
4 80 21.24 0 -25.82 19.97 0 -25.4 19.75 0 -25.68 21 0 -26.25
4 80 23.53 0 -25.24 22.11 0 -24.67 21.87 0 -25.16 23.53 0 -25.6
4 80 25.9 0 -24.95 25.51 0 -24.53 24.64 0 -25.45 25.9 0 -25.09
4 80 20.61 0 -26.69 20.61 0 -26.54 19.26 0 -26.76 20.13 0 -28.34
4 80 14.05 0 -31.47 14.68 0 -31.69 14.84 0 -31.25 14.6 0 -30.96
3 80 20.61 0 -26.69 20.13 0 -28.34 21.4 0 -28.34
4 80 19.26 0 -26.76 19.75 0 -25.68 18.77 0 -25.67 18.79 0 -26.76
4 80 18.79 0 -26.76 17.29 0 -24.22 17.37 0 -28.35 18.79 0 -28.34
4 80 14.05 0 -30.46 14.68 0 -30.38 14.68 0 -30.24 14.52 0 -29.95
4 80 24.95 0 -24.24 23.21 0 -24.24 23.84 0 -25.14 24.16 0 -25.16
4 80 23.21 0 -24.24 22.58 0 -24.38 23.53 0 -25.24 23.84 0 -25.14
4 80 24.64 0 -25.45 25.51 0 -24.53 24.95 0 -24.24 24.16 0 -25.16
4 80 24.48 0 -28.34 24.32 0 -27.41 23.85 0 -27.41 23.21 0 -28.34
4 80 21.95 0 -27.41 21.95 0 -27.63 22.35 0 -28.05 23.45 0 -27.12
4 80 23.53 0 -25.6 21.87 0 -25.16 21.87 0 -25.67 22.11 0 -26.25
4 80 23.53 0 -25.6 22.66 0 -26.54 23.53 0 -26.76 24.87 0 -25.89
4 80 24.48 0 -27.19 25.91 0 -27.63 25.9 0 -26.61 24.4 0 -26.98
4 80 24.4 0 -26.98 25.9 0 -26.61 25.58 0 -26.25 24.87 0 -25.89
4 80 30.88 0 -27.12 31.67 0 -28.21 32.22 0 -27.7 32.38 0 -27.19
4 80 23.45 0 -27.12 22.35 0 -28.05 23.21 0 -28.34 23.85 0 -27.41
3 80 24.87 0 -25.89 23.53 0 -26.76 24.4 0 -26.98
3 80 24.32 0 -27.41 24.48 0 -28.34 25.35 0 -28.12
3 80 23.53 0 -25.6 22.11 0 -26.25 22.66 0 -26.54
3 80 22.58 0 -24.38 22.11 0 -24.67 23.53 0 -25.24
4 80 29.38 0 -24.23 28.74 0 -24.45 29.76 0 -25.16 30.8 0 -24.23
4 80 32.38 0 -25.38 32.22 0 -24.88 31.59 0 -24.37 30.8 0 -24.23
4 80 36.8 0 -24.25 33.3 0 -24.25 34.76 0 -25.13 36.8 0 -25.12
4 80 30.69 0 -27.41 31.04 0 -28.35 31.67 0 -28.21 30.88 0 -27.12
4 80 30.88 0 -27.12 32.38 0 -27.19 32.38 0 -25.38 30.88 0 -25.45
4 80 28.51 0 -28.06 29.22 0 -28.32 28.03 0 -27.34 28.27 0 -27.85
4 80 25.9 0 -31.11 26.21 0 -32.04 26.69 0 -31.25 26.3 0 -29.79
4 80 29.54 0 -25.45 28.03 0 -25.24 28.03 0 -27.34 29.53 0 -27.12
4 80 28.03 0 -25.24 29.54 0 -25.45 28.74 0 -24.45 28.35 0 -24.66
3 80 30.8 0 -24.23 29.76 0 -25.16 30.71 0 -25.16
4 80 34.76 0 -26.83 36.84 0 -26.83 36.82 0 -25.82 34.76 0 -25.82
4 80 33.33 0 -28.35 34.76 0 -25.82 34.76 0 -25.13 33.3 0 -24.25
4 80 34.72 0 -28.33 34.76 0 -26.83 34.76 0 -25.82 33.33 0 -28.35
4 80 19.79 0 -25.15 20.45 0 -24.29 19.11 0 -24.23 18.79 0 -25.16
4 80 20.61 0 -26.54 21 0 -26.25 19.75 0 -25.68 19.26 0 -26.76
3 80 17.29 0 -24.22 18.77 0 -25.67 18.79 0 -25.16
3 80 17.29 0 -24.22 18.79 0 -26.76 18.77 0 -25.67
3 80 17.29 0 -24.22 18.79 0 -25.16 19.11 0 -24.23
4 80 32.38 0 -25.38 30.8 0 -24.23 30.71 0 -25.16 30.88 0 -25.45
4 80 30.69 0 -27.41 29.82 0 -27.41 29.22 0 -28.32 31.04 0 -28.35
4 80 29.53 0 -27.12 28.03 0 -27.34 29.22 0 -28.32 29.82 0 -27.41
3 80 28.74 0 -24.45 29.54 0 -25.45 29.76 0 -25.16
3 80 15 0 -24.24 13.02 0 -24.25 14.05 0 -25.26
4 80 13.36 0 -27.5 14.84 0 -27.48 14.48 0 -26.43 13.69 0 -26.47
3 80 15 0 -24.24 14.48 0 -26.43 14.84 0 -27.48
4 80 11.52 0 -28.34 13.69 0 -26.47 14.05 0 -25.26 13.02 0 -24.25
4 80 1.53 0 -32.02 1.53 0 -31.37 .54 0 -31.36 -.15 0 -32.02
4 80 2.75 0 -30.36 3.87 0 -30.36 3.87 0 -29.83 2 0 -29.84
4 80 2.77 0 -31.18 3.87 0 -31.18 3.87 0 -30.79 2.77 0 -30.77
4 80 2.77 0 -30.77 2.75 0 -30.36 2 0 -29.84 2.77 0 -31.18
4 80 5.28 0 -30.47 4.49 0 -30.94 4.54 0 -31.41 5.17 0 -30.93
4 80 4.58 0 -30.47 4.49 0 -30.94 5.28 0 -30.47 5.28 0 -29.84
4 80 5.23 0 -31.48 5.17 0 -30.93 4.54 0 -31.41 4.78 0 -31.83
3 80 5.28 0 -29.84 4.81 0 -30.06 4.58 0 -30.47
4 80 34.67 0 -30.39 34.91 0 -30.32 34.59 0 -29.8 34.12 0 -30.03
4 80 2 0 -29.84 1.96 0 -32.02 2.77 0 -31.57 2.77 0 -31.18
4 80 5.28 0 -29.84 5.52 0 -30.34 5.76 0 -30.31 5.85 0 -29.84
3 80 5.28 0 -29.84 5.28 0 -30.47 5.52 0 -30.34
4 80 6.78 0 -30.38 6.36 0 -29.95 6.07 0 -30.5 6.62 0 -30.53
4 80 8.2 0 -29.84 7.69 0 -30.02 8.29 0 -30.33 8.76 0 -29.84
4 80 5.76 0 -30.31 5.91 0 -30.38 6.36 0 -29.95 5.85 0 -29.84
3 80 6.36 0 -29.95 5.91 0 -30.38 6.07 0 -30.5
4 80 6.11 0 -31.32 6.78 0 -31.47 6.78 0 -30.82 5.72 0 -30.81
4 80 5.23 0 -31.48 4.78 0 -31.83 5.24 0 -32.03 5.43 0 -31.6
3 80 5.43 0 -31.6 5.24 0 -32.03 5.74 0 -31.64
3 80 5.72 0 -30.81 5.72 0 -31.31 6.11 0 -31.32
3 80 6.11 0 -31.32 6.06 0 -31.48 6.78 0 -31.47
3 80 6.51 0 -31.83 5.24 0 -32.03 6.01 0 -32.04
4 80 9.11 0 -31.91 9.46 0 -31.46 9.47 0 -30.41 8.83 0 -31.43
4 80 8.66 0 -31.54 8.72 0 -32.04 9.11 0 -31.91 8.83 0 -31.43
4 80 8.16 0 -32.03 8.32 0 -31.54 8.15 0 -31.42 7.7 0 -31.86
3 80 8.76 0 -29.84 8.29 0 -30.33 8.68 0 -30.31
4 80 13.97 0 -29.83 12.63 0 -30.31 13.42 0 -30.38 13.66 0 -30.31
4 80 14.05 0 -30.46 14.52 0 -29.95 13.97 0 -29.83 13.66 0 -30.31
4 80 13.42 0 -30.38 12.63 0 -30.31 12.63 0 -30.75 13.5 0 -30.6
4 80 14.05 0 -32.04 14.37 0 -31.92 14.05 0 -31.47 13.89 0 -31.54
3 80 14.05 0 -31.47 14.37 0 -31.92 14.68 0 -31.69
4 80 14.05 0 -31.47 14.6 0 -30.96 14.29 0 -30.82 13.89 0 -31.25
4 80 17.56 0 -29.8 15.35 0 -29.8 16.79 0 -30.38 17.57 0 -30.38
4 80 13.07 0 -31.95 13.54 0 -31.55 13.18 0 -31.47 12.71 0 -31.76
4 80 13.89 0 -31.54 13.54 0 -31.55 13.07 0 -31.95 14.05 0 -32.04
3 80 13.07 0 -31.95 13.42 0 -32.02 14.05 0 -32.04
3 80 13.18 0 -31.47 12.63 0 -31.62 12.71 0 -31.76
4 80 13.89 0 -31.25 14.29 0 -30.82 13.5 0 -30.6 13.02 0 -31.11
3 80 13.5 0 -30.6 12.63 0 -30.75 13.02 0 -31.11
4 80 12.63 0 -30.31 13.97 0 -29.83 13.34 0 -29.83 12.87 0 -30.02
4 80 10.73 0 -30.88 11.09 0 -30.74 11.23 0 -30.38 10.23 0 -30.38
3 80 10.23 0 -30.38 10.38 0 -30.74 10.73 0 -30.88
4 80 10.73 0 -29.88 10.38 0 -30.03 10.23 0 -30.38 11.23 0 -30.38
3 80 10.73 0 -29.88 11.23 0 -30.38 11.09 0 -30.03
4 80 18.63 0 -31.04 18.79 0 -30.31 18.32 0 -29.8 17.53 0 -32.04
4 80 16.11 0 -32.04 16.78 0 -32.03 16.79 0 -30.38 16.08 0 -30.38
3 80 15.35 0 -29.8 16.08 0 -30.38 16.79 0 -30.38
3 80 15.35 0 -29.8 15.37 0 -30.38 16.08 0 -30.38
4 80 20.13 0 -32.04 19.34 0 -29.8 19.26 0 -31.62 19.42 0 -32.04
4 80 18.47 0 -31.62 19.26 0 -31.62 19.08 0 -31.06 18.63 0 -31.04
4 80 22.25 0 -30.46 22.94 0 -30.44 22.87 0 -30.19 22.61 0 -29.94
4 80 18.47 0 -31.62 18.63 0 -31.04 17.53 0 -32.04 18.24 0 -32.04
4 80 21.54 0 -31.18 21.52 0 -30.6 20.91 0 -32.04 21.52 0 -32.03
4 80 22.86 0 -30.81 22.94 0 -30.44 22.15 0 -30.6 22.63 0 -31.01
4 80 22.63 0 -31.31 21.86 0 -31.41 22.15 0 -32.04 23.06 0 -32.04
4 80 21.86 0 -31.41 22.43 0 -31.06 22.15 0 -30.6 21.52 0 -30.6
3 80 22.15 0 -30.6 22.43 0 -31.06 22.63 0 -31.01
3 80 22.43 0 -31.06 21.86 0 -31.41 22.63 0 -31.31
4 80 21.52 0 -30.32 20.89 0 -29.81 20.91 0 -32.04 21.52 0 -30.6
4 80 25.15 0 -31.22 24.79 0 -29.79 24.32 0 -31.18 24.48 0 -32.04
4 80 26.21 0 -32.04 27.24 0 -32.04 27.72 0 -29.78 26.69 0 -31.25
4 80 25.9 0 -31.11 26.3 0 -29.79 25.51 0 -29.8 25.15 0 -31.22
3 80 27.72 0 -29.78 27.09 0 -29.78 26.69 0 -31.25
4 80 25.58 0 -32.04 25.9 0 -31.11 25.15 0 -31.22 24.48 0 -32.04
3 80 24.79 0 -29.79 24.04 0 -29.81 24.32 0 -31.18
4 80 29.69 0 -29.78 29.22 0 -30.42 29.53 0 -31.03 30.64 0 -32.05
3 80 29.81 0 -31.54 30.05 0 -32.05 30.64 0 -32.05
4 80 33.25 0 -30.82 33.33 0 -30.46 32.54 0 -30.62 33.01 0 -31.04
3 80 28.9 0 -31.54 28.02 0 -32.05 28.74 0 -32.05
3 80 29.53 0 -31.03 29.81 0 -31.54 30.64 0 -32.05
3 80 29.69 0 -29.78 28.83 0 -29.78 29.22 0 -30.42
4 80 31.27 0 -29.8 31.9 0 -30.34 32.54 0 -30.33 32.54 0 -29.79
4 80 33.01 0 -31.33 32.24 0 -31.43 32.54 0 -32.05 33.41 0 -32.05
4 80 31.27 0 -29.8 31.29 0 -32.05 31.9 0 -30.62 31.9 0 -30.34
4 80 31.29 0 -32.05 31.9 0 -32.05 31.92 0 -31.19 31.9 0 -30.62
4 80 35.23 0 -29.81 35.31 0 -30.47 35.94 0 -30.39 35.78 0 -29.95
3 80 35.78 0 -29.95 35.94 0 -30.39 35.93 0 -30.24
4 80 36.1 0 -31.26 35.86 0 -30.97 35.31 0 -31.48 35.94 0 -31.7
4 80 35.94 0 -31.7 35.31 0 -31.48 35.37 0 -32.04 35.65 0 -31.93
4 80 35.14 0 -31.25 35.31 0 -31.48 35.86 0 -30.97 35.54 0 -30.83
4 80 33.96 0 -31.77 34.29 0 -31.96 34.44 0 -31.48 33.88 0 -31.62
4 80 34.61 0 -32.04 34.8 0 -31.56 34.44 0 -31.48 34.29 0 -31.96
4 80 35.15 0 -31.55 34.8 0 -31.56 34.61 0 -32.04 35.37 0 -32.04
4 80 34.75 0 -30.6 33.88 0 -30.76 34.28 0 -31.12 35.14 0 -31.25
3 80 35.31 0 -31.48 35.15 0 -31.55 35.37 0 -32.04
3 80 34.75 0 -30.6 35.14 0 -31.25 35.54 0 -30.83
4 80 34.75 0 -30.6 34.67 0 -30.39 33.88 0 -30.32 33.88 0 -30.76
3 80 34.12 0 -30.03 33.88 0 -30.32 34.67 0 -30.39
4 80 34.91 0 -30.32 35.31 0 -30.47 35.23 0 -29.81 34.59 0 -29.8
4 80 38.16 0 -30.59 38.15 0 -30.04 37.93 0 -30.21 37.94 0 -30.59
4 80 37.93 0 -30.21 38.15 0 -30.04 37.91 0 -29.8 37.7 0 -30.04
3 80 37.28 0 -29.8 37.09 0 -30.04 37.28 0 -30.04
4 80 36.91 0 -30.05 37.09 0 -30.04 37.28 0 -29.8 36.72 0 -29.8
3 80 36.72 0 -29.8 36.72 0 -30.05 36.91 0 -30.05
4 80 37.64 0 -30.38 37.8 0 -30.37 37.93 0 -30.21 37.7 0 -30.04
4 80 37.7 0 -30.04 37.28 0 -30.04 37.49 0 -30.24 37.64 0 -30.38
4 80 37.49 0 -30.24 37.28 0 -30.04 37.28 0 -30.6 37.5 0 -30.59
3 16 37.47 0 -29.8 37.28 0 -29.8 37.28 0 -30.04
3 80 37.47 0 -29.8 37.28 0 -30.04 37.7 0 -30.04
4 16 36.94 0 -30.6 36.91 0 -30.05 36.72 0 -30.05 35.93 0 -30.24
4 80 37.09 0 -30.04 36.91 0 -30.05 36.94 0 -30.6 37.11 0 -30.6
3 80 22.94 0 -30.44 22.25 0 -30.46 22.15 0 -30.6
3 80 21.52 0 -30.6 21.54 0 -31.18 21.86 0 -31.41
4 80 22.61 0 -29.94 22.15 0 -29.8 22.15 0 -30.31 22.25 0 -30.46
4 80 21.52 0 -30.32 22.15 0 -30.31 22.15 0 -29.8 20.89 0 -29.81
4 80 31.92 0 -31.19 32.24 0 -31.43 32.54 0 -30.62 31.9 0 -30.62
4 80 8.76 0 -29.84 8.68 0 -30.31 8.84 0 -30.51 9.31 0 -30.05
4 80 7.48 0 -31.46 7.7 0 -31.86 8.15 0 -31.42 8.12 0 -30.52
3 80 7.49 0 -30.5 7.48 0 -31.46 8.12 0 -30.52
4 80 7.49 0 -30.5 8.12 0 -30.52 8.29 0 -30.33 7.69 0 -30.02
3 80 19.34 0 -29.8 19.08 0 -31.06 19.26 0 -31.62
3 80 19.34 0 -29.8 18.79 0 -30.31 19.08 0 -31.06
3 80 19.34 0 -29.8 18.32 0 -29.8 18.79 0 -30.31
4 80 29.05 0 -31.11 28.83 0 -29.78 28.02 0 -32.05 28.9 0 -31.54
4 80 28.9 0 -31.54 29.81 0 -31.54 29.53 0 -31.03 29.05 0 -31.11
3 80 28.83 0 -29.78 29.05 0 -31.11 29.22 0 -30.42
3 80 28.74 0 -10.47 27.32 0 -14.6 28.51 0 -14.5
3 80 28.74 0 -10.47 28.51 0 -14.5 29.69 0 -14.65
4 80 -35.17 0 -6.24 -37.85 0 -6.09 -37.9 0 -8.05 -37.85 0 -10.01
3 80 -35.17 0 -6.24 -37.85 0 -10.01 -35.27 0 -8.09
4 80 -14.23 0 -32.41 -12.57 0 -35.24 -10.8 0 -35.29 -9.02 0 -35.24
4 80 8.16 0 -32.03 8.72 0 -32.04 8.66 0 -31.54 8.32 0 -31.54
3 80 32.81 0 -31.08 32.24 0 -31.43 33.01 0 -31.33
3 80 32.54 0 -30.62 32.81 0 -31.08 33.01 0 -31.04
3 80 32.54 0 -30.62 32.24 0 -31.43 32.81 0 -31.08
4 80 32.99 0 -29.95 32.54 0 -29.79 32.54 0 -30.33 33.26 0 -30.2
4 80 33.33 0 -30.46 33.26 0 -30.2 32.54 0 -30.33 32.64 0 -30.48
3 80 33.33 0 -30.46 32.64 0 -30.48 32.54 0 -30.62
4 73 7.26 0 14.28 7.49 0 13.63 8.13 0 13.55 7.73 0 14.93
4 73 12.39 0 14.5 13.66 0 14.86 13.34 0 15.08 7.81 0 15.58
4 73 .38 0 6.74 -.33 0 6.81 -.33 0 6.23 .46 0 6.52
4 73 -23.4 0 7.17 -23 0 7.9 -24.19 0 7.25 -24.58 0 6.45
4 73 -24.58 0 6.45 -24.19 0 7.25 -25.69 0 6.23 -26.08 0 5.29
4 73 -26.08 0 5.29 -25.69 0 6.23 -27.11 0 4.93 -27.35 0 3.98
4 73 -28.69 0 2.1 -28.85 0 2.75 -29.64 0 1.3 -29.32 0 .87
4 73 -29.72 0 -.22 -29.32 0 .87 -29.64 0 1.3 -30.27 0 -.44
4 73 -30.43 0 -3.92 -29.95 0 -3.85 -30.11 0 -2.61 -30.51 0 -1.89
4 73 -27.9 0 -17.7 -28.22 0 -18.64 -27.5 0 -17.91 -27.11 0 -17.26
4 73 -15.81 0 -13.56 -15.5 0 -15.38 -14.94 0 -15.59 -15.65 0 -11.61
4 73 -12.89 0 -24.87 -13.88 0 -25.09 -13.68 0 -25.96 -12.34 0 -25.74
4 73 -12.1 0 -26.98 -11.24 0 -28.13 -10.39 0 -27.22 -10.72 0 -25.49
4 73 -12.26 0 -24.8 -12.34 0 -25.74 -10.72 0 -25.49 -10.99 0 -24.61
4 73 -15.58 0 -26.4 -14.45 0 -26.7 -14 0 -26.66 -13.66 0 -26.11
4 73 -6.96 0 -30.67 -7.44 0 -27.7 -7.88 0 -27.75 -7.36 0 -30.72
4 73 -14.23 0 -11.39 -12.42 0 -12.11 -11.78 0 -11.61 -11.49 0 -11.05
4 73 5.99 0 15.73 5.91 0 14.64 6.86 0 14.57 7.81 0 15.58
4 73 2.2 0 11.02 1.57 0 11.45 1.33 0 11.02 1.57 0 10.07
4 73 7.73 0 14.93 7.81 0 15.58 6.86 0 14.57 7.26 0 14.28
4 73 4.25 0 13.84 5.12 0 14.35 4.18 0 14.64 3.23 0 13.92
4 73 21.12 0 6.3 21.73 0 5.65 21.97 0 6.16 21.89 0 6.52
4 73 15 0 -2.61 13.69 0 -2.51 14.76 0 -3.48 15.31 0 -3.48
4 73 7.81 0 -1.24 7.46 0 -1.89 14.76 0 -3.48 13.69 0 -2.51
3 73 7.81 0 15.58 7.73 0 14.93 12.39 0 14.5
4 73 18.6 0 8.89 21.89 0 6.52 13.66 0 14.86 17.62 0 9.91
4 73 13.89 0 13.7 13.66 0 14.86 12.39 0 14.5 12.71 0 13.7
4 73 7.81 0 7.75 7.49 0 6.09 8.28 0 7.25 9.31 0 8.77
4 73 7.02 0 5.43 6.34 0 5.71 6.62 0 4.85 7.74 0 4.71
4 73 .46 0 6.52 -.33 0 6.23 1.09 0 5.72 6.62 0 4.85
4 73 .38 0 6.74 2.12 0 8.99 1.49 0 9.49 -.33 0 6.81
4 73 2.2 0 10 1.57 0 10.07 1.49 0 9.49 2.12 0 8.99
4 73 2.12 0 8.99 3.39 0 8.55 2.75 0 9.49 2.2 0 10
4 73 4.02 0 8.19 3.39 0 8.55 3.31 0 7.75 3.94 0 7.46
4 73 8.76 0 12.1 7.26 0 12.61 6.86 0 11.89 9.22 0 11.02
4 73 5.91 0 8.62 5.75 0 7.68 6.7 0 8.12 8.12 0 9.35
4 73 8.83 0 10.29 9.22 0 11.02 6.86 0 11.89 6.23 0 11.02
4 73 9.07 0 13.48 7.73 0 14.93 8.36 0 13.55 8.6 0 13.26
4 73 8.6 0 13.26 8.84 0 12.83 9.31 0 13.05 9.07 0 13.48
3 73 7.73 0 14.93 8.13 0 13.55 8.36 0 13.55
4 73 8.12 0 9.35 8.83 0 10.29 6.23 0 11.02 5.91 0 8.62
4 73 3.31 0 12.97 3.23 0 13.92 2.28 0 12.83 2.52 0 11.89
4 73 2.52 0 11.89 2.28 0 12.83 1.57 0 11.45 2.2 0 11.02
4 73 4.02 0 8.19 3.94 0 7.46 4.89 0 7.46 4.89 0 8.19
4 73 5.36 0 9.28 5.04 0 10 3.86 0 9.49 4.57 0 8.99
3 73 2.2 0 11.02 1.57 0 10.07 2.2 0 10
3 73 3.23 0 13.92 3.31 0 12.97 4.25 0 13.84
4 73 5.36 0 15.22 4.18 0 14.64 5.12 0 14.35 5.91 0 14.64
4 73 13.66 0 14.86 13.89 0 13.7 15.38 0 12.15 16.28 0 11.23
4 73 11.73 0 12.25 11.05 0 11.23 16.28 0 11.23 15.38 0 12.15
4 73 12.39 0 14.5 9.55 0 10.29 11.73 0 12.25 12.71 0 13.7
4 73 9.31 0 13.05 8.84 0 12.83 8.92 0 12.1 9.41 0 12.02
4 73 8.76 0 12.1 9.22 0 11.02 9.41 0 12.02 8.92 0 12.1
3 73 8.05 0 12.83 7.26 0 12.61 8.76 0 12.1
4 73 7.49 0 13.63 7.26 0 12.61 8.05 0 12.83 8.13 0 13.55
4 73 -29.72 0 -5.37 -29.48 0 -6.38 -28.77 0 -5.73 -28.37 0 -4.57
4 73 -18.5 0 -6.02 -18.26 0 -5.88 -18.81 0 -5.59 -19.45 0 -6.17
4 73 -14.58 0 5.29 -14.79 0 5.87 -15.1 0 5.58 -15.18 0 5.22
4 73 -27.35 0 3.98 -27.11 0 4.93 -28.14 0 3.77 -27.98 0 3.19
4 73 -21.58 0 -6.67 -20.32 0 -5.88 -22.09 0 -6.31 -23.32 0 -7.11
4 73 -19.45 0 -6.17 -18.81 0 -5.59 -20.32 0 -5.88 -21.58 0 -6.67
4 73 -16.68 0 -8.63 -18.66 0 -9.07 -18.18 0 -9.43 -16.58 0 -9.08
4 73 -22.21 0 -2.47 -23.87 0 -2.9 -24.27 0 -3.85 -21.18 0 -3.05
3 73 -22.09 0 -6.31 -24.19 0 -6.89 -23.32 0 -7.11
4 73 -8.55 0 -27 -10.39 0 -27.22 -11.24 0 -28.13 -7.88 0 -27.75
4 73 -24.78 0 -22.12 -22.37 0 -22.12 -22.45 0 -21.61 -25.92 0 -21.56
4 73 -12.86 0 -30.94 -12.97 0 -30.09 -13.39 0 -30.12 -13.76 0 -30.82
4 73 -11.49 0 -30.96 -10.99 0 -30.96 -11.24 0 -28.13 -12.1 0 -26.98
4 73 -30.11 0 -19 -29.01 0 -19 -28.61 0 -16.75 -30.82 0 -18.71
4 73 -7.68 0 -26.9 -7.88 0 -27.75 -7.44 0 -27.7 -6.1 0 -26.76
4 73 -8.55 0 -27 -7.68 0 -26.9 -8.07 0 -25.09 -8.8 0 -25.19
4 73 -13.24 0 -15.65 -12.97 0 -17.33 -10.48 0 -16.98 -10.79 0 -15.4
4 73 -14.47 0 -21.32 -13.97 0 -24.48 -13.31 0 -24.39 -14.15 0 -20.09
4 73 -15.02 0 -9.72 -15.65 0 -6.31 -15.81 0 -8.49 -14.47 0 -12.98
4 73 -16.21 0 -11.32 -15.81 0 -13.56 -15.65 0 -11.61 -16.13 0 -9
4 73 -15.65 0 -6.31 -17.16 0 -5.88 -16.68 0 -8.63 -15.81 0 -8.49
3 73 -6.1 0 -26.76 -7.44 0 -27.7 -5.89 0 -27.61
4 73 -14.15 0 -17.55 -13.23 0 -18.66 -13.28 0 -17.84 -13.76 0 -15.3
4 73 -6.66 0 -24.06 -8.32 0 -24.24 -8.07 0 -25.09 -6.48 0 -24.9
4 73 -9.92 0 -14.66 -8.27 0 -14.51 -8.42 0 -13.93 -11.7 0 -14.22
4 73 -9.89 0 -18.52 -9.18 0 -19.73 -9.57 0 -17.48 -10.1 0 -17.48
4 73 -8.32 0 -24.24 -8.7 0 -22.41 -8.94 0 -24.32 -8.8 0 -25.19
4 73 -15.02 0 -12.62 -14.47 0 -15.74 -14.21 0 -14.48 -14.47 0 -12.98
4 73 -13.76 0 -15.3 -14.21 0 -14.48 -14.47 0 -15.74 -14.15 0 -17.55
4 73 -14.79 0 -8.56 -14.39 0 -10.95 -13.76 0 -9.65 -13.76 0 -9.07
4 73 -9.57 0 -17.48 -9.92 0 -14.66 -10.48 0 -14.98 -10.1 0 -17.48
3 73 -15.81 0 -8.49 -15.02 0 -12.62 -14.47 0 -12.98
4 73 -12.7 0 -5.73 -10.07 0 -5.45 -10.17 0 -4.71 -13.13 0 -5.08
4 73 -17.16 0 -5.88 -15.65 0 -6.31 -14.37 0 -6.04 -14.31 0 -5.22
4 73 -12.01 0 -7.21 -12.57 0 -8.34 -12.1 0 -8.63 -10.91 0 -8.05
4 73 -14.31 0 -5.22 -14.37 0 -6.04 -12.7 0 -5.73 -13.13 0 -5.08
4 73 -11.09 0 -.08 -13 0 -.24 -13.44 0 -.8 -10.98 0 -.46
4 73 -19.29 0 -2.76 -18.81 0 -5.15 -18.5 0 -4.28 -18.66 0 -3.05
4 73 -14.31 0 -5.22 -14.87 0 -2.29 -17.69 0 -2.83 -17.16 0 -5.88
4 73 -10.29 0 -4.23 -10.78 0 -1.33 -14.39 0 -1.72 -13.88 0 -4.64
4 73 -14.71 0 -.44 -15.18 0 -.53 -15.11 0 -1.04 -13.44 0 -.8
4 73 -14.52 0 2.97 -14.05 0 2.22 -13.44 0 2.32 -11.79 0 3.29
4 73 -13.6 0 -.29 -13.44 0 -.8 -13 0 -.24 -14.05 0 2.22
3 73 -11.79 0 3.29 -13.44 0 2.32 -11.63 0 2.54
4 73 -15.65 0 6.96 -16.92 0 6.81 -16.24 0 6.43 -15.18 0 6.52
4 73 -19.38 0 11.05 -17.63 0 8.91 -18.1 0 11.74 -19.53 0 11.52
4 73 -15.58 0 3.33 -15.92 0 5.27 -18.66 0 3.55 -17.87 0 2.39
4 73 -18.1 0 -.37 -17.91 0 -1.6 -17.47 0 -.95 -17.63 0 0
4 73 -14.52 0 2.97 -15.58 0 3.33 -15.65 0 2.68 -15.02 0 2.05
4 73 -15.18 0 6.52 -13.53 0 7.11 -14.72 0 7.03 -15.65 0 6.96
4 73 -12.04 0 5.08 -12.49 0 5.51 -13.28 0 5 -11.84 0 4.64
3 73 -14.63 0 3.48 -15.58 0 3.33 -14.52 0 2.97
4 73 -16.92 0 6.81 -18.92 0 6.55 -18.81 0 5.36 -16.24 0 6.43
4 73 -22.84 0 9.71 -22.76 0 10.44 -23.24 0 9.93 -23.24 0 9.49
4 73 -25.37 0 -3.34 -26.24 0 -4.5 -24.27 0 -3.85 -23.87 0 -2.9
4 73 -27.98 0 3.19 -28.14 0 3.77 -28.85 0 2.75 -28.69 0 2.1
4 73 -29.95 0 -1.24 -30.27 0 -.44 -30.51 0 -1.89 -30.11 0 -2.61
4 73 -29.72 0 -5.37 -30.43 0 -3.92 -30.11 0 -5.8 -29.48 0 -6.38
4 73 -29.48 0 -6.38 -30.11 0 -5.8 -29.87 0 -6.89 -29.48 0 -6.89
4 73 -27.35 0 -4.06 -28.37 0 -4.57 -27.9 0 -5.22 -26.24 0 -4.5
4 73 -19.29 0 -2.76 -18.66 0 -3.05 -17.69 0 -2.83 -19.29 0 -1.82
3 73 -17.91 0 -1.6 -19.29 0 -1.82 -17.69 0 -2.83
4 73 -18.81 0 5.36 -18.66 0 3.55 -15.92 0 5.27 -16.24 0 6.43
4 73 -17.63 0 8.91 -15.81 0 8.95 -15.97 0 10.15 -18.1 0 11.74
3 73 -18.1 0 11.74 -15.97 0 10.15 -16.27 0 11.69
4 73 -18.81 0 -5.15 -18.81 0 -5.59 -18.26 0 -5.88 -18.5 0 -4.28
3 73 -19.29 0 -1.82 -19.76 0 -2.76 -19.29 0 -2.76
4 73 -21.18 0 -3.05 -19.76 0 -2.76 -19.29 0 -1.82 -22.21 0 -2.47
3 73 -25.37 0 -3.34 -27.35 0 -4.06 -26.24 0 -4.5
3 73 -28.37 0 -4.57 -28.77 0 -5.73 -27.9 0 -5.22
3 73 -29.95 0 -3.85 -30.43 0 -3.92 -29.72 0 -5.37
3 73 -29.72 0 -.22 -30.27 0 -.44 -29.95 0 -1.24
4 73 -22.53 0 8.19 -23 0 7.9 -23.4 0 7.17 -21.66 0 7.97
4 73 -21.34 0 10.58 -20.32 0 10.87 -20.71 0 11.23 -21.66 0 10.94
4 73 -18.97 0 9.2 -18.18 0 8.84 -17.63 0 8.91 -19.38 0 11.05
4 73 -14.39 0 5.51 -14.31 0 6.01 -14.79 0 5.87 -14.58 0 5.29
3 73 13.66 0 14.86 16.28 0 11.23 17.62 0 9.91
4 73 18.6 0 8.89 17.62 0 9.91 10.02 0 9.78 9.31 0 8.77
4 73 9.55 0 10.29 10.02 0 9.78 11.05 0 11.23 11.73 0 12.25
4 73 9.31 0 8.77 10.02 0 9.78 9.55 0 10.29 7.81 0 7.75
4 73 -22.53 0 8.19 -21.66 0 7.97 -20.63 0 8.33 -20.75 0 8.85
4 73 -20.63 0 8.33 -19.21 0 8.7 -18.97 0 9.2 -20.75 0 8.85
3 73 -18.97 0 9.2 -19.21 0 8.7 -18.18 0 8.84
4 73 -22.53 0 8.19 -22.84 0 9.71 -23.24 0 9.49 -23 0 7.9
4 73 -22.45 0 10.07 -21.66 0 10.94 -22.76 0 10.44 -22.84 0 9.71
3 73 -21.66 0 10.94 -22.45 0 10.07 -21.34 0 10.58
4 73 -19.53 0 11.52 -20.71 0 11.23 -20.32 0 10.87 -19.38 0 11.05
4 73 6.23 0 11.02 5.04 0 10 5.36 0 9.28 5.91 0 8.62
4 73 4.89 0 8.19 4.89 0 7.46 5.75 0 7.68 5.91 0 8.62
4 73 3.54 0 8.7 3.86 0 9.49 2.75 0 9.49 3.39 0 8.55
3 73 2.12 0 8.99 3.31 0 7.75 3.39 0 8.55
3 73 3.86 0 9.49 3.54 0 8.7 4.57 0 8.99
4 73 21.89 0 6.52 18.6 0 8.89 20.08 0 7.35 21.12 0 6.3
4 73 21.73 0 5.65 21.12 0 6.3 20.06 0 4.78 19.48 0 3.87
4 73 18.49 0 2.46 15.72 0 -3.21 21.73 0 5.65 19.48 0 3.87
4 73 7.49 0 6.09 21.12 0 6.3 20.08 0 7.35 8.28 0 7.25
4 73 6.34 0 5.71 7.02 0 5.43 7.49 0 6.09 7.81 0 7.75
4 73 -11.84 0 4.64 -13.36 0 4.78 -12.42 0 3.84 -11.94 0 4.12
4 73 -13.05 0 3.69 -12.42 0 3.84 -13.36 0 4.78 -13.68 0 3.77
4 73 -13.76 0 4.64 -14.07 0 4.64 -14.39 0 4.06 -13.68 0 3.77
4 73 -13.52 0 5.94 -14.31 0 6.01 -13.76 0 5.51 -13.44 0 5.29
3 73 .46 0 6.52 6.62 0 4.85 6.34 0 5.71
4 73 7.46 0 -1.89 7.81 0 -1.24 1.09 0 5.72 -.33 0 6.23
3 73 6.62 0 4.85 8.65 0 3.77 7.74 0 4.71
4 73 -14.07 0 4.64 -14.53 0 4.99 -15.1 0 4.71 -14.39 0 4.06
4 73 -13.28 0 5 -12.49 0 5.51 -13.52 0 5.94 -13.44 0 5.29
3 73 -13.28 0 5 -13.36 0 4.78 -11.84 0 4.64
3 73 -13.36 0 4.78 -13.76 0 4.64 -13.68 0 3.77
4 73 -15.18 0 5.22 -15.1 0 4.71 -14.53 0 4.99 -14.58 0 5.29
3 73 -14.31 0 6.01 -14.39 0 5.51 -13.76 0 5.51
4 73 6.62 0 4.85 13.69 0 -2.51 10.1 0 2.32 8.65 0 3.77
3 73 18.49 0 2.46 17.82 0 1.45 15.72 0 -3.21
4 73 17.82 0 1.45 18.49 0 2.46 10.1 0 2.32 11.05 0 1.37
4 73 8.65 0 3.77 19.48 0 3.87 20.06 0 4.78 7.74 0 4.71
4 73 -18.5 0 2.39 -17.95 0 2.03 -17.87 0 2.39 -18.66 0 3.55
4 73 -15.61 0 -.2 -15.76 0 .65 -17.26 0 .43 -17.1 0 -.44
4 73 -15.02 0 2.05 -15.65 0 2.68 -15.18 0 -.53 -14.71 0 -.44
4 73 -15.11 0 -1.04 -15.18 0 -.53 -17.47 0 -.95 -17.91 0 -1.6
4 73 -17.95 0 2.03 -18.5 0 2.39 -18.26 0 .58 -17.63 0 0
3 73 -18.26 0 .58 -18.1 0 -.37 -17.63 0 0
4 73 -15.98 0 2.17 -17.47 0 2.03 -17.31 0 .94 -15.82 0 1.16
3 73 -15.58 0 3.33 -17.87 0 2.39 -15.65 0 2.68
3 73 -13.44 0 2.32 -14.05 0 2.22 -13 0 -.24
3 73 -13.6 0 -.29 -14.71 0 -.44 -13.44 0 -.8
3 73 -14.52 0 2.97 -15.02 0 2.05 -14.05 0 2.22
3 73 17.82 0 1.45 16.77 0 -.08 15.72 0 -3.21
4 73 13.69 0 -2.51 12.54 0 -.15 11.05 0 1.37 10.1 0 2.32
4 73 15.72 0 -3.21 16.77 0 -.08 16.08 0 -1.06 15 0 -2.61
3 73 12.54 0 -.15 13.69 0 -2.51 13.44 0 -1.06
3 73 15 0 -2.61 15.31 0 -3.48 15.72 0 -3.21
3 73 13.44 0 -1.06 13.69 0 -2.51 15 0 -2.61
4 73 13.44 0 -1.06 16.08 0 -1.06 16.77 0 -.08 12.54 0 -.15
4 73 -10.91 0 -8.05 -9.6 0 -7.84 -9.75 0 -7.01 -12.01 0 -7.21
4 73 -9.26 0 -9.72 -10.6 0 -9.76 -11.59 0 -10.52 -9.17 0 -10.26
4 73 -11.7 0 -9.43 -11.59 0 -10.52 -10.6 0 -9.76 -10.76 0 -9.29
4 73 -11.59 0 -10.52 -12.26 0 -10.01 -13.07 0 -9.99 -14.39 0 -10.95
4 73 -13.92 0 -7.55 -14.79 0 -8.56 -13.76 0 -9.07 -12.57 0 -8.34
3 73 -10.91 0 -8.05 -12.1 0 -8.63 -10.91 0 -8.63
3 73 -12.01 0 -7.21 -13.92 0 -7.55 -12.57 0 -8.34
3 73 -11.7 0 -9.43 -12.26 0 -10.01 -11.59 0 -10.52
3 73 -13.76 0 -9.65 -14.39 0 -10.95 -13.07 0 -9.99
4 73 -14.23 0 -6.46 -15.1 0 -6.67 -14.79 0 -8.56 -13.92 0 -7.55
4 73 -14.71 0 -19.94 -14.47 0 -21.32 -14.15 0 -20.09 -14.47 0 -18.28
4 73 -19.76 0 -13.22 -20.39 0 -13.22 -20.39 0 -19.51 -19.81 0 -20.11
4 73 -27.11 0 -15.88 -26.79 0 -16.39 -26.64 0 -15.74 -27.11 0 -13.35
4 73 -17.26 0 -14.51 -17.97 0 -12.98 -17.26 0 -16.97 -16.95 0 -16.32
4 73 -15.81 0 -25.47 -13.88 0 -25.09 -13.97 0 -24.48 -15.42 0 -24.8
4 73 -18.66 0 -9.07 -18.29 0 -11.17 -17.9 0 -11.03 -18.18 0 -9.43
4 73 -17.26 0 -16.97 -16.79 0 -19.65 -16.47 0 -19.07 -16.95 0 -16.32
4 73 -16.63 0 -20.67 -15.81 0 -25.47 -15.42 0 -24.8 -16.47 0 -19.07
3 73 -16.47 0 -19.07 -16.79 0 -19.65 -16.63 0 -20.67
4 73 -17.97 0 -12.98 -17.26 0 -14.51 -17.9 0 -11.03 -18.29 0 -11.17
4 73 -15.18 0 -17.26 -14.47 0 -18.28 -14.94 0 -15.59 -15.5 0 -15.38
3 73 -16.13 0 -9 -16.58 0 -9.08 -16.21 0 -11.32
3 73 -15.18 0 -17.26 -14.71 0 -19.94 -14.47 0 -18.28
4 73 -29.64 0 -10.08 -30.27 0 -10.23 -29.95 0 -10.59 -29.16 0 -10.59
4 73 -31.61 0 -11.24 -31.3 0 -11.61 -30.59 0 -10.88 -30.98 0 -10.59
4 73 -29.01 0 -12.26 -29.32 0 -13.27 -28.77 0 -12.91 -28.53 0 -12.26
4 73 -28.61 0 -16.75 -29.8 0 -15.52 -31.45 0 -18.06 -30.82 0 -18.71
4 73 -24.55 0 -20.28 -23.16 0 -19.65 -23.24 0 -15.09 -24.58 0 -13.35
4 73 -29.16 0 -10.59 -28.37 0 -10.45 -29.08 0 -10.16 -29.64 0 -10.08
4 73 -28.37 0 -10.45 -29.16 0 -10.59 -28.45 0 -10.95 -28.29 0 -11.03
4 73 -27.5 0 -11.24 -28.37 0 -10.45 -28.29 0 -11.03 -27.9 0 -11.53
4 73 -27.5 0 -12.11 -26.95 0 -12.33 -27.5 0 -11.24 -27.9 0 -11.53
4 73 -27.11 0 -13.35 -26.64 0 -15.74 -26.64 0 -13.42 -26.95 0 -12.33
4 73 -31.61 0 -12.19 -31.61 0 -11.24 -32.17 0 -12.33 -32.01 0 -13.27
4 73 -32.01 0 -13.27 -32.17 0 -12.33 -32.48 0 -13.42 -32.09 0 -15.09
4 73 -27.43 0 -16.83 -27.11 0 -17.26 -26.79 0 -16.39 -27.11 0 -15.88
4 73 -32.01 0 -16.68 -31.45 0 -18.06 -29.8 0 -15.52 -32.01 0 -15.59
4 73 -28.06 0 -17.62 -29.01 0 -19 -28.22 0 -18.64 -27.9 0 -17.7
4 73 -32.09 0 -15.09 -32.48 0 -13.42 -32.48 0 -15.45 -32.01 0 -15.59
3 73 -32.48 0 -15.45 -32.01 0 -16.68 -32.01 0 -15.59
3 73 -31.61 0 -11.24 -31.61 0 -12.19 -31.3 0 -11.61
4 73 -30.27 0 -10.23 -30.98 0 -10.59 -30.59 0 -10.88 -29.95 0 -10.59
4 73 -11.49 0 -11.05 -11.78 0 -11.61 -8.95 0 -11.26 -9.04 0 -10.81
4 73 .3 0 -14.36 -.75 0 -13.36 -.49 0 -14.87 .05 0 -15.57
4 73 -13.05 0 -12.91 -13.84 0 -14 -12.49 0 -13.78 -12.26 0 -12.77
4 73 -11.66 0 -13.09 -12.49 0 -13.78 -8.5 0 -13.42 -8.65 0 -12.81
3 73 -14.23 0 -11.39 -13.16 0 -12.26 -12.42 0 -12.11
4 73 -14.23 0 -11.39 -13.84 0 -14 -13.05 0 -12.91 -13.16 0 -12.26
3 73 -12.26 0 -12.77 -12.49 0 -13.78 -11.66 0 -13.09
4 73 -23.16 0 -19.65 -24.55 0 -20.28 -22.21 0 -20.23 -20.39 0 -19.51
3 73 -24.58 0 -13.35 -23.24 0 -15.09 -23.13 0 -14.14
3 73 -22.9 0 -13.27 -24.58 0 -13.35 -23.13 0 -14.14
3 73 -28.29 0 -11.03 -28.14 0 -11.53 -27.9 0 -11.53
3 73 -27.5 0 -12.11 -27.11 0 -13.35 -26.95 0 -12.33
4 73 -28.93 0 -13.64 -29.32 0 -13.27 -29.48 0 -14.65 -28.93 0 -15.59
3 73 -27.43 0 -16.83 -27.9 0 -17.7 -27.11 0 -17.26
3 73 -28.61 0 -16.75 -29.01 0 -19 -28.06 0 -17.62
4 73 -29.8 0 -15.52 -28.61 0 -16.75 -28.93 0 -15.59 -29.4 0 -15.45
3 73 -29.48 0 -14.65 -29.4 0 -15.45 -28.93 0 -15.59
3 73 -28.77 0 -12.91 -29.32 0 -13.27 -28.93 0 -13.64
4 73 -28.14 0 -11.53 -28.29 0 -11.03 -29.01 0 -12.26 -28.53 0 -12.26
4 73 -22.37 0 -27.85 -21.74 0 -28.21 -21.64 0 -21.76 -22.37 0 -22.12
4 73 -25.92 0 -25.31 -24.74 0 -26.25 -24.78 0 -22.12 -25.92 0 -21.56
4 73 -22.45 0 -21.61 -22.37 0 -22.12 -21.64 0 -21.76 -21.48 0 -20.96
4 73 -20.39 0 -19.51 -22.21 0 -20.23 -20.87 0 -20.23 -19.81 0 -20.11
4 73 -19.81 0 -20.11 -20.87 0 -20.23 -21.48 0 -20.96 -20.65 0 -20.96
3 73 -.49 0 -14.87 -.07 0 -17.06 .05 0 -15.57
3 73 .67 0 -13.34 -.75 0 -13.36 .3 0 -14.36
4 73 -5.94 0 -29.08 -6.17 0 -28.57 -6.41 0 -29.22 -5.94 0 -29.51
4 73 -9.89 0 -18.52 -10.1 0 -17.48 -11.39 0 -17.62 -11.31 0 -18.71
4 73 -13.76 0 -15.3 -10.48 0 -14.98 -11.7 0 -14.22 -14.21 0 -14.48
4 73 -11.39 0 -17.62 -12.34 0 -17.77 -12.1 0 -18.49 -11.31 0 -18.71
3 73 -12.1 0 -18.49 -11.98 0 -19.05 -11.31 0 -18.71
4 73 -14.15 0 -17.55 -13.28 0 -22.41 -13.16 0 -19.22 -13.23 0 -18.66
4 73 -12.1 0 -18.49 -12.34 0 -17.77 -13.28 0 -17.84 -13.23 0 -18.66
4 73 -8.94 0 -24.32 -8.7 0 -22.41 -9.18 0 -19.73 -9.89 0 -18.52
3 73 -8.32 0 -24.24 -8.8 0 -25.19 -8.07 0 -25.09
4 73 -10.14 0 -25.84 -10.01 0 -26.7 -9.08 0 -26.59 -9.21 0 -25.69
4 73 -10.76 0 -19.07 -10 0 -23.96 -9.41 0 -23.88 -10.23 0 -18.97
4 73 -11.81 0 -20.18 -10.84 0 -21.86 -11.31 0 -18.71 -11.91 0 -19.6
3 73 -11.31 0 -18.71 -11.98 0 -19.05 -11.91 0 -19.6
3 73 -11.81 0 -20.18 -11.68 0 -20.84 -10.84 0 -21.86
4 73 -11.91 0 -19.6 -11.98 0 -19.05 -13.16 0 -19.22 -13.07 0 -19.8
4 73 -10.84 0 -21.86 -11.68 0 -20.84 -11.6 0 -21.32 -11.49 0 -21.95
4 73 -13 0 -20.36 -12.89 0 -21 -11.68 0 -20.84 -11.81 0 -20.18
3 73 -12.89 0 -21 -13.28 0 -22.41 -12.81 0 -21.47
3 73 -13 0 -20.36 -13.28 0 -22.41 -12.89 0 -21
3 73 -10.84 0 -21.86 -11.49 0 -21.95 -11.37 0 -22.48
4 73 -11.28 0 -22.99 -10.36 0 -24.51 -10.84 0 -21.86 -11.37 0 -22.48
4 73 -12.49 0 -23.15 -11.28 0 -22.99 -12.58 0 -22.6 -13.28 0 -22.41
3 73 -12.69 0 -22.1 -13.28 0 -22.41 -12.58 0 -22.6
3 73 -12.81 0 -21.47 -13.28 0 -22.41 -12.69 0 -22.1
4 73 -12.81 0 -21.47 -12.69 0 -22.1 -11.49 0 -21.95 -11.6 0 -21.32
4 73 -10.36 0 -24.51 -11.28 0 -22.99 -11.2 0 -23.45 -11.07 0 -24.08
4 73 -12.42 0 -23.66 -12.49 0 -23.15 -13.28 0 -22.41 -12.89 0 -24.87
3 73 -11.37 0 -22.48 -12.58 0 -22.6 -11.28 0 -22.99
4 73 -10.36 0 -24.51 -11.07 0 -24.08 -10.99 0 -24.61 -10.72 0 -25.49
4 73 -12.89 0 -24.87 -12.34 0 -25.74 -12.26 0 -24.8 -12.31 0 -24.24
3 73 -12.42 0 -23.66 -12.89 0 -24.87 -12.31 0 -24.24
4 73 -12.42 0 -23.66 -12.31 0 -24.24 -11.07 0 -24.08 -11.2 0 -23.45
3 73 -7.68 0 -26.9 -8.55 0 -27 -7.88 0 -27.75
3 73 -10.72 0 -25.49 -12.34 0 -25.74 -12.1 0 -26.98
4 73 -8.8 0 -25.19 -8.94 0 -24.32 -10.36 0 -24.51 -10.72 0 -25.49
4 73 -6.38 0 -25.4 -7.4 0 -25.49 -7.36 0 -26.25 -6.21 0 -26.2
4 73 -13.39 0 -30.12 -14.45 0 -26.7 -13.97 0 -30.16 -13.76 0 -30.82
4 73 -14.79 0 -30.67 -13.76 0 -30.82 -14.47 0 -30.17 -14.94 0 -30.53
3 73 -14 0 -26.66 -14.45 0 -26.7 -13.39 0 -30.12
3 73 -15.58 0 -26.4 -14.98 0 -26.79 -14.45 0 -26.7
4 73 -12.89 0 -27.92 -12.42 0 -30.99 -11.89 0 -30.99 -12.63 0 -26.17
3 73 -12.63 0 -26.17 -13.15 0 -26.26 -12.89 0 -27.92
3 73 -13.97 0 -30.16 -14.47 0 -30.17 -13.76 0 -30.82
4 73 -14.98 0 -26.79 -15.58 0 -26.4 -14.94 0 -30.53 -14.47 0 -30.17
4 73 -4.67 0 -28.72 -5.07 0 -28.86 -4.99 0 -29.08 -4.52 0 -29.22
4 73 -5.94 0 -29.51 -6.41 0 -29.22 -6.25 0 -29.8 -5.54 0 -29.8
4 73 -6.17 0 -28.57 -5.86 0 -28.79 -5.54 0 -28.64 -5.78 0 -28.28
4 73 -5.15 0 -28.28 -5.78 0 -28.28 -5.54 0 -28.64 -4.67 0 -28.72
4 73 -9.36 0 -29.36 -8.93 0 -28.64 -10.71 0 -28.81 -10.05 0 -29.41
4 73 -4.99 0 -29.51 -4.67 0 -29.8 -4.52 0 -29.22 -4.99 0 -29.08
4 73 -4.67 0 -29.8 -4.99 0 -29.51 -5.31 0 -29.8 -5.15 0 -30.17
3 73 -5.54 0 -29.8 -6.25 0 -29.8 -5.78 0 -30.17
4 73 -5.78 0 -30.17 -5.15 0 -30.17 -5.31 0 -29.8 -5.54 0 -29.8
3 73 -6.17 0 -28.57 -5.94 0 -29.08 -5.86 0 -28.79
3 73 -5.54 0 -28.64 -5.07 0 -28.86 -4.67 0 -28.72
4 73 -8.93 0 -28.64 -9.36 0 -29.36 -9.26 0 -30.46 -8.7 0 -30.82
4 73 -8.7 0 -30.82 -9.26 0 -30.46 -9.95 0 -30.53 -10.44 0 -30.96
4 73 -10.44 0 -30.96 -9.95 0 -30.53 -10.05 0 -29.41 -10.71 0 -28.81
3 73 5.99 0 15.73 5.73 0 15.37 5.91 0 14.64
3 73 5.73 0 15.37 5.36 0 15.22 5.91 0 14.64
3 73 -13.53 0 7.11 -15.18 0 6.52 -14.15 0 6.64
3 73 -13.53 0 7.11 -14.15 0 6.64 -13.13 0 6.67
3 73 -11.7 0 -14.22 -10.48 0 -14.98 -9.92 0 -14.66
4 73 -13.16 0 -19.22 -13.28 0 -22.41 -13 0 -20.36 -13.07 0 -19.8
3 73 -13.66 0 -26.11 -14 0 -26.66 -13.6 0 -26.56
3 73 -20.65 0 -20.96 -21.48 0 -20.96 -21.64 0 -21.76
4 212 9.31 0 8.77 8.28 0 7.25 20.08 0 7.35 18.6 0 8.89
4 212 -10.44 0 1.74 -11.39 0 1.47 -11.34 0 1.1 -10.6 0 .72
4 212 -9.77 0 7.17 -9.41 0 7.75 -10.52 0 8.26 -10.91 0 7.9
4 212 -3.33 0 -1.6 -3.65 0 .43 -3.96 0 -.95 -3.88 0 -1.74
4 212 10.1 0 2.32 18.49 0 2.46 19.48 0 3.87 8.65 0 3.77
4 212 15.38 0 12.15 13.89 0 13.7 12.71 0 13.7 11.73 0 12.25
4 212 10.02 0 9.78 17.62 0 9.91 16.28 0 11.23 11.05 0 11.23
4 212 -9 0 .14 -8.57 0 1.16 -8.73 0 1.91 -9.65 0 2.68
4 212 -2.25 0 -27.53 -2.17 0 -29.3 -1.54 0 -29.01 -1.65 0 -27.48
4 212 -6.48 0 -24.9 -4.24 0 -24.73 -4.36 0 -23.86 -6.66 0 -24.06
4 212 -7.49 0 -23.43 -5.37 0 -23.12 -6 0 -22.89 -7.21 0 -22.98
4 212 -2.33 0 -10.4 -2.46 0 -9.5 -3.33 0 -9 -4.83 0 -10.23
4 212 -4.12 0 -12.69 -5.58 0 -12.59 -5.48 0 -13.17 -1.83 0 -13.2
4 212 -10.98 0 -.46 -8.07 0 -.37 -9 0 .14 -11.09 0 -.08
4 212 -9.65 0 2.68 -9.18 0 3.55 -11.79 0 3.29 -11.63 0 2.54
4 212 -15.97 0 10.15 -15.02 0 11.23 -15.58 0 11.6 -16.27 0 11.69
3 212 -11.34 0 1.1 -10.99 0 .72 -10.6 0 .72
4 212 -12.73 0 7.17 -13.53 0 7.11 -13.13 0 6.67 -11.23 0 6.67
4 212 -25.21 0 -10.95 -22.4 0 -12.49 -21.57 0 -11.84 -21.74 0 -8.78
4 212 -30.19 0 -7.62 -30.66 0 -7.76 -31.06 0 -8.56 -30.19 0 -8.2
4 212 -14.63 0 9.35 -15.81 0 8.95 -13.85 0 8.7 -13.36 0 9.13
4 212 -15.97 0 10.15 -15.81 0 8.95 -14.79 0 9.71 -15.02 0 11.23
4 212 -7.6 0 3.69 -5.94 0 5.07 -7.12 0 6.23 -9.1 0 4.42
4 212 -9.1 0 4.42 -7.12 0 6.23 -9.69 0 4.98 -9.73 0 4.56
3 212 -9.69 0 4.98 -9.81 0 4.78 -9.73 0 4.56
3 212 -11.94 0 7.17 -12.73 0 7.17 -11.23 0 6.67
4 212 -13.36 0 9.13 -13.85 0 8.7 -12.42 0 8.41 -12.02 0 8.84
4 212 -9.65 0 2.68 -8.73 0 1.91 -8.65 0 2.61 -9.18 0 3.55
4 212 -7.6 0 3.69 -9.1 0 4.42 -8.94 0 3.91 -8.31 0 3.26
4 212 -9.18 0 3.55 -8.65 0 2.61 -8.31 0 3.26 -8.94 0 3.91
4 212 -7.72 0 -4.09 -5.15 0 -4.21 -6.57 0 -1.24 -8.62 0 -1.24
4 212 -5.15 0 -4.21 -4.12 0 -4.43 -3.01 0 -3.48 -3.88 0 -1.74
3 212 -3.33 0 -1.6 -3.88 0 -1.74 -3.01 0 -3.48
4 212 -5.38 0 .87 -6.25 0 .21 -6.36 0 -.44 -5.32 0 -.53
4 212 -6.37 0 3.59 -5.54 0 4.56 -5.94 0 5.07 -6.89 0 3.77
4 212 -8.62 0 -1.24 -10.78 0 -1.33 -10.29 0 -4.23 -7.72 0 -4.09
3 212 -14.79 0 9.71 -15.81 0 8.95 -14.63 0 9.35
4 212 -9.77 0 7.17 -10.28 0 6.16 -8.31 0 7.1 -9.41 0 7.75
4 212 -9.69 0 4.98 -7.12 0 6.23 -8.31 0 7.1 -9.89 0 5.57
4 212 -8.07 0 -.37 -7.04 0 .07 -7.75 0 .21 -9 0 .14
4 212 -7.52 0 1.74 -8.15 0 2.1 -8.07 0 1.45 -7.75 0 1.01
4 212 -7.2 0 1.37 -7.52 0 1.74 -7.75 0 1.01 -7.29 0 .72
4 212 -7.04 0 .07 -8.07 0 -.37 -6.36 0 -.44 -6.25 0 .21
4 212 -3.65 0 .43 -5.38 0 .87 -4.28 0 -.73 -3.96 0 -.95
4 212 -5.15 0 -4.21 -3.88 0 -1.74 -4.59 0 -1.53 -5.58 0 -1.33
4 212 -5.94 0 -5.44 -6.78 0 -4.64 -10.17 0 -4.71 -10.07 0 -5.45
3 212 -3.01 0 -3.48 -4.12 0 -4.43 -2.78 0 -5.01
4 212 -7.52 0 2.24 -7.67 0 2.97 -7.99 0 2.61 -8.15 0 2.1
4 212 4.89 0 8.19 5.91 0 8.62 5.36 0 9.28 4.57 0 8.99
4 212 4.02 0 8.19 4.57 0 8.99 3.54 0 8.7 3.39 0 8.55
3 212 4.57 0 8.99 4.02 0 8.19 4.89 0 8.19
4 212 20.06 0 4.78 21.12 0 6.3 7.49 0 6.09 7.74 0 4.71
4 212 -12.73 0 7.17 -11.94 0 7.17 -13.13 0 8.19 -13.6 0 7.97
4 212 -10.91 0 7.9 -10.52 0 8.26 -12.02 0 8.84 -12.42 0 8.41
4 212 -9.77 0 7.17 -11.23 0 6.67 -10.6 0 6.16 -10.28 0 6.16
3 212 -9.77 0 7.17 -11.94 0 7.17 -11.23 0 6.67
4 212 -13.6 0 7.97 -13.13 0 8.19 -13.85 0 8.7 -14.56 0 8.46
3 212 7.49 0 6.09 7.02 0 5.43 7.74 0 4.71
4 212 7.81 0 -1.24 13.69 0 -2.51 6.62 0 4.85 1.09 0 5.72
4 212 11.05 0 1.37 12.54 0 -.15 16.77 0 -.08 17.82 0 1.45
4 212 -6.96 0 3.04 -6.96 0 3.11 -7.35 0 3.11 -7.67 0 2.97
4 212 -6.79 0 .72 -6.25 0 1.01 -6.25 0 1.16 -7.2 0 1.37
3 212 -7.2 0 1.37 -7.29 0 .72 -6.79 0 .72
3 212 -7.52 0 2.24 -8.15 0 2.1 -7.52 0 1.74
3 212 -6.96 0 3.04 -7.67 0 2.97 -7.52 0 2.24
4 212 -10.2 0 1.45 -10.44 0 1.74 -10.6 0 .72 -10.2 0 1.01
4 212 -11.15 0 1.88 -11.39 0 1.47 -10.44 0 1.74 -10.6 0 1.88
3 212 16.08 0 -1.06 13.44 0 -1.06 15 0 -2.61
4 212 -.02 0 -27.28 .62 0 -26.66 -.13 0 -26.29 -.49 0 -27.36
4 212 -3.88 0 -21.25 -3.57 0 -23.38 -1.2 0 -23.28 -1.61 0 -20.63
4 212 .3 0 -9.29 .3 0 -7.84 -1.75 0 -7.76 -.75 0 -13.36
4 212 -3.41 0 -5.15 -4.59 0 -4.79 -4.04 0 -5.66 -3.17 0 -5.51
3 212 -3.17 0 -5.51 -4.04 0 -5.66 -3.12 0 -5.95
4 212 -5.94 0 -5.44 -4.04 0 -5.66 -4.59 0 -4.79 -6.78 0 -4.64
4 212 -9.6 0 -7.84 -7.12 0 -7.76 -8.23 0 -6.96 -9.75 0 -7.01
4 212 -9.17 0 -10.26 -7.05 0 -10.18 -4.91 0 -9.5 -9.26 0 -9.72
4 212 -.75 0 -13.36 1.09 0 -12.69 1.09 0 -10.59 .61 0 -10.08
4 212 -3.57 0 -8.34 -2.46 0 -9.5 -3.01 0 -6.53 -3.73 0 -7.18
4 212 -4.2 0 -8.34 -3.57 0 -8.34 -3.73 0 -7.18 -4.99 0 -7.04
3 212 -4.99 0 -7.04 -5.23 0 -7.84 -4.2 0 -8.34
4 212 -4.99 0 -7.04 -8.23 0 -6.96 -7.12 0 -7.76 -5.23 0 -7.84
3 212 -3.88 0 -6.17 -3.73 0 -7.18 -3.01 0 -6.53
3 212 -3.57 0 -8.34 -3.33 0 -9 -2.46 0 -9.5
4 212 -4.83 0 -10.23 -3.33 0 -9 -4.2 0 -9.07 -4.91 0 -9.5
4 212 -4.83 0 -12.11 -5.62 0 -12.19 -5.58 0 -12.59 -4.12 0 -12.69
3 212 -4.91 0 -9.5 -7.05 0 -10.18 -4.83 0 -10.23
3 212 -23.87 0 -7.69 -27.27 0 -8.13 -26.48 0 -8.78
4 212 -22.31 0 -8.23 -23.09 0 -7.91 -25.77 0 -9.79 -25.21 0 -10.95
4 212 -20.87 0 -11.46 -20.39 0 -10.81 -20.87 0 -9.87 -21.57 0 -11.84
4 212 -25.21 0 -10.95 -24.82 0 -12.26 -22.9 0 -13.27 -22.4 0 -12.49
4 212 -19.76 0 -13.22 -20.08 0 -11.68 -20.63 0 -11.61 -20.39 0 -13.22
4 212 -25.77 0 -9.79 -23.09 0 -7.91 -23.87 0 -7.69 -26.48 0 -8.78
3 212 -24.82 0 -12.26 -24.58 0 -13.35 -22.9 0 -13.27
3 212 -27.98 0 -7.55 -27.27 0 -8.13 -23.87 0 -7.69
3 212 -22.31 0 -8.23 -25.21 0 -10.95 -21.74 0 -8.78
3 212 -21.74 0 -8.78 -21.57 0 -11.84 -20.87 0 -9.87
4 212 -20.39 0 -10.81 -20.87 0 -11.46 -20.63 0 -11.61 -20.08 0 -11.68
4 212 -30.19 0 -7.62 -30.19 0 -8.2 -29.64 0 -8.13 -29.64 0 -7.62
4 212 -32.01 0 -9.43 -31.38 0 -8.05 -32.56 0 -9.14 -33.11 0 -10.16
4 212 -32.8 0 -10.88 -33.11 0 -10.16 -33.51 0 -11.1 -33.19 0 -11.97
4 212 -33.19 0 -11.97 -33.51 0 -11.1 -33.35 0 -12.11 -33.19 0 -12.19
3 212 -32.01 0 -9.43 -33.11 0 -10.16 -32.8 0 -10.88
4 212 -31.38 0 -8.05 -32.01 0 -9.43 -31.06 0 -8.56 -30.66 0 -7.76
4 212 1.57 0 -12.19 1.72 0 -10.88 1.09 0 -10.59 1.09 0 -12.69
3 212 .3 0 -9.29 -.75 0 -13.36 .61 0 -10.08
4 212 2.43 0 -11.75 2.43 0 -11.1 1.72 0 -10.88 1.57 0 -12.19
3 212 1.09 0 -12.69 -.75 0 -13.36 .67 0 -13.34
4 212 -2.22 0 -10.95 -3.01 0 -11.68 -2.94 0 -12.33 -1.83 0 -13.2
4 212 -3.01 0 -11.68 -2.22 0 -10.95 -2.7 0 -10.81 -4.36 0 -11.17
4 212 -4.99 0 -11.53 -4.36 0 -11.17 -5.7 0 -10.66 -5.94 0 -11.17
3 212 -5.94 0 -11.17 -5.81 0 -11.53 -4.99 0 -11.53
4 212 -5.7 0 -10.66 -9.04 0 -10.81 -8.95 0 -11.26 -5.94 0 -11.17
4 212 -8.5 0 -13.42 -5.48 0 -13.17 -6.77 0 -12.64 -8.65 0 -12.81
3 212 -5.7 0 -10.66 -4.36 0 -11.17 -2.7 0 -10.81
3 212 -2.94 0 -12.33 -4.12 0 -12.69 -1.83 0 -13.2
3 212 -5.58 0 -12.59 -6.77 0 -12.64 -5.48 0 -13.17
4 212 -8.42 0 -13.93 -8.27 0 -14.51 -5.94 0 -14.43 -5.43 0 -13.69
3 212 -.13 0 -26.29 -1.02 0 -27.41 -.49 0 -27.36
4 212 -7.79 0 -23.16 -7.49 0 -23.43 -7.21 0 -22.98 -7.41 0 -22.77
4 212 -5.31 0 -14.43 -5.94 0 -14.43 -5.46 0 -17.26 -5.03 0 -16.31
4 212 -2.25 0 -14.36 -1.43 0 -15.3 -1.75 0 -13.78 -2.86 0 -13.64
4 212 -4 0 -26.54 -6.1 0 -26.76 -3.89 0 -27.41 -3.32 0 -26.51
4 212 -3.84 0 -23.82 -4.36 0 -23.86 -4.24 0 -24.73 -3.65 0 -24.73
4 212 -4.67 0 -26.11 -4.75 0 -25.24 -6.38 0 -25.4 -6.21 0 -26.2
4 212 -.33 0 -21.54 -1.43 0 -15.3 -1.83 0 -16.83 -.96 0 -21.68
4 212 -1.02 0 -27.41 -.93 0 -28.69 -.44 0 -28.48 -.49 0 -27.36
4 212 -.02 0 -27.28 .15 0 -28.14 .78 0 -27.7 .62 0 -26.66
4 212 -1.65 0 -27.48 -.13 0 -26.29 -3.32 0 -26.51 -2.25 0 -27.53
4 212 -.72 0 -25.38 -.8 0 -25.02 -1.84 0 -25.07 -1.67 0 -25.96
4 212 -3.25 0 -27.63 -3.32 0 -26.51 -3.89 0 -27.41 -3.65 0 -29.8
3 212 -3.25 0 -27.63 -3.65 0 -29.8 -3.09 0 -29.59
3 212 -6.1 0 -26.76 -5.89 0 -27.61 -3.89 0 -27.41
3 212 -2.25 0 -14.36 -1.83 0 -16.83 -1.43 0 -15.3
4 212 -4.29 0 -20.52 -5.46 0 -17.26 -4.75 0 -21.54 -3.84 0 -23.82
4 212 -.64 0 -23.71 .3 0 -25.02 -.33 0 -21.54 -.96 0 -21.68
3 212 -4.75 0 -21.54 -4.36 0 -23.86 -3.84 0 -23.82
4 212 .3 0 -25.02 -.64 0 -23.71 -.41 0 -24.58 .62 0 -26.66
4 212 -1.97 0 -24.58 -.64 0 -23.71 -3.84 0 -23.82 -3.65 0 -24.73
4 212 -1.61 0 -20.63 -2.07 0 -18.06 -4.36 0 -18.35 -3.88 0 -21.25
4 212 -4.29 0 -20.52 -4.65 0 -18.43 -5.03 0 -16.31 -5.46 0 -17.26
4 212 -5.31 0 -14.43 -2.25 0 -14.36 -2.86 0 -13.64 -5.43 0 -13.69
3 212 -5.43 0 -13.69 -5.94 0 -14.43 -5.31 0 -14.43
4 212 -4.67 0 -16.32 -2.46 0 -15.88 -2.62 0 -14.87 -4.86 0 -14.88
4 212 -4.67 0 -16.32 -4.36 0 -18.35 -2.07 0 -18.06 -2.46 0 -15.88
4 212 -6.51 0 -18.35 -6.27 0 -18.95 -6.02 0 -18.64 -6.84 0 -15.79
4 212 -8.25 0 -19.2 -6.27 0 -18.95 -6.73 0 -18.49 -7.97 0 -18.64
4 212 -7.55 0 -20.14 -6.34 0 -19.99 -6.09 0 -19.46 -8.11 0 -19.66
4 212 -6.94 0 -17.77 -7.83 0 -17.91 -7.78 0 -18.28 -6.89 0 -18.13
4 212 -7.03 0 -15.61 -6.84 0 -15.79 -6.59 0 -15.23 -6.91 0 -15.1
4 212 -8.14 0 -18.54 -8.53 0 -15.92 -8.52 0 -18.95 -8.25 0 -19.2
3 212 -6.59 0 -15.23 -6.84 0 -15.79 -6.02 0 -18.64
3 212 -6.51 0 -18.35 -6.73 0 -18.49 -6.27 0 -18.95
4 212 -8.98 0 -15.63 -8.52 0 -18.95 -8.53 0 -15.92 -8.76 0 -15.3
4 212 -7.03 0 -17.37 -7.12 0 -16.97 -7.98 0 -17.11 -7.92 0 -17.48
3 212 -8.76 0 -15.3 -8.53 0 -15.92 -8.3 0 -15.77
4 212 -8.76 0 -15.3 -8.3 0 -15.77 -7.03 0 -15.61 -6.91 0 -15.1
4 212 -8.13 0 -16.22 -8.06 0 -16.62 -7.19 0 -16.5 -7.28 0 -16.1
4 212 -7.55 0 -20.14 -8.11 0 -19.66 -8.28 0 -20.04 -7.75 0 -20.35
4 212 -6.34 0 -19.99 -6.17 0 -20.14 -5.76 0 -19.76 -6.09 0 -19.46
4 212 -5.79 0 -22.72 -5.26 0 -22.78 -5.76 0 -19.76 -6.17 0 -20.14
4 212 -5.37 0 -23.12 -5.26 0 -22.78 -5.79 0 -22.72 -6 0 -22.89
4 212 -8.28 0 -20.04 -7.79 0 -23.16 -7.41 0 -22.77 -7.75 0 -20.35
4 212 -6.53 0 -20.43 -7.31 0 -20.55 -6.97 0 -22.45 -6.25 0 -22.33
3 212 -.41 0 -24.58 -.13 0 -26.29 .62 0 -26.66
3 212 -.13 0 -26.29 -1.65 0 -27.48 -1.02 0 -27.41
3 212 -3.32 0 -26.51 -3.25 0 -27.63 -2.25 0 -27.53
4 212 -4 0 -26.54 -3.32 0 -26.51 -3.65 0 -24.73 -4.24 0 -24.73
3 212 -.64 0 -23.71 -1.97 0 -24.58 -.41 0 -24.58
4 212 -2.96 0 -26.04 -1.67 0 -25.96 -1.84 0 -25.07 -3.13 0 -25.2
3 212 -.72 0 -25.38 -1.67 0 -25.96 -.64 0 -25.89
3 212 -8.14 0 -18.54 -8.25 0 -19.2 -7.97 0 -18.64
3 212 -15.81 0 8.95 -14.56 0 8.46 -13.85 0 8.7
3 212 -8.31 0 7.1 -10.28 0 6.16 -9.89 0 5.57
3 212 -5.38 0 .87 -5.32 0 -.53 -4.28 0 -.73
3 212 -6.57 0 -1.24 -5.15 0 -4.21 -5.58 0 -1.33
3 212 -8.57 0 1.16 -9 0 .14 -8.19 0 .51
3 212 -8.19 0 .51 -9 0 .14 -7.75 0 .21
3 212 -5.94 0 5.07 -7.6 0 3.69 -6.89 0 3.77
4 16 -9.49 0 19.21 -7.6 0 19.06 44 0 24 -44 0 24
3 16 44 0 24 -7.6 0 19.06 -5.46 0 18.7
3 16 44 0 24 -5.46 0 18.7 -3.33 0 18.19
4 16 44 0 24 -3.33 0 18.19 -1.75 0 17.69 7.81 0 15.58
4 16 -1.75 0 17.69 .38 0 16.82 5.99 0 15.73 7.81 0 15.58
4 16 5.99 0 15.73 .38 0 16.82 2.83 0 15.58 5.73 0 15.37
4 16 2.28 0 12.83 3.23 0 13.92 1.73 0 14.21 1.25 0 13.48
4 16 5.12 0 14.35 6.86 0 11.89 7.26 0 12.61 5.91 0 14.64
4 16 1.02 0 13.48 .23 0 13.92 1.33 0 11.02 1.57 0 11.45
4 16 -5.94 0 5.07 -4.67 0 4.49 1.33 0 11.02 -7.12 0 6.23
4 16 -8.31 0 7.1 -7.12 0 6.23 1.33 0 11.02 -2.62 0 15.15
4 16 -18.5 0 -4.28 -18.26 0 -5.88 -17.16 0 -5.88 -17.69 0 -2.83
4 16 -10.52 0 8.26 -7.36 0 16.31 -8.54 0 16.45 -12.02 0 8.84
4 16 -11.63 0 2.54 -13.44 0 2.32 -13 0 -.24 -11.39 0 1.47
4 16 -16.27 0 11.69 -17.16 0 15.73 -18.58 0 15.29 -18.1 0 11.74
4 16 -18.66 0 3.55 -21.66 0 7.97 -23.4 0 7.17 -24.58 0 6.45
4 16 -23.24 0 9.49 -23.24 0 9.93 -26.56 0 10.8 -24.19 0 7.25
4 16 -29.8 0 7.46 -30.51 0 6.52 -27.11 0 4.93 -25.69 0 6.23
4 16 -32.48 0 3.33 -33.11 0 2.03 -29.64 0 1.3 -28.85 0 2.75
4 16 -30.51 0 -1.89 -30.27 0 -.44 -34.14 0 -.73 -34.46 0 -1.82
4 16 -30.43 0 -3.92 -30.51 0 -1.89 -34.77 0 -3.27 -35.01 0 -4.64
4 16 -29.87 0 -6.89 -30.11 0 -5.8 -30.66 0 -7.76 -30.19 0 -7.62
4 16 -18.5 0 -6.02 -18.66 0 -9.07 -16.68 0 -8.63 -17.16 0 -5.88
4 16 -20.39 0 -19.51 -20.39 0 -13.22 -23.24 0 -15.09 -23.16 0 -19.65
4 16 -35.17 0 -9.94 -34.93 0 -11.9 -33.51 0 -11.1 -33.11 0 -10.16
4 16 -29.8 0 -15.52 -29.4 0 -15.45 -29.48 0 -14.65 -32.09 0 -15.09
4 16 -32.01 0 -16.68 -32.48 0 -15.45 -33.59 0 -16.9 -33.03 0 -18.28
4 16 -28.61 0 -16.75 -28.06 0 -17.62 -27.9 0 -17.7 -27.43 0 -16.83
4 16 -25.92 0 -21.56 -28.22 0 -18.64 -29.01 0 -19 -29.87 0 -23.42
4 16 -26.64 0 -15.74 -24.55 0 -20.28 -24.58 0 -13.35 -26.64 0 -13.42
4 16 -12.1 0 -26.98 -12.34 0 -25.74 -12.63 0 -26.17 -11.89 0 -30.99
4 16 -15.81 0 -25.47 -21.64 0 -21.76 -21.74 0 -28.21 -15.58 0 -26.4
4 16 -24.74 0 -26.25 -25.45 0 -27.7 -24.34 0 -28.5 -22.37 0 -27.85
4 16 -21.74 0 -28.21 -22.69 0 -29.51 -21.58 0 -30.09 -20 0 -30.82
4 16 -6.96 0 -30.67 -6.81 0 -32.27 -4.75 0 -31.83 -5.78 0 -30.17
4 16 -2.17 0 -29.3 -2.25 0 -27.53 -3.25 0 -27.63 -3.09 0 -29.59
4 16 -1.54 0 -29.01 -1.75 0 -30.89 -.17 0 -29.84 -.93 0 -28.69
4 16 -1.62 0 -32.38 -1.38 0 -33.07 -.15 0 -32.02 -1.75 0 -30.89
4 16 8.72 0 -32.04 -1.43 0 -33.65 -3.88 0 -34.37 13.42 0 -32.02
4 16 -3.88 0 -34.37 -5.78 0 -34.81 44 0 -40 14.05 0 -32.04
3 16 -5.78 0 -34.81 -7.12 0 -35.02 44 0 -40
4 16 44 0 -40 -7.12 0 -35.02 -9.02 0 -35.24 -44 0 -40
3 16 -9.02 0 -35.24 -10.8 0 -35.29 -44 0 -40
3 16 -14.47 0 -35.02 -44 0 -40 -12.57 0 -35.24
3 16 -15.89 0 -34.81 -44 0 -40 -14.47 0 -35.02
3 16 -17.79 0 -34.37 -44 0 -40 -15.89 0 -34.81
3 16 -19.53 0 -33.86 -44 0 -40 -17.79 0 -34.37
3 16 -21.58 0 -33.07 -44 0 -40 -19.53 0 -33.86
3 16 -22.92 0 -32.41 -44 0 -40 -21.58 0 -33.07
3 16 -24.27 0 -31.69 -44 0 -40 -22.92 0 -32.41
3 16 -26 0 -30.6 -44 0 -40 -24.27 0 -31.69
3 16 -27.5 0 -29.51 -44 0 -40 -26 0 -30.6
3 16 -32.17 0 -24.8 -44 0 -40 -30.59 0 -26.69
3 16 -33.27 0 -23.28 -44 0 -40 -32.17 0 -24.8
3 16 -34.22 0 -21.76 -44 0 -40 -33.27 0 -23.28
3 16 -35.09 0 -20.16 -44 0 -40 -34.22 0 -21.76
3 16 -35.8 0 -18.57 -44 0 -40 -35.09 0 -20.16
3 16 -36.27 0 -17.33 -44 0 -40 -35.8 0 -18.57
3 16 -36.75 0 -15.88 -44 0 -40 -36.27 0 -17.33
3 16 -37.06 0 -14.72 -44 0 -40 -36.75 0 -15.88
3 16 -37.38 0 -13.27 -44 0 -40 -37.06 0 -14.72
3 16 -37.62 0 -11.82 -44 0 -40 -37.38 0 -13.27
3 16 -37.85 0 -10.01 -44 0 -40 -37.62 0 -11.82
4 16 -37.85 0 -6.09 -44 0 24 -44 0 -40 -37.9 0 -8.05
3 16 -44 0 24 -36.67 0 .14 -35.8 0 2.53
3 16 -44 0 24 -37.48 0 -2.93 -37.14 0 -1.6
3 16 -44 0 24 -37.14 0 -1.6 -36.67 0 .14
3 16 -44 0 24 -35.8 0 2.53 -34.93 0 4.42
3 16 -44 0 24 -34.93 0 4.42 -34.3 0 5.58
3 16 -44 0 24 -34.3 0 5.58 -33.51 0 6.88
3 16 -44 0 24 -33.51 0 6.88 -32.17 0 8.77
3 16 -44 0 24 -32.17 0 8.77 -31.14 0 10
3 16 -44 0 24 -31.14 0 10 -29.8 0 11.45
3 16 -44 0 24 -29.8 0 11.45 -27.66 0 13.34
3 16 -44 0 24 -27.66 0 13.34 -25.69 0 14.79
3 16 -44 0 24 -25.69 0 14.79 -23.87 0 15.87
3 16 -44 0 24 -23.87 0 15.87 -22.61 0 16.53
3 16 -44 0 24 -22.61 0 16.53 -21.18 0 17.18
3 16 -44 0 24 -21.18 0 17.18 -19.05 0 17.98
3 16 -44 0 24 -19.05 0 17.98 -17.47 0 18.41
3 16 -44 0 24 -17.47 0 18.41 -15.81 0 18.77
3 16 -44 0 24 -15.81 0 18.77 -14 0 19.06
3 16 -44 0 24 -14 0 19.06 -12.4 0 19.21
3 16 -44 0 24 -12.4 0 19.21 -10.98 0 19.28
3 16 -44 0 24 -10.98 0 19.28 -9.49 0 19.21
4 16 14.76 0 -3.48 7.46 0 -1.89 11.29 0 -4.28 13.1 0 -4.5
3 16 12.39 0 14.5 9.07 0 13.48 9.31 0 13.05
4 16 -1.2 0 14.57 -2.62 0 15.15 1.33 0 11.02 .23 0 13.92
4 16 -9.41 0 7.75 -4.52 0 15.73 -5.7 0 16.02 -7.36 0 16.31
4 16 2.99 0 15.44 1.73 0 14.21 3.23 0 13.92 4.18 0 14.64
4 16 1.25 0 13.48 1.02 0 13.48 1.57 0 11.45 2.28 0 12.83
4 16 6.23 0 11.02 4.25 0 13.84 3.31 0 12.97 5.04 0 10
4 16 5.36 0 15.22 2.83 0 15.58 2.99 0 15.44 4.18 0 14.64
3 16 44 0 24 7.81 0 15.58 13.34 0 15.08
4 16 9.55 0 10.29 12.39 0 14.5 9.41 0 12.02 9.22 0 11.02
3 16 44 0 24 13.34 0 15.08 13.66 0 14.86
4 16 44 0 24 13.66 0 14.86 21.89 0 6.52 36.94 0 -4.43
4 16 44 0 -40 44 0 24 37.75 0 -15.01 37.75 0 -16.17
4 16 36.94 0 -4.43 21.97 0 6.16 21.73 0 5.65 22.27 0 -4.43
4 16 10.42 0 -10.81 11.05 0 -10.52 10.42 0 -9.07 9.56 0 -9.14
4 16 14.45 0 -4.79 15.79 0 -5.3 15.31 0 -3.48 14.76 0 -3.48
4 16 7.81 0 7.75 8.12 0 9.35 6.7 0 8.12 6.34 0 5.71
4 16 3.94 0 7.46 3.31 0 7.75 .46 0 6.52 6.34 0 5.71
4 16 .46 0 6.52 3.31 0 7.75 2.12 0 8.99 .38 0 6.74
4 16 5.04 0 10 3.31 0 12.97 2.52 0 11.89 2.2 0 11.02
3 16 4.89 0 7.46 3.94 0 7.46 6.34 0 5.71
3 16 5.75 0 7.68 4.89 0 7.46 6.34 0 5.71
3 16 6.7 0 8.12 5.75 0 7.68 6.34 0 5.71
4 16 8.12 0 9.35 7.81 0 7.75 9.55 0 10.29 8.83 0 10.29
3 16 9.22 0 11.02 8.83 0 10.29 9.55 0 10.29
3 16 12.39 0 14.5 9.31 0 13.05 9.41 0 12.02
4 16 8.84 0 12.83 8.05 0 12.83 8.76 0 12.1 8.92 0 12.1
3 16 7.73 0 14.93 9.07 0 13.48 12.39 0 14.5
4 16 7.49 0 13.63 7.26 0 14.28 6.86 0 14.57 5.91 0 14.64
4 16 6.86 0 11.89 5.12 0 14.35 4.25 0 13.84 6.23 0 11.02
4 16 2.2 0 10 2.75 0 9.49 3.86 0 9.49 2.2 0 11.02
3 16 2.2 0 11.02 3.86 0 9.49 5.04 0 10
3 16 5.91 0 14.64 7.26 0 12.61 7.49 0 13.63
4 16 8.6 0 13.26 8.13 0 13.55 8.05 0 12.83 8.84 0 12.83
3 16 8.36 0 13.55 8.13 0 13.55 8.6 0 13.26
4 16 -26.24 0 -4.5 -27.98 0 -7.55 -24.19 0 -6.89 -24.27 0 -3.85
4 16 -32.48 0 -13.42 -33.19 0 -12.19 -34.69 0 -13.13 -34.38 0 -14.51
4 16 -20.39 0 -13.22 -20.63 0 -11.61 -21.57 0 -11.84 -22.9 0 -13.27
3 16 -17.69 0 -2.83 -18.66 0 -3.05 -18.5 0 -4.28
3 16 -17.16 0 -5.88 -18.26 0 -5.88 -18.5 0 -6.02
4 16 -16.58 0 -9.08 -18.18 0 -9.43 -17.9 0 -11.03 -16.21 0 -11.32
4 16 -4.99 0 -29.08 -5.94 0 -29.08 -5.94 0 -29.51 -5.54 0 -29.8
4 16 -10.84 0 -32.63 -8.23 0 -32.49 -10.44 0 -30.96 -10.99 0 -30.96
4 16 -3.89 0 -27.41 -5.89 0 -27.61 -5.78 0 -28.28 -5.15 0 -28.28
4 16 -7.36 0 -30.72 -8.23 0 -32.49 -6.81 0 -32.27 -6.96 0 -30.67
4 16 -7.88 0 -27.75 -8.93 0 -28.64 -8.7 0 -30.82 -7.36 0 -30.72
4 16 -25.92 0 -25.31 -28.85 0 -24.58 -27.22 0 -26.19 -24.74 0 -26.25
4 16 -12.86 0 -30.94 -14.23 0 -32.41 -10.84 0 -32.63 -12.42 0 -30.99
4 16 -10.84 0 -32.63 -10.99 0 -30.96 -11.49 0 -30.96 -11.89 0 -30.99
4 16 -12.42 0 -23.66 -11.2 0 -23.45 -11.28 0 -22.99 -12.49 0 -23.15
4 16 -11.07 0 -24.08 -12.31 0 -24.24 -12.26 0 -24.8 -10.99 0 -24.61
4 16 -14.94 0 -30.53 -21.74 0 -28.21 -20 0 -30.82 -18.66 0 -31.33
4 16 -12.34 0 -25.74 -13.68 0 -25.96 -13.15 0 -26.26 -12.63 0 -26.17
4 16 -25.92 0 -21.56 -29.87 0 -23.42 -28.85 0 -24.58 -25.92 0 -25.31
4 16 -13.31 0 -24.39 -13.97 0 -24.48 -13.88 0 -25.09 -12.89 0 -24.87
4 16 -16.79 0 -19.65 -17.26 0 -16.97 -19.81 0 -20.11 -16.63 0 -20.67
4 16 -14.47 0 -21.32 -14.71 0 -19.94 -16.47 0 -19.07 -15.42 0 -24.8
4 16 -14.94 0 -15.59 -14.47 0 -18.28 -14.15 0 -17.55 -14.47 0 -15.74
4 16 -8.62 0 -1.24 -6.57 0 -1.24 -8.07 0 -.37 -10.98 0 -.46
4 16 -9.18 0 -19.73 -8.11 0 -19.66 -8.25 0 -19.2 -8.52 0 -18.95
4 16 -8.27 0 -14.51 -9.92 0 -14.66 -8.98 0 -15.63 -8.76 0 -15.3
4 16 -11.78 0 -11.61 -11.66 0 -13.09 -8.65 0 -12.81 -8.95 0 -11.26
4 16 -14.23 0 -6.46 -12.7 0 -5.73 -14.37 0 -6.04 -15.1 0 -6.67
3 16 -14.37 0 -6.04 -15.65 0 -6.31 -15.1 0 -6.67
4 16 -3.01 0 .94 -3.65 0 .43 -3.33 0 -1.6 -3.01 0 -3.48
4 16 -14.39 0 -1.72 -10.78 0 -1.33 -10.98 0 -.46 -13.44 0 -.8
4 16 -10.07 0 -5.45 -12.7 0 -5.73 -12.01 0 -7.21 -9.75 0 -7.01
4 16 -6.78 0 -4.64 -5.15 0 -4.21 -7.72 0 -4.09 -10.17 0 -4.71
4 16 -15.11 0 -1.04 -17.91 0 -1.6 -17.69 0 -2.83 -14.87 0 -2.29
4 16 -18.92 0 6.55 -16.92 0 6.81 -18.18 0 8.84 -19.21 0 8.7
4 16 -14.39 0 -1.72 -15.11 0 -1.04 -14.87 0 -2.29 -13.88 0 -4.64
3 16 -14.87 0 -2.29 -14.31 0 -5.22 -13.88 0 -4.64
3 16 -13.44 0 -.8 -15.11 0 -1.04 -14.39 0 -1.72
4 16 -7.99 0 2.61 -7.67 0 2.97 -8.31 0 3.26 -8.65 0 2.61
4 16 -11.34 0 1.1 -13 0 -.24 -11.09 0 -.08 -10.99 0 .72
4 16 -15.58 0 11.6 -14.39 0 16.31 -15.97 0 16.02 -16.27 0 11.69
4 16 -10.6 0 6.16 -12.04 0 5.08 -9.81 0 4.78 -10.28 0 6.16
4 16 -13.68 0 3.77 -14.63 0 3.48 -14.52 0 2.97 -13.05 0 3.69
4 16 -13.13 0 16.45 -14.39 0 16.31 -15.02 0 11.23 -10.84 0 16.6
4 16 -15.1 0 5.58 -15.18 0 6.52 -16.24 0 6.43 -15.92 0 5.27
4 16 -15.1 0 4.71 -15.92 0 5.27 -15.58 0 3.33 -14.39 0 4.06
4 16 -15.65 0 6.96 -14.72 0 7.03 -15.81 0 8.95 -17.63 0 8.91
4 16 -16.92 0 6.81 -15.65 0 6.96 -17.63 0 8.91 -18.18 0 8.84
4 16 -21.66 0 10.94 -20.71 0 11.23 -21.58 0 14.06 -23.79 0 12.83
4 16 -26.08 0 5.29 -18.5 0 2.39 -18.66 0 3.55 -24.58 0 6.45
4 16 -25.69 0 6.23 -24.19 0 7.25 -28.53 0 8.91 -29.8 0 7.46
4 16 -22.09 0 -6.31 -20.32 0 -5.88 -21.18 0 -3.05 -24.27 0 -3.85
4 16 -20.63 0 8.33 -21.66 0 7.97 -18.66 0 3.55 -18.81 0 5.36
4 16 -28.14 0 3.77 -27.11 0 4.93 -30.51 0 6.52 -31.53 0 5
4 16 -29.32 0 .87 -25.37 0 -3.34 -23.87 0 -2.9 -28.69 0 2.1
4 16 -30.27 0 -.44 -29.64 0 1.3 -33.11 0 2.03 -33.67 0 .65
4 16 -27.35 0 3.98 -27.98 0 3.19 -22.21 0 -2.47 -26.08 0 5.29
4 16 -27.98 0 3.19 -28.69 0 2.1 -23.87 0 -2.9 -22.21 0 -2.47
4 16 -29.95 0 -1.24 -27.35 0 -4.06 -25.37 0 -3.34 -29.72 0 -.22
3 16 -34.46 0 -1.82 -34.77 0 -3.27 -30.51 0 -1.89
4 16 -27.35 0 -4.06 -29.95 0 -1.24 -30.11 0 -2.61 -29.95 0 -3.85
3 16 -29.95 0 -3.85 -29.72 0 -5.37 -28.37 0 -4.57
3 16 -29.95 0 -3.85 -28.37 0 -4.57 -27.35 0 -4.06
3 16 -29.32 0 .87 -29.72 0 -.22 -25.37 0 -3.34
4 16 -18.5 0 2.39 -26.08 0 5.29 -22.21 0 -2.47 -18.26 0 .58
4 16 -18.26 0 .58 -22.21 0 -2.47 -19.29 0 -1.82 -18.1 0 -.37
3 16 -18.1 0 -.37 -19.29 0 -1.82 -17.91 0 -1.6
4 16 -18.92 0 6.55 -19.21 0 8.7 -20.63 0 8.33 -18.81 0 5.36
3 16 -15.97 0 16.02 -17.16 0 15.73 -16.27 0 11.69
3 16 -24.27 0 -3.85 -24.19 0 -6.89 -22.09 0 -6.31
4 16 -18.81 0 -5.15 -21.18 0 -3.05 -20.32 0 -5.88 -18.81 0 -5.59
4 16 -18.81 0 -5.15 -19.29 0 -2.76 -19.76 0 -2.76 -21.18 0 -3.05
4 16 -24.19 0 -6.89 -27.98 0 -7.55 -23.87 0 -7.69 -23.32 0 -7.11
4 16 -28.77 0 -5.73 -29.48 0 -6.38 -29.48 0 -6.89 -27.98 0 -7.55
4 16 -27.98 0 -7.55 -29.48 0 -6.89 -29.64 0 -7.62 -29.64 0 -8.13
4 16 -35.01 0 -4.64 -35.17 0 -6.24 -30.11 0 -5.8 -30.43 0 -3.92
3 16 -33.67 0 .65 -34.14 0 -.73 -30.27 0 -.44
4 16 -31.53 0 5 -32.48 0 3.33 -28.85 0 2.75 -28.14 0 3.77
3 16 -26.56 0 10.8 -28.53 0 8.91 -24.19 0 7.25
4 16 -25.13 0 11.89 -26.56 0 10.8 -23.24 0 9.93 -22.76 0 10.44
4 16 -23.79 0 12.83 -25.13 0 11.89 -22.76 0 10.44 -21.66 0 10.94
3 16 -23.24 0 9.49 -24.19 0 7.25 -23 0 7.9
4 16 -19.53 0 11.52 -20 0 14.79 -21.58 0 14.06 -20.71 0 11.23
4 16 -18.1 0 11.74 -18.58 0 15.29 -20 0 14.79 -19.53 0 11.52
4 16 7.46 0 -1.89 -3.01 0 .94 -3.01 0 -3.48 -2.78 0 -5.01
4 16 -9.73 0 4.56 -9.18 0 3.55 -8.94 0 3.91 -9.1 0 4.42
4 16 -11.94 0 4.12 -11.79 0 3.29 -9.73 0 4.56 -9.81 0 4.78
4 16 -8.31 0 7.1 -2.62 0 15.15 -4.52 0 15.73 -9.41 0 7.75
4 16 -12.49 0 5.51 -10.6 0 6.16 -11.23 0 6.67 -13.13 0 6.67
4 16 -10.6 0 .72 -11.09 0 -.08 -9 0 .14 -10.2 0 1.01
4 16 -7.29 0 .72 -7.75 0 .21 -7.04 0 .07 -6.79 0 .72
4 16 -10.2 0 1.45 -9 0 .14 -9.65 0 2.68 -10.44 0 1.74
4 16 -4.59 0 -1.53 -3.88 0 -1.74 -3.96 0 -.95 -4.28 0 -.73
4 16 -6.36 0 -.44 -8.07 0 -.37 -6.57 0 -1.24 -5.58 0 -1.33
3 16 -10.98 0 -.46 -10.78 0 -1.33 -8.62 0 -1.24
4 16 -13.88 0 -4.64 -14.31 0 -5.22 -13.13 0 -5.08 -10.17 0 -4.71
4 16 -10.17 0 -4.71 -7.72 0 -4.09 -10.29 0 -4.23 -13.88 0 -4.64
3 16 -14.39 0 16.31 -15.58 0 11.6 -15.02 0 11.23
4 16 -14.79 0 9.71 -14.63 0 9.35 -13.36 0 9.13 -15.02 0 11.23
4 16 -12.02 0 8.84 -8.54 0 16.45 -10.84 0 16.6 -15.02 0 11.23
4 16 -12.42 0 8.41 -13.13 0 8.19 -11.94 0 7.17 -10.91 0 7.9
3 16 -15.02 0 11.23 -13.36 0 9.13 -12.02 0 8.84
3 16 -7.36 0 16.31 -10.52 0 8.26 -9.41 0 7.75
4 16 -4.67 0 4.49 -5.54 0 4.56 -6.37 0 3.59 -6.41 0 2.61
4 16 -7.6 0 3.69 -7.35 0 3.11 -6.96 0 3.11 -6.89 0 3.77
4 16 -3.01 0 .94 -6.56 0 1.91 -5.38 0 .87 -3.65 0 .43
4 16 -2.78 0 -5.01 .3 0 -7.84 3.15 0 -6.6 7.46 0 -1.89
4 16 -3.41 0 -5.15 -2.78 0 -5.01 -4.12 0 -4.43 -4.59 0 -4.79
4 16 -20.32 0 10.87 -21.34 0 10.58 -18.97 0 9.2 -19.38 0 11.05
4 16 -22.45 0 10.07 -22.84 0 9.71 -22.53 0 8.19 -21.34 0 10.58
4 16 -7.52 0 1.74 -7.2 0 1.37 -6.76 0 2.14 -7.52 0 2.24
4 16 -6.79 0 .72 -7.04 0 .07 -6.25 0 .21 -6.25 0 1.01
4 16 -6.96 0 3.04 -6.76 0 2.14 -6.41 0 2.61 -6.96 0 3.11
4 16 -6.96 0 3.11 -6.41 0 2.61 -6.37 0 3.59 -6.89 0 3.77
3 16 -5.94 0 5.07 -5.54 0 4.56 -4.67 0 4.49
3 16 -10.91 0 7.9 -11.94 0 7.17 -9.77 0 7.17
3 16 -13.85 0 8.7 -13.13 0 8.19 -12.42 0 8.41
4 16 -13.44 0 5.29 -13.76 0 5.51 -13.76 0 4.64 -13.36 0 4.78
4 16 -13.52 0 5.94 -12.49 0 5.51 -13.13 0 6.67 -14.15 0 6.64
3 16 -10.6 0 6.16 -12.49 0 5.51 -12.04 0 5.08
3 16 -12.04 0 5.08 -11.84 0 4.64 -9.81 0 4.78
3 16 -9.81 0 4.78 -11.84 0 4.64 -11.94 0 4.12
3 16 -11.94 0 4.12 -12.42 0 3.84 -11.79 0 3.29
4 16 -13.05 0 3.69 -14.52 0 2.97 -11.79 0 3.29 -12.42 0 3.84
4 16 -14.63 0 3.48 -13.68 0 3.77 -14.39 0 4.06 -15.58 0 3.33
4 16 -14.53 0 4.99 -14.07 0 4.64 -14.39 0 5.51 -14.58 0 5.29
3 16 -15.92 0 5.27 -15.1 0 4.71 -15.18 0 5.22
3 16 -15.1 0 5.58 -15.92 0 5.27 -15.18 0 5.22
3 16 -15.18 0 6.52 -15.1 0 5.58 -14.79 0 5.87
3 16 -15.18 0 6.52 -14.79 0 5.87 -14.31 0 6.01
4 16 -15.18 0 6.52 -14.31 0 6.01 -13.52 0 5.94 -14.15 0 6.64
3 16 -13.44 0 5.29 -13.36 0 4.78 -13.28 0 5
4 16 -14.07 0 4.64 -13.76 0 4.64 -13.76 0 5.51 -14.39 0 5.51
3 16 -6.96 0 3.04 -7.52 0 2.24 -6.76 0 2.14
4 16 -8.15 0 2.1 -8.65 0 2.61 -8.73 0 1.91 -8.07 0 1.45
4 16 -6.56 0 1.91 -6.76 0 2.14 -7.2 0 1.37 -6.25 0 1.16
4 16 -8.07 0 1.45 -8.73 0 1.91 -8.57 0 1.16 -7.75 0 1.01
3 16 -6.25 0 1.01 -6.25 0 .21 -5.38 0 .87
3 16 -6.56 0 1.91 -6.25 0 1.16 -5.38 0 .87
3 16 -6.25 0 1.16 -6.25 0 1.01 -5.38 0 .87
4 16 -7.75 0 .21 -7.29 0 .72 -7.75 0 1.01 -8.19 0 .51
3 16 -7.99 0 2.61 -8.65 0 2.61 -8.15 0 2.1
4 16 -7.6 0 3.69 -8.31 0 3.26 -7.67 0 2.97 -7.35 0 3.11
4 16 -17.47 0 -.95 -15.18 0 -.53 -15.61 0 -.2 -17.1 0 -.44
4 16 -17.63 0 0 -17.47 0 -.95 -17.1 0 -.44 -17.26 0 .43
4 16 -15.18 0 -.53 -15.65 0 2.68 -15.76 0 .65 -15.61 0 -.2
3 16 -15.65 0 2.68 -15.98 0 2.17 -15.82 0 1.16
4 16 -17.31 0 .94 -17.47 0 2.03 -17.95 0 2.03 -17.63 0 0
4 16 -17.87 0 2.39 -17.95 0 2.03 -17.47 0 2.03 -15.98 0 2.17
3 16 -15.65 0 2.68 -17.87 0 2.39 -15.98 0 2.17
4 16 -15.02 0 2.05 -14.71 0 -.44 -13.6 0 -.29 -14.05 0 2.22
4 16 -11.15 0 1.88 -10.6 0 1.88 -9.65 0 2.68 -11.63 0 2.54
3 16 -9.65 0 2.68 -10.6 0 1.88 -10.44 0 1.74
3 16 -10.2 0 1.45 -10.2 0 1.01 -9 0 .14
3 16 -10.6 0 .72 -10.99 0 .72 -11.09 0 -.08
3 16 -11.39 0 1.47 -13 0 -.24 -11.34 0 1.1
3 16 -11.63 0 2.54 -11.39 0 1.47 -11.15 0 1.88
3 16 -15.65 0 2.68 -15.82 0 1.16 -15.76 0 .65
4 16 -17.31 0 .94 -17.26 0 .43 -15.76 0 .65 -15.82 0 1.16
3 16 -17.31 0 .94 -17.63 0 0 -17.26 0 .43
3 16 14.76 0 -3.48 13.1 0 -4.5 14.45 0 -4.79
4 16 15.72 0 -3.21 15.31 0 -3.48 15.79 0 -5.3 16.74 0 -5.88
4 16 22.27 0 -4.43 15.72 0 -3.21 16.74 0 -5.88 17.53 0 -6.6
3 16 21.73 0 5.65 15.72 0 -3.21 22.27 0 -4.43
3 16 22.27 0 -4.43 17.53 0 -6.6 18.08 0 -7.4
4 16 16.42 0 -13.56 15.31 0 -14.22 18.7 0 -17.33 21.16 0 -14.14
4 16 9.15 0 -17.33 13.42 0 -15.09 10.18 0 -16.1 9.71 0 -16.32
4 16 9.15 0 -17.33 18.7 0 -17.33 15.31 0 -14.22 13.42 0 -15.09
3 16 9.71 0 -16.32 9.15 0 -16.9 9.15 0 -17.33
3 16 17.61 0 -12.48 16.42 0 -13.56 21.16 0 -14.14
4 16 -8.95 0 -11.26 -8.65 0 -12.81 -6.77 0 -12.64 -5.94 0 -11.17
3 16 7.46 0 -1.89 4.41 0 -5.51 5.91 0 -4.86
4 16 -3.01 0 -6.53 -2.46 0 -9.5 -1.75 0 -7.76 -2.78 0 -5.01
4 16 3.39 0 -14.22 1.57 0 -12.19 1.09 0 -12.69 .67 0 -13.34
4 16 3.39 0 -14.22 4.33 0 -13.35 2.43 0 -11.75 1.57 0 -12.19
4 16 11.05 0 -10.52 11.34 0 -10.06 11.29 0 -9.53 11.05 0 -9.21
4 16 8.81 0 -9.51 8.44 0 -11.39 10.42 0 -10.81 9.56 0 -9.14
3 16 10.42 0 -9.07 11.05 0 -10.52 11.05 0 -9.21
4 16 6.86 0 -11.97 8.44 0 -11.39 8.27 0 -10.21 2.28 0 -8.86
3 16 8.81 0 -9.51 8.27 0 -10.21 8.44 0 -11.39
4 16 5.52 0 -12.62 6.86 0 -11.97 2.28 0 -8.86 2.43 0 -11.1
3 16 .67 0 -13.34 2.75 0 -15.09 3.39 0 -14.22
3 16 3.15 0 -6.6 .3 0 -7.84 2.44 0 -7.91
3 16 7.46 0 -1.89 3.15 0 -6.6 4.41 0 -5.51
3 16 7.46 0 -1.89 5.91 0 -4.86 7.41 0 -4.5
3 16 7.46 0 -1.89 7.41 0 -4.5 9.31 0 -4.28
3 16 7.46 0 -1.89 9.31 0 -4.28 11.29 0 -4.28
3 16 21.89 0 6.52 21.97 0 6.16 36.94 0 -4.43
4 16 37.59 0 -13.27 44 0 24 36.94 0 -4.43 36.94 0 -8.92
4 16 26.23 0 -14.87 23.21 0 -16.25 25.19 0 -17.12 26.14 0 -17.41
3 16 22.27 0 -4.43 18.08 0 -7.4 18.4 0 -8.2
4 16 33.8 0 -10.16 36.94 0 -8.92 28.82 0 -8.96 30.96 0 -10.08
3 16 28.82 0 -8.96 28.74 0 -10.47 29.61 0 -10.23
3 16 28.82 0 -8.96 29.61 0 -10.23 30.96 0 -10.08
3 16 36.94 0 -8.92 33.8 0 -10.16 34.99 0 -10.45
3 16 36.94 0 -8.92 34.99 0 -10.45 36.01 0 -10.88
3 16 36.94 0 -8.92 36.01 0 -10.88 36.57 0 -11.32
3 16 36.94 0 -8.92 36.57 0 -11.32 37.2 0 -12.04
3 16 36.94 0 -8.92 37.2 0 -12.04 37.59 0 -13.27
3 16 44 0 24 37.59 0 -13.27 37.75 0 -15.01
4 16 38.15 0 -30.04 44 0 -40 37.75 0 -16.17 37.59 0 -17.55
4 16 37.59 0 -17.55 37.28 0 -18.57 36.8 0 -24.25 38.15 0 -30.04
3 16 37.28 0 -18.57 36.88 0 -19.36 36.8 0 -24.25
3 16 36.88 0 -19.36 36.41 0 -19.94 36.8 0 -24.25
3 16 36.41 0 -19.94 35.85 0 -20.52 36.8 0 -24.25
4 16 36.8 0 -24.25 35.85 0 -20.52 35.06 0 -21.1 33.3 0 -24.25
4 16 33.3 0 -24.25 33.56 0 -21.76 31.75 0 -22.19 31.59 0 -24.37
4 16 31.75 0 -22.19 30.32 0 -22.34 30.8 0 -24.23 31.59 0 -24.37
4 16 25.51 0 -24.53 26.77 0 -22.26 25.51 0 -22.05 24.95 0 -24.24
4 16 23.21 0 -24.24 24 0 -21.68 22.82 0 -21.25 22.58 0 -24.38
4 16 20.45 0 -24.29 22.82 0 -21.25 21.4 0 -20.6 18.72 0 -22.12
3 16 19.98 0 -19.73 18.72 0 -22.12 21.4 0 -20.6
3 16 18.7 0 -17.33 18.72 0 -22.12 19.98 0 -19.73
4 16 18.7 0 -17.33 19.98 0 -19.73 23.21 0 -16.25 21.16 0 -14.14
4 16 27.32 0 -14.6 26.23 0 -14.87 26.14 0 -17.41 27.4 0 -17.62
4 16 30.56 0 -16.39 28.63 0 -17.67 29.85 0 -17.48 30.32 0 -17.12
4 16 27.32 0 -14.6 27.4 0 -17.62 28.63 0 -17.67 28.51 0 -14.5
4 16 29.69 0 -14.65 28.63 0 -17.67 30.56 0 -16.39 30.56 0 -15.52
3 16 29.69 0 -14.65 30.56 0 -15.52 30.32 0 -15.09
3 16 21.16 0 -14.14 23.21 0 -16.25 26.23 0 -14.87
4 16 18.55 0 -9 18.47 0 -10.66 21.16 0 -14.14 22.27 0 -4.43
3 16 18.47 0 -10.66 18.16 0 -11.61 21.16 0 -14.14
3 16 18.16 0 -11.61 17.61 0 -12.48 21.16 0 -14.14
3 16 22.27 0 -4.43 18.4 0 -8.2 18.55 0 -9
4 16 -4.59 0 -4.79 -4.12 0 -4.43 -5.15 0 -4.21 -6.78 0 -4.64
3 16 -2.78 0 -5.01 -3.41 0 -5.15 -3.17 0 -5.51
4 16 -2.78 0 -5.01 -3.17 0 -5.51 -3.12 0 -5.95 -3.01 0 -6.53
4 16 -5.94 0 -5.44 -8.23 0 -6.96 -4.99 0 -7.04 -4.04 0 -5.66
4 16 -10.07 0 -5.45 -9.75 0 -7.01 -8.23 0 -6.96 -5.94 0 -5.44
4 16 -10.76 0 -9.29 -10.6 0 -9.76 -9.26 0 -9.72 -9.6 0 -7.84
4 16 -4.2 0 -8.34 -4.91 0 -9.5 -4.2 0 -9.07 -3.57 0 -8.34
4 16 -7.12 0 -7.76 -9.6 0 -7.84 -9.26 0 -9.72 -5.23 0 -7.84
4 16 -5.23 0 -7.84 -9.26 0 -9.72 -4.91 0 -9.5 -4.2 0 -8.34
4 16 2.36 0 -15.81 2.75 0 -15.09 .67 0 -13.34 .3 0 -14.36
3 16 -3.57 0 -8.34 -4.2 0 -9.07 -3.33 0 -9
4 16 -5.7 0 -10.66 -2.33 0 -10.4 -4.83 0 -10.23 -7.05 0 -10.18
4 16 -4.99 0 -7.04 -3.73 0 -7.18 -3.88 0 -6.17 -4.04 0 -5.66
4 16 -3.88 0 -6.17 -3.01 0 -6.53 -3.12 0 -5.95 -4.04 0 -5.66
4 16 .3 0 -7.84 .3 0 -9.29 2.28 0 -8.86 2.44 0 -7.91
4 16 -4.86 0 -14.88 -5.31 0 -14.43 -5.03 0 -16.31 -4.67 0 -16.32
4 16 -9.6 0 -7.84 -10.91 0 -8.05 -10.91 0 -8.63 -10.76 0 -9.29
4 16 -12.57 0 -8.34 -13.76 0 -9.07 -13.76 0 -9.65 -12.1 0 -8.63
4 16 -11.7 0 -9.43 -10.76 0 -9.29 -10.91 0 -8.63 -12.1 0 -8.63
4 16 -12.26 0 -10.01 -12.1 0 -8.63 -13.76 0 -9.65 -13.07 0 -9.99
3 16 -12.1 0 -8.63 -12.26 0 -10.01 -11.7 0 -9.43
4 16 -15.02 0 -9.72 -14.47 0 -12.98 -14.39 0 -10.95 -14.79 0 -8.56
4 16 -15.65 0 -6.31 -15.02 0 -9.72 -14.79 0 -8.56 -15.1 0 -6.67
4 16 -12.01 0 -7.21 -12.7 0 -5.73 -14.23 0 -6.46 -13.92 0 -7.55
4 16 -24.82 0 -12.26 -26.95 0 -12.33 -26.64 0 -13.42 -24.58 0 -13.35
4 16 -29.64 0 -8.13 -29.64 0 -10.08 -29.08 0 -10.16 -27.27 0 -8.13
4 16 -22.37 0 -22.12 -24.78 0 -22.12 -24.74 0 -26.25 -22.37 0 -27.85
4 16 -18.29 0 -11.17 -20.39 0 -10.81 -20.08 0 -11.68 -17.97 0 -12.98
3 16 -20.87 0 -11.46 -21.57 0 -11.84 -20.63 0 -11.61
3 16 -21.57 0 -11.84 -22.4 0 -12.49 -22.9 0 -13.27
3 16 -23.32 0 -7.11 -23.87 0 -7.69 -23.09 0 -7.91
4 16 -28.37 0 -10.45 -25.77 0 -9.79 -26.48 0 -8.78 -27.27 0 -8.13
4 16 -27.98 0 -7.55 -26.24 0 -4.5 -27.9 0 -5.22 -28.77 0 -5.73
3 16 -27.98 0 -7.55 -29.64 0 -8.13 -27.27 0 -8.13
4 16 -22.31 0 -8.23 -21.58 0 -6.67 -23.32 0 -7.11 -23.09 0 -7.91
4 16 -21.58 0 -6.67 -22.31 0 -8.23 -21.74 0 -8.78 -18.66 0 -9.07
4 16 -18.66 0 -9.07 -18.5 0 -6.02 -19.45 0 -6.17 -21.58 0 -6.67
3 16 -21.74 0 -8.78 -20.87 0 -9.87 -18.66 0 -9.07
4 16 -29.64 0 -7.62 -29.48 0 -6.89 -29.87 0 -6.89 -30.19 0 -7.62
4 16 -25.77 0 -9.79 -28.37 0 -10.45 -27.5 0 -11.24 -25.21 0 -10.95
4 16 -31.38 0 -8.05 -30.11 0 -5.8 -35.17 0 -6.24 -32.56 0 -9.14
4 16 -29.64 0 -10.08 -29.64 0 -8.13 -30.19 0 -8.2 -30.27 0 -10.23
4 16 -30.27 0 -10.23 -30.19 0 -8.2 -31.06 0 -8.56 -32.01 0 -9.43
4 16 -32.8 0 -10.88 -31.61 0 -11.24 -30.98 0 -10.59 -32.01 0 -9.43
4 16 -33.35 0 -12.11 -34.93 0 -11.9 -34.69 0 -13.13 -33.19 0 -12.19
4 16 -32.8 0 -10.88 -33.19 0 -11.97 -33.19 0 -12.19 -32.17 0 -12.33
3 16 -33.51 0 -11.1 -34.93 0 -11.9 -33.35 0 -12.11
4 16 -35.17 0 -9.94 -33.11 0 -10.16 -32.56 0 -9.14 -35.27 0 -8.09
3 16 -30.11 0 -5.8 -31.38 0 -8.05 -30.66 0 -7.76
4 16 .05 0 -15.57 2.04 0 -16.83 2.36 0 -15.81 .3 0 -14.36
4 16 -1.75 0 -7.76 -2.46 0 -9.5 -2.33 0 -10.4 -2.22 0 -10.95
4 16 -.75 0 -13.36 -1.75 0 -7.76 -2.22 0 -10.95 -1.83 0 -13.2
3 16 -2.78 0 -5.01 -1.75 0 -7.76 .3 0 -7.84
4 16 2.28 0 -8.86 .3 0 -9.29 .61 0 -10.08 1.09 0 -10.59
4 16 2.28 0 -8.86 1.09 0 -10.59 1.72 0 -10.88 2.43 0 -11.1
4 16 2.43 0 -11.75 4.33 0 -13.35 5.52 0 -12.62 2.43 0 -11.1
4 16 -14.94 0 -15.59 -14.47 0 -15.74 -15.02 0 -12.62 -15.65 0 -11.61
4 16 -15.81 0 -8.49 -16.68 0 -8.63 -16.58 0 -9.08 -16.13 0 -9
4 16 -13.31 0 -24.39 -12.89 0 -24.87 -13.28 0 -22.41 -14.15 0 -20.09
4 16 -18.66 0 -9.07 -20.87 0 -9.87 -20.39 0 -10.81 -18.29 0 -11.17
4 16 -15.81 0 -13.56 -16.21 0 -11.32 -17.9 0 -11.03 -17.26 0 -14.51
4 16 -17.26 0 -16.97 -17.97 0 -12.98 -19.76 0 -13.22 -19.81 0 -20.11
4 16 -15.5 0 -15.38 -15.81 0 -13.56 -17.26 0 -14.51 -16.95 0 -16.32
4 16 -15.81 0 -25.47 -16.63 0 -20.67 -19.81 0 -20.11 -20.65 0 -20.96
3 16 -20.08 0 -11.68 -19.76 0 -13.22 -17.97 0 -12.98
3 16 -14.47 0 -21.32 -15.42 0 -24.8 -13.97 0 -24.48
4 16 -15.18 0 -17.26 -16.95 0 -16.32 -16.47 0 -19.07 -14.71 0 -19.94
3 16 -15.5 0 -15.38 -16.95 0 -16.32 -15.18 0 -17.26
4 16 -15.65 0 -11.61 -15.02 0 -12.62 -15.81 0 -8.49 -16.13 0 -9
4 16 -14.15 0 -20.09 -13.28 0 -22.41 -14.15 0 -17.55 -14.47 0 -18.28
3 16 -27.27 0 -8.13 -29.08 0 -10.16 -28.37 0 -10.45
4 16 -29.01 0 -12.26 -28.45 0 -10.95 -29.16 0 -10.59 -29.95 0 -10.59
4 16 -26.95 0 -12.33 -24.82 0 -12.26 -25.21 0 -10.95 -27.5 0 -11.24
3 16 -26.64 0 -15.74 -26.79 0 -16.39 -24.55 0 -20.28
3 16 -26.79 0 -16.39 -27.11 0 -17.26 -24.55 0 -20.28
4 16 -24.55 0 -20.28 -27.5 0 -17.91 -28.22 0 -18.64 -25.92 0 -21.56
4 16 -31.22 0 -21.54 -29.87 0 -23.42 -29.01 0 -19 -30.11 0 -19
4 16 -32.01 0 -20.23 -31.22 0 -21.54 -30.11 0 -19 -30.82 0 -18.71
4 16 -31.45 0 -18.06 -33.03 0 -18.28 -32.01 0 -20.23 -30.82 0 -18.71
4 16 -27.11 0 -15.88 -27.11 0 -13.35 -28.93 0 -15.59 -28.61 0 -16.75
3 16 -32.01 0 -16.68 -33.03 0 -18.28 -31.45 0 -18.06
4 16 -33.98 0 -15.81 -33.59 0 -16.9 -32.48 0 -15.45 -34.38 0 -14.51
3 16 -32.48 0 -13.42 -34.38 0 -14.51 -32.48 0 -15.45
4 16 -32.01 0 -13.27 -32.09 0 -15.09 -29.48 0 -14.65 -29.32 0 -13.27
3 16 -33.19 0 -12.19 -32.48 0 -13.42 -32.17 0 -12.33
4 16 -31.61 0 -12.19 -32.01 0 -13.27 -29.32 0 -13.27 -29.01 0 -12.26
3 16 -32.8 0 -10.88 -32.17 0 -12.33 -31.61 0 -11.24
4 16 -29.01 0 -12.26 -30.59 0 -10.88 -31.3 0 -11.61 -31.61 0 -12.19
3 16 -32.01 0 -9.43 -30.98 0 -10.59 -30.27 0 -10.23
3 16 -28.45 0 -10.95 -29.01 0 -12.26 -28.29 0 -11.03
4 16 -27.11 0 -13.35 -27.5 0 -12.11 -28.77 0 -12.91 -28.93 0 -13.64
3 16 -32.09 0 -15.09 -32.01 0 -15.59 -29.8 0 -15.52
3 16 -29.95 0 -10.59 -30.59 0 -10.88 -29.01 0 -12.26
4 16 -8.42 0 -13.93 -5.43 0 -13.69 -5.48 0 -13.17 -8.5 0 -13.42
4 16 -1.43 0 -15.3 -.33 0 -21.54 -.07 0 -17.06 -.49 0 -14.87
4 16 -5.62 0 -12.19 -5.81 0 -11.53 -6.77 0 -12.64 -5.58 0 -12.59
3 16 -2.33 0 -10.4 -2.7 0 -10.81 -2.22 0 -10.95
4 16 -4.99 0 -11.53 -5.62 0 -12.19 -4.83 0 -12.11 -4.36 0 -11.17
4 16 -4.83 0 -12.11 -4.12 0 -12.69 -2.94 0 -12.33 -3.01 0 -11.68
3 16 -4.36 0 -11.17 -4.83 0 -12.11 -3.01 0 -11.68
3 16 -2.33 0 -10.4 -5.7 0 -10.66 -2.7 0 -10.81
3 16 -4.99 0 -11.53 -5.81 0 -11.53 -5.62 0 -12.19
3 16 -5.94 0 -11.17 -6.77 0 -12.64 -5.81 0 -11.53
4 16 -12.49 0 -13.78 -11.7 0 -14.22 -8.42 0 -13.93 -8.5 0 -13.42
4 16 -11.59 0 -10.52 -11.49 0 -11.05 -9.04 0 -10.81 -9.17 0 -10.26
4 16 -9.04 0 -10.81 -5.7 0 -10.66 -7.05 0 -10.18 -9.17 0 -10.26
4 16 -14.23 0 -11.39 -11.49 0 -11.05 -11.59 0 -10.52 -14.39 0 -10.95
4 16 -12.26 0 -12.77 -11.66 0 -13.09 -11.78 0 -11.61 -12.42 0 -12.11
4 16 -13.05 0 -12.91 -12.26 0 -12.77 -12.42 0 -12.11 -13.16 0 -12.26
4 16 -14.23 0 -11.39 -14.39 0 -10.95 -14.47 0 -12.98 -13.84 0 -14
3 16 -14.47 0 -12.98 -14.21 0 -14.48 -13.84 0 -14
4 16 -12.49 0 -13.78 -13.84 0 -14 -14.21 0 -14.48 -11.7 0 -14.22
4 16 -22.45 0 -21.61 -22.21 0 -20.23 -24.55 0 -20.28 -25.92 0 -21.56
4 16 -23.13 0 -14.14 -23.24 0 -15.09 -20.39 0 -13.22 -22.9 0 -13.27
4 16 -27.5 0 -12.11 -28.14 0 -11.53 -28.53 0 -12.26 -28.77 0 -12.91
3 16 -27.11 0 -15.88 -28.61 0 -16.75 -27.43 0 -16.83
3 16 -27.11 0 -13.35 -28.93 0 -13.64 -28.93 0 -15.59
3 16 -27.9 0 -11.53 -28.14 0 -11.53 -27.5 0 -12.11
4 16 -21.48 0 -20.96 -20.87 0 -20.23 -22.21 0 -20.23 -22.45 0 -21.61
4 16 -22.37 0 -27.85 -24.34 0 -28.5 -22.69 0 -29.51 -21.74 0 -28.21
3 16 -27.22 0 -26.19 -25.45 0 -27.7 -24.74 0 -26.25
3 16 -27.11 0 -17.26 -27.5 0 -17.91 -24.55 0 -20.28
4 16 1.99 0 -24.25 1.88 0 -22.12 -.33 0 -21.54 .3 0 -25.02
4 16 -1.75 0 -13.78 -.49 0 -14.87 -.75 0 -13.36 -1.83 0 -13.2
4 16 -.07 0 -17.06 1.88 0 -18.2 2.04 0 -16.83 .05 0 -15.57
4 16 -6.66 0 -24.06 -4.36 0 -23.86 -5.37 0 -23.12 -7.49 0 -23.43
4 16 -.33 0 -21.54 1.88 0 -22.12 1.88 0 -18.2 -.07 0 -17.06
4 16 -6.02 0 -18.64 -6.27 0 -18.95 -6.09 0 -19.46 -5.76 0 -19.76
4 16 -5.46 0 -17.26 -5.94 0 -14.43 -6.59 0 -15.23 -6.02 0 -18.64
4 16 -4.86 0 -14.88 -2.62 0 -14.87 -2.25 0 -14.36 -5.31 0 -14.43
4 16 -5.94 0 -14.43 -8.27 0 -14.51 -6.91 0 -15.1 -6.59 0 -15.23
4 16 -4.67 0 -26.11 -6.21 0 -26.2 -6.1 0 -26.76 -4 0 -26.54
4 16 -5.43 0 -13.69 -2.86 0 -13.64 -1.83 0 -13.2 -5.48 0 -13.17
3 16 -1.83 0 -13.2 -2.86 0 -13.64 -1.75 0 -13.78
3 16 -1.75 0 -13.78 -1.43 0 -15.3 -.49 0 -14.87
4 16 6.39 0 -24.24 18.72 0 -22.12 1.88 0 -22.12 4.96 0 -24.24
4 16 .62 0 -26.66 3.53 0 -27.07 1.99 0 -24.25 .3 0 -25.02
4 16 .78 0 -27.7 2 0 -29.84 3.54 0 -28.33 3.53 0 -27.07
4 16 -.44 0 -28.48 .54 0 -29.85 .15 0 -28.14 -.49 0 -27.36
3 16 -.02 0 -27.28 -.49 0 -27.36 .15 0 -28.14
4 16 -.17 0 -29.84 .54 0 -29.85 -.44 0 -28.48 -.93 0 -28.69
4 16 -1.65 0 -27.48 -1.54 0 -29.01 -.93 0 -28.69 -1.02 0 -27.41
4 16 -3.09 0 -29.59 -3.49 0 -31.47 -1.75 0 -30.89 -2.17 0 -29.3
4 16 -3.13 0 -25.2 -3.65 0 -24.73 -3.32 0 -26.51 -2.96 0 -26.04
3 16 -1.54 0 -29.01 -2.17 0 -29.3 -1.75 0 -30.89
4 16 -5.15 0 -30.17 -4.75 0 -31.83 -3.49 0 -31.47 -4.67 0 -29.8
3 16 -3.09 0 -29.59 -3.65 0 -29.8 -3.49 0 -31.47
4 16 -.96 0 -21.68 -1.83 0 -16.83 -1.61 0 -20.63 -1.2 0 -23.28
4 16 -1.97 0 -24.58 -3.65 0 -24.73 -3.13 0 -25.2 -1.84 0 -25.07
4 16 -4.29 0 -20.52 -3.88 0 -21.25 -4.36 0 -18.35 -4.65 0 -18.43
3 16 -1.83 0 -16.83 -2.07 0 -18.06 -1.61 0 -20.63
4 16 -10.48 0 -14.98 -13.76 0 -15.3 -13.24 0 -15.65 -10.79 0 -15.4
4 16 -11.39 0 -17.62 -10.1 0 -17.48 -10.48 0 -16.98 -12.97 0 -17.33
4 16 -13.76 0 -15.3 -13.28 0 -17.84 -12.97 0 -17.33 -13.24 0 -15.65
4 16 -2.46 0 -15.88 -1.83 0 -16.83 -2.25 0 -14.36 -2.62 0 -14.87
3 16 -2.46 0 -15.88 -2.07 0 -18.06 -1.83 0 -16.83
3 16 -.96 0 -21.68 -1.2 0 -23.28 -.64 0 -23.71
4 16 -3.57 0 -23.38 -3.84 0 -23.82 -.64 0 -23.71 -1.2 0 -23.28
4 16 -3.88 0 -21.25 -4.29 0 -20.52 -3.84 0 -23.82 -3.57 0 -23.38
4 16 -4.67 0 -16.32 -5.03 0 -16.31 -4.65 0 -18.43 -4.36 0 -18.35
4 16 -5.76 0 -19.76 -4.75 0 -21.54 -5.46 0 -17.26 -6.02 0 -18.64
4 16 -8.98 0 -15.63 -9.57 0 -17.48 -9.18 0 -19.73 -8.52 0 -18.95
3 16 -9.92 0 -14.66 -9.57 0 -17.48 -8.98 0 -15.63
3 16 -8.27 0 -14.51 -8.76 0 -15.3 -6.91 0 -15.1
4 16 -10.1 0 -17.48 -10.48 0 -14.98 -10.79 0 -15.4 -10.48 0 -16.98
4 16 -12.97 0 -17.33 -13.28 0 -17.84 -12.34 0 -17.77 -11.39 0 -17.62
4 16 -8.13 0 -16.22 -8.3 0 -15.77 -8.53 0 -15.92 -8.06 0 -16.62
4 16 -7.83 0 -17.91 -7.92 0 -17.48 -8.14 0 -18.54 -7.78 0 -18.28
4 16 -6.84 0 -15.79 -7.03 0 -15.61 -7.28 0 -16.1 -7.19 0 -16.5
4 16 -7.98 0 -17.11 -8.06 0 -16.62 -8.53 0 -15.92 -8.14 0 -18.54
4 16 -6.84 0 -15.79 -7.19 0 -16.5 -7.12 0 -16.97 -7.03 0 -17.37
4 16 -7.12 0 -16.97 -7.19 0 -16.5 -8.06 0 -16.62 -7.98 0 -17.11
4 16 -7.03 0 -15.61 -8.3 0 -15.77 -8.13 0 -16.22 -7.28 0 -16.1
4 16 -6.84 0 -15.79 -7.03 0 -17.37 -6.94 0 -17.77 -6.51 0 -18.35
3 16 -7.98 0 -17.11 -8.14 0 -18.54 -7.92 0 -17.48
4 16 -6.73 0 -18.49 -6.51 0 -18.35 -6.94 0 -17.77 -6.89 0 -18.13
4 16 -6.73 0 -18.49 -6.89 0 -18.13 -7.78 0 -18.28 -7.97 0 -18.64
4 16 -6.94 0 -17.77 -7.03 0 -17.37 -7.92 0 -17.48 -7.83 0 -17.91
4 16 -13.23 0 -18.66 -13.16 0 -19.22 -11.98 0 -19.05 -12.1 0 -18.49
4 16 -8.94 0 -24.32 -9.89 0 -18.52 -10.23 0 -18.97 -9.41 0 -23.88
4 16 -10 0 -23.96 -10.76 0 -19.07 -10.84 0 -21.86 -10.36 0 -24.51
4 16 -10.76 0 -19.07 -10.23 0 -18.97 -9.89 0 -18.52 -11.31 0 -18.71
4 16 -8.94 0 -24.32 -9.41 0 -23.88 -10 0 -23.96 -10.36 0 -24.51
3 16 -11.31 0 -18.71 -10.84 0 -21.86 -10.76 0 -19.07
4 16 -4.75 0 -21.54 -5.76 0 -19.76 -5.26 0 -22.78 -4.36 0 -23.86
3 16 -5.26 0 -22.78 -5.37 0 -23.12 -4.36 0 -23.86
4 16 -8.32 0 -24.24 -7.49 0 -23.43 -7.79 0 -23.16 -8.7 0 -22.41
4 16 -6.17 0 -20.14 -6.34 0 -19.99 -6.53 0 -20.43 -5.79 0 -22.72
4 16 -8.7 0 -22.41 -7.79 0 -23.16 -8.28 0 -20.04 -9.18 0 -19.73
3 16 -8.11 0 -19.66 -9.18 0 -19.73 -8.28 0 -20.04
4 16 -8.11 0 -19.66 -6.09 0 -19.46 -6.27 0 -18.95 -8.25 0 -19.2
4 16 -13 0 -20.36 -11.81 0 -20.18 -11.91 0 -19.6 -13.07 0 -19.8
4 16 -11.68 0 -20.84 -12.89 0 -21 -12.81 0 -21.47 -11.6 0 -21.32
4 16 -7.75 0 -20.35 -6.97 0 -22.45 -7.31 0 -20.55 -7.55 0 -20.14
4 16 -6.25 0 -22.33 -6 0 -22.89 -5.79 0 -22.72 -6.53 0 -20.43
4 16 -6.97 0 -22.45 -7.41 0 -22.77 -7.21 0 -22.98 -6 0 -22.89
3 16 -6.25 0 -22.33 -6.97 0 -22.45 -6 0 -22.89
3 16 -7.75 0 -20.35 -7.41 0 -22.77 -6.97 0 -22.45
4 16 -7.55 0 -20.14 -7.31 0 -20.55 -6.53 0 -20.43 -6.34 0 -19.99
4 16 -12.58 0 -22.6 -11.37 0 -22.48 -11.49 0 -21.95 -12.69 0 -22.1
4 16 -10.72 0 -25.49 -10.39 0 -27.22 -10.01 0 -26.7 -10.14 0 -25.84
3 16 1.88 0 -22.12 3.39 0 -24.24 4.96 0 -24.24
3 16 4.96 0 -24.24 3.39 0 -24.24 4.17 0 -25.74
4 16 7.02 0 -28.35 7.02 0 -24.26 6.39 0 -24.24 4.89 0 -27.03
4 16 4.88 0 -28.35 5.28 0 -29.84 7.02 0 -28.35 4.89 0 -27.03
3 16 .62 0 -26.66 .78 0 -27.7 3.53 0 -27.07
3 16 1.88 0 -22.12 1.99 0 -24.25 3.39 0 -24.24
4 16 29.38 0 -24.23 30.32 0 -22.34 28.74 0 -22.41 28.74 0 -24.45
4 16 18.72 0 -22.12 10.71 0 -24.25 13.02 0 -24.25 15 0 -24.24
4 16 8.6 0 -25.19 8.57 0 -25.74 10.75 0 -25.74 10.73 0 -25.19
4 16 13.02 0 -24.25 10.71 0 -24.25 10.73 0 -25.19 11.52 0 -28.34
4 16 10.77 0 -26.69 8.6 0 -26.68 8.6 0 -27.32 10.81 0 -27.34
3 16 10.73 0 -25.19 10.75 0 -25.74 11.52 0 -28.34
4 16 11.52 0 -28.34 10.75 0 -25.74 10.77 0 -26.69 10.81 0 -27.34
4 16 18.72 0 -22.12 6.39 0 -24.24 7.02 0 -24.26 10.71 0 -24.25
3 16 18.72 0 -22.12 15 0 -24.24 17.29 0 -24.22
4 16 19.79 0 -25.15 18.79 0 -25.16 18.77 0 -25.67 19.75 0 -25.68
4 16 26.3 0 -29.79 25.91 0 -27.63 25.35 0 -28.12 25.51 0 -29.8
4 16 11.52 0 -28.34 10.81 0 -27.34 10.81 0 -28.34 11.09 0 -30.03
4 16 15.2 0 -28.33 14.84 0 -27.48 13.36 0 -27.5 12.94 0 -28.35
4 16 13.34 0 -29.83 13.97 0 -29.83 15.2 0 -28.33 12.94 0 -28.35
3 16 18.72 0 -22.12 19.11 0 -24.23 20.45 0 -24.29
4 16 22.58 0 -24.38 22.82 0 -21.25 20.45 0 -24.29 20.92 0 -24.51
4 16 21.24 0 -25.09 21.87 0 -25.16 22.11 0 -24.67 20.92 0 -24.51
3 16 19.79 0 -25.15 19.75 0 -25.68 19.97 0 -25.4
4 16 21.87 0 -25.67 21.87 0 -25.16 21.24 0 -25.09 21.24 0 -25.82
4 16 21 0 -26.25 20.61 0 -26.54 20.61 0 -26.69 21.95 0 -27.41
4 16 18.79 0 -26.76 18.79 0 -28.34 20.13 0 -28.34 19.26 0 -26.76
4 16 17.37 0 -28.35 17.29 0 -24.22 15 0 -24.24 16.66 0 -28.35
4 16 18.32 0 -29.8 18.79 0 -28.34 17.37 0 -28.35 17.56 0 -29.8
3 16 18.72 0 -22.12 17.29 0 -24.22 19.11 0 -24.23
4 16 28.35 0 -24.66 28.74 0 -22.41 26.77 0 -22.26 25.51 0 -24.53
3 16 28.35 0 -24.66 25.9 0 -24.95 25.9 0 -25.09
3 16 25.51 0 -24.53 25.9 0 -24.95 28.35 0 -24.66
4 16 23.53 0 -25.6 24.87 0 -25.89 24.64 0 -25.45 24.16 0 -25.16
4 16 23.53 0 -25.6 24.16 0 -25.16 23.84 0 -25.14 23.53 0 -25.24
4 16 25.9 0 -25.09 24.64 0 -25.45 24.87 0 -25.89 25.58 0 -26.25
4 16 25.9 0 -25.09 25.58 0 -26.25 25.9 0 -26.61 28.35 0 -24.66
4 16 23.21 0 -28.34 22.35 0 -28.05 21.4 0 -28.34 22.15 0 -29.8
4 16 21.95 0 -27.41 20.61 0 -26.69 21.4 0 -28.34 21.95 0 -27.63
3 16 21.95 0 -27.63 21.4 0 -28.34 22.35 0 -28.05
4 16 23.45 0 -27.12 23.53 0 -26.76 22.66 0 -26.54 21.95 0 -27.41
4 16 22.11 0 -26.25 21.24 0 -25.82 21 0 -26.25 21.95 0 -27.41
4 16 23.85 0 -27.41 24.4 0 -26.98 23.53 0 -26.76 23.45 0 -27.12
4 16 24.4 0 -26.98 23.85 0 -27.41 24.32 0 -27.41 24.48 0 -27.19
3 16 22.11 0 -26.25 21.95 0 -27.41 22.66 0 -26.54
3 16 21.87 0 -25.67 21.24 0 -25.82 22.11 0 -26.25
3 16 22.58 0 -24.38 20.92 0 -24.51 22.11 0 -24.67
4 16 25.51 0 -22.05 24 0 -21.68 23.21 0 -24.24 24.95 0 -24.24
3 16 35.06 0 -21.1 33.56 0 -21.76 33.3 0 -24.25
4 16 25.91 0 -27.63 27.09 0 -29.78 28.27 0 -27.85 28.03 0 -27.34
4 16 26.21 0 -32.04 25.58 0 -32.04 44 0 -40 28.02 0 -32.05
3 16 27.24 0 -32.04 26.21 0 -32.04 28.02 0 -32.05
4 16 25.91 0 -27.63 28.03 0 -27.34 28.03 0 -25.24 25.9 0 -26.61
3 16 28.35 0 -24.66 25.9 0 -26.61 28.03 0 -25.24
3 16 28.74 0 -22.41 28.35 0 -24.66 28.74 0 -24.45
3 16 30.32 0 -22.34 29.38 0 -24.23 30.8 0 -24.23
3 16 33.3 0 -24.25 31.59 0 -24.37 32.22 0 -24.88
4 16 33.33 0 -28.35 33.3 0 -24.25 32.38 0 -25.38 32.38 0 -27.19
4 16 36.82 0 -25.82 36.8 0 -25.12 34.76 0 -25.13 34.76 0 -25.82
4 16 38.15 0 -30.04 36.8 0 -24.25 36.8 0 -25.12 36.82 0 -25.82
4 16 36.84 0 -26.83 34.76 0 -26.83 34.72 0 -28.33 36.72 0 -29.8
4 16 31.67 0 -28.21 31.27 0 -29.8 33.33 0 -28.35 32.22 0 -27.7
3 16 32.38 0 -27.19 32.22 0 -27.7 33.33 0 -28.35
3 16 33.3 0 -24.25 32.22 0 -24.88 32.38 0 -25.38
4 16 -.8 0 -25.02 -.41 0 -24.58 -1.97 0 -24.58 -1.84 0 -25.07
3 16 -.41 0 -24.58 -.8 0 -25.02 -.72 0 -25.38
4 16 -.64 0 -25.89 -.13 0 -26.29 -.41 0 -24.58 -.72 0 -25.38
4 16 -3.32 0 -26.51 -.13 0 -26.29 -1.67 0 -25.96 -2.96 0 -26.04
3 16 -.64 0 -25.89 -1.67 0 -25.96 -.13 0 -26.29
4 16 30.69 0 -27.41 30.88 0 -27.12 29.53 0 -27.12 29.82 0 -27.41
4 16 29.53 0 -27.12 30.88 0 -27.12 30.88 0 -25.45 29.54 0 -25.45
4 16 29.76 0 -25.16 29.54 0 -25.45 30.88 0 -25.45 30.71 0 -25.16
4 16 -8.8 0 -25.19 -10.72 0 -25.49 -10.14 0 -25.84 -9.21 0 -25.69
4 16 -9.08 0 -26.59 -8.55 0 -27 -8.8 0 -25.19 -9.21 0 -25.69
4 16 -7.36 0 -26.25 -7.4 0 -25.49 -8.07 0 -25.09 -7.68 0 -26.9
4 16 -7.68 0 -26.9 -6.1 0 -26.76 -6.21 0 -26.2 -7.36 0 -26.25
4 16 -4.75 0 -25.24 -4.24 0 -24.73 -6.48 0 -24.9 -6.38 0 -25.4
4 16 -6.48 0 -24.9 -8.07 0 -25.09 -7.4 0 -25.49 -6.38 0 -25.4
4 16 -4 0 -26.54 -4.24 0 -24.73 -4.75 0 -25.24 -4.67 0 -26.11
3 16 14.05 0 -25.26 13.69 0 -26.47 14.48 0 -26.43
4 16 -10.01 0 -26.7 -10.39 0 -27.22 -8.55 0 -27 -9.08 0 -26.59
4 16 -14.23 0 -32.41 -13.76 0 -30.82 -14.79 0 -30.67 -16.68 0 -31.91
4 16 -12.97 0 -30.09 -12.86 0 -30.94 -12.42 0 -30.99 -12.89 0 -27.92
3 16 -13.76 0 -30.82 -14.23 0 -32.41 -12.86 0 -30.94
4 16 -14.94 0 -30.53 -18.66 0 -31.33 -16.68 0 -31.91 -14.79 0 -30.67
3 16 -15.58 0 -26.4 -21.74 0 -28.21 -14.94 0 -30.53
4 16 -13.68 0 -25.96 -13.88 0 -25.09 -15.81 0 -25.47 -15.58 0 -26.4
3 16 -12.1 0 -26.98 -11.89 0 -30.99 -11.49 0 -30.96
3 16 -11.89 0 -30.99 -12.42 0 -30.99 -10.84 0 -32.63
4 16 -12.89 0 -27.92 -14 0 -26.66 -13.39 0 -30.12 -12.97 0 -30.09
3 16 -13.6 0 -26.56 -14 0 -26.66 -12.89 0 -27.92
4 16 -13.6 0 -26.56 -12.89 0 -27.92 -13.15 0 -26.26 -13.66 0 -26.11
3 16 -13.68 0 -25.96 -15.58 0 -26.4 -13.66 0 -26.11
4 16 -14.47 0 -30.17 -13.97 0 -30.16 -14.45 0 -26.7 -14.98 0 -26.79
3 16 -3.89 0 -27.41 -5.15 0 -28.28 -4.67 0 -28.72
4 16 -3.89 0 -27.41 -4.67 0 -28.72 -4.52 0 -29.22 -3.65 0 -29.8
4 16 -4.67 0 -29.8 -3.49 0 -31.47 -3.65 0 -29.8 -4.52 0 -29.22
3 16 -5.15 0 -30.17 -5.78 0 -30.17 -4.75 0 -31.83
3 16 -6.25 0 -29.8 -6.96 0 -30.67 -5.78 0 -30.17
4 16 -6.96 0 -30.67 -6.25 0 -29.8 -6.41 0 -29.22 -7.44 0 -27.7
4 16 -5.07 0 -28.86 -5.54 0 -28.64 -5.86 0 -28.79 -5.94 0 -29.08
4 16 -6.17 0 -28.57 -5.89 0 -27.61 -7.44 0 -27.7 -6.41 0 -29.22
3 16 -5.89 0 -27.61 -6.17 0 -28.57 -5.78 0 -28.28
4 16 -8.23 0 -32.49 -7.36 0 -30.72 -8.7 0 -30.82 -10.44 0 -30.96
4 16 -9.36 0 -29.36 -10.05 0 -29.41 -9.95 0 -30.53 -9.26 0 -30.46
4 16 -10.71 0 -28.81 -11.24 0 -28.13 -10.99 0 -30.96 -10.44 0 -30.96
4 16 -11.24 0 -28.13 -10.71 0 -28.81 -8.93 0 -28.64 -7.88 0 -27.75
4 16 -5.31 0 -29.8 -4.99 0 -29.51 -4.99 0 -29.08 -5.54 0 -29.8
3 16 -5.07 0 -28.86 -5.94 0 -29.08 -4.99 0 -29.08
4 16 .78 0 -27.7 .15 0 -28.14 .54 0 -29.85 2 0 -29.84
4 16 4.88 0 -28.35 3.54 0 -28.33 3.87 0 -29.83 4.81 0 -30.06
4 16 2 0 -29.84 .54 0 -29.85 .54 0 -31.36 1.53 0 -31.37
4 16 -.15 0 -32.02 -1.38 0 -33.07 -.96 0 -33.36 1.53 0 -32.02
3 16 -.17 0 -29.84 -1.75 0 -30.89 -.15 0 -32.02
4 16 3.87 0 -30.36 2.75 0 -30.36 2.77 0 -30.77 3.87 0 -30.79
4 16 10.81 0 -28.34 8.76 0 -29.84 9.31 0 -30.05 10.73 0 -29.88
4 16 1.96 0 -32.02 2 0 -29.84 1.53 0 -31.37 1.53 0 -32.02
4 16 24.04 0 -29.81 24.48 0 -28.34 23.21 0 -28.34 22.87 0 -30.19
4 16 3.87 0 -31.58 3.87 0 -31.18 2.77 0 -31.18 2.77 0 -31.57
3 16 1.96 0 -32.02 1.53 0 -32.02 -.96 0 -33.36
4 16 3.87 0 -32.02 1.96 0 -32.02 -.96 0 -33.36 -1.43 0 -33.65
4 16 3.87 0 -32.02 -1.43 0 -33.65 5.24 0 -32.03 4.78 0 -31.83
4 16 3.87 0 -31.58 3.87 0 -32.02 4.78 0 -31.83 4.54 0 -31.41
3 16 3.54 0 -28.33 2 0 -29.84 3.87 0 -29.83
4 16 3.87 0 -30.79 4.49 0 -30.94 4.58 0 -30.47 3.87 0 -30.36
4 16 3.87 0 -31.18 4.54 0 -31.41 4.49 0 -30.94 3.87 0 -30.79
4 16 8.2 0 -29.84 10.81 0 -28.34 7.02 0 -28.35 7.69 0 -30.02
4 16 7.02 0 -28.35 5.85 0 -29.84 6.36 0 -29.95 7.69 0 -30.02
4 16 5.72 0 -30.81 6.78 0 -30.82 6.62 0 -30.53 6.07 0 -30.5
3 16 3.87 0 -31.18 3.87 0 -31.58 4.54 0 -31.41
4 16 6.07 0 -30.5 5.91 0 -30.38 5.52 0 -30.34 5.72 0 -30.81
3 16 5.76 0 -30.31 5.52 0 -30.34 5.91 0 -30.38
4 16 5.17 0 -30.93 5.72 0 -30.81 5.52 0 -30.34 5.28 0 -30.47
4 16 5.72 0 -30.81 5.17 0 -30.93 5.23 0 -31.48 5.72 0 -31.31
4 16 5.74 0 -31.64 5.91 0 -31.6 6.11 0 -31.32 5.72 0 -31.31
3 16 6.11 0 -31.32 5.91 0 -31.6 6.06 0 -31.48
4 16 17.56 0 -29.8 17.37 0 -28.35 16.66 0 -28.35 15.35 0 -29.8
4 16 5.74 0 -31.64 5.72 0 -31.31 5.23 0 -31.48 5.43 0 -31.6
4 16 11.23 0 -30.38 12.63 0 -30.31 12.87 0 -30.02 11.09 0 -30.03
4 16 6.78 0 -30.38 6.62 0 -30.53 6.78 0 -30.82 7.49 0 -30.5
4 16 8.29 0 -30.33 8.12 0 -30.52 8.84 0 -30.51 8.68 0 -30.31
3 16 5.24 0 -32.03 -1.43 0 -33.65 6.01 0 -32.04
4 16 3.87 0 -30.36 4.58 0 -30.47 4.81 0 -30.06 3.87 0 -29.83
3 16 4.88 0 -28.35 4.81 0 -30.06 5.28 0 -29.84
3 16 7.02 0 -28.35 5.28 0 -29.84 5.85 0 -29.84
4 16 11.52 0 -28.34 11.09 0 -30.03 12.87 0 -30.02 12.94 0 -28.35
4 16 7.69 0 -30.02 6.36 0 -29.95 6.78 0 -30.38 7.49 0 -30.5
3 16 10.81 0 -28.34 10.73 0 -29.88 11.09 0 -30.03
4 16 12.63 0 -30.75 12.63 0 -30.31 11.23 0 -30.38 11.09 0 -30.74
4 16 6.51 0 -31.83 6.01 0 -32.04 8.16 0 -32.03 7.7 0 -31.86
4 16 6.01 0 -32.04 -1.43 0 -33.65 8.72 0 -32.04 8.16 0 -32.03
4 16 6.51 0 -31.83 7.7 0 -31.86 7.48 0 -31.46 6.78 0 -31.47
4 16 8.83 0 -31.43 8.15 0 -31.42 8.32 0 -31.54 8.66 0 -31.54
4 16 6.78 0 -30.82 6.78 0 -31.47 7.48 0 -31.46 7.49 0 -30.5
3 16 10.81 0 -28.34 8.2 0 -29.84 8.76 0 -29.84
4 16 15.2 0 -28.33 13.97 0 -29.83 14.52 0 -29.95 15.35 0 -29.8
4 16 20.13 0 -28.34 18.79 0 -28.34 18.32 0 -29.8 19.34 0 -29.8
4 16 13.5 0 -30.6 14.29 0 -30.82 14.05 0 -30.46 13.42 0 -30.38
4 16 15.35 0 -29.8 14.52 0 -29.95 14.68 0 -30.24 15.37 0 -30.38
4 16 13.89 0 -31.25 13.02 0 -31.11 12.63 0 -31.62 13.18 0 -31.47
3 16 13.66 0 -30.31 13.42 0 -30.38 14.05 0 -30.46
4 16 14.68 0 -30.38 14.05 0 -30.46 14.29 0 -30.82 14.6 0 -30.96
4 16 14.68 0 -30.38 14.6 0 -30.96 14.84 0 -31.25 16.11 0 -32.04
3 16 12.71 0 -31.76 9.11 0 -31.91 13.07 0 -31.95
4 16 9.11 0 -31.91 8.72 0 -32.04 13.42 0 -32.02 13.07 0 -31.95
4 16 12.63 0 -31.62 9.46 0 -31.46 9.11 0 -31.91 12.71 0 -31.76
3 16 13.42 0 -32.02 -3.88 0 -34.37 14.05 0 -32.04
4 16 12.63 0 -30.75 11.09 0 -30.74 12.63 0 -31.62 13.02 0 -31.11
4 16 13.89 0 -31.25 13.54 0 -31.55 13.89 0 -31.54 14.05 0 -31.47
3 16 13.89 0 -31.25 13.18 0 -31.47 13.54 0 -31.55
3 16 12.94 0 -28.35 12.87 0 -30.02 13.34 0 -29.83
4 16 20.89 0 -29.81 21.4 0 -28.34 20.13 0 -28.34 19.34 0 -29.8
4 16 14.68 0 -30.38 16.11 0 -32.04 15.37 0 -30.38 14.68 0 -30.24
4 16 17.53 0 -32.04 17.57 0 -30.38 16.79 0 -30.38 16.78 0 -32.03
3 16 14.84 0 -31.25 14.68 0 -31.69 16.11 0 -32.04
4 16 16.11 0 -32.04 14.68 0 -31.69 14.37 0 -31.92 44 0 -40
3 16 16.08 0 -30.38 15.37 0 -30.38 16.11 0 -32.04
3 16 15.2 0 -28.33 15.35 0 -29.8 16.66 0 -28.35
3 16 18.79 0 -30.31 18.63 0 -31.04 19.08 0 -31.06
4 16 19.42 0 -32.04 19.26 0 -31.62 18.47 0 -31.62 18.24 0 -32.04
3 16 18.32 0 -29.8 17.57 0 -30.38 17.53 0 -32.04
3 16 16.78 0 -32.03 17.53 0 -32.04 18.24 0 -32.04
3 16 18.32 0 -29.8 17.56 0 -29.8 17.57 0 -30.38
4 16 25.35 0 -28.12 24.48 0 -28.34 24.04 0 -29.81 24.79 0 -29.79
3 16 23.21 0 -28.34 22.61 0 -29.94 22.87 0 -30.19
3 16 23.21 0 -28.34 22.15 0 -29.8 22.61 0 -29.94
4 16 24.04 0 -29.81 22.87 0 -30.19 22.94 0 -30.44 24.32 0 -31.18
4 16 24.32 0 -31.18 22.86 0 -30.81 22.63 0 -31.01 22.63 0 -31.31
3 16 22.63 0 -31.01 22.43 0 -31.06 22.63 0 -31.31
4 16 21.54 0 -31.18 21.52 0 -32.03 22.15 0 -32.04 21.86 0 -31.41
4 16 24.48 0 -32.04 24.32 0 -31.18 22.63 0 -31.31 23.06 0 -32.04
4 16 19.34 0 -29.8 20.13 0 -32.04 20.91 0 -32.04 20.89 0 -29.81
4 16 21.52 0 -30.6 22.15 0 -30.6 22.25 0 -30.46 21.52 0 -30.32
4 16 16.11 0 -32.04 44 0 -40 18.24 0 -32.04 16.78 0 -32.03
3 16 19.42 0 -32.04 18.24 0 -32.04 44 0 -40
3 16 20.13 0 -32.04 19.42 0 -32.04 44 0 -40
3 16 20.91 0 -32.04 20.13 0 -32.04 44 0 -40
3 16 21.4 0 -28.34 20.89 0 -29.81 22.15 0 -29.8
4 16 25.51 0 -29.8 25.35 0 -28.12 24.79 0 -29.79 25.15 0 -31.22
3 16 22.94 0 -30.44 22.86 0 -30.81 24.32 0 -31.18
4 16 27.72 0 -29.78 28.51 0 -28.06 28.27 0 -27.85 27.09 0 -29.78
4 16 26.3 0 -29.79 26.69 0 -31.25 27.09 0 -29.78 25.91 0 -27.63
4 16 31.27 0 -29.8 31.67 0 -28.21 31.04 0 -28.35 29.69 0 -29.78
4 16 28.83 0 -29.78 29.22 0 -28.32 28.51 0 -28.06 27.72 0 -29.78
4 16 31.04 0 -28.35 29.22 0 -28.32 28.83 0 -29.78 29.69 0 -29.78
3 16 25.9 0 -31.11 25.58 0 -32.04 26.21 0 -32.04
4 16 34.12 0 -30.03 34.59 0 -29.8 34.72 0 -28.33 33.33 0 -28.35
4 16 31.29 0 -32.05 31.27 0 -29.8 29.69 0 -29.78 30.64 0 -32.05
3 16 30.64 0 -32.05 30.05 0 -32.05 44 0 -40
4 16 30.05 0 -32.05 29.81 0 -31.54 28.9 0 -31.54 28.74 0 -32.05
4 16 28.02 0 -32.05 28.83 0 -29.78 27.72 0 -29.78 27.24 0 -32.04
3 16 36.84 0 -26.83 36.72 0 -29.8 37.28 0 -29.8
4 16 34.12 0 -30.03 33.33 0 -28.35 32.99 0 -29.95 33.88 0 -30.32
4 16 33.88 0 -30.76 33.25 0 -30.82 33.01 0 -31.33 33.88 0 -31.62
4 16 33.33 0 -30.46 33.25 0 -30.82 33.88 0 -30.76 33.88 0 -30.32
3 16 31.29 0 -32.05 30.64 0 -32.05 44 0 -40
3 16 33.41 0 -32.05 32.54 0 -32.05 44 0 -40
4 16 34.29 0 -31.96 33.41 0 -32.05 44 0 -40 34.61 0 -32.04
4 16 32.54 0 -32.05 32.24 0 -31.43 31.92 0 -31.19 31.9 0 -32.05
3 16 32.54 0 -32.05 31.9 0 -32.05 44 0 -40
3 16 31.9 0 -32.05 31.29 0 -32.05 44 0 -40
4 16 36.72 0 -29.8 34.72 0 -28.33 35.23 0 -29.81 35.78 0 -29.95
4 16 34.75 0 -30.6 35.54 0 -30.83 35.31 0 -30.47 34.67 0 -30.39
3 16 34.91 0 -30.32 34.67 0 -30.39 35.31 0 -30.47
4 16 33.88 0 -31.62 33.01 0 -31.33 33.41 0 -32.05 33.96 0 -31.77
4 16 35.31 0 -30.47 35.54 0 -30.83 35.86 0 -30.97 35.94 0 -30.39
3 16 35.65 0 -31.93 35.37 0 -32.04 44 0 -40
4 16 35.94 0 -31.7 35.65 0 -31.93 44 0 -40 37.5 0 -30.59
4 16 36.1 0 -31.26 35.94 0 -31.7 37.5 0 -30.59 37.28 0 -30.6
3 16 38.16 0 -30.59 37.94 0 -30.59 44 0 -40
3 16 35.37 0 -32.04 34.61 0 -32.04 44 0 -40
3 16 33.96 0 -31.77 33.41 0 -32.05 34.29 0 -31.96
4 16 33.88 0 -30.76 33.88 0 -31.62 34.44 0 -31.48 34.28 0 -31.12
4 16 35.31 0 -31.48 35.14 0 -31.25 34.8 0 -31.56 35.15 0 -31.55
4 16 35.14 0 -31.25 34.28 0 -31.12 34.44 0 -31.48 34.8 0 -31.56
3 16 34.72 0 -28.33 34.59 0 -29.8 35.23 0 -29.81
4 16 36.84 0 -26.83 37.47 0 -29.8 37.7 0 -30.04 37.91 0 -29.8
3 16 36.84 0 -26.83 37.28 0 -29.8 37.47 0 -29.8
4 16 36.84 0 -26.83 37.91 0 -29.8 38.15 0 -30.04 36.82 0 -25.82
3 16 38.15 0 -30.04 38.16 0 -30.59 44 0 -40
4 16 35.93 0 -30.24 35.94 0 -30.39 36.1 0 -31.26 36.94 0 -30.6
3 16 35.94 0 -30.39 35.86 0 -30.97 36.1 0 -31.26
4 16 37.64 0 -30.38 37.49 0 -30.24 37.5 0 -30.59 44 0 -40
3 16 37.8 0 -30.37 37.64 0 -30.38 44 0 -40
3 16 37.93 0 -30.21 37.8 0 -30.37 37.94 0 -30.59
4 16 35.78 0 -29.95 35.93 0 -30.24 36.72 0 -30.05 36.72 0 -29.8
4 16 37.09 0 -30.04 37.11 0 -30.6 37.28 0 -30.6 37.28 0 -30.04
3 16 37.11 0 -30.6 36.94 0 -30.6 36.1 0 -31.26
3 16 37.28 0 -30.6 37.11 0 -30.6 36.1 0 -31.26
4 16 11.09 0 -30.74 10.73 0 -30.88 9.46 0 -31.46 12.63 0 -31.62
3 16 10.38 0 -30.74 9.46 0 -31.46 10.73 0 -30.88
4 16 10.23 0 -30.38 9.47 0 -30.41 9.46 0 -31.46 10.38 0 -30.74
4 16 9.47 0 -30.41 10.23 0 -30.38 10.38 0 -30.03 9.31 0 -30.05
3 16 10.73 0 -29.88 9.31 0 -30.05 10.38 0 -30.03
3 16 22.15 0 -30.31 21.52 0 -30.32 22.25 0 -30.46
4 16 31.9 0 -30.34 31.9 0 -30.62 32.54 0 -30.62 32.64 0 -30.48
3 16 29.22 0 -30.42 29.05 0 -31.11 29.53 0 -31.03
3 16 2.83 0 15.58 5.36 0 15.22 5.73 0 15.37
3 16 28.51 0 -14.5 28.63 0 -17.67 29.69 0 -14.65
3 16 -21.34 0 10.58 -22.53 0 8.19 -20.75 0 8.85
3 16 -21.34 0 10.58 -20.75 0 8.85 -18.97 0 9.2
3 16 -7.49 0 -23.43 -8.32 0 -24.24 -6.66 0 -24.06
3 16 -13.68 0 -25.96 -13.66 0 -26.11 -13.15 0 -26.26
3 16 -7.78 0 -18.28 -8.14 0 -18.54 -7.97 0 -18.64
3 16 -20.65 0 -20.96 -21.64 0 -21.76 -15.81 0 -25.47
4 16 -14.56 0 8.46 -15.81 0 8.95 -12.73 0 7.17 -13.6 0 7.97
4 16 -9.89 0 5.57 -10.28 0 6.16 -9.81 0 4.78 -9.69 0 4.98
3 16 -9.73 0 4.56 -11.79 0 3.29 -9.18 0 3.55
3 16 -44 0 24 -37.73 0 -4.47 -37.48 0 -2.93
3 16 -44 0 24 -37.85 0 -6.09 -37.73 0 -4.47
3 16 -37.9 0 -8.05 -44 0 -40 -37.85 0 -10.01
3 16 -35.17 0 -6.24 -35.27 0 -8.09 -32.56 0 -9.14
3 16 -30.59 0 -26.69 -44 0 -40 -29.14 0 -28.25
3 16 -29.14 0 -28.25 -44 0 -40 -27.5 0 -29.51
3 16 -12.57 0 -35.24 -44 0 -40 -10.8 0 -35.29
4 16 8.84 0 -30.51 8.12 0 -30.52 8.15 0 -31.42 8.83 0 -31.43
3 16 33.33 0 -28.35 32.54 0 -29.79 32.99 0 -29.95
3 16 33.33 0 -28.35 31.27 0 -29.8 32.54 0 -29.79
3 16 33.26 0 -30.2 33.33 0 -30.46 33.88 0 -30.32
3 16 32.99 0 -29.95 33.26 0 -30.2 33.88 0 -30.32
3 16 33.01 0 -31.04 32.81 0 -31.08 33.01 0 -31.33
3 16 33.25 0 -30.82 33.01 0 -31.04 33.01 0 -31.33
3 16 32.54 0 -30.33 31.9 0 -30.34 32.64 0 -30.48
4 16 -5.32 0 -.53 -6.36 0 -.44 -4.59 0 -1.53 -4.28 0 -.73
3 16 -6.36 0 -.44 -5.58 0 -1.33 -4.59 0 -1.53
4 16 -15.81 0 8.95 -14.72 0 7.03 -13.53 0 7.11 -12.73 0 7.17
3 16 -8.57 0 1.16 -8.19 0 .51 -7.75 0 1.01
3 16 14.37 0 -31.92 14.05 0 -32.04 44 0 -40
3 16 24.48 0 -32.04 23.06 0 -32.04 44 0 -40
3 16 25.58 0 -32.04 24.48 0 -32.04 44 0 -40
3 16 28.74 0 -32.05 28.02 0 -32.05 44 0 -40
3 16 30.05 0 -32.05 28.74 0 -32.05 44 0 -40
4 16 20.91 0 -32.04 44 0 -40 22.15 0 -32.04 21.52 0 -32.03
3 16 23.06 0 -32.04 22.15 0 -32.04 44 0 -40