0 Sticker  0.6 x  3.8 with White "Ferrari Beverly Hills" and White Stripe on Black and Red Background
0 Name: 6221654f.dat
0 Author: Massimo Maso [Sirio]
0 !LDRAW_ORG Unofficial_Part
0 !LICENSE Licensed under CC BY 4.0 : see CAreadme.txt

0 BFC CERTIFY CCW

0 !CATEGORY Sticker
0 !KEYWORDS 2017, 488, 63, BrickLink 75886stk01, Brickowl 731696
0 !KEYWORDS Christina Nielsen, GT3, IMSA, Rebrickable 37800, Set 75886
0 !KEYWORDS Speed Champions

0 // Stickerback
1 16 0 0 0 1 0 0 0 1 0 0 0 1 s\stickerback006x038.dat
0 // Logo primitives
1 15 -20.3 -.25 -2.8 .4 0 0 0 1 0 0 0 .4 logo-hublot-text.dat
1 0 -20.3 -.25 -2.8 .4 0 0 0 1 0 0 0 .4 logo-hublot-text-box.dat
0 // Primitives
1 4 -36.5 -.25 4.5 -1.5 0 0 0 1 0 0 0 1.5 1-4chrd.dat
1 4 36.5 -.25 4.5 1.5 0 0 0 1 0 0 0 1.5 1-4chrd.dat
1 0 -36.5 -.25 -4.5 -1.5 0 0 0 1 0 0 0 -1.5 1-4chrd.dat
1 0 36.5 -.25 -4.5 1.5 0 0 0 1 0 0 0 -1.5 1-4chrd.dat
0 // Top face
0 // White text "FERRARI BEVERLY HILLS"
0 // Primitives
1 4 -1.21 -.25 3.7 .4 0 0 0 1 0 0 0 .4 1-4ndis.dat
1 15 -1.21 -.25 3.7 .4 0 0 0 1 0 0 0 .4 1-4chrd.dat
1 15 -1.3 -.25 3.54 0 0 .25 0 1 0 .32 0 0 2-4ndis.dat
1 4 -1.3 -.25 3.54 0 0 .25 0 1 0 .32 0 0 2-4chrd.dat
1 15 -1.21 -.25 3.38 .4 0 0 0 1 0 0 0 -.28 1-4chrd.dat
1 4 -1.21 -.25 3.38 .4 0 0 0 1 0 0 0 -.28 1-4ndis.dat
1 4 -1.21 -.25 2.82 .4 0 0 0 1 0 0 0 .28 1-4ndis.dat
1 15 -1.21 -.25 2.82 .4 0 0 0 1 0 0 0 .28 1-4chrd.dat
1 15 -1.3 -.25 2.66 .25 0 0 0 1 0 0 0 .32 1-4ndis.dat
1 4 -1.3 -.25 2.66 .25 0 0 0 1 0 0 0 .32 1-4chrd.dat
1 4 10.67 -.25 3.7 .4 0 0 0 1 0 0 0 .4 1-4ndis.dat
1 15 10.67 -.25 3.7 .4 0 0 0 1 0 0 0 .4 1-4chrd.dat
1 15 10.58 -.25 3.54 0 0 .25 0 1 0 .32 0 0 2-4ndis.dat
1 4 10.58 -.25 3.54 0 0 .25 0 1 0 .32 0 0 2-4chrd.dat
1 15 10.7 -.25 2.66 0 0 .25 0 1 0 .32 0 0 2-4ndis.dat
1 4 10.7 -.25 2.66 0 0 .25 0 1 0 .32 0 0 2-4chrd.dat
1 15 10.79 -.25 2.5 .4 0 0 0 1 0 0 0 -.4 1-4chrd.dat
1 4 10.79 -.25 2.5 .4 0 0 0 1 0 0 0 -.4 1-4ndis.dat
1 4 35.57 -.25 3.7 .4 0 0 0 1 0 0 0 .4 1-4ndis.dat
1 15 35.57 -.25 3.7 .4 0 0 0 1 0 0 0 .4 1-4chrd.dat
1 4 34.63 -.25 3.58 -.44 0 0 0 1 0 0 0 .52 1-4ndis.dat
1 15 34.63 -.25 3.58 -.44 0 0 0 1 0 0 0 .52 1-4chrd.dat
1 15 35.43 -.25 3.61 .3 0 0 0 1 0 0 0 .25 1-4ndis.dat
1 4 35.43 -.25 3.61 .3 0 0 0 1 0 0 0 .25 1-4chrd.dat
1 15 34.73 -.25 3.61 -.3 0 0 0 1 0 0 0 .25 1-4ndis.dat
1 4 34.73 -.25 3.61 -.3 0 0 0 1 0 0 0 .25 1-4chrd.dat
1 4 34.73 -.25 2.59 -.3 0 0 0 1 0 0 0 -.25 1-4chrd.dat
1 15 34.73 -.25 2.59 -.3 0 0 0 1 0 0 0 -.25 1-4ndis.dat
1 4 35.53 -.25 2.59 .3 0 0 0 1 0 0 0 -.25 1-4chrd.dat
1 15 35.53 -.25 2.59 .3 0 0 0 1 0 0 0 -.25 1-4ndis.dat
1 15 34.59 -.25 2.5 -.4 0 0 0 1 0 0 0 -.4 1-4chrd.dat
1 4 34.59 -.25 2.5 -.4 0 0 0 1 0 0 0 -.4 1-4ndis.dat
1 15 35.67 -.25 2.5 .4 0 0 0 1 0 0 0 -.4 1-4chrd.dat
1 4 35.67 -.25 2.5 .4 0 0 0 1 0 0 0 -.4 1-4ndis.dat
1 4 1.25 -.25 3.7 .4 0 0 0 1 0 0 0 .4 1-4ndis.dat
1 15 1.25 -.25 3.7 .4 0 0 0 1 0 0 0 .4 1-4chrd.dat
1 15 1.16 -.25 3.54 0 0 .25 0 1 0 .32 0 0 2-4ndis.dat
1 4 1.16 -.25 3.54 0 0 .25 0 1 0 .32 0 0 2-4chrd.dat
1 15 1.25 -.25 3.38 .4 0 0 0 1 0 0 0 -.28 1-4chrd.dat
1 4 1.25 -.25 3.38 .4 0 0 0 1 0 0 0 -.28 1-4ndis.dat
1 4 1.25 -.25 2.82 .4 0 0 0 1 0 0 0 .28 1-4ndis.dat
1 15 1.25 -.25 2.82 .4 0 0 0 1 0 0 0 .28 1-4chrd.dat
1 15 1.16 -.25 2.66 .25 0 0 0 1 0 0 0 .32 1-4ndis.dat
1 4 1.16 -.25 2.66 .25 0 0 0 1 0 0 0 .32 1-4chrd.dat
1 4 6.34 -.25 3.7 .4 0 0 0 1 0 0 0 .4 1-4ndis.dat
1 15 6.34 -.25 3.7 .4 0 0 0 1 0 0 0 .4 1-4chrd.dat
1 15 6.25 -.25 3.54 0 0 .25 0 1 0 .32 0 0 2-4ndis.dat
1 4 6.25 -.25 3.54 0 0 .25 0 1 0 .32 0 0 2-4chrd.dat
1 15 6.34 -.25 3.38 .4 0 0 0 1 0 0 0 -.28 1-4chrd.dat
1 4 6.34 -.25 3.38 .4 0 0 0 1 0 0 0 -.28 1-4ndis.dat
1 4 6.34 -.25 2.82 .4 0 0 0 1 0 0 0 .28 1-4ndis.dat
1 15 6.34 -.25 2.82 .4 0 0 0 1 0 0 0 .28 1-4chrd.dat
1 15 6.25 -.25 2.66 .25 0 0 0 1 0 0 0 .32 1-4ndis.dat
1 4 6.25 -.25 2.66 .25 0 0 0 1 0 0 0 .32 1-4chrd.dat
1 4 20.23 -.25 3.7 .4 0 0 0 1 0 0 0 .4 1-4ndis.dat
1 15 20.23 -.25 3.7 .4 0 0 0 1 0 0 0 .4 1-4chrd.dat
1 15 20.14 -.25 3.54 0 0 .25 0 1 0 .32 0 0 2-4ndis.dat
1 4 20.14 -.25 3.54 0 0 .25 0 1 0 .32 0 0 2-4chrd.dat
1 15 20.23 -.25 3.38 .4 0 0 0 1 0 0 0 -.28 1-4chrd.dat
1 4 20.23 -.25 3.38 .4 0 0 0 1 0 0 0 -.28 1-4ndis.dat
1 4 20.23 -.25 2.82 .4 0 0 0 1 0 0 0 .28 1-4ndis.dat
1 15 20.23 -.25 2.82 .4 0 0 0 1 0 0 0 .28 1-4chrd.dat
1 15 20.14 -.25 2.66 .25 0 0 0 1 0 0 0 .32 1-4ndis.dat
1 4 20.14 -.25 2.66 .25 0 0 0 1 0 0 0 .32 1-4chrd.dat
0 // White text "FERRARI"
0 // Letter "Ferrari"
3 15 -6.83 -.25 2.85 -7.07 -.25 2.1 -6.83 -.25 2.1
4 15 -7.07 -.25 4.1 -6.83 -.25 3.86 -5.32 -.25 3.86 -5.32 -.25 4.1
3 15 -6.83 -.25 3.86 -7.07 -.25 4.1 -6.83 -.25 3.09
4 15 -7.07 -.25 2.1 -6.83 -.25 2.85 -6.83 -.25 3.09 -7.07 -.25 4.1
4 15 -5.7 -.25 2.85 -5.7 -.25 3.09 -6.83 -.25 3.09 -6.83 -.25 2.85
0 // Letter "fErrari"
4 15 -4.58 -.25 2.34 -4.82 -.25 2.1 -3.07 -.25 2.1 -3.07 -.25 2.34
4 15 -4.58 -.25 3.22 -4.82 -.25 4.1 -4.82 -.25 2.1 -4.58 -.25 2.98
3 15 -4.82 -.25 2.1 -4.58 -.25 2.34 -4.58 -.25 2.98
4 15 -3.07 -.25 3.86 -3.07 -.25 4.1 -4.82 -.25 4.1 -4.58 -.25 3.86
3 15 -4.58 -.25 3.86 -4.82 -.25 4.1 -4.58 -.25 3.22
4 15 -4.58 -.25 3.22 -4.58 -.25 2.98 -3.45 -.25 2.98 -3.45 -.25 3.22
0 // Letter "feRrari"
4 15 -1.05 -.25 2.1 -.81 -.25 2.1 -.81 -.25 2.82 -1.05 -.25 2.66
3 15 -2.57 -.25 2.1 -2.33 -.25 2.1 -2.33 -.25 2.98
4 15 -1.3 -.25 3.86 -1.21 -.25 4.1 -2.57 -.25 4.1 -2.33 -.25 3.86
3 15 -2.33 -.25 3.22 -2.33 -.25 3.86 -2.57 -.25 4.1
4 15 -2.57 -.25 4.1 -2.57 -.25 2.1 -2.33 -.25 2.98 -2.33 -.25 3.22
4 15 -1.3 -.25 2.98 -1.3 -.25 3.22 -2.33 -.25 3.22 -2.33 -.25 2.98
3 15 -1.3 -.25 2.98 -1.21 -.25 3.1 -1.3 -.25 3.22
3 15 -1.05 -.25 3.86 -1.21 -.25 4.1 -1.3 -.25 3.86
3 15 -1.21 -.25 4.1 -1.05 -.25 3.86 -.81 -.25 3.7
3 15 -.81 -.25 3.7 -1.05 -.25 3.86 -1.05 -.25 3.54
4 15 -.81 -.25 3.7 -1.05 -.25 3.54 -1.05 -.25 3.22 -.81 -.25 3.38
3 15 -.81 -.25 3.38 -1.05 -.25 3.22 -1.21 -.25 3.1
3 15 -1.05 -.25 3.22 -1.3 -.25 3.22 -1.21 -.25 3.1
3 15 -1.21 -.25 3.1 -1.3 -.25 2.98 -1.05 -.25 2.98
3 15 -1.21 -.25 3.1 -1.05 -.25 2.98 -.81 -.25 2.82
3 15 -.81 -.25 2.82 -1.05 -.25 2.98 -1.05 -.25 2.66
0 // Letter "ferRari"
4 15 1.41 -.25 2.1 1.65 -.25 2.1 1.65 -.25 2.82 1.41 -.25 2.66
3 15 -.11 -.25 2.1 .13 -.25 2.1 .13 -.25 2.98
4 15 1.16 -.25 3.86 1.25 -.25 4.1 -.11 -.25 4.1 .13 -.25 3.86
3 15 .13 -.25 3.22 .13 -.25 3.86 -.11 -.25 4.1
4 15 -.11 -.25 4.1 -.11 -.25 2.1 .13 -.25 2.98 .13 -.25 3.22
4 15 1.16 -.25 2.98 1.16 -.25 3.22 .13 -.25 3.22 .13 -.25 2.98
3 15 1.16 -.25 2.98 1.25 -.25 3.1 1.16 -.25 3.22
4 15 1.41 -.25 3.22 1.65 -.25 3.38 1.65 -.25 3.7 1.41 -.25 3.54
3 15 1.41 -.25 3.86 1.25 -.25 4.1 1.16 -.25 3.86
3 15 1.25 -.25 4.1 1.41 -.25 3.86 1.65 -.25 3.7
3 15 1.65 -.25 3.7 1.41 -.25 3.86 1.41 -.25 3.54
3 15 1.65 -.25 3.38 1.41 -.25 3.22 1.25 -.25 3.1
3 15 1.41 -.25 3.22 1.16 -.25 3.22 1.25 -.25 3.1
3 15 1.25 -.25 3.1 1.16 -.25 2.98 1.41 -.25 2.98
3 15 1.25 -.25 3.1 1.41 -.25 2.98 1.65 -.25 2.82
3 15 1.65 -.25 2.82 1.41 -.25 2.98 1.41 -.25 2.66
0 // Letter "ferrAri"
3 15 3.465 -.25 4.1 3.315 -.25 3.92 3.87 -.25 2.81
3 15 3.315 -.25 3.92 3.465 -.25 4.1 3.165 -.25 4.1
3 15 2.165 -.25 2.1 2.405 -.25 2.1 2.64 -.25 2.57
3 15 4.225 -.25 2.1 4.465 -.25 2.1 3.99 -.25 2.57
4 15 3.465 -.25 4.1 3.87 -.25 2.81 3.99 -.25 2.57 4.465 -.25 2.1
4 15 3.99 -.25 2.57 3.87 -.25 2.81 2.76 -.25 2.81 2.64 -.25 2.57
4 15 3.165 -.25 4.1 2.165 -.25 2.1 2.64 -.25 2.57 2.76 -.25 2.81
3 15 2.76 -.25 2.81 3.315 -.25 3.92 3.165 -.25 4.1
0 // Letter "feraRi"
4 15 6.5 -.25 2.1 6.74 -.25 2.1 6.74 -.25 2.82 6.5 -.25 2.66
3 15 4.98 -.25 2.1 5.22 -.25 2.1 5.22 -.25 2.98
4 15 6.25 -.25 3.86 6.34 -.25 4.1 4.98 -.25 4.1 5.22 -.25 3.86
3 15 5.22 -.25 3.22 5.22 -.25 3.86 4.98 -.25 4.1
4 15 4.98 -.25 4.1 4.98 -.25 2.1 5.22 -.25 2.98 5.22 -.25 3.22
4 15 6.25 -.25 2.98 6.25 -.25 3.22 5.22 -.25 3.22 5.22 -.25 2.98
3 15 6.25 -.25 2.98 6.34 -.25 3.1 6.25 -.25 3.22
3 15 6.5 -.25 3.86 6.34 -.25 4.1 6.25 -.25 3.86
3 15 6.34 -.25 4.1 6.5 -.25 3.86 6.74 -.25 3.7
3 15 6.74 -.25 3.7 6.5 -.25 3.86 6.5 -.25 3.54
4 15 6.74 -.25 3.7 6.5 -.25 3.54 6.5 -.25 3.22 6.74 -.25 3.38
3 15 6.74 -.25 3.38 6.5 -.25 3.22 6.34 -.25 3.1
3 15 6.5 -.25 3.22 6.25 -.25 3.22 6.34 -.25 3.1
3 15 6.34 -.25 3.1 6.25 -.25 2.98 6.5 -.25 2.98
3 15 6.34 -.25 3.1 6.5 -.25 2.98 6.74 -.25 2.82
3 15 6.74 -.25 2.82 6.5 -.25 2.98 6.5 -.25 2.66
0 // Letter "ferrarI"
4 15 7.68 -.25 4.1 7.44 -.25 4.1 7.44 -.25 2.1 7.68 -.25 2.1
0 // White text "BEVERLY"
0 // Letter "Beverly"
4 15 10.79 -.25 2.1 10.7 -.25 2.34 9.61 -.25 2.34 9.37 -.25 2.1
4 15 10.95 -.25 2.34 11.19 -.25 2.5 11.19 -.25 2.82 10.95 -.25 2.66
3 15 9.61 -.25 2.34 9.61 -.25 2.98 9.37 -.25 2.1
4 15 9.37 -.25 4.1 9.37 -.25 2.1 9.61 -.25 2.98 9.61 -.25 3.22
3 15 9.37 -.25 4.1 9.61 -.25 3.22 9.61 -.25 3.86
4 15 9.37 -.25 4.1 9.61 -.25 3.86 10.58 -.25 3.86 10.67 -.25 4.1
4 15 10.83 -.25 3.86 10.83 -.25 3.54 11.07 -.25 3.38 11.07 -.25 3.7
4 15 9.61 -.25 2.98 10.64 -.25 3.1 10.58 -.25 3.22 9.61 -.25 3.22
3 15 10.67 -.25 4.1 10.58 -.25 3.86 10.83 -.25 3.86
3 15 10.67 -.25 4.1 10.83 -.25 3.86 11.07 -.25 3.7
4 15 10.83 -.25 3.54 10.83 -.25 3.22 11.0203 -.25 3.2493 11.07 -.25 3.38
4 15 10.83 -.25 3.22 10.7791 -.25 3.115 10.9106 -.25 3.1624 11.0203 -.25 3.2493
4 15 10.83 -.25 3.22 10.58 -.25 3.22 10.64 -.25 3.1 10.7791 -.25 3.115
3 15 10.95 -.25 2.34 10.7 -.25 2.34 10.79 -.25 2.1
3 15 10.95 -.25 2.34 10.79 -.25 2.1 11.19 -.25 2.5
4 15 10.95 -.25 2.66 11.19 -.25 2.82 11.1103 -.25 2.9652 10.95 -.25 2.98
4 15 10.95 -.25 2.98 11.1103 -.25 2.9652 10.9655 -.25 3.0457 10.8051 -.25 3.0871
4 15 10.95 -.25 2.98 10.8051 -.25 3.0871 10.64 -.25 3.1 10.7 -.25 2.98
3 15 9.61 -.25 2.98 10.7 -.25 2.98 10.64 -.25 3.1
0 // Letter "bEverly"
4 15 12.03 -.25 2.34 11.79 -.25 2.1 13.54 -.25 2.1 13.54 -.25 2.34
4 15 12.03 -.25 3.22 11.79 -.25 4.1 11.79 -.25 2.1 12.03 -.25 2.98
3 15 11.79 -.25 2.1 12.03 -.25 2.34 12.03 -.25 2.98
4 15 13.54 -.25 3.86 13.54 -.25 4.1 11.79 -.25 4.1 12.03 -.25 3.86
3 15 12.03 -.25 3.86 11.79 -.25 4.1 12.03 -.25 3.22
4 15 12.03 -.25 3.22 12.03 -.25 2.98 13.16 -.25 2.98 13.16 -.25 3.22
0 // Letter "beVerly"
4 15 14.9 -.25 2.1 15.05 -.25 2.28 14.14 -.25 4.1 13.9 -.25 4.1
4 15 15.05 -.25 2.28 15.2 -.25 2.1 16.2 -.25 4.1 15.96 -.25 4.1
3 15 15.2 -.25 2.1 15.05 -.25 2.28 14.9 -.25 2.1
0 // Letter "bevErly"
4 15 18.31 -.25 2.1 18.31 -.25 2.34 16.8 -.25 2.34 16.56 -.25 2.1
3 15 16.56 -.25 2.1 16.8 -.25 2.34 16.8 -.25 2.98
4 15 18.31 -.25 3.86 18.31 -.25 4.1 16.56 -.25 4.1 16.8 -.25 3.86
3 15 16.8 -.25 3.86 16.56 -.25 4.1 16.8 -.25 3.22
4 15 16.56 -.25 2.1 16.8 -.25 2.98 16.8 -.25 3.22 16.56 -.25 4.1
4 15 16.8 -.25 3.22 16.8 -.25 2.98 17.93 -.25 2.98 17.93 -.25 3.22
0 // Letter "beveRly"
4 15 20.39 -.25 2.1 20.63 -.25 2.1 20.63 -.25 2.82 20.39 -.25 2.66
3 15 18.87 -.25 2.1 19.11 -.25 2.1 19.11 -.25 2.98
4 15 20.14 -.25 3.86 20.23 -.25 4.1 18.87 -.25 4.1 19.11 -.25 3.86
3 15 19.11 -.25 3.22 19.11 -.25 3.86 18.87 -.25 4.1
4 15 18.87 -.25 4.1 18.87 -.25 2.1 19.11 -.25 2.98 19.11 -.25 3.22
4 15 20.14 -.25 2.98 20.14 -.25 3.22 19.11 -.25 3.22 19.11 -.25 2.98
3 15 20.14 -.25 2.98 20.23 -.25 3.1 20.14 -.25 3.22
3 15 20.39 -.25 3.86 20.23 -.25 4.1 20.14 -.25 3.86
3 15 20.23 -.25 4.1 20.39 -.25 3.86 20.63 -.25 3.7
3 15 20.63 -.25 3.7 20.39 -.25 3.86 20.39 -.25 3.54
4 15 20.63 -.25 3.7 20.39 -.25 3.54 20.39 -.25 3.22 20.63 -.25 3.38
3 15 20.63 -.25 3.38 20.39 -.25 3.22 20.23 -.25 3.1
3 15 20.39 -.25 3.22 20.14 -.25 3.22 20.23 -.25 3.1
3 15 20.23 -.25 3.1 20.14 -.25 2.98 20.39 -.25 2.98
3 15 20.23 -.25 3.1 20.39 -.25 2.98 20.63 -.25 2.82
3 15 20.63 -.25 2.82 20.39 -.25 2.98 20.39 -.25 2.66
0 // Letter "beverLy"
4 15 21.59 -.25 4.1 21.35 -.25 4.1 21.35 -.25 2.1 21.59 -.25 2.34
4 15 21.59 -.25 2.34 21.35 -.25 2.1 23.01 -.25 2.1 23.01 -.25 2.34
0 // Letter "beverlY"
4 15 23.78 -.25 2.1 24.02 -.25 2.1 24.02 -.25 2.76 23.78 -.25 2.76
4 15 24.02 -.25 2.76 24.96 -.25 3.96 24.96 -.25 4.1 24.72 -.25 4.1
4 15 24.72 -.25 4.1 23.9 -.25 3.0532 23.78 -.25 2.76 24.02 -.25 2.76
3 15 23.78 -.25 2.76 23.9 -.25 3.0532 23.08 -.25 4.1
4 15 23.78 -.25 2.76 23.08 -.25 4.1 22.84 -.25 4.1 22.84 -.25 3.96
0 // White text "HILLS"
0 // Letter "Hills"
3 15 26.59 -.25 2.98 26.35 -.25 2.1 26.59 -.25 2.1
3 15 28.01 -.25 3.22 28.25 -.25 4.1 28.01 -.25 4.1
3 15 28.01 -.25 2.1 28.25 -.25 2.1 28.01 -.25 2.98
4 15 28.25 -.25 4.1 28.01 -.25 3.22 28.01 -.25 2.98 28.25 -.25 2.1
4 15 28.01 -.25 2.98 28.01 -.25 3.22 26.59 -.25 3.22 26.59 -.25 2.98
4 15 26.35 -.25 2.1 26.59 -.25 2.98 26.59 -.25 3.22 26.35 -.25 4.1
3 15 26.35 -.25 4.1 26.59 -.25 3.22 26.59 -.25 4.1
0 // Letter "hIlls"
4 15 28.97 -.25 2.1 29.21 -.25 2.1 29.21 -.25 4.1 28.97 -.25 4.1
0 // Letter "hiLls"
4 15 29.93 -.25 2.1 30.17 -.25 2.34 30.17 -.25 4.1 29.93 -.25 4.1
4 15 31.59 -.25 2.1 31.59 -.25 2.34 30.17 -.25 2.34 29.93 -.25 2.1
0 // Letter "hilLs"
4 15 32.15 -.25 2.1 32.39 -.25 2.34 32.39 -.25 4.1 32.15 -.25 4.1
4 15 33.81 -.25 2.1 33.81 -.25 2.34 32.39 -.25 2.34 32.15 -.25 2.1
0 // Letter "hillS"
4 15 35.97 -.25 3.7 35.73 -.25 3.61 35.73 -.25 3.54 35.97 -.25 3.54
4 15 34.63 -.25 4.1 34.73 -.25 3.86 35.43 -.25 3.86 35.57 -.25 4.1
4 15 34.2171 -.25 3.391 34.4529 -.25 3.5079 34.43 -.25 3.61 34.19 -.25 3.54
4 15 34.7006 -.25 3.3326 34.6008 -.25 3.3642 34.4118 -.25 3.1651 34.5545 -.25 3.1144
4 15 34.2945 -.25 3.2608 34.4118 -.25 3.1651 34.6008 -.25 3.3642 34.5144 -.25 3.4232
4 15 34.4529 -.25 3.5079 34.2171 -.25 3.391 34.2945 -.25 3.2608 34.5144 -.25 3.4232
4 15 34.19 -.25 2.5 34.43 -.25 2.59 34.43 -.25 2.74 34.19 -.25 2.74
4 15 35.67 -.25 2.1 35.53 -.25 2.34 34.73 -.25 2.34 34.59 -.25 2.1
4 15 36.07 -.25 2.78 35.83 -.25 2.6625 35.83 -.25 2.59 36.07 -.25 2.5
4 15 36.0372 -.25 2.9214 35.8071 -.25 2.7646 35.83 -.25 2.6625 36.07 -.25 2.78
4 15 35.9501 -.25 3.0374 35.7456 -.25 2.8493 35.8071 -.25 2.7646 36.0372 -.25 2.9214
4 15 35.8291 -.25 3.1176 35.6592 -.25 2.9083 35.7456 -.25 2.8493 35.9501 -.25 3.0374
4 15 35.6905 -.25 3.1607 35.5594 -.25 2.9399 35.6592 -.25 2.9083 35.8291 -.25 3.1176
4 15 34.7006 -.25 3.3326 34.5545 -.25 3.1144 35.5594 -.25 2.9399 35.6905 -.25 3.1607
3 15 34.73 -.25 3.86 34.63 -.25 4.1 34.43 -.25 3.86
3 15 34.43 -.25 3.86 34.63 -.25 4.1 34.19 -.25 3.58
4 15 34.43 -.25 3.86 34.19 -.25 3.58 34.19 -.25 3.54 34.43 -.25 3.61
3 15 35.97 -.25 3.7 35.73 -.25 3.86 35.73 -.25 3.61
3 15 35.73 -.25 3.86 35.97 -.25 3.7 35.57 -.25 4.1
3 15 35.57 -.25 4.1 35.43 -.25 3.86 35.73 -.25 3.86
3 15 34.43 -.25 2.34 34.43 -.25 2.59 34.19 -.25 2.5
3 15 34.43 -.25 2.34 34.19 -.25 2.5 34.59 -.25 2.1
3 15 34.43 -.25 2.34 34.59 -.25 2.1 34.73 -.25 2.34
3 15 35.53 -.25 2.34 35.67 -.25 2.1 35.83 -.25 2.34
3 15 35.83 -.25 2.34 35.67 -.25 2.1 36.07 -.25 2.5
3 15 35.83 -.25 2.34 36.07 -.25 2.5 35.83 -.25 2.59
0 // Black faces
4 0 -36.5 -.25 -6 -31.9 -.25 -4.8 -38 -.25 -2.8 -38 -.25 -4.5
3 0 -31.9 -.25 -.8 -33.3901 -.25 -.9991 -35.7254 -.25 -1.8219
4 0 -31.9 -.25 -4.8 -31.9 -.25 -.8 -35.7254 -.25 -1.8219 -38 -.25 -2.8
4 0 -31.9 -.25 -.8 -28.5802 -.25 .1667 -31.0048 -.25 -.3352 -33.3901 -.25 -.9991
4 0 -31.9 -.25 -.8 -23.6573 -.25 .6764 -26.1273 -.25 .5044 -28.5802 -.25 .1667
4 0 -23.6573 -.25 .6764 -31.9 -.25 -.8 -8.7 -.25 -.8 -21.1813 -.25 .6818
4 0 19.8817 -.25 -3.3043 -18.7106 -.25 .5206 -21.1813 -.25 .6818 -8.7 -.25 -.8
4 0 22.1404 -.25 -3.5141 19.8817 -.25 -3.3043 -8.7 -.25 -.8 -8.7 -.25 -4.8
4 0 -36.5 -.25 -6 36.5 -.25 -6 -8.7 -.25 -4.8 -31.9 -.25 -4.8
4 0 38 -.25 -4.5 38 -.25 -4.2 35.7316 -.25 -4.186 36.5 -.25 -6
3 0 36.5 -.25 -6 35.7316 -.25 -4.186 33.4635 -.25 -4.144
3 0 36.5 -.25 -6 33.4635 -.25 -4.144 31.1961 -.25 -4.074
3 0 36.5 -.25 -6 31.1961 -.25 -4.074 28.9298 -.25 -3.9759
3 0 36.5 -.25 -6 28.9298 -.25 -3.9759 26.6648 -.25 -3.85
3 0 36.5 -.25 -6 26.6648 -.25 -3.85 24.4016 -.25 -3.696
4 0 36.5 -.25 -6 24.4016 -.25 -3.696 22.1404 -.25 -3.5141 -8.7 -.25 -4.8
0 // Red faces
4 4 -36.5 -.25 6 -38 -.25 4.5 -38 -.25 -.7 -36.1109 -.25 .1107
3 4 -36.5 -.25 6 -36.1109 -.25 .1107 -34.1716 -.25 .7926
3 4 -36.5 -.25 6 -34.1716 -.25 .7926 -32.1908 -.25 1.3428
3 4 -36.5 -.25 6 -32.1908 -.25 1.3428 -30.1776 -.25 1.7586
3 4 -36.5 -.25 6 -30.1776 -.25 1.7586 -28.141 -.25 2.0383
3 4 -36.5 -.25 6 -28.141 -.25 2.0383 -26.0902 -.25 2.1806
4 4 -26.0902 -.25 2.1806 -24.0345 -.25 2.1848 -7.07 -.25 4.1 -36.5 -.25 6
3 4 -36.5 -.25 6 -7.07 -.25 4.1 -5.32 -.25 4.1
3 4 -36.5 -.25 6 -5.32 -.25 4.1 -4.82 -.25 4.1
3 4 -36.5 -.25 6 -4.82 -.25 4.1 -3.07 -.25 4.1
3 4 -36.5 -.25 6 -3.07 -.25 4.1 -2.57 -.25 4.1
3 4 -36.5 -.25 6 -2.57 -.25 4.1 -1.21 -.25 4.1
3 4 -36.5 -.25 6 -1.21 -.25 4.1 -.81 -.25 4.1
3 4 -36.5 -.25 6 -.81 -.25 4.1 -.11 -.25 4.1
3 4 -36.5 -.25 6 -.11 -.25 4.1 1.25 -.25 4.1
3 4 -36.5 -.25 6 1.25 -.25 4.1 1.65 -.25 4.1
3 4 -36.5 -.25 6 1.65 -.25 4.1 3.165 -.25 4.1
4 4 -36.5 -.25 6 3.165 -.25 4.1 3.465 -.25 4.1 36.5 -.25 6
3 4 36.5 -.25 6 3.465 -.25 4.1 4.98 -.25 4.1
3 4 36.5 -.25 6 4.98 -.25 4.1 6.34 -.25 4.1
3 4 36.5 -.25 6 6.34 -.25 4.1 6.74 -.25 4.1
3 4 36.5 -.25 6 6.74 -.25 4.1 7.44 -.25 4.1
3 4 36.5 -.25 6 7.44 -.25 4.1 7.68 -.25 4.1
3 4 36.5 -.25 6 7.68 -.25 4.1 9.37 -.25 4.1
3 4 36.5 -.25 6 9.37 -.25 4.1 10.67 -.25 4.1
3 4 36.5 -.25 6 10.67 -.25 4.1 11.07 -.25 4.1
3 4 36.5 -.25 6 11.07 -.25 4.1 11.79 -.25 4.1
3 4 36.5 -.25 6 11.79 -.25 4.1 13.54 -.25 4.1
3 4 36.5 -.25 6 13.54 -.25 4.1 13.9 -.25 4.1
3 4 36.5 -.25 6 13.9 -.25 4.1 14.14 -.25 4.1
3 4 36.5 -.25 6 14.14 -.25 4.1 15.96 -.25 4.1
3 4 36.5 -.25 6 15.96 -.25 4.1 16.2 -.25 4.1
3 4 36.5 -.25 6 16.2 -.25 4.1 16.56 -.25 4.1
3 4 36.5 -.25 6 16.56 -.25 4.1 18.31 -.25 4.1
3 4 36.5 -.25 6 18.31 -.25 4.1 18.87 -.25 4.1
3 4 36.5 -.25 6 18.87 -.25 4.1 20.23 -.25 4.1
3 4 36.5 -.25 6 20.23 -.25 4.1 20.63 -.25 4.1
3 4 36.5 -.25 6 20.63 -.25 4.1 21.35 -.25 4.1
3 4 36.5 -.25 6 21.35 -.25 4.1 21.59 -.25 4.1
3 4 36.5 -.25 6 21.59 -.25 4.1 22.84 -.25 4.1
3 4 36.5 -.25 6 22.84 -.25 4.1 23.08 -.25 4.1
3 4 36.5 -.25 6 23.08 -.25 4.1 24.72 -.25 4.1
3 4 36.5 -.25 6 24.72 -.25 4.1 24.96 -.25 4.1
3 4 36.5 -.25 6 24.96 -.25 4.1 26.35 -.25 4.1
3 4 36.5 -.25 6 26.35 -.25 4.1 26.59 -.25 4.1
3 4 36.5 -.25 6 26.59 -.25 4.1 28.01 -.25 4.1
3 4 36.5 -.25 6 28.01 -.25 4.1 28.25 -.25 4.1
3 4 36.5 -.25 6 28.25 -.25 4.1 28.97 -.25 4.1
3 4 36.5 -.25 6 28.97 -.25 4.1 29.21 -.25 4.1
3 4 36.5 -.25 6 29.21 -.25 4.1 29.93 -.25 4.1
3 4 36.5 -.25 6 29.93 -.25 4.1 30.17 -.25 4.1
3 4 36.5 -.25 6 30.17 -.25 4.1 32.15 -.25 4.1
3 4 36.5 -.25 6 32.15 -.25 4.1 32.39 -.25 4.1
3 4 36.5 -.25 6 32.39 -.25 4.1 34.19 -.25 4.1
3 4 36.5 -.25 6 34.19 -.25 4.1 34.63 -.25 4.1
3 4 36.5 -.25 6 34.63 -.25 4.1 35.57 -.25 4.1
3 4 36.5 -.25 6 35.57 -.25 4.1 35.97 -.25 4.1
4 4 36.5 -.25 6 35.97 -.25 4.1 36.07 -.25 4.1 38 -.25 4.5
4 4 -6.83 -.25 3.86 -6.83 -.25 3.09 -5.7 -.25 3.09 -5.32 -.25 3.86
4 4 -5.7 -.25 2.85 -6.83 -.25 2.85 -6.83 -.25 2.1 -4.82 -.25 2.1
4 4 -5.32 -.25 3.86 -5.7 -.25 3.09 -5.7 -.25 2.85 -4.82 -.25 2.1
4 4 -4.82 -.25 4.1 -5.32 -.25 4.1 -5.32 -.25 3.86 -4.82 -.25 2.1
4 4 -4.58 -.25 3.86 -4.58 -.25 3.22 -3.45 -.25 3.22 -3.07 -.25 3.86
4 4 -3.45 -.25 2.98 -4.58 -.25 2.98 -4.58 -.25 2.34 -3.07 -.25 2.34
4 4 -3.45 -.25 3.22 -3.45 -.25 2.98 -3.07 -.25 2.34 -3.07 -.25 3.86
4 4 -2.57 -.25 4.1 -3.07 -.25 3.86 -3.07 -.25 2.34 -2.57 -.25 2.1
3 4 -3.07 -.25 2.34 -3.07 -.25 2.1 -2.57 -.25 2.1
3 4 -3.07 -.25 4.1 -3.07 -.25 3.86 -2.57 -.25 4.1
4 4 -2.33 -.25 3.86 -2.33 -.25 3.22 -1.3 -.25 3.22 -1.3 -.25 3.86
4 4 -2.33 -.25 2.98 -2.33 -.25 2.1 -1.05 -.25 2.66 -1.3 -.25 2.98
3 4 -2.33 -.25 2.1 -1.05 -.25 2.1 -1.05 -.25 2.66
3 4 -.11 -.25 4.1 -.81 -.25 4.1 -.81 -.25 3.7
3 4 -.11 -.25 4.1 -.81 -.25 3.7 -.81 -.25 3.38
4 4 -.11 -.25 4.1 -.81 -.25 3.38 -.81 -.25 3.1 -.11 -.25 2.1
3 4 -.11 -.25 2.1 -.81 -.25 3.1 -.81 -.25 2.82
3 4 -.11 -.25 2.1 -.81 -.25 2.82 -.81 -.25 2.1
4 4 .13 -.25 3.86 .13 -.25 3.22 1.16 -.25 3.22 1.16 -.25 3.86
4 4 .13 -.25 2.98 .13 -.25 2.1 1.41 -.25 2.66 1.16 -.25 2.98
3 4 .13 -.25 2.1 1.41 -.25 2.1 1.41 -.25 2.66
3 4 3.165 -.25 4.1 1.65 -.25 4.1 1.65 -.25 3.7
3 4 3.165 -.25 4.1 1.65 -.25 3.7 1.65 -.25 3.38
4 4 3.165 -.25 4.1 1.65 -.25 3.38 1.65 -.25 3.1 2.165 -.25 2.1
3 4 1.65 -.25 2.82 2.165 -.25 2.1 1.65 -.25 3.1
3 4 2.165 -.25 2.1 1.65 -.25 2.82 1.65 -.25 2.1
3 4 3.315 -.25 3.92 2.76 -.25 2.81 3.87 -.25 2.81
4 4 3.99 -.25 2.57 2.64 -.25 2.57 2.405 -.25 2.1 4.225 -.25 2.1
4 4 4.98 -.25 4.1 3.465 -.25 4.1 4.465 -.25 2.1 4.98 -.25 2.1
4 4 5.22 -.25 3.86 5.22 -.25 3.22 6.25 -.25 3.22 6.25 -.25 3.86
4 4 5.22 -.25 2.98 5.22 -.25 2.1 6.5 -.25 2.66 6.25 -.25 2.98
3 4 5.22 -.25 2.1 6.5 -.25 2.1 6.5 -.25 2.66
3 4 7.44 -.25 4.1 6.74 -.25 4.1 6.74 -.25 3.7
3 4 7.44 -.25 4.1 6.74 -.25 3.7 6.74 -.25 3.38
4 4 7.44 -.25 4.1 6.74 -.25 3.38 6.74 -.25 3.1 7.44 -.25 2.1
3 4 7.44 -.25 2.1 6.74 -.25 3.1 6.74 -.25 2.82
3 4 7.44 -.25 2.1 6.74 -.25 2.82 6.74 -.25 2.1
4 4 7.68 -.25 4.1 7.68 -.25 2.1 9.37 -.25 2.1 9.37 -.25 4.1
4 4 9.61 -.25 3.86 9.61 -.25 3.22 10.58 -.25 3.22 10.58 -.25 3.86
4 4 9.61 -.25 2.98 9.61 -.25 2.34 10.7 -.25 2.34 10.7 -.25 2.98
3 4 11.79 -.25 4.1 11.07 -.25 4.1 11.07 -.25 3.7
3 4 11.79 -.25 4.1 11.07 -.25 3.7 11.07 -.25 3.38
3 4 11.79 -.25 2.1 11.19 -.25 2.5 11.19 -.25 2.1
3 4 11.19 -.25 2.5 11.79 -.25 2.1 11.19 -.25 2.82
3 4 10.7791 -.25 3.115 10.64 -.25 3.1 10.8051 -.25 3.0871
4 4 10.9106 -.25 3.1624 10.7791 -.25 3.115 10.8051 -.25 3.0871 10.9655 -.25 3.0457
4 4 10.9106 -.25 3.1624 10.9655 -.25 3.0457 11.1103 -.25 2.9652 11.0203 -.25 3.2493
4 4 11.07 -.25 3.38 11.0203 -.25 3.2493 11.1103 -.25 2.9652 11.19 -.25 2.82
4 4 11.79 -.25 4.1 11.07 -.25 3.38 11.19 -.25 2.82 11.79 -.25 2.1
4 4 12.03 -.25 3.86 12.03 -.25 3.22 13.16 -.25 3.22 13.54 -.25 3.86
4 4 13.16 -.25 2.98 12.03 -.25 2.98 12.03 -.25 2.34 13.54 -.25 2.34
4 4 13.16 -.25 3.22 13.16 -.25 2.98 13.54 -.25 2.34 13.54 -.25 3.86
3 4 13.54 -.25 4.1 13.54 -.25 3.86 13.9 -.25 4.1
4 4 13.9 -.25 4.1 13.54 -.25 3.86 13.54 -.25 2.34 14.9 -.25 2.1
3 4 14.14 -.25 4.1 15.05 -.25 2.28 15.96 -.25 4.1
4 4 16.56 -.25 4.1 16.2 -.25 4.1 15.2 -.25 2.1 16.56 -.25 2.1
4 4 16.8 -.25 3.86 16.8 -.25 3.22 17.93 -.25 3.22 18.31 -.25 3.86
4 4 17.93 -.25 2.98 16.8 -.25 2.98 16.8 -.25 2.34 18.31 -.25 2.34
4 4 17.93 -.25 3.22 17.93 -.25 2.98 18.31 -.25 2.34 18.31 -.25 3.86
3 4 18.31 -.25 4.1 18.31 -.25 3.86 18.87 -.25 4.1
4 4 20 -.25 -2.1102 18.87 -.25 2.1 18.31 -.25 2.34 18.31 -.25 2.1
4 4 18.87 -.25 4.1 18.31 -.25 3.86 18.31 -.25 2.34 18.87 -.25 2.1
4 4 19.11 -.25 3.86 19.11 -.25 3.22 20.14 -.25 3.22 20.14 -.25 3.86
4 4 19.11 -.25 2.98 19.11 -.25 2.1 20.39 -.25 2.66 20.14 -.25 2.98
3 4 19.11 -.25 2.1 20.39 -.25 2.1 20.39 -.25 2.66
3 4 21.35 -.25 4.1 20.63 -.25 4.1 20.63 -.25 3.7
3 4 21.35 -.25 4.1 20.63 -.25 3.7 20.63 -.25 3.38
3 4 20.63 -.25 2.82 21.35 -.25 2.1 20.63 -.25 3.1
4 4 21.35 -.25 4.1 20.63 -.25 3.38 20.63 -.25 3.1 21.35 -.25 2.1
4 4 22.84 -.25 3.96 22.84 -.25 4.1 21.59 -.25 4.1 21.59 -.25 2.34
4 4 22.84 -.25 3.96 21.59 -.25 2.34 23.01 -.25 2.34 23.78 -.25 2.76
4 4 23.78 -.25 2.76 23.01 -.25 2.34 23.01 -.25 2.1 23.78 -.25 2.1
3 4 23.08 -.25 4.1 23.9 -.25 3.0532 24.72 -.25 4.1
4 4 26.35 -.25 4.1 24.96 -.25 4.1 24.96 -.25 3.96 26.35 -.25 2.1
4 4 26.35 -.25 2.1 24.96 -.25 3.96 24.02 -.25 2.76 24.02 -.25 2.1
4 4 26.59 -.25 4.1 26.59 -.25 3.22 28.01 -.25 3.22 28.01 -.25 4.1
4 4 26.59 -.25 2.98 26.59 -.25 2.1 28.01 -.25 2.1 28.01 -.25 2.98
4 4 28.25 -.25 4.1 28.25 -.25 2.1 28.97 -.25 2.1 28.97 -.25 4.1
4 4 29.21 -.25 4.1 29.21 -.25 2.1 29.93 -.25 2.1 29.93 -.25 4.1
4 4 30.17 -.25 4.1 30.17 -.25 2.34 31.59 -.25 2.34 32.15 -.25 4.1
4 4 32.15 -.25 2.1 32.15 -.25 4.1 31.59 -.25 2.34 31.59 -.25 2.1
4 4 32.39 -.25 4.1 32.39 -.25 2.34 34.19 -.25 3.58 34.19 -.25 4.1
4 4 34.19 -.25 3.54 34.19 -.25 3.58 32.39 -.25 2.34 33.81 -.25 2.34
4 4 33.81 -.25 2.34 33.81 -.25 2.1 34.19 -.25 2.1 34.19 -.25 2.5
3 4 33.81 -.25 2.34 34.19 -.25 2.5 34.19 -.25 2.74
4 4 33.81 -.25 2.34 34.19 -.25 2.74 34.2171 -.25 3.391 34.19 -.25 3.54
4 4 35.43 -.25 3.86 34.73 -.25 3.86 34.43 -.25 3.61 34.4529 -.25 3.5079
4 4 35.43 -.25 3.86 34.4529 -.25 3.5079 34.5144 -.25 3.4232 34.6008 -.25 3.3642
4 4 35.43 -.25 3.86 34.6008 -.25 3.3642 34.7006 -.25 3.3326 35.73 -.25 3.61
4 4 35.73 -.25 3.61 34.7006 -.25 3.3326 35.6905 -.25 3.1607 35.73 -.25 3.54
4 4 35.97 -.25 3.54 35.73 -.25 3.54 35.6905 -.25 3.1607 35.8291 -.25 3.1176
4 4 34.73 -.25 2.34 35.53 -.25 2.34 35.83 -.25 2.59 35.83 -.25 2.6625
4 4 34.73 -.25 2.34 35.83 -.25 2.6625 35.8071 -.25 2.7646 35.7456 -.25 2.8493
4 4 34.73 -.25 2.34 35.7456 -.25 2.8493 35.6592 -.25 2.9083 34.43 -.25 2.59
4 4 34.43 -.25 2.74 34.43 -.25 2.59 35.6592 -.25 2.9083 35.5594 -.25 2.9399
4 4 34.43 -.25 2.74 35.5594 -.25 2.9399 34.5545 -.25 3.1144 34.19 -.25 2.74
3 4 34.5545 -.25 3.1144 34.4118 -.25 3.1651 34.19 -.25 2.74
3 4 34.19 -.25 2.74 34.4118 -.25 3.1651 34.2945 -.25 3.2608
3 4 34.19 -.25 2.74 34.2945 -.25 3.2608 34.2171 -.25 3.391
3 4 36.07 -.25 4.1 35.97 -.25 4.1 35.97 -.25 3.7
3 4 36.07 -.25 4.1 35.97 -.25 3.7 35.97 -.25 3.54
4 4 36.0372 -.25 2.9214 36.07 -.25 2.78 36.07 -.25 4.1 35.97 -.25 3.54
3 4 36.0372 -.25 2.9214 35.97 -.25 3.54 35.9501 -.25 3.0374
3 4 35.9501 -.25 3.0374 35.97 -.25 3.54 35.8291 -.25 3.1176
3 4 38 -.25 4.5 36.07 -.25 4.1 36.07 -.25 2.78
4 4 38 -.25 4.5 36.07 -.25 2.78 36.07 -.25 2.5 38 -.25 -3
3 4 36.07 -.25 2.5 36.07 -.25 2.1 38 -.25 -3
3 4 36.07 -.25 2.1 35.67 -.25 2.1 38 -.25 -3
4 4 35.67 -.25 2.1 34.59 -.25 2.1 35.7464 -.25 -2.9861 38 -.25 -3
3 4 35.7464 -.25 -2.9861 34.59 -.25 2.1 34.19 -.25 2.1
3 4 35.7464 -.25 -2.9861 34.19 -.25 2.1 33.81 -.25 2.1
4 4 33.81 -.25 2.1 32.15 -.25 2.1 33.4931 -.25 -2.9443 35.7464 -.25 -2.9861
3 4 33.4931 -.25 -2.9443 32.15 -.25 2.1 31.59 -.25 2.1
4 4 31.59 -.25 2.1 29.93 -.25 2.1 31.2406 -.25 -2.8748 33.4931 -.25 -2.9443
3 4 29.93 -.25 2.1 29.21 -.25 2.1 31.2406 -.25 -2.8748
4 4 29.21 -.25 2.1 28.97 -.25 2.1 28.989 -.25 -2.7774 31.2406 -.25 -2.8748
3 4 28.97 -.25 2.1 28.25 -.25 2.1 28.989 -.25 -2.7774
3 4 28.25 -.25 2.1 28.01 -.25 2.1 28.989 -.25 -2.7774
4 4 28.01 -.25 2.1 26.59 -.25 2.1 26.7388 -.25 -2.6522 28.989 -.25 -2.7774
3 4 26.59 -.25 2.1 26.35 -.25 2.1 26.7388 -.25 -2.6522
3 4 26.7388 -.25 -2.6522 26.35 -.25 2.1 24.02 -.25 2.1
4 4 24.02 -.25 2.1 23.78 -.25 2.1 24.4904 -.25 -2.4993 26.7388 -.25 -2.6522
3 4 23.78 -.25 2.1 23.01 -.25 2.1 24.4904 -.25 -2.4993
4 4 23.01 -.25 2.1 21.35 -.25 2.1 22.244 -.25 -2.3186 24.4904 -.25 -2.4993
4 4 20.63 -.25 2.82 20.63 -.25 2.1 22.244 -.25 -2.3186 21.35 -.25 2.1
3 4 22.244 -.25 -2.3186 20.63 -.25 2.1 20.39 -.25 2.1
4 4 20.39 -.25 2.1 19.11 -.25 2.1 20 -.25 -2.1102 22.244 -.25 -2.3186
3 4 20 -.25 -2.1102 19.11 -.25 2.1 18.87 -.25 2.1
3 4 20 -.25 -2.1102 18.31 -.25 2.1 16.56 -.25 2.1
3 4 20 -.25 -2.1102 16.56 -.25 2.1 15.2 -.25 2.1
3 4 20 -.25 -2.1102 15.2 -.25 2.1 14.9 -.25 2.1
4 4 13.54 -.25 2.34 13.54 -.25 2.1 20 -.25 -2.1102 14.9 -.25 2.1
3 4 20 -.25 -2.1102 13.54 -.25 2.1 11.79 -.25 2.1
3 4 20 -.25 -2.1102 11.79 -.25 2.1 11.19 -.25 2.1
3 4 20 -.25 -2.1102 11.19 -.25 2.1 10.79 -.25 2.1
3 4 20 -.25 -2.1102 10.79 -.25 2.1 9.37 -.25 2.1
3 4 20 -.25 -2.1102 9.37 -.25 2.1 7.68 -.25 2.1
3 4 20 -.25 -2.1102 7.68 -.25 2.1 7.44 -.25 2.1
3 4 20 -.25 -2.1102 7.44 -.25 2.1 6.74 -.25 2.1
3 4 20 -.25 -2.1102 6.74 -.25 2.1 6.5 -.25 2.1
3 4 20 -.25 -2.1102 6.5 -.25 2.1 5.22 -.25 2.1
3 4 20 -.25 -2.1102 5.22 -.25 2.1 4.98 -.25 2.1
3 4 20 -.25 -2.1102 4.98 -.25 2.1 4.465 -.25 2.1
3 4 20 -.25 -2.1102 4.465 -.25 2.1 4.225 -.25 2.1
3 4 20 -.25 -2.1102 4.225 -.25 2.1 2.405 -.25 2.1
3 4 20 -.25 -2.1102 2.405 -.25 2.1 2.165 -.25 2.1
3 4 20 -.25 -2.1102 2.165 -.25 2.1 1.65 -.25 2.1
3 4 20 -.25 -2.1102 1.65 -.25 2.1 1.41 -.25 2.1
3 4 20 -.25 -2.1102 1.41 -.25 2.1 .13 -.25 2.1
3 4 20 -.25 -2.1102 .13 -.25 2.1 -.11 -.25 2.1
3 4 20 -.25 -2.1102 -.11 -.25 2.1 -.81 -.25 2.1
3 4 20 -.25 -2.1102 -.81 -.25 2.1 -1.05 -.25 2.1
3 4 20 -.25 -2.1102 -1.05 -.25 2.1 -2.33 -.25 2.1
3 4 20 -.25 -2.1102 -2.33 -.25 2.1 -2.57 -.25 2.1
3 4 20 -.25 -2.1102 -2.57 -.25 2.1 -3.07 -.25 2.1
3 4 20 -.25 -2.1102 -3.07 -.25 2.1 -4.82 -.25 2.1
3 4 20 -.25 -2.1102 -4.82 -.25 2.1 -6.83 -.25 2.1
4 4 -24.0345 -.25 2.1848 -21.9832 -.25 2.0509 -7.07 -.25 2.1 -7.07 -.25 4.1
4 4 -21.9832 -.25 2.0509 20 -.25 -2.1102 -6.83 -.25 2.1 -7.07 -.25 2.1
0 // White faces
4 15 -35.7254 -.25 -1.8219 -36.1109 -.25 .1107 -38 -.25 -.7 -38 -.25 -2.8
4 15 -33.3901 -.25 -.9991 -34.1716 -.25 .7926 -36.1109 -.25 .1107 -35.7254 -.25 -1.8219
4 15 -31.0048 -.25 -.3352 -32.1908 -.25 1.3428 -34.1716 -.25 .7926 -33.3901 -.25 -.9991
4 15 -28.5802 -.25 .1667 -30.1776 -.25 1.7586 -32.1908 -.25 1.3428 -31.0048 -.25 -.3352
4 15 -26.0902 -.25 2.1806 -23.6573 -.25 .6764 -21.1813 -.25 .6818 -24.0345 -.25 2.1848
4 15 -23.6573 -.25 .6764 -26.0902 -.25 2.1806 -28.141 -.25 2.0383 -26.1273 -.25 .5044
4 15 -26.1273 -.25 .5044 -28.141 -.25 2.0383 -30.1776 -.25 1.7586 -28.5802 -.25 .1667
4 15 -18.7106 -.25 .5206 -21.9832 -.25 2.0509 -24.0345 -.25 2.1848 -21.1813 -.25 .6818
4 15 19.8817 -.25 -3.3043 20 -.25 -2.1102 -21.9832 -.25 2.0509 -18.7106 -.25 .5206
4 15 22.1404 -.25 -3.5141 22.244 -.25 -2.3186 20 -.25 -2.1102 19.8817 -.25 -3.3043
4 15 24.4016 -.25 -3.696 24.4904 -.25 -2.4993 22.244 -.25 -2.3186 22.1404 -.25 -3.5141
4 15 26.6648 -.25 -3.85 26.7388 -.25 -2.6522 24.4904 -.25 -2.4993 24.4016 -.25 -3.696
4 15 28.9298 -.25 -3.9759 28.989 -.25 -2.7774 26.7388 -.25 -2.6522 26.6648 -.25 -3.85
4 15 28.989 -.25 -2.7774 28.9298 -.25 -3.9759 31.1961 -.25 -4.074 31.2406 -.25 -2.8748
4 15 33.4635 -.25 -4.144 33.4931 -.25 -2.9443 31.2406 -.25 -2.8748 31.1961 -.25 -4.074
4 15 35.7316 -.25 -4.186 35.7464 -.25 -2.9861 33.4931 -.25 -2.9443 33.4635 -.25 -4.144
4 15 38 -.25 -4.2 38 -.25 -3 35.7464 -.25 -2.9861 35.7316 -.25 -4.186