0 Brick  1 x  1 Round with Three 1.65 L Slanted Bars
0 Name: 6331.dat
0 Author: Gerald Lasser [GeraldLasser]
0 !LDRAW_ORG Unofficial_Part
0 !LICENSE Licensed under CC BY 4.0 : see CAreadme.txt

0 BFC CERTIFY CCW

0 !CATEGORY Brick

0 !HISTORY 2025-01-01 {LEGO Instructions App} Original part shape
0 !HISTORY 2025-01-01 [GeraldLasser] File preparation for LDraw Parts Tracker

1 16 0 19 0 1 0 0 0 -1.25 0 0 0 1 stud4a.dat
1 16 0 19 0 8 0 0 0 1 0 0 0 8 4-4edge.dat
0 BFC INVERTNEXT
1 16 0 3 0 6 0 0 0 16 0 0 0 6 4-4cyli.dat
1 16 0 3 0 1 0 0 0 16 0 0 0 1 axl3hol6.dat
1 16 0 19 0 1 0 0 0 1 0 0 0 1 axl3hol3.dat
1 16 0 3 0 6 0 0 0 1 0 0 0 6 4-4edge.dat
1 16 0 3 0 2 0 0 0 -1 0 0 0 2 4-4ring2.dat
1 16 0 3 0 4 0 0 0 1 0 0 0 4 4-4edge.dat
0 BFC INVERTNEXT
1 16 0 0 0 4 0 0 0 3 0 0 0 4 4-4cyli.dat
1 16 0 0 0 1 0 0 0 1 0 0 0 1 stud2a.dat
1 16 0 0 0 6 0 0 0 1 0 0 0 6 4-4ndis.dat
1 16 0 0 0 6 0 0 0 1 0 0 0 6 4-4edge.dat

1 16 0 24 0 1 0 0 0 1 0 0 0 1 s\6331s01.dat
1 16 0 24 0 -.5 0 -.86603 0 1 0 .86603 0 -.5 s\6331s01.dat
1 16 0 24 0 -.5 0 .86603 0 1 0 -.86603 0 -.5 s\6331s01.dat

4 16 0 0 -6 -6 0 -6 -4.4231 0 -8.9689 -2.153 0 -8.808
3 16 0 0 -6 -2.153 0 -8.808 2.153 0 -8.808
4 16 4.4229 0 -8.9687 6 0 -6 0 0 -6 2.153 0 -8.808
3 16 6 0 -6 4.4229 0 -8.9687 9.9789 0 .654
4 16 8.7045 0 2.5394 6 0 0 6 0 -6 9.9789 0 .654
4 16 6.5515 0 6.2686 6 0 6 6 0 0 8.7045 0 2.5394
4 16 0 0 6 6 0 6 6.5515 0 6.2686 5.5557 0 8.3147
4 16 -6 0 6 0 0 6 5.5557 0 8.3147 -5.5558 0 8.315
3 16 -6 0 6 -5.5558 0 8.315 -6.5515 0 6.2686
4 16 -6 0 0 -6 0 6 -6.5515 0 6.2686 -8.7045 0 2.5394
4 16 -8.7045 0 2.5394 -9.9786 0 .654 -6 0 -6 -6 0 0
3 16 -6 0 -6 -9.9786 0 .654 -4.4231 0 -8.9689

3 16 5.5557 19 8.3147 0 19 8 -5.5558 19 8.315
3 16 0 19 8 5.5557 19 8.3147 5.6568 19 5.6568
4 16 5.5557 19 8.3147 9.9788 19 .654 8 19 0 5.6568 19 5.6568
4 16 4.4229 19 -8.9687 5.6568 19 -5.6568 8 19 0 9.9788 19 .654
3 16 5.6568 19 -5.6568 4.4229 19 -8.9687 0 19 -8
3 16 0 19 -8 4.4229 19 -8.9687 -4.4231 19 -8.9689
3 16 0 19 -8 -4.4231 19 -8.9689 -5.6568 19 -5.6568
4 16 -4.4231 19 -8.9689 -9.9786 19 .654 -8 19 0 -5.6568 19 -5.6568
4 16 -8 19 0 -9.9786 19 .654 -5.5558 19 8.315 -5.6568 19 5.6568
3 16 -5.6568 19 5.6568 -5.5558 19 8.315 0 19 8
