0 Sticker  5.8 x  5.8 with White Lights Triple Columns Left and Right, Center Panels and Control Panel Type 2
0 Name: 6347355d.dat
0 Author: Evert-Jan Boer [ejboer]
0 !LDRAW_ORG Unofficial_Part
0 !LICENSE Licensed under CC BY 4.0 : see CAreadme.txt

0 BFC CERTIFY CCW

0 !CATEGORY Sticker
0 !KEYWORDS AT-AT, Bricklink 75313stk01, Brickowl 493992, Rebrickable 78792
0 !KEYWORDS Set 75313, Star Wars

1 16 0 0 0 1 0 0 0 1 0 0 0 1 s\stickerback058x058.dat
1 16 -36.25 0 0 1 0 0 0 1 0 0 0 1 s\6347355es01.dat
1 16 36.25 0 0 1 0 0 0 1 0 0 0 1 s\6347355es01.dat

1 16 0 -.25 0 1 0 0 0 1 0 0 0 1 s\6347355cs01.dat
1 16 0 -.25 0 -1 0 0 0 1 0 0 0 1 s\6347355cs01.dat
1 16 0 -.25 0 1 0 0 0 1 0 0 0 -1 s\6347355cs01.dat
1 16 0 -.25 0 -1 0 0 0 1 0 0 0 -1 s\6347355cs01.dat

1 0 -56.5 -.25 56.5 0 0 -1.5 0 1 0 1.5 0 0 1-4chrd.dat
1 0 -56.5 -.25 -56.5 -1.5 0 0 0 1 0 0 0 -1.5 1-4chrd.dat
1 0 56.5 -.25 56.5 0 0 1.5 0 1 0 1.5 0 0 1-4chrd.dat
1 0 56.5 -.25 -56.5 1.5 0 0 0 1 0 0 0 -1.5 1-4chrd.dat

3 0 -17 -.25 58 -24.75 -.25 51 -22 -.25 51
3 0 -17 -.25 58 -27.5 -.25 51 -24.75 -.25 51
4 0 -56.5 -.25 58 -58 -.25 56.5 -50.5 -.25 51 -47.75 -.25 51
4 0 -50.5 -.25 -50.25 -58 -.25 -56.5 -56.5 -.25 -58 -47.75 -.25 -50.25
3 0 -47.75 -.25 -50.25 -56.5 -.25 -58 -45 -.25 -50.25
3 0 -39 -.25 -50.25 -45 -.25 -50.25 -56.5 -.25 -58
3 0 -39 -.25 -50.25 -56.5 -.25 -58 -36.25 -.25 -50.25
4 0 -33.5 -.25 -50.25 -36.25 -.25 -50.25 -56.5 -.25 -58 -17 -.25 -58
3 0 -27.5 -.25 -50.25 -33.5 -.25 -50.25 -17 -.25 -58
3 0 -27.5 -.25 -50.25 -17 -.25 -58 -24.75 -.25 -50.25
3 0 -24.75 -.25 -50.25 -17 -.25 -58 -22 -.25 -50.25
3 0 -56.5 -.25 58 -47.75 -.25 51 -45 -.25 51
3 0 -56.5 -.25 58 -45 -.25 51 -39 -.25 51
3 0 -56.5 -.25 58 -39 -.25 51 -36.25 -.25 51
4 0 -56.5 -.25 58 -36.25 -.25 51 -33.5 -.25 51 -17 -.25 58
3 0 -17 -.25 58 -33.5 -.25 51 -27.5 -.25 51
3 0 -58 -.25 56.5 -50.5 -.25 48.25 -50.5 -.25 51
3 0 -58 -.25 56.5 -50.5 -.25 42 -50.5 -.25 48.25
3 0 -58 -.25 56.5 -50.5 -.25 39.25 -50.5 -.25 42
3 0 -58 -.25 56.5 -50.5 -.25 35.5 -50.5 -.25 39.25
4 0 -50.5 -.25 32.75 -50.5 -.25 35.5 -58 -.25 56.5 -58 -.25 0
3 0 -50.5 -.25 32.75 -58 -.25 0 -50.5 -.25 13
3 0 -50.5 -.25 13 -58 -.25 0 -50.5 -.25 10.25
3 0 -50.5 -.25 10.25 -58 -.25 0 -50.5 -.25 6
3 0 -50.5 -.25 6 -58 -.25 0 -50.5 -.25 3.25
3 0 -50.5 -.25 3.25 -58 -.25 0 -50.5 -.25 -2.75
3 0 -58 -.25 0 -50.5 -.25 -5.5 -50.5 -.25 -2.75
3 0 -58 -.25 0 -50.5 -.25 -9.75 -50.5 -.25 -5.5
3 0 -58 -.25 0 -50.5 -.25 -12.5 -50.5 -.25 -9.75
4 0 -50.5 -.25 -32 -50.5 -.25 -12.5 -58 -.25 0 -58 -.25 -56.5
3 0 -50.5 -.25 -47.5 -58 -.25 -56.5 -50.5 -.25 -50.25
3 0 -50.5 -.25 -41.5 -58 -.25 -56.5 -50.5 -.25 -47.5
3 0 -50.5 -.25 -38.75 -58 -.25 -56.5 -50.5 -.25 -41.5
3 0 -50.5 -.25 -34.75 -58 -.25 -56.5 -50.5 -.25 -38.75
3 0 -50.5 -.25 -32 -58 -.25 -56.5 -50.5 -.25 -34.75
3 0 -17 -.25 58 -22 -.25 51 -22 -.25 48.25
3 0 -17 -.25 58 -22 -.25 48.25 -22 -.25 41.9
3 0 -17 -.25 58 -22 -.25 41.9 -22 -.25 39.15
4 0 -17 -.25 50 -17 -.25 58 -22 -.25 39.15 -22 -.25 35.5
3 0 -22 -.25 13 -22 -.25 10.25 -17 -.25 0
3 0 -22 -.25 10.25 -22 -.25 6 -17 -.25 0
3 0 -22 -.25 6 -22 -.25 3.25 -17 -.25 0
3 0 -22 -.25 3.25 -22 -.25 -2.75 -17 -.25 0
3 0 -17 -.25 0 -22 -.25 -2.75 -22 -.25 -5.5
3 0 -17 -.25 0 -22 -.25 -5.5 -22 -.25 -9.75
4 0 -17 -.25 -17.4 -17 -.25 0 -22 -.25 -9.75 -22 -.25 -12.5
4 0 -17 -.25 -50 -22 -.25 -32 -22 -.25 -34.75 -17 -.25 -58
3 0 -22 -.25 -34.75 -22 -.25 -38.75 -17 -.25 -58
3 0 -22 -.25 -38.75 -22 -.25 -41.5 -17 -.25 -58
3 0 -22 -.25 -41.5 -22 -.25 -47.5 -17 -.25 -58
3 0 -22 -.25 -47.5 -22 -.25 -50.25 -17 -.25 -58
3 0 24.75 -.25 51 17 -.25 58 22 -.25 51
3 0 27.5 -.25 51 17 -.25 58 24.75 -.25 51
4 0 50.5 -.25 51 58 -.25 56.5 56.5 -.25 58 47.75 -.25 51
4 0 56.5 -.25 -58 58 -.25 -56.5 50.5 -.25 -50.25 47.75 -.25 -50.25
3 0 56.5 -.25 -58 47.75 -.25 -50.25 45 -.25 -50.25
3 0 45 -.25 -50.25 39 -.25 -50.25 56.5 -.25 -58
3 0 56.5 -.25 -58 39 -.25 -50.25 36.25 -.25 -50.25
4 0 56.5 -.25 -58 36.25 -.25 -50.25 33.5 -.25 -50.25 17 -.25 -58
3 0 33.5 -.25 -50.25 27.5 -.25 -50.25 17 -.25 -58
3 0 17 -.25 -58 27.5 -.25 -50.25 24.75 -.25 -50.25
3 0 17 -.25 -58 24.75 -.25 -50.25 22 -.25 -50.25
3 0 47.75 -.25 51 56.5 -.25 58 45 -.25 51
3 0 45 -.25 51 56.5 -.25 58 39 -.25 51
3 0 39 -.25 51 56.5 -.25 58 36.25 -.25 51
4 0 33.5 -.25 51 36.25 -.25 51 56.5 -.25 58 17 -.25 58
3 0 33.5 -.25 51 17 -.25 58 27.5 -.25 51
3 0 50.5 -.25 48.25 58 -.25 56.5 50.5 -.25 51
3 0 50.5 -.25 42 58 -.25 56.5 50.5 -.25 48.25
3 0 50.5 -.25 39.25 58 -.25 56.5 50.5 -.25 42
3 0 50.5 -.25 35.5 58 -.25 56.5 50.5 -.25 39.25
4 0 58 -.25 56.5 50.5 -.25 35.5 50.5 -.25 32.75 58 -.25 0
3 0 58 -.25 0 50.5 -.25 32.75 50.5 -.25 13
3 0 58 -.25 0 50.5 -.25 13 50.5 -.25 10.25
3 0 58 -.25 0 50.5 -.25 10.25 50.5 -.25 6
3 0 58 -.25 0 50.5 -.25 6 50.5 -.25 3.25
3 0 58 -.25 0 50.5 -.25 3.25 50.5 -.25 -2.75
3 0 50.5 -.25 -5.5 58 -.25 0 50.5 -.25 -2.75
3 0 50.5 -.25 -9.75 58 -.25 0 50.5 -.25 -5.5
3 0 50.5 -.25 -12.5 58 -.25 0 50.5 -.25 -9.75
4 0 58 -.25 0 50.5 -.25 -12.5 50.5 -.25 -32 58 -.25 -56.5
3 0 58 -.25 -56.5 50.5 -.25 -47.5 50.5 -.25 -50.25
3 0 58 -.25 -56.5 50.5 -.25 -41.5 50.5 -.25 -47.5
3 0 58 -.25 -56.5 50.5 -.25 -38.75 50.5 -.25 -41.5
3 0 58 -.25 -56.5 50.5 -.25 -34.75 50.5 -.25 -38.75
3 0 58 -.25 -56.5 50.5 -.25 -32 50.5 -.25 -34.75
3 0 22 -.25 51 17 -.25 58 22 -.25 48.25
3 0 22 -.25 48.25 17 -.25 58 22 -.25 41.9
3 0 22 -.25 41.9 17 -.25 58 22 -.25 39.15
4 0 17 -.25 50 22 -.25 35.5 22 -.25 39.15 17 -.25 58
3 0 22 -.25 10.25 22 -.25 13 17 -.25 0
3 0 22 -.25 6 22 -.25 10.25 17 -.25 0
3 0 22 -.25 3.25 22 -.25 6 17 -.25 0
3 0 22 -.25 -2.75 22 -.25 3.25 17 -.25 0
3 0 22 -.25 -2.75 17 -.25 0 22 -.25 -5.5
3 0 22 -.25 -5.5 17 -.25 0 22 -.25 -9.75
3 0 22 -.25 -38.75 22 -.25 -34.75 17 -.25 -58
3 0 22 -.25 -41.5 22 -.25 -38.75 17 -.25 -58
3 0 22 -.25 -47.5 22 -.25 -41.5 17 -.25 -58
3 0 22 -.25 -50.25 22 -.25 -47.5 17 -.25 -58

3 0 -17 -.25 50 -22 -.25 35.5 -17 -.25 40
3 0 -17 -.25 40 -22 -.25 35.5 -17 -.25 30
4 0 -17 -.25 20 -17 -.25 30 -22 -.25 35.5 -22 -.25 32.75
3 0 -17 -.25 20 -22 -.25 32.75 -17 -.25 17.35
4 0 -22 -.25 13 -17 -.25 0 -17 -.25 17.35 -22 -.25 32.75
4 0 22 -.25 13 22 -.25 32.75 17 -.25 17.35 17 -.25 0
4 0 22 -.25 35.5 17 -.25 20 17 -.25 17.35 22 -.25 32.75
3 0 17 -.25 20 22 -.25 35.5 17 -.25 30
3 0 17 -.25 40 17 -.25 30 22 -.25 35.5
3 0 17 -.25 50 17 -.25 40 22 -.25 35.5
3 0 -17 -.25 -17.4 -22 -.25 -12.5 -17 -.25 -20
4 0 -22 -.25 -12.5 -22 -.25 -32 -17 -.25 -30 -17 -.25 -20
3 0 -17 -.25 -30 -22 -.25 -32 -17 -.25 -40
3 0 -17 -.25 -40 -22 -.25 -32 -17 -.25 -50
4 0 22 -.25 -34.75 22 -.25 -32 17 -.25 -50 17 -.25 -58
3 0 17 -.25 -50 22 -.25 -32 17 -.25 -40
3 0 22 -.25 -32 17 -.25 -30 17 -.25 -40
4 0 17 -.25 -30 22 -.25 -32 22 -.25 -12.5 17 -.25 -20
3 0 17 -.25 -20 22 -.25 -12.5 17 -.25 -17.4
4 0 22 -.25 -9.75 17 -.25 0 17 -.25 -17.4 22 -.25 -12.5

1 71 -14.7 -.25 13.9 0 0 -1 0 1 0 1 0 0 1-4ndis.dat
1 72 -14.7 -.25 7.95 -.3 0 0 0 1 0 0 0 -.3 1-4chrd.dat
1 0 -14.7 -.25 13.9 0 0 -1 0 1 0 1 0 0 1-4chrd.dat
1 0 -14.7 -.25 7.95 -.1 0 0 0 1 0 0 0 -.1 1-4ring3.dat
1 0 -14.7 -.25 7.95 -.1 0 0 0 1 0 0 0 -.1 1-4ring4.dat
1 0 14.7 -.25 13.9 1 0 0 0 1 0 0 0 1 1-4chrd.dat
1 71 14.7 -.25 13.9 1 0 0 0 1 0 0 0 1 1-4ndis.dat
1 15 -13.15 -.25 12.35 0 0 -.5 0 1 0 .5 0 0 2-4disc.dat
1 15 -13.15 -.25 10.7 0 0 -.5 0 1 0 .5 0 0 2-4disc.dat
1 4 -13.1 -.25 8.85 0 0 -.75 0 1 0 .75 0 0 2-4disc.dat
1 72 -13.15 -.25 10.7 0 0 -.5 0 1 0 .5 0 0 2-4ndis.dat
1 72 -13.15 -.25 12.35 0 0 -.5 0 1 0 .5 0 0 2-4ndis.dat
1 72 -13.1 -.25 8.85 0 0 -1 0 1 0 1 0 0 2-4ndis.dat
1 320 -13.1 -.25 8.85 0 0 -.25 0 1 0 .25 0 0 2-4ring3.dat
1 15 -9.55 -.25 12.35 0 0 .5 0 1 0 -.5 0 0 2-4disc.dat
1 15 -9.55 -.25 10.7 0 0 .5 0 1 0 -.5 0 0 2-4disc.dat
1 4 -9.35 -.25 8.85 0 0 .75 0 1 0 -.75 0 0 2-4disc.dat
1 320 -9.35 -.25 8.85 0 0 .25 0 1 0 -.25 0 0 2-4ring3.dat
1 72 -9.35 -.25 8.85 0 0 1 0 1 0 -1 0 0 2-4ndis.dat
1 72 -9.55 -.25 12.35 0 0 .5 0 1 0 -.5 0 0 2-4ndis.dat
1 72 -9.55 -.25 10.7 0 0 .5 0 1 0 -.5 0 0 2-4ndis.dat
1 72 -6.5 -.25 12.6 0 0 -.7 0 1 0 .7 0 0 1-4ndis.dat
1 72 -6.5 -.25 12.6 0 0 -.35 0 1 0 .35 0 0 1-4chrd.dat
1 0 -6.5 -.25 12.6 0 0 -.35 0 1 0 .35 0 0 1-4ring1.dat
1 72 10.35 -.25 12.6 .7 0 0 0 1 0 0 0 .7 1-4ndis.dat
1 0 10.35 -.25 12.6 .35 0 0 0 1 0 0 0 .35 1-4ring1.dat
1 72 10.35 -.25 12.6 .35 0 0 0 1 0 0 0 .35 1-4chrd.dat
1 71 13.25 -.25 .95 0 0 .7 0 1 0 -.7 0 0 1-4ndis.dat
1 0 13.25 -.25 .95 0 0 .7 0 1 0 -.7 0 0 1-4chrd.dat
1 15 -3.55 -.25 -3 .6 0 0 0 1 0 0 0 .6 4-4disc.dat
1 0 -3.55 -.25 -3 .6 0 0 0 1 0 0 0 .6 4-4ndis.dat
1 71 -14.5 -.25 -13.85 -1 0 0 0 1 0 0 0 -1 1-4ndis.dat
1 0 -14.5 -.25 -13.85 -.5 0 0 0 1 0 0 0 -.5 1-4ring1.dat
1 0 -14.5 -.25 -13.85 -.1 0 0 0 1 0 0 0 -.1 1-4ring4.dat
1 0 -14.5 -.25 -13.85 -.1 0 0 0 1 0 0 0 -.1 1-4ring3.dat
1 71 -14.5 -.25 -13.85 -.3 0 0 0 1 0 0 0 -.3 1-4chrd.dat
1 71 1.6 -.25 -11.95 -.7 0 0 0 1 0 0 0 -.7 1-4ndis.dat
1 0 1.6 -.25 -11.95 -.7 0 0 0 1 0 0 0 -.7 1-4chrd.dat
1 71 14.7 -.25 -13.85 0 0 1 0 1 0 -1 0 0 1-4ndis.dat
1 0 14.7 -.25 -13.85 0 0 .5 0 1 0 -.5 0 0 1-4ring1.dat
1 0 14.7 -.25 -13.85 0 0 .1 0 1 0 -.1 0 0 1-4ring4.dat
1 0 14.7 -.25 -13.85 0 0 .1 0 1 0 -.1 0 0 1-4ring3.dat
1 71 14.7 -.25 -13.85 0 0 .3 0 1 0 -.3 0 0 1-4chrd.dat
1 71 13.25 -.25 -12 0 0 .7 0 1 0 -.7 0 0 1-4ndis.dat
1 0 13.25 -.25 -12 0 0 .7 0 1 0 -.7 0 0 1-4chrd.dat
1 72 -6.5 -.25 9.1 -.7 0 0 0 1 0 0 0 -.7 1-4ndis.dat
1 0 -6.5 -.25 9.1 -.35 0 0 0 1 0 0 0 -.35 1-4ring1.dat
1 72 -6.5 -.25 9.1 -.35 0 0 0 1 0 0 0 -.35 1-4chrd.dat
1 72 10.35 -.25 9.1 0 0 .7 0 1 0 -.7 0 0 1-4ndis.dat
1 0 10.35 -.25 9.1 0 0 .35 0 1 0 -.35 0 0 1-4ring1.dat
1 72 10.35 -.25 9.1 0 0 .35 0 1 0 -.35 0 0 1-4chrd.dat
1 72 12.95 -.25 12.55 1 0 0 0 1 0 0 0 1 2-4ndis.dat
1 72 12.95 -.25 10.3 -1 0 0 0 1 0 0 0 -1 2-4ndis.dat
1 320 12.95 -.25 12.55 .25 0 0 0 1 0 0 0 .25 2-4ring3.dat
1 320 12.95 -.25 10.3 -.25 0 0 0 1 0 0 0 -.25 2-4ring3.dat
1 4 12.95 -.25 12.55 .75 0 0 0 1 0 0 0 .75 2-4disc.dat
1 4 12.95 -.25 10.3 -.75 0 0 0 1 0 0 0 -.75 2-4disc.dat
1 72 12.95 -.25 8.85 .45 0 0 0 1 0 0 0 .45 4-4ndis.dat
1 0 12.95 -.25 8.85 .45 0 0 0 1 0 0 0 .45 4-4disc.dat
1 71 -14.7 -.25 7.95 -1 0 0 0 1 0 0 0 -1 1-4ndis.dat
1 0 -14.7 -.25 7.95 -.5 0 0 0 1 0 0 0 -.5 1-4ring1.dat
1 71 14.7 -.25 7.95 0 0 1 0 1 0 -1 0 0 1-4ndis.dat
1 0 14.7 -.25 7.95 0 0 .5 0 1 0 -.5 0 0 1-4ring1.dat
1 0 14.7 -.25 7.95 0 0 .1 0 1 0 -.1 0 0 1-4ring4.dat
1 0 14.7 -.25 7.95 0 0 .1 0 1 0 -.1 0 0 1-4ring3.dat
1 72 14.7 -.25 7.95 0 0 .3 0 1 0 -.3 0 0 1-4chrd.dat
1 15 -3.55 -.25 -4.8 .6 0 0 0 1 0 0 0 .6 4-4disc.dat
1 15 -3.55 -.25 -6.75 .6 0 0 0 1 0 0 0 .6 4-4disc.dat
1 0 -3.55 -.25 -4.8 .6 0 0 0 1 0 0 0 .6 4-4ndis.dat
1 0 -3.55 -.25 -6.75 .6 0 0 0 1 0 0 0 .6 4-4ndis.dat
1 15 -9.55 -.25 .85 .6 0 0 0 1 0 0 0 .6 4-4disc.dat
1 15 -7.65 -.25 .85 .6 0 0 0 1 0 0 0 .6 4-4disc.dat
1 0 -9.55 -.25 .85 .6 0 0 0 1 0 0 0 .6 4-4ndis.dat
1 0 -7.65 -.25 .85 .6 0 0 0 1 0 0 0 .6 4-4ndis.dat
1 71 -14.7 -.25 4.85 0 0 -1 0 1 0 1 0 0 1-4ndis.dat
1 0 -14.7 -.25 4.85 0 0 -1 0 1 0 1 0 0 1-4chrd.dat
1 71 14.7 -.25 4.85 1 0 0 0 1 0 0 0 1 1-4ndis.dat
1 0 14.7 -.25 4.85 1 0 0 0 1 0 0 0 1 1-4chrd.dat
1 71 13.25 -.25 2.35 .7 0 0 0 1 0 0 0 .7 1-4ndis.dat
1 0 13.25 -.25 2.35 .7 0 0 0 1 0 0 0 .7 1-4chrd.dat
1 71 11.35 -.25 2.35 0 0 -.7 0 1 0 .7 0 0 1-4ndis.dat
1 0 11.35 -.25 2.35 0 0 -.7 0 1 0 .7 0 0 1-4chrd.dat
1 71 11.35 -.25 .95 -.7 0 0 0 1 0 0 0 -.7 1-4ndis.dat
1 0 11.35 -.25 .95 -.7 0 0 0 1 0 0 0 -.7 1-4chrd.dat
1 71 1.65 -.25 2.35 0 0 -.7 0 1 0 .7 0 0 1-4ndis.dat
1 71 1.65 -.25 .95 -.7 0 0 0 1 0 0 0 -.7 1-4ndis.dat
1 71 8.95 -.25 .95 0 0 .7 0 1 0 -.7 0 0 1-4ndis.dat
1 71 8.95 -.25 2.35 .7 0 0 0 1 0 0 0 .7 1-4ndis.dat
1 0 1.65 -.25 2.35 0 0 -.7 0 1 0 .7 0 0 1-4chrd.dat
1 0 1.65 -.25 .95 -.7 0 0 0 1 0 0 0 -.7 1-4chrd.dat
1 0 8.95 -.25 .95 0 0 .7 0 1 0 -.7 0 0 1-4chrd.dat
1 0 8.95 -.25 2.35 .7 0 0 0 1 0 0 0 .7 1-4chrd.dat
1 71 1.65 -.25 -1.2 0 0 -.7 0 1 0 .7 0 0 1-4ndis.dat
1 0 1.65 -.25 -1.2 0 0 -.7 0 1 0 .7 0 0 1-4chrd.dat
1 71 13.25 -.25 -1.2 .7 0 0 0 1 0 0 0 .7 1-4ndis.dat
1 0 13.25 -.25 -1.2 .7 0 0 0 1 0 0 0 .7 1-4chrd.dat
1 0 -11.6 -.25 -9.15 0 0 -.7 0 1 0 .7 0 0 1-4ndis.dat
1 4 -11.6 -.25 -9.15 0 0 -.7 0 1 0 .7 0 0 1-4chrd.dat
1 4 -9.9 -.25 -9.15 .7 0 0 0 1 0 0 0 .7 1-4chrd.dat
1 0 -9.9 -.25 -5.45 .7 0 0 0 1 0 0 0 .7 1-4ndis.dat
1 4 -9.9 -.25 -10.75 0 0 .7 0 1 0 -.7 0 0 1-4chrd.dat
1 4 -11.6 -.25 -10.75 -.7 0 0 0 1 0 0 0 -.7 1-4chrd.dat
1 0 -9.9 -.25 -10.75 0 0 .7 0 1 0 -.7 0 0 1-4ndis.dat
1 0 -11.6 -.25 -10.75 -.7 0 0 0 1 0 0 0 -.7 1-4ndis.dat
1 71 -12.6 -.25 2.55 0 0 -.7 0 1 0 .7 0 0 1-4ndis.dat
1 71 -.9 -.25 2.55 .7 0 0 0 1 0 0 0 .7 1-4ndis.dat
1 0 -12.6 -.25 2.55 0 0 -.7 0 1 0 .7 0 0 1-4chrd.dat
1 0 -.9 -.25 2.55 .7 0 0 0 1 0 0 0 .7 1-4chrd.dat
1 71 -.9 -.25 -11.8 0 0 .7 0 1 0 -.7 0 0 1-4ndis.dat
1 71 -12.6 -.25 -11.8 -.7 0 0 0 1 0 0 0 -.7 1-4ndis.dat
1 0 -12.6 -.25 -11.8 -.7 0 0 0 1 0 0 0 -.7 1-4chrd.dat
1 0 -.9 -.25 -11.8 0 0 .7 0 1 0 -.7 0 0 1-4chrd.dat
1 4 -11.6 -.25 -7.05 -.7 0 0 0 1 0 0 0 -.7 1-4chrd.dat
1 15 -11.6 -.25 -3.4 -.7 0 0 0 1 0 0 0 -.7 1-4chrd.dat
1 4 -9.9 -.25 -7.05 0 0 .7 0 1 0 -.7 0 0 1-4chrd.dat
1 15 -9.9 -.25 -3.4 0 0 .7 0 1 0 -.7 0 0 1-4chrd.dat
1 4 -11.6 -.25 -5.45 0 0 -.7 0 1 0 .7 0 0 1-4chrd.dat
1 15 -11.6 -.25 -1.8 0 0 -.7 0 1 0 .7 0 0 1-4chrd.dat
1 4 -9.9 -.25 -5.45 .7 0 0 0 1 0 0 0 .7 1-4chrd.dat
1 15 -9.9 -.25 -1.8 .7 0 0 0 1 0 0 0 .7 1-4chrd.dat
1 0 -11.6 -.25 -5.45 0 0 -.7 0 1 0 .7 0 0 1-4ndis.dat
1 0 -11.6 -.25 -1.8 0 0 -.7 0 1 0 .7 0 0 1-4ndis.dat
1 0 -9.9 -.25 -1.8 .7 0 0 0 1 0 0 0 .7 1-4ndis.dat
1 0 -9.9 -.25 -3.4 0 0 .7 0 1 0 -.7 0 0 1-4ndis.dat
1 0 -11.6 -.25 -3.4 -.7 0 0 0 1 0 0 0 -.7 1-4ndis.dat
1 0 -11.6 -.25 -7.05 -.7 0 0 0 1 0 0 0 -.7 1-4ndis.dat
1 0 -9.9 -.25 -7.05 0 0 .7 0 1 0 -.7 0 0 1-4ndis.dat
1 0 -9.9 -.25 -9.15 .7 0 0 0 1 0 0 0 .7 1-4ndis.dat
1 0 -6.6 -.25 -2.75 .5 0 0 0 1 0 0 0 .5 1-4ndis.dat
1 0 -6.6 -.25 -2.9 0 0 .5 0 1 0 -.5 0 0 1-4ndis.dat
1 0 -7.45 -.25 -2.9 -.5 0 0 0 1 0 0 0 -.5 1-4ndis.dat
1 0 -7.45 -.25 -2.75 0 0 -.5 0 1 0 .5 0 0 1-4ndis.dat
1 15 -7.45 -.25 -2.75 0 0 -.5 0 1 0 .5 0 0 1-4chrd.dat
1 15 -7.45 -.25 -2.9 -.5 0 0 0 1 0 0 0 -.5 1-4chrd.dat
1 15 -6.6 -.25 -2.9 0 0 .5 0 1 0 -.5 0 0 1-4chrd.dat
1 15 -6.6 -.25 -2.75 .5 0 0 0 1 0 0 0 .5 1-4chrd.dat
1 1 -6 -.25 .9 0 0 -.4 0 1 0 .4 0 0 1-4chrd.dat
1 1 -6 -.25 .8 -.4 0 0 0 1 0 0 0 -.4 1-4chrd.dat
1 1 -5.25 -.25 .8 0 0 .4 0 1 0 -.4 0 0 1-4chrd.dat
1 1 -5.25 -.25 .9 .4 0 0 0 1 0 0 0 .4 1-4chrd.dat
1 15 -7.45 -.25 -4.5 0 0 -.5 0 1 0 .5 0 0 1-4chrd.dat
1 15 -7.45 -.25 -6.15 0 0 -.5 0 1 0 .5 0 0 1-4chrd.dat
1 15 -7.45 -.25 -7.8 0 0 -.5 0 1 0 .5 0 0 1-4chrd.dat
1 15 -7.45 -.25 -4.65 -.5 0 0 0 1 0 0 0 -.5 1-4chrd.dat
1 15 -7.45 -.25 -6.3 -.5 0 0 0 1 0 0 0 -.5 1-4chrd.dat
1 15 -7.45 -.25 -7.95 -.5 0 0 0 1 0 0 0 -.5 1-4chrd.dat
1 15 -6.6 -.25 -4.5 .5 0 0 0 1 0 0 0 .5 1-4chrd.dat
1 15 -6.6 -.25 -7.8 .5 0 0 0 1 0 0 0 .5 1-4chrd.dat
1 15 -6.6 -.25 -4.65 0 0 .5 0 1 0 -.5 0 0 1-4chrd.dat
1 15 -6.6 -.25 -7.95 0 0 .5 0 1 0 -.5 0 0 1-4chrd.dat
1 15 -6.6 -.25 -6.15 .5 0 0 0 1 0 0 0 .5 1-4chrd.dat
1 15 -6.6 -.25 -6.3 0 0 .5 0 1 0 -.5 0 0 1-4chrd.dat
1 0 -6.6 -.25 -4.65 0 0 .5 0 1 0 -.5 0 0 1-4ndis.dat
1 0 -6.6 -.25 -6.3 0 0 .5 0 1 0 -.5 0 0 1-4ndis.dat
1 0 -6.6 -.25 -7.95 0 0 .5 0 1 0 -.5 0 0 1-4ndis.dat
1 0 -6.6 -.25 -4.5 .5 0 0 0 1 0 0 0 .5 1-4ndis.dat
1 0 -6.6 -.25 -6.15 .5 0 0 0 1 0 0 0 .5 1-4ndis.dat
1 0 -6.6 -.25 -7.8 .5 0 0 0 1 0 0 0 .5 1-4ndis.dat
1 0 -7.45 -.25 -4.5 0 0 -.5 0 1 0 .5 0 0 1-4ndis.dat
1 0 -7.45 -.25 -6.15 0 0 -.5 0 1 0 .5 0 0 1-4ndis.dat
1 0 -7.45 -.25 -7.8 0 0 -.5 0 1 0 .5 0 0 1-4ndis.dat
1 0 -7.45 -.25 -4.65 -.5 0 0 0 1 0 0 0 -.5 1-4ndis.dat
1 0 -7.45 -.25 -6.3 -.5 0 0 0 1 0 0 0 -.5 1-4ndis.dat
1 0 -7.45 -.25 -7.95 -.5 0 0 0 1 0 0 0 -.5 1-4ndis.dat
1 0 -5.25 -.25 .9 .4 0 0 0 1 0 0 0 .4 1-4ndis.dat
1 0 -5.25 -.25 .8 0 0 .4 0 1 0 -.4 0 0 1-4ndis.dat
1 0 -6 -.25 .8 -.4 0 0 0 1 0 0 0 -.4 1-4ndis.dat
1 0 -6 -.25 .9 0 0 -.4 0 1 0 .4 0 0 1-4ndis.dat
4 71 -15.7 -.25 14.9 -14.7 -.25 14.9 -14.7 -.25 17.4 -15.7 -.25 17.4
3 71 -15.7 -.25 17.4 -17 -.25 17.4 -15.7 -.25 14.9
4 71 0 -.25 17.4 -14.7 -.25 17.4 -14.7 -.25 14.9 14.7 -.25 14.9
4 71 14.7 -.25 17.4 0 -.25 17.4 14.7 -.25 14.9 15.7 -.25 14.9
3 71 15.7 -.25 17.4 14.7 -.25 17.4 15.7 -.25 14.9
3 71 17 -.25 17.4 15.7 -.25 17.4 15.7 -.25 14.9
3 71 -17 -.25 17.4 -15.7 -.25 13.9 -15.7 -.25 14.9
3 71 17 -.25 17.4 15.7 -.25 14.9 15.7 -.25 13.9
4 71 -14.7 -.25 -17.4 -14.5 -.25 -14.85 -15.5 -.25 -14.85 -15.7 -.25 -17.4
4 71 -17 -.25 -17.4 -15.7 -.25 -17.4 -15.5 -.25 -14.85 -15.5 -.25 -13.85
4 71 -14.5 -.25 -14.85 -14.7 -.25 -17.4 0 -.25 -17.4 14.7 -.25 -14.85
4 71 -17 -.25 0 -17 -.25 -17.4 -15.5 -.25 -13.85 -15.7 -.25 4.85
4 71 14.7 -.25 -14.85 0 -.25 -17.4 14.7 -.25 -17.4 15.7 -.25 -14.85
3 71 15.7 -.25 -14.85 14.7 -.25 -17.4 15.7 -.25 -17.4
3 71 15.7 -.25 -14.85 15.7 -.25 -17.4 17 -.25 -17.4
4 71 15.7 -.25 -13.85 15.7 -.25 -14.85 17 -.25 -17.4 17 -.25 0
4 15 -9.55 -.25 12.85 -13.15 -.25 12.85 -13.15 -.25 12.35 -9.55 -.25 12.35
4 15 -9.55 -.25 11.85 -9.55 -.25 12.35 -13.15 -.25 12.35 -13.15 -.25 11.85
4 15 -9.55 -.25 11.2 -13.15 -.25 11.2 -13.15 -.25 10.7 -9.55 -.25 10.7
4 15 -9.55 -.25 10.7 -13.15 -.25 10.7 -13.15 -.25 10.2 -9.55 -.25 10.2
4 4 -9.35 -.25 9.6 -13.1 -.25 9.6 -13.1 -.25 8.85 -9.35 -.25 8.85
4 4 -9.35 -.25 8.1 -9.35 -.25 8.85 -13.1 -.25 8.85 -13.1 -.25 8.1
4 320 -9.35 -.25 9.85 -13.1 -.25 9.85 -13.1 -.25 9.6 -9.35 -.25 9.6
4 320 -9.35 -.25 8.1 -13.1 -.25 8.1 -13.1 -.25 7.85 -9.35 -.25 7.85
4 0 -6.85 -.25 12.6 -7.2 -.25 12.6 -7.2 -.25 9.1 -6.85 -.25 9.1
4 0 10.35 -.25 13.3 -6.5 -.25 13.3 -6.5 -.25 12.95 10.35 -.25 12.95
4 0 11.05 -.25 12.6 10.7 -.25 12.6 10.7 -.25 9.1 11.05 -.25 9.1
4 0 10.35 -.25 8.75 -6.5 -.25 8.75 -6.5 -.25 8.4 10.35 -.25 8.4
4 0 .1 -.25 11.9 -5.5 -.25 11.9 -5.5 -.25 9.65 .1 -.25 10.1
4 0 9.55 -.25 9.65 9.55 -.25 11.9 3.95 -.25 11.9 3.95 -.25 10.1
4 0 3.95 -.25 10.1 .1 -.25 10.1 -5.5 -.25 9.65 9.55 -.25 9.65
4 72 -6.5 -.25 12.95 -6.85 -.25 12.6 -5.5 -.25 11.9 .1 -.25 11.9
4 72 3.95 -.25 11.9 .1 -.25 11.9 .1 -.25 10.1 3.95 -.25 10.1
4 72 -6.5 -.25 12.95 .1 -.25 11.9 3.95 -.25 11.9 10.35 -.25 12.95
4 72 10.35 -.25 12.95 3.95 -.25 11.9 9.55 -.25 11.9 10.7 -.25 12.6
4 72 10.7 -.25 12.6 9.55 -.25 11.9 9.55 -.25 9.65 10.7 -.25 9.1
4 72 10.35 -.25 8.75 10.7 -.25 9.1 9.55 -.25 9.65 -5.5 -.25 9.65
4 72 -6.5 -.25 8.75 10.35 -.25 8.75 -5.5 -.25 9.65 -6.85 -.25 9.1
4 72 -6.85 -.25 9.1 -5.5 -.25 9.65 -5.5 -.25 11.9 -6.85 -.25 12.6
4 4 12.95 -.25 12.55 12.2 -.25 12.55 12.2 -.25 10.3 12.95 -.25 10.3
4 4 12.95 -.25 12.55 12.95 -.25 10.3 13.7 -.25 10.3 13.7 -.25 12.55
4 320 12.2 -.25 12.55 11.95 -.25 12.55 11.95 -.25 10.3 12.2 -.25 10.3
4 320 13.95 -.25 12.55 13.7 -.25 12.55 13.7 -.25 10.3 13.95 -.25 10.3
3 0 -15.7 -.25 13.9 -15.7 -.25 7.95 -15.2 -.25 7.95
3 0 -15.7 -.25 13.9 -15.2 -.25 7.95 -15.1 -.25 7.95
4 0 -15.7 -.25 13.9 -15.1 -.25 7.95 -15 -.25 7.95 -15 -.25 14.1
4 0 15 -.25 7.95 15.1 -.25 7.95 15.7 -.25 13.9 15 -.25 14.1
3 0 15.7 -.25 13.9 15.1 -.25 7.95 15.2 -.25 7.95
3 0 15.7 -.25 13.9 15.2 -.25 7.95 15.7 -.25 7.95
3 0 14.7 -.25 14.9 15 -.25 14.1 15.7 -.25 13.9
3 0 -14.7 -.25 14.9 -15.7 -.25 13.9 -15 -.25 14.1
4 0 -14.7 -.25 14.9 -15 -.25 14.1 15 -.25 14.1 14.7 -.25 14.9
4 0 -14.7 -.25 7.45 -14.7 -.25 6.95 14.7 -.25 6.95 14.7 -.25 7.45
3 0 14.7 -.25 7.55 -14.7 -.25 7.45 14.7 -.25 7.45
4 0 -14.7 -.25 7.45 14.7 -.25 7.55 14.7 -.25 7.65 -14.7 -.25 7.55
3 0 14.7 -.25 7.65 -14.7 -.25 7.65 -14.7 -.25 7.55
3 72 -15 -.25 14.1 -13.65 -.25 12.35 -13.65 -.25 12.85
3 72 -15 -.25 14.1 -13.65 -.25 11.85 -13.65 -.25 12.35
3 72 -15 -.25 14.1 -13.65 -.25 11.2 -13.65 -.25 11.85
3 72 -15 -.25 14.1 -13.65 -.25 10.7 -13.65 -.25 11.2
4 72 -13.65 -.25 10.2 -13.65 -.25 10.7 -15 -.25 14.1 -14.1 -.25 9.85
4 72 -13.65 -.25 10.2 -14.1 -.25 9.85 -13.1 -.25 9.85 -13.15 -.25 10.2
4 72 -9.55 -.25 10.2 -13.15 -.25 10.2 -13.1 -.25 9.85 -9.35 -.25 9.85
4 72 -9.05 -.25 10.2 -9.55 -.25 10.2 -9.35 -.25 9.85 -8.35 -.25 9.85
4 72 -13.65 -.25 11.85 -13.65 -.25 11.2 -13.15 -.25 11.2 -13.15 -.25 11.85
4 72 -13.15 -.25 11.85 -13.15 -.25 11.2 -9.55 -.25 11.2 -9.55 -.25 11.85
4 72 -9.05 -.25 11.85 -9.55 -.25 11.85 -9.55 -.25 11.2 -9.05 -.25 11.2
4 72 -14.1 -.25 9.85 -15 -.25 14.1 -15 -.25 7.95 -14.1 -.25 8.85
4 72 -14.1 -.25 8.85 -15 -.25 7.95 -14.7 -.25 7.65 -14.1 -.25 7.85
3 72 -13.1 -.25 7.85 -14.1 -.25 7.85 -14.7 -.25 7.65
3 72 -9.35 -.25 7.85 -13.1 -.25 7.85 -14.7 -.25 7.65
4 72 -8.35 -.25 7.85 -9.35 -.25 7.85 -14.7 -.25 7.65 14.7 -.25 7.65
4 72 -8.35 -.25 8.85 -8.35 -.25 7.85 -7.2 -.25 8.4 -7.2 -.25 9.1
4 72 -8.35 -.25 9.85 -8.35 -.25 8.85 -7.2 -.25 9.1 -7.2 -.25 12.6
4 72 -9.05 -.25 10.2 -8.35 -.25 9.85 -7.2 -.25 12.6 -9.05 -.25 10.7
3 72 -7.2 -.25 12.6 -9.05 -.25 11.2 -9.05 -.25 10.7
3 72 -7.2 -.25 12.6 -9.05 -.25 11.85 -9.05 -.25 11.2
3 72 -7.2 -.25 12.6 -9.05 -.25 12.35 -9.05 -.25 11.85
4 72 -9.05 -.25 12.85 -9.05 -.25 12.35 -7.2 -.25 12.6 -7.2 -.25 13.3
3 72 -15 -.25 14.1 -13.65 -.25 12.85 -13.15 -.25 12.85
3 72 -15 -.25 14.1 -13.15 -.25 12.85 -9.55 -.25 12.85
4 72 -15 -.25 14.1 -9.55 -.25 12.85 -9.05 -.25 12.85 -7.2 -.25 13.3
3 72 -15 -.25 14.1 -7.2 -.25 13.3 -6.5 -.25 13.3
4 72 -15 -.25 14.1 -6.5 -.25 13.3 10.35 -.25 13.3 11.95 -.25 13.55
3 72 11.95 -.25 13.55 10.35 -.25 13.3 11.05 -.25 13.3
3 72 15 -.25 14.1 12.95 -.25 13.55 13.95 -.25 13.55
4 72 11.95 -.25 13.55 12.95 -.25 13.55 15 -.25 14.1 -15 -.25 14.1
4 72 11.95 -.25 12.55 11.95 -.25 13.55 11.05 -.25 13.3 11.05 -.25 12.6
4 72 11.95 -.25 10.3 11.95 -.25 12.55 11.05 -.25 12.6 11.05 -.25 9.1
4 72 11.95 -.25 9.3 11.95 -.25 10.3 11.05 -.25 9.1 11.05 -.25 8.4
4 72 11.95 -.25 9.3 11.05 -.25 8.4 12.5 -.25 8.4 12.5 -.25 8.85
3 72 11.95 -.25 9.3 12.5 -.25 8.85 12.5 -.25 9.3
4 72 13.4 -.25 8.4 14.7 -.25 7.65 15 -.25 7.95 13.4 -.25 8.85
4 72 13.4 -.25 9.3 13.4 -.25 8.85 15 -.25 7.95 13.95 -.25 9.3
4 72 13.95 -.25 10.3 13.95 -.25 9.3 15 -.25 7.95 15 -.25 14.1
3 72 15 -.25 14.1 13.95 -.25 12.55 13.95 -.25 10.3
3 72 15 -.25 14.1 13.95 -.25 13.55 13.95 -.25 12.55
3 72 13.4 -.25 8.4 12.95 -.25 8.4 14.7 -.25 7.65
3 72 12.95 -.25 8.4 12.5 -.25 8.4 14.7 -.25 7.65
3 72 11.05 -.25 8.4 14.7 -.25 7.65 12.5 -.25 8.4
3 72 11.05 -.25 8.4 10.35 -.25 8.4 14.7 -.25 7.65
4 72 14.7 -.25 7.65 10.35 -.25 8.4 -6.5 -.25 8.4 -8.35 -.25 7.85
3 72 -7.2 -.25 8.4 -8.35 -.25 7.85 -6.5 -.25 8.4
3 71 -17 -.25 17.4 -15.7 -.25 7.95 -15.7 -.25 13.9
4 71 17 -.25 17.35 15.7 -.25 13.9 15.7 -.25 7.95 17 -.25 0
4 0 -14.5 -.25 -14.35 -14.5 -.25 -14.85 14.7 -.25 -14.85 14.7 -.25 -14.35
3 0 14.7 -.25 -14.25 -14.5 -.25 -14.35 14.7 -.25 -14.35
4 0 -14.5 -.25 -14.35 14.7 -.25 -14.25 14.7 -.25 -14.15 -14.5 -.25 -14.25
3 0 14.7 -.25 -14.15 -14.5 -.25 -14.15 -14.5 -.25 -14.25
4 0 11.35 -.25 3.05 10.65 -.25 2.35 11.25 -.25 2.45 13.25 -.25 3.05
3 0 13.25 -.25 3.05 11.25 -.25 2.45 13.35 -.25 2.45
4 0 13.95 -.25 2.35 13.25 -.25 3.05 13.35 -.25 2.45 13.95 -.25 .95
3 0 13.35 -.25 2.45 13.35 -.25 .85 13.95 -.25 .95
3 0 13.95 -.25 .95 13.35 -.25 .85 13.25 -.25 .25
4 0 13.25 -.25 .25 13.35 -.25 .85 11.25 -.25 .85 11.35 -.25 .25
4 0 10.65 -.25 .95 11.35 -.25 .25 11.25 -.25 .85 10.65 -.25 2.35
3 0 11.25 -.25 2.45 10.65 -.25 2.35 11.25 -.25 .85
4 15 13.35 -.25 2.45 11.25 -.25 2.45 11.25 -.25 .85 13.35 -.25 .85
3 0 8.95 -.25 3.05 6.95 -.25 2.45 9.05 -.25 2.45
4 0 9.65 -.25 2.35 8.95 -.25 3.05 9.05 -.25 2.45 9.65 -.25 .95
3 0 9.05 -.25 2.45 9.05 -.25 .85 9.65 -.25 .95
3 0 9.65 -.25 .95 9.05 -.25 .85 8.95 -.25 .25
3 0 9.05 -.25 .85 6.95 -.25 .85 8.95 -.25 .25
4 15 9.05 -.25 2.45 6.95 -.25 2.45 6.95 -.25 .85 9.05 -.25 .85
4 15 6.35 -.25 2.45 4.25 -.25 2.45 4.25 -.25 .85 6.35 -.25 .85
4 15 3.65 -.25 2.45 1.55 -.25 2.45 1.55 -.25 .85 3.65 -.25 .85
3 0 1.65 -.25 3.05 1.55 -.25 2.45 3.65 -.25 2.45
3 0 3.65 -.25 .85 1.55 -.25 .85 1.65 -.25 .25
4 0 1.55 -.25 2.45 .95 -.25 2.35 .95 -.25 .95 1.55 -.25 .85
4 0 4.25 -.25 2.45 3.65 -.25 2.45 3.65 -.25 .85 4.25 -.25 .85
4 0 6.95 -.25 2.45 6.35 -.25 2.45 6.35 -.25 .85 6.95 -.25 .85
3 0 1.65 -.25 3.05 3.65 -.25 2.45 4.25 -.25 2.45
4 0 1.65 -.25 3.05 4.25 -.25 2.45 6.35 -.25 2.45 8.95 -.25 3.05
3 0 8.95 -.25 3.05 6.35 -.25 2.45 6.95 -.25 2.45
3 0 4.25 -.25 .85 3.65 -.25 .85 1.65 -.25 .25
4 0 6.35 -.25 .85 4.25 -.25 .85 1.65 -.25 .25 8.95 -.25 .25
3 0 6.95 -.25 .85 6.35 -.25 .85 8.95 -.25 .25
3 0 1.65 -.25 3.05 .95 -.25 2.35 1.55 -.25 2.45
3 0 .95 -.25 .95 1.65 -.25 .25 1.55 -.25 .85
4 4 -12.3 -.25 -9.15 -12.3 -.25 -10.75 -11.6 -.25 -11.45 -11.6 -.25 -8.45
4 4 -9.9 -.25 -8.45 -11.6 -.25 -8.45 -11.6 -.25 -11.45 -9.9 -.25 -11.45
4 4 -9.9 -.25 -8.45 -9.9 -.25 -11.45 -9.2 -.25 -10.75 -9.2 -.25 -9.15
3 0 .9 -.25 -11.95 1.6 -.25 -12.65 1.35 -.25 -12.05
4 0 .95 -.25 -1.2 .9 -.25 -11.95 1.35 -.25 -12.05 1.35 -.25 -1.05
3 0 1.65 -.25 -.5 .95 -.25 -1.2 1.35 -.25 -1.05
4 0 13.25 -.25 -.5 1.65 -.25 -.5 1.35 -.25 -1.05 13.5 -.25 -1.05
3 0 13.25 -.25 -.5 13.5 -.25 -1.05 13.95 -.25 -1.2
4 0 13.95 -.25 -1.2 13.5 -.25 -1.05 13.5 -.25 -12.05 13.95 -.25 -12
3 0 13.95 -.25 -12 13.5 -.25 -12.05 13.25 -.25 -12.7
4 0 13.25 -.25 -12.7 13.5 -.25 -12.05 1.35 -.25 -12.05 1.6 -.25 -12.65
4 71 1.35 -.25 -1.05 1.35 -.25 -12.05 13.5 -.25 -12.05 13.5 -.25 -1.05
4 71 1.65 -.25 .25 .95 -.25 .25 .95 -.25 -.5 1.65 -.25 -.5
3 71 1.65 -.25 .25 1.65 -.25 -.5 8.95 -.25 .25
3 71 9.65 -.25 .25 8.95 -.25 .25 1.65 -.25 -.5
4 71 10.65 -.25 .25 9.65 -.25 .25 1.65 -.25 -.5 13.25 -.25 -.5
3 71 11.35 -.25 .25 10.65 -.25 .25 13.25 -.25 -.5
4 71 13.25 -.25 .25 11.35 -.25 .25 13.25 -.25 -.5 13.95 -.25 -.5
3 71 13.95 -.25 .25 13.25 -.25 .25 13.95 -.25 -.5
4 71 10.65 -.25 2.35 10.65 -.25 3.05 9.65 -.25 3.05 9.65 -.25 2.35
4 71 10.65 -.25 2.35 9.65 -.25 2.35 9.65 -.25 .95 10.65 -.25 .95
4 71 10.65 -.25 .25 10.65 -.25 .95 9.65 -.25 .95 9.65 -.25 .25
3 0 -15.7 -.25 4.85 -15.5 -.25 -13.85 -15 -.25 -13.85
3 0 -15.7 -.25 4.85 -15 -.25 -13.85 -14.9 -.25 -13.85
4 0 -15.7 -.25 4.85 -14.9 -.25 -13.85 -14.8 -.25 -13.85 -14.8 -.25 4.85
3 0 15.7 -.25 4.85 15.2 -.25 -13.85 15.7 -.25 -13.85
3 0 15.7 -.25 4.85 15.1 -.25 -13.85 15.2 -.25 -13.85
4 0 15 -.25 -13.85 15.1 -.25 -13.85 15.7 -.25 4.85 15 -.25 4.85
4 0 -14.7 -.25 5.85 -15.7 -.25 4.85 -14.8 -.25 4.85 14.7 -.25 5.85
3 0 14.7 -.25 5.85 -14.8 -.25 4.85 15 -.25 4.85
3 0 14.7 -.25 5.85 15 -.25 4.85 15.7 -.25 4.85
4 71 .95 -.25 3.05 1.65 -.25 3.05 15 -.25 4.85 -.2 -.25 3.25
3 71 15 -.25 4.85 1.65 -.25 3.05 8.95 -.25 3.05
3 71 15 -.25 4.85 8.95 -.25 3.05 9.65 -.25 3.05
3 71 15 -.25 4.85 9.65 -.25 3.05 10.65 -.25 3.05
3 71 15 -.25 4.85 10.65 -.25 3.05 11.35 -.25 3.05
3 71 15 -.25 4.85 11.35 -.25 3.05 13.25 -.25 3.05
3 71 15 -.25 4.85 13.25 -.25 3.05 13.95 -.25 3.05
3 71 15 -.25 4.85 13.95 -.25 3.05 13.95 -.25 2.35
3 71 15 -.25 4.85 13.95 -.25 2.35 13.95 -.25 .95
3 71 15 -.25 4.85 13.95 -.25 .95 13.95 -.25 .25
3 71 15 -.25 4.85 13.95 -.25 .25 13.95 -.25 -.5
4 71 15 -.25 4.85 13.95 -.25 -.5 13.95 -.25 -1.2 15 -.25 -13.85
3 71 13.95 -.25 -1.2 13.95 -.25 -12 15 -.25 -13.85
4 71 15 -.25 -13.85 13.95 -.25 -12 13.95 -.25 -12.7 14.7 -.25 -14.15
3 71 13.95 -.25 -12.7 13.25 -.25 -12.7 14.7 -.25 -14.15
4 71 14.7 -.25 -14.15 13.25 -.25 -12.7 1.6 -.25 -12.65 .9 -.25 -12.65
3 71 15.7 -.25 4.85 15.7 -.25 -13.85 17 -.25 0
3 71 15.7 -.25 5.85 15.7 -.25 4.85 17 -.25 0
3 71 15.7 -.25 6.95 15.7 -.25 5.85 17 -.25 0
3 71 15.7 -.25 7.95 15.7 -.25 6.95 17 -.25 0
4 71 -15.7 -.25 6.95 -15.7 -.25 5.85 -14.7 -.25 5.85 -14.7 -.25 6.95
4 71 14.7 -.25 6.95 -14.7 -.25 6.95 -14.7 -.25 5.85 14.7 -.25 5.85
4 71 15.7 -.25 6.95 14.7 -.25 6.95 14.7 -.25 5.85 15.7 -.25 5.85
4 71 -15.7 -.25 6.95 -15.7 -.25 7.95 -17 -.25 17.35 -17 -.25 0
3 71 -15.7 -.25 6.95 -17 -.25 0 -15.7 -.25 5.85
3 71 -15.7 -.25 5.85 -17 -.25 0 -15.7 -.25 4.85
4 4 -12.3 -.25 -5.45 -12.3 -.25 -7.05 -11.6 -.25 -7.75 -11.6 -.25 -4.75
4 4 -9.9 -.25 -4.75 -11.6 -.25 -4.75 -11.6 -.25 -7.75 -9.9 -.25 -7.75
4 4 -9.9 -.25 -4.75 -9.9 -.25 -7.75 -9.2 -.25 -7.05 -9.2 -.25 -5.45
4 15 -12.3 -.25 -1.8 -12.3 -.25 -3.4 -11.6 -.25 -4.1 -11.6 -.25 -1.1
4 15 -9.9 -.25 -1.1 -11.6 -.25 -1.1 -11.6 -.25 -4.1 -9.9 -.25 -4.1
4 15 -9.9 -.25 -1.1 -9.9 -.25 -4.1 -9.2 -.25 -3.4 -9.2 -.25 -1.8
3 71 -14.8 -.25 4.85 -13.3 -.25 3.25 -12.6 -.25 3.25
3 71 -14.8 -.25 4.85 -12.6 -.25 3.25 -.9 -.25 3.25
4 71 -14.8 -.25 4.85 -.9 -.25 3.25 -.2 -.25 3.25 15 -.25 4.85
4 71 .95 -.25 3.05 -.2 -.25 3.25 -.2 -.25 2.55 .95 -.25 2.35
3 71 -.2 -.25 2.55 .95 -.25 .95 .95 -.25 2.35
3 71 -.2 -.25 2.55 .95 -.25 .25 .95 -.25 .95
3 71 -.2 -.25 2.55 .95 -.25 -.5 .95 -.25 .25
4 71 .95 -.25 -1.2 .95 -.25 -.5 -.2 -.25 2.55 -.2 -.25 -11.8
4 71 .9 -.25 -11.95 .95 -.25 -1.2 -.2 -.25 -11.8 -.2 -.25 -12.5
3 71 .9 -.25 -11.95 -.2 -.25 -12.5 .9 -.25 -12.65
4 71 -13.3 -.25 -12.5 -14.8 -.25 -13.85 -14.5 -.25 -14.15 -12.6 -.25 -12.5
3 71 -12.6 -.25 -12.5 -14.5 -.25 -14.15 -.9 -.25 -12.5
4 71 -.2 -.25 -12.5 -.9 -.25 -12.5 -14.5 -.25 -14.15 .9 -.25 -12.65
3 71 .9 -.25 -12.65 -14.5 -.25 -14.15 14.7 -.25 -14.15
3 71 -13.3 -.25 -11.8 -14.8 -.25 -13.85 -13.3 -.25 -12.5
4 71 -14.8 -.25 -13.85 -13.3 -.25 -11.8 -13.3 -.25 2.55 -14.8 -.25 4.85
3 71 -14.8 -.25 4.85 -13.3 -.25 2.55 -13.3 -.25 3.25
4 0 -12.3 -.25 -4.1 -12.3 -.25 -4.75 -11.6 -.25 -4.75 -11.6 -.25 -4.1
4 0 -11.6 -.25 -4.1 -11.6 -.25 -4.75 -9.9 -.25 -4.75 -9.9 -.25 -4.1
4 0 -9.9 -.25 -4.1 -9.9 -.25 -4.75 -9.2 -.25 -4.75 -9.2 -.25 -4.1
4 0 -12.3 -.25 -7.75 -12.3 -.25 -8.45 -11.6 -.25 -8.45 -11.6 -.25 -7.75
4 0 -11.6 -.25 -7.75 -11.6 -.25 -8.45 -9.9 -.25 -8.45 -9.9 -.25 -7.75
4 0 -9.9 -.25 -7.75 -9.9 -.25 -8.45 -9.2 -.25 -8.45 -9.2 -.25 -7.75
4 0 -4.15 -.25 -3.6 -4.15 -.25 -4.2 -3.55 -.25 -4.2 -3.55 -.25 -3.6
4 0 -2.95 -.25 -3.6 -3.55 -.25 -3.6 -3.55 -.25 -4.2 -2.95 -.25 -4.2
4 0 -4.15 -.25 -5.4 -4.15 -.25 -6.15 -3.55 -.25 -6.15 -3.55 -.25 -5.4
4 0 -3.55 -.25 -5.4 -3.55 -.25 -6.15 -2.95 -.25 -6.15 -2.95 -.25 -5.4
4 0 -8.95 -.25 1.45 -8.95 -.25 .85 -8.25 -.25 .85 -8.25 -.25 1.45
4 0 -8.25 -.25 .85 -8.95 -.25 .85 -8.95 -.25 .25 -8.25 -.25 .25
4 0 -10.15 -.25 1.45 -12.6 -.25 3.25 -13.3 -.25 2.55 -10.15 -.25 .85
4 0 -10.15 -.25 .25 -10.15 -.25 .85 -13.3 -.25 2.55 -12.3 -.25 -1.1
4 0 -10.15 -.25 .25 -12.3 -.25 -1.1 -11.6 -.25 -1.1 -9.55 -.25 .25
3 0 -9.55 -.25 .25 -11.6 -.25 -1.1 -9.9 -.25 -1.1
4 0 -9.55 -.25 .25 -9.9 -.25 -1.1 -9.2 -.25 -1.1 -8.95 -.25 .25
3 0 -8.25 -.25 .25 -8.95 -.25 .25 -9.2 -.25 -1.1
3 0 -7.65 -.25 .25 -8.25 -.25 .25 -9.2 -.25 -1.1
4 0 -7.05 -.25 .25 -7.65 -.25 .25 -9.2 -.25 -1.1 -7.95 -.25 -2.25
3 0 -12.6 -.25 3.25 -10.15 -.25 1.45 -9.55 -.25 1.45
3 0 -12.6 -.25 3.25 -9.55 -.25 1.45 -8.95 -.25 1.45
3 0 -12.6 -.25 3.25 -8.95 -.25 1.45 -8.25 -.25 1.45
3 0 -12.6 -.25 3.25 -8.25 -.25 1.45 -7.65 -.25 1.45
4 0 -12.6 -.25 3.25 -7.65 -.25 1.45 -7.05 -.25 1.45 -.9 -.25 3.25
3 0 -13.3 -.25 2.55 -12.3 -.25 -1.8 -12.3 -.25 -1.1
3 0 -13.3 -.25 2.55 -12.3 -.25 -3.4 -12.3 -.25 -1.8
3 0 -13.3 -.25 2.55 -12.3 -.25 -4.1 -12.3 -.25 -3.4
3 0 -13.3 -.25 2.55 -12.3 -.25 -4.75 -12.3 -.25 -4.1
3 0 -13.3 -.25 2.55 -12.3 -.25 -5.45 -12.3 -.25 -4.75
4 0 -12.3 -.25 -7.05 -12.3 -.25 -5.45 -13.3 -.25 2.55 -13.3 -.25 -11.8
3 0 -12.3 -.25 -7.05 -13.3 -.25 -11.8 -12.3 -.25 -7.75
3 0 -12.3 -.25 -7.75 -13.3 -.25 -11.8 -12.3 -.25 -8.45
3 0 -12.3 -.25 -8.45 -13.3 -.25 -11.8 -12.3 -.25 -9.15
3 0 -12.3 -.25 -9.15 -13.3 -.25 -11.8 -12.3 -.25 -10.75
4 0 -12.3 -.25 -11.45 -12.3 -.25 -10.75 -13.3 -.25 -11.8 -12.6 -.25 -12.5
3 0 -11.6 -.25 -11.45 -12.3 -.25 -11.45 -12.6 -.25 -12.5
3 0 -11.6 -.25 -11.45 -12.6 -.25 -12.5 -9.9 -.25 -11.45
4 0 -9.2 -.25 -11.45 -9.9 -.25 -11.45 -12.6 -.25 -12.5 -.9 -.25 -12.5
4 0 -9.2 -.25 -11.45 -.9 -.25 -12.5 -.2 -.25 -11.8 -9.2 -.25 -10.75
3 0 -3.55 -.25 -7.35 -4.15 -.25 -7.35 -.2 -.25 -11.8
3 0 -2.95 -.25 -7.35 -3.55 -.25 -7.35 -.2 -.25 -11.8
3 0 -2.95 -.25 -6.75 -2.95 -.25 -7.35 -.2 -.25 -11.8
3 0 -2.95 -.25 -6.15 -2.95 -.25 -6.75 -.2 -.25 -11.8
3 0 -2.95 -.25 -5.4 -2.95 -.25 -6.15 -.2 -.25 -11.8
3 0 -2.95 -.25 -4.8 -2.95 -.25 -5.4 -.2 -.25 -11.8
3 0 -2.95 -.25 -4.2 -2.95 -.25 -4.8 -.2 -.25 -11.8
3 0 -2.95 -.25 -3.6 -2.95 -.25 -4.2 -.2 -.25 -11.8
3 0 -2.95 -.25 -3 -2.95 -.25 -3.6 -.2 -.25 -11.8
4 0 -2.95 -.25 -2.4 -2.95 -.25 -3 -.2 -.25 -11.8 -.2 -.25 2.55
4 0 -2.95 -.25 -2.4 -.2 -.25 2.55 -.9 -.25 3.25 -3.55 -.25 -2.4
4 0 -4.15 -.25 -2.4 -3.55 -.25 -2.4 -.9 -.25 3.25 -4.85 -.25 .4
4 15 -7.95 -.25 -2.75 -7.95 -.25 -2.9 -7.45 -.25 -3.4 -7.45 -.25 -2.25
4 15 -6.6 -.25 -2.25 -7.45 -.25 -2.25 -7.45 -.25 -3.4 -6.6 -.25 -3.4
4 15 -6.6 -.25 -2.25 -6.6 -.25 -3.4 -6.1 -.25 -2.9 -6.1 -.25 -2.75
4 15 -7.95 -.25 -4.5 -7.95 -.25 -4.65 -7.45 -.25 -5.15 -7.45 -.25 -4
4 15 -6.6 -.25 -4 -7.45 -.25 -4 -7.45 -.25 -5.15 -6.6 -.25 -5.15
4 15 -6.6 -.25 -4 -6.6 -.25 -5.15 -6.1 -.25 -4.65 -6.1 -.25 -4.5
4 15 -7.95 -.25 -6.15 -7.95 -.25 -6.3 -7.45 -.25 -6.8 -7.45 -.25 -5.65
4 15 -6.6 -.25 -5.65 -7.45 -.25 -5.65 -7.45 -.25 -6.8 -6.6 -.25 -6.8
4 15 -6.6 -.25 -5.65 -6.6 -.25 -6.8 -6.1 -.25 -6.3 -6.1 -.25 -6.15
4 15 -7.95 -.25 -7.8 -7.95 -.25 -7.95 -7.45 -.25 -8.45 -7.45 -.25 -7.3
4 15 -6.6 -.25 -7.3 -7.45 -.25 -7.3 -7.45 -.25 -8.45 -6.6 -.25 -8.45
4 15 -6.6 -.25 -7.3 -6.6 -.25 -8.45 -6.1 -.25 -7.95 -6.1 -.25 -7.8
4 1 -6.4 -.25 .9 -6.4 -.25 .8 -6 -.25 .4 -6 -.25 1.3
4 1 -5.25 -.25 1.3 -6 -.25 1.3 -6 -.25 .4 -5.25 -.25 .4
4 1 -5.25 -.25 1.3 -5.25 -.25 .4 -4.85 -.25 .8 -4.85 -.25 .9
4 0 -7.95 -.25 -5.15 -7.95 -.25 -5.65 -7.45 -.25 -5.65 -7.45 -.25 -5.15
4 0 -7.45 -.25 -5.15 -7.45 -.25 -5.65 -6.6 -.25 -5.65 -6.6 -.25 -5.15
4 0 -6.1 -.25 -5.15 -6.6 -.25 -5.15 -6.6 -.25 -5.65 -6.1 -.25 -5.65
4 0 -7.95 -.25 -6.8 -7.95 -.25 -7.3 -7.45 -.25 -7.3 -7.45 -.25 -6.8
4 0 -6.6 -.25 -6.8 -7.45 -.25 -6.8 -7.45 -.25 -7.3 -6.6 -.25 -7.3
4 0 -6.1 -.25 -6.8 -6.6 -.25 -6.8 -6.6 -.25 -7.3 -6.1 -.25 -7.3
4 0 -6.1 -.25 -6.8 -6.1 -.25 -7.3 -4.15 -.25 -7.35 -4.15 -.25 -6.75
4 0 -6.1 -.25 -6.8 -4.15 -.25 -6.75 -4.15 -.25 -6.15 -6.1 -.25 -6.3
4 0 -6.1 -.25 -5.65 -4.15 -.25 -6.15 -4.15 -.25 -5.4 -6.1 -.25 -5.15
4 0 -6.1 -.25 -4.65 -6.1 -.25 -5.15 -4.15 -.25 -5.4 -4.15 -.25 -4.8
4 0 -6.1 -.25 -4.5 -6.1 -.25 -4.65 -4.15 -.25 -4.8 -4.15 -.25 -4.2
4 0 -6.1 -.25 -4 -6.1 -.25 -4.5 -4.15 -.25 -4.2 -4.15 -.25 -3.6
3 0 -6.1 -.25 -6.15 -6.1 -.25 -6.3 -4.15 -.25 -6.15
3 0 -6.1 -.25 -5.65 -6.1 -.25 -6.15 -4.15 -.25 -6.15
4 0 -7.95 -.25 -3.4 -7.95 -.25 -4 -7.45 -.25 -4 -7.45 -.25 -3.4
4 0 -6.6 -.25 -3.4 -7.45 -.25 -3.4 -7.45 -.25 -4 -6.6 -.25 -4
4 0 -6.1 -.25 -3.4 -6.6 -.25 -3.4 -6.6 -.25 -4 -6.1 -.25 -4
4 0 -6.1 -.25 -3.4 -6.1 -.25 -4 -4.15 -.25 -3.6 -4.15 -.25 -3
3 0 -6.1 -.25 -2.9 -6.1 -.25 -3.4 -4.15 -.25 -3
3 0 -6.1 -.25 -2.75 -6.1 -.25 -2.9 -4.15 -.25 -3
4 0 -6.1 -.25 -2.25 -6.1 -.25 -2.75 -4.15 -.25 -3 -4.15 -.25 -2.4
4 0 -6.1 -.25 -2.25 -4.15 -.25 -2.4 -5.25 -.25 .4 -6 -.25 .4
4 0 -6.6 -.25 -2.25 -6.1 -.25 -2.25 -6 -.25 .4 -7.05 -.25 .25
3 0 -7.05 -.25 .25 -7.45 -.25 -2.25 -6.6 -.25 -2.25
3 0 -7.05 -.25 .25 -7.95 -.25 -2.25 -7.45 -.25 -2.25
4 0 -7.95 -.25 -2.25 -9.2 -.25 -1.1 -9.2 -.25 -1.8 -7.95 -.25 -2.75
3 0 -9.2 -.25 -1.8 -7.95 -.25 -2.9 -7.95 -.25 -2.75
4 0 -7.95 -.25 -3.4 -7.95 -.25 -2.9 -9.2 -.25 -1.8 -9.2 -.25 -3.4
4 0 -7.95 -.25 -3.4 -9.2 -.25 -3.4 -9.2 -.25 -4.1 -7.95 -.25 -4
3 0 -7.95 -.25 -4 -9.2 -.25 -4.1 -7.95 -.25 -4.5
4 0 -7.95 -.25 -4.65 -7.95 -.25 -4.5 -9.2 -.25 -4.1 -9.2 -.25 -4.75
4 0 -7.95 -.25 -5.15 -7.95 -.25 -4.65 -9.2 -.25 -4.75 -9.2 -.25 -5.45
3 0 -7.95 -.25 -5.15 -9.2 -.25 -5.45 -7.95 -.25 -5.65
3 0 -9.2 -.25 -5.45 -7.95 -.25 -6.15 -7.95 -.25 -5.65
4 0 -7.95 -.25 -6.3 -7.95 -.25 -6.15 -9.2 -.25 -5.45 -9.2 -.25 -7.05
3 0 -7.95 -.25 -6.3 -9.2 -.25 -7.05 -7.95 -.25 -6.8
4 0 -7.95 -.25 -7.3 -7.95 -.25 -6.8 -9.2 -.25 -7.05 -9.2 -.25 -7.75
3 0 -7.95 -.25 -7.3 -9.2 -.25 -7.75 -7.95 -.25 -7.8
4 0 -7.95 -.25 -7.95 -7.95 -.25 -7.8 -9.2 -.25 -7.75 -9.2 -.25 -8.45
4 0 -7.95 -.25 -8.45 -7.95 -.25 -7.95 -9.2 -.25 -8.45 -9.2 -.25 -9.15
4 0 -7.95 -.25 -8.45 -9.2 -.25 -9.15 -9.2 -.25 -10.75 -7.45 -.25 -8.45
3 0 -6.6 -.25 -8.45 -7.45 -.25 -8.45 -9.2 -.25 -10.75
4 0 -6.1 -.25 -8.45 -6.6 -.25 -8.45 -9.2 -.25 -10.75 -.2 -.25 -11.8
3 0 -6.1 -.25 -7.95 -6.1 -.25 -8.45 -.2 -.25 -11.8
3 0 -6.1 -.25 -7.8 -6.1 -.25 -7.95 -.2 -.25 -11.8
4 0 -6.1 -.25 -7.3 -6.1 -.25 -7.8 -.2 -.25 -11.8 -4.15 -.25 -7.35
4 0 -7.05 -.25 1.45 -6 -.25 1.3 -5.25 -.25 1.3 -.9 -.25 3.25
3 0 -.9 -.25 3.25 -4.85 -.25 .9 -4.85 -.25 .8
4 0 -6.4 -.25 .8 -6.4 -.25 .9 -7.05 -.25 1.45 -7.05 -.25 .85
4 0 -6.4 -.25 .8 -7.05 -.25 .85 -7.05 -.25 .25 -6.4 -.25 .4
3 0 -7.05 -.25 1.45 -6.4 -.25 1.3 -6 -.25 1.3
3 0 -7.05 -.25 1.45 -6.4 -.25 .9 -6.4 -.25 1.3
3 0 -6.4 -.25 .4 -7.05 -.25 .25 -6 -.25 .4
3 0 -.9 -.25 3.25 -5.25 -.25 1.3 -4.85 -.25 1.3
3 0 -.9 -.25 3.25 -4.85 -.25 1.3 -4.85 -.25 .9
3 0 -.9 -.25 3.25 -4.85 -.25 .8 -4.85 -.25 .4
3 0 -4.85 -.25 .4 -5.25 -.25 .4 -4.15 -.25 -2.4