0 Sticker  1.8 x  1.9 with Brown and Olive Green Vines #4 Pattern (Formed)
0 Name: 6399475ic01.dat
0 Author: Evert-Jan Boer [ejboer]
0 !LDRAW_ORG Unofficial_Part
0 !LICENSE Licensed under CC BY 4.0 : see CAreadme.txt

0 BFC CERTIFY CCW

0 !CATEGORY Sticker
0 !KEYWORDS Bricklink 76217stk01, BrickOwl 1053645, Groot, Rebrickable 10100087
0 !KEYWORDS Set 76217

0 !PREVIEW 16 0 0 0 -1 0 0 0 -1 0 0 0 1

0 !HISTORY 2026-07-09 [Sirio] Introduced stickerback; changed description; enlarged size

0 // Stickerback
1 16 0 0 0 1 0 0 0 1 0 0 0 1 s\32803b01.dat
0 // Primitives
1 28 -16.5 15.8561 25.9306 -1.5 0 0 0 -1 .1449 0 0 1.493 1-4chrd.dat
1 28 16.5 15.8561 25.9306 1.5 0 0 0 -1 .1449 0 0 1.493 1-4chrd.dat
1 330 -16.5 4.5025 -6.7878 -1.5 0 0 0 -1 -.8475 0 0 -1.2377 3-16chrd.dat
1 0x2464628 -16.5 4.5025 -6.7878 0 0 -1.5 -.8475 -1 0 -1.2377 0 0 1-16chrd.dat
1 28 16.5 4.5025 -6.7878 1.5 0 0 0 -1 -.8475 0 0 -1.2377 1-4chrd.dat
0 // Faces
0 // Brown faces
4 70 -9.5657 15.5507 22.7842 -12.3943 15.5997 23.2885 -9.2057 15.6878 24.1962 -8.8971 15.6584 23.8936
4 70 -9.5657 15.5507 22.7842 -8.8971 15.6584 23.8936 -7.6629 15.6095 23.3894 -9.0514 15.5409 22.6833
4 70 -8.3314 16.001 27.4236 -9.2057 15.6878 24.1962 -12.3943 15.5997 23.2885 -11.4171 16.001 27.4236
4 70 -8.0965 9.3223 1.6096 -7.92 9.2523 1.4786 -10.5429 9.0852 1.1658 -11.1234 9.3223 1.6096
4 70 -14.4514 11.8669 7.853 -14.4 11.7139 7.4777 -15.9943 11.3314 6.5393 -16.1486 11.6374 7.29
4 70 -16.1486 11.6374 7.29 -16.1486 11.8477 7.806 -14.3486 12.0007 8.1814 -14.4514 11.8669 7.853
4 70 -9.5657 15.5507 22.7842 -9.6335 15.5309 22.58 -12.561 15.5309 22.58 -12.3943 15.5997 23.2885
4 70 -6.6857 15.5752 23.0364 -5.9143 15.5703 22.9859 -.8837 15.5309 22.58 -8.7353 15.5309 22.58
4 70 -14.5029 14.0489 15.0779 -16.4057 13.7042 13.9117 -18 13.4314 12.9886 -18 13.8047 14.2519
4 70 -1.0286 15.3475 21.6374 -2.5714 15.4346 22.085 -.8837 15.5309 22.58 .72 15.3959 21.8861
4 70 -8.0965 9.3223 1.6096 -11.1234 9.3223 1.6096 -12.9086 9.8973 3.0205 -10.3886 10.0503 3.3959
4 70 9.7714 11.3888 6.68 7.0971 11.1403 6.0702 6.0686 11.2741 6.3985 8.3314 11.6374 7.29
4 70 -10.1829 13.1154 11.9196 -11.5714 12.7133 10.5591 -15.1714 12.3686 9.3929 -13.6286 12.9144 11.2394
4 70 8.3314 11.6374 7.29 6.0686 11.2741 6.3985 4.3714 11.4462 6.8208 6.9943 11.7904 7.6653
4 70 -.8837 15.5309 22.58 -2.5714 15.4346 22.085 -3.2914 15.4443 22.1348 -8.7353 15.5309 22.58
4 70 13.1657 11.2932 6.4455 14.1943 11.4462 6.8208 17.1257 11.0064 5.7417 15.5314 10.6813 4.9441
4 70 -6.6857 15.5752 23.0364 -8.7353 15.5309 22.58 -9.0514 15.5409 22.6833 -7.6629 15.6095 23.3894
4 70 -5.9143 15.5703 22.9859 -4.6286 15.5801 23.0868 -1.2343 15.5458 22.7338 -.8837 15.5309 22.58
4 70 -4.6286 15.5801 23.0868 -3.5486 15.5948 23.2381 -2.5714 15.5899 23.1876 -1.2343 15.5458 22.7338
4 70 -4.32 6.8413 -3.0354 -5.2971 7.0801 -2.5885 -4.1657 7.5814 -1.6499 -3.0857 7.2949 -2.1862
4 70 18 12.6128 10.219 18 12.2107 8.8585 17.3829 12.2968 9.15 17.28 12.3543 9.3444
4 70 -13.9886 14.6218 17.9073 -13.68 14.7283 18.4545 -11.0057 14.7476 18.5539 -11.4686 14.5348 17.4597
4 70 -11.4686 14.5348 17.4597 -11.52 14.438 16.9624 -14.4514 14.5057 17.3105 -13.9886 14.6218 17.9073
3 70 .6686 12.067 8.3725 -.3577 12.0365 8.2692 -1.44 12.2681 9.0529
4 70 -9.4042 14.1147 15.3006 -10.1829 13.7186 13.9603 -12.24 13.6037 13.5717 -13.32 13.9627 14.7863
4 70 -9.4042 14.1147 15.3006 -8.64 13.9771 14.835 -9.9257 13.7329 14.009 -10.1829 13.7186 13.9603
4 70 13.2171 10.4519 4.3811 13.1657 11.2932 6.4455 15.5314 10.6813 4.9441 14.2457 10.5092 4.5219
4 70 13.2171 10.4519 4.3811 12.3429 10.4519 4.3811 11.2114 10.5092 4.5219 13.1657 11.2932 6.4455
4 70 -11.52 14.438 16.9624 -11.3657 14.3606 16.5645 -15.3257 14.3219 16.3656 -14.4514 14.5057 17.3105
4 70 -1.0286 15.3475 21.6374 .72 15.3959 21.8861 3.1371 15.183 20.7919 1.08 15.183 20.7919
3 70 17.3829 12.2968 9.15 18 12.2107 8.8585 17.28 12.225 8.9071
4 70 -14.04 14.1063 15.2723 -14.5029 14.0489 15.0779 -18 13.8047 14.2519 -16.5962 14.1147 15.3006
4 70 3.4971 11.9625 8.0875 1.2857 11.7139 7.4777 .1029 11.9051 7.9468 2.0571 12.0007 8.1814
4 70 2.0571 12.0007 8.1814 .1029 11.9051 7.9468 -.3577 12.0365 8.2692 1.4076 12.0365 8.2692
4 70 13.1657 11.2932 6.4455 11.2114 10.5092 4.5219 9.36 10.7196 5.0379 12.1371 11.2167 6.2578
4 70 -4.32 6.8413 -3.0354 -3.0857 7.2949 -2.1862 -1.6971 7.0085 -2.7225 -3.1886 6.6265 -3.4377
4 70 -10.2343 14.2155 15.8185 -9.4042 14.1147 15.3006 -16.5962 14.1147 15.3006 -16.5086 14.1284 15.3709
4 70 14.1943 11.4462 6.8208 15.7371 11.8286 7.7592 18 11.2359 6.3047 17.1257 11.0064 5.7417
4 70 1.08 6.6504 -3.3929 -.36 6.5549 -3.5717 -1.4914 6.5549 -3.5717 -.6171 6.8652 -2.9907
4 70 -9.9257 13.7329 14.009 -8.64 13.9771 14.835 -6.6343 13.6037 13.5717 -9.2057 13.6611 13.766
4 70 5.4514 11.9051 7.9468 2.7257 11.5609 7.1023 1.2857 11.7139 7.4777 3.4971 11.9625 8.0875
4 70 11.0057 11.2359 6.3047 7.9714 10.9682 5.6479 7.0971 11.1403 6.0702 9.7714 11.3888 6.68
4 70 -9.9771 13.2447 12.3569 -10.1829 13.1154 11.9196 -13.6286 12.9144 11.2394 -12.1886 13.3739 12.7942
4 70 -9.9771 13.2447 12.3569 -12.1886 13.3739 12.7942 -9.9771 13.5175 13.2801 -9.9257 13.3739 12.7942
4 70 -10.2343 13.6324 13.6688 -9.9771 13.5175 13.2801 -12.1886 13.3739 12.7942 -12.0857 13.4744 13.1344
4 70 -13.2686 12.2968 9.15 -14.2473 12.0365 8.2692 -15.9794 12.0365 8.2692 -15.9429 12.067 8.3725
4 70 12.1371 11.2167 6.2578 9.36 10.7196 5.0379 7.9714 10.9682 5.6479 11.0057 11.2359 6.3047
4 70 16.536 12.0365 8.2692 18 12.0365 8.2692 18 11.2359 6.3047 15.7371 11.8286 7.7592
4 70 -3.1886 6.6265 -3.4377 -1.6971 7.0085 -2.7225 -.6171 6.8652 -2.9907 -1.4914 6.5549 -3.5717
4 70 -4.7314 13.1154 11.9196 -6.7371 13.3165 12.5998 -9.2057 13.6611 13.766 -6.6343 13.6037 13.5717
4 70 -14.6057 10.4901 4.4749 -12.8571 10.8725 5.4133 -10.3886 10.0503 3.3959 -12.9086 9.8973 3.0205
4 70 -4.1657 7.5814 -1.6499 -5.2971 7.0801 -2.5885 -6.2743 7.4381 -1.9181 -4.9371 7.8917 -1.069
3 70 -14.04 14.1063 15.2723 -9.4042 14.1147 15.3006 -13.68 14.0776 15.1751
4 70 15.9943 12.7995 10.8506 13.9371 12.7707 10.7535 11.4686 13.1298 11.9682 13.5771 13.0005 11.5309
4 70 -7.7143 8.011 -.8454 -5.8629 8.3691 -.175 -4.9371 7.8917 -1.069 -6.2743 7.4381 -1.9181
4 70 13.9371 12.7707 10.7535 15.9943 12.7995 10.8506 18 12.6128 10.219 16.3029 12.5122 9.8788
4 70 -12.0857 13.4744 13.1344 -12.24 13.6037 13.5717 -10.1829 13.7186 13.9603 -10.2343 13.6324 13.6688
4 70 6.9943 11.7904 7.6653 4.3714 11.4462 6.8208 2.7257 11.5609 7.1023 5.4514 11.9051 7.9468
3 70 17.28 12.3543 9.3444 16.3029 12.5122 9.8788 18 12.6128 10.219
4 70 -3.2914 15.4443 22.1348 -4.1143 15.4346 22.085 -7.6629 15.4636 22.2342 -8.7353 15.5309 22.58
4 70 7.92 14.7186 18.4047 3.3943 15.0089 19.8967 1.08 15.183 20.7919 3.1371 15.183 20.7919
4 70 -13.9371 11.3697 6.6332 -15.5829 11.0255 5.7887 -15.9943 11.3314 6.5393 -14.4 11.7139 7.4777
4 70 -15.5829 11.0255 5.7887 -13.9371 11.3697 6.6332 -12.8571 10.8725 5.4133 -14.6057 10.4901 4.4749
4 70 -11.3657 14.3606 16.5645 -10.2343 14.2155 15.8185 -16.5086 14.1284 15.3709 -15.3257 14.3219 16.3656
3 70 -6.7371 15.3959 21.8861 -5.4514 15.4056 21.9358 -6.1714 15.3862 21.8364
4 70 -5.4514 15.4056 21.9358 -6.7371 15.3959 21.8861 -7.6629 15.4636 22.2342 -4.1143 15.4346 22.085
3 70 -13.68 14.0776 15.1751 -9.4042 14.1147 15.3006 -13.32 13.9627 14.7863
4 70 -5.8629 8.3691 -.175 -7.7143 8.011 -.8454 -10.5429 9.0852 1.1658 -7.92 9.2523 1.4786
3 70 16.536 12.0365 8.2692 16.7657 12.0814 8.4212 18 12.0365 8.2692
4 70 18 12.0365 8.2692 16.7657 12.0814 8.4212 17.28 12.225 8.9071 18 12.2107 8.8585
4 70 -9.6335 15.5309 22.58 -10.2857 15.154 20.6427 -13.1657 15.0379 20.0459 -12.561 15.5309 22.58
3 70 1.4076 12.0365 8.2692 -.3577 12.0365 8.2692 .6686 12.067 8.3725
4 70 -14.2473 12.0365 8.2692 -14.3486 12.0007 8.1814 -16.1486 11.8477 7.806 -15.9794 12.0365 8.2692
4 70 -11.5714 12.7133 10.5591 -13.2686 12.2968 9.15 -15.9429 12.067 8.3725 -15.1714 12.3686 9.3929
3 70 -16.5962 14.1147 15.3006 -9.4042 14.1147 15.3006 -14.04 14.1063 15.2723
4 70 -10.2857 15.154 20.6427 -11.0057 14.7476 18.5539 -13.68 14.7283 18.4545 -13.1657 15.0379 20.0459
0 // Dark brown faces
4 308 -12.3943 15.5997 23.2885 -12.4971 15.722 24.5492 -11.8286 16.001 27.4236 -11.4171 16.001 27.4236
3 308 -17.3662 14.1147 15.3006 -16.5962 14.1147 15.3006 -17.4857 14.0891 15.214
3 308 -1.0861 12.0365 8.2692 -1.3371 12.0958 8.4698 -.3577 12.0365 8.2692
4 308 -1.8514 12.2394 8.9556 -1.44 12.2681 9.0529 -.3577 12.0365 8.2692 -1.3371 12.0958 8.4698
4 308 1.7486 6.7936 -3.1248 1.9029 6.6742 -3.3483 1.8514 6.5788 -3.527 1.08 6.6504 -3.3929
4 308 -11.0057 14.7476 18.5539 -10.2857 15.154 20.6427 -9.7714 15.1927 20.8417 -10.3371 14.8541 19.1009
4 308 15.4286 12.4979 9.8302 17.28 12.3543 9.3444 17.3829 12.2968 9.15 16.92 12.3112 9.1986
4 308 -7.6629 15.4636 22.2342 -7.4057 15.3669 21.7369 -8.1771 15.4249 22.0353 -8.7353 15.5309 22.58
4 308 -3.1886 6.4594 -3.7505 -4.32 6.6265 -3.4377 -4.32 6.8413 -3.0354 -3.1886 6.6265 -3.4377
3 308 12.4971 11.3697 6.6332 13.0114 11.4079 6.727 12.1371 11.2167 6.2578
3 308 -10.5429 14.3412 16.4651 -11.3657 14.3606 16.5645 -10.9543 14.3993 16.7635
4 308 -11.3657 14.3606 16.5645 -10.5429 14.3412 16.4651 -9.4042 14.1147 15.3006 -10.2343 14.2155 15.8185
4 308 10.5943 13.3165 12.5998 11.4686 13.1298 11.9682 9.9257 13.2877 12.5027 10.1829 13.3165 12.5998
4 308 17.3314 10.8725 5.4133 17.1257 11.0064 5.7417 18 11.2359 6.3047 18 11.0446 5.8355
4 308 17.3314 10.8725 5.4133 16.4571 10.6813 4.9441 15.5314 10.6813 4.9441 17.1257 11.0064 5.7417
4 308 -3.2914 15.4443 22.1348 -3.24 15.3765 21.7866 -4.4229 15.3572 21.6872 -4.1143 15.4346 22.085
4 308 15.7371 12.9287 11.2879 18 12.7277 10.6077 18 12.6128 10.219 15.9943 12.7995 10.8506
4 308 -7.7657 13.3308 12.6484 -6.7371 13.3165 12.5998 -4.7314 13.1154 11.9196 -6.6343 13.1872 12.1625
4 308 -13.9886 14.6218 17.9073 -14.1943 14.7379 18.5041 -13.8857 14.8928 19.2999 -13.68 14.7283 18.4545
4 308 -1.8 15.3282 21.538 -1.0286 15.3475 21.6374 1.08 15.183 20.7919 -.6686 15.2411 21.0904
4 308 1.9029 15.0379 20.0459 3.3943 15.0089 19.8967 7.92 14.7186 18.4047 4.2171 14.8831 19.2501
4 308 3.3943 15.0089 19.8967 1.9029 15.0379 20.0459 -.6686 15.2411 21.0904 1.08 15.183 20.7919
4 308 -9.5657 13.4314 12.9886 -9.5657 13.3021 12.5513 -9.9771 13.2447 12.3569 -9.9257 13.3739 12.7942
4 308 -9.9257 13.3739 12.7942 -9.9771 13.5175 13.2801 -9.6171 13.5462 13.3773 -9.5657 13.4314 12.9886
3 308 11.9314 11.3506 6.5862 12.4971 11.3697 6.6332 12.1371 11.2167 6.2578
4 308 12.1371 11.2167 6.2578 13.0114 11.4079 6.727 13.8343 11.5227 7.0085 13.1657 11.2932 6.4455
4 308 -1.2343 15.5458 22.7338 -2.5714 15.5899 23.1876 -2.0057 15.6095 23.3894 -1.1829 15.5801 23.0868
4 308 -12.96 12.225 8.9071 -13.7792 12.0365 8.2692 -14.2473 12.0365 8.2692 -13.2686 12.2968 9.15
4 308 -9.9771 10.0885 3.4897 -10.3886 10.0503 3.3959 -12.8571 10.8725 5.4133 -11.9829 10.7578 5.1318
4 308 -1.8 12.4692 9.7331 -1.08 12.3686 9.3929 -2.1086 12.383 9.4415 -2.0571 12.4548 9.6845
4 308 -10.2857 15.154 20.6427 -9.6335 15.5309 22.58 -9.2571 15.483 22.3337 -9.7714 15.1927 20.8417
4 308 .6171 15.483 22.3337 .72 15.3959 21.8861 -.8837 15.5309 22.58 .0231 15.5309 22.58
4 308 8.1771 11.7904 7.6653 9.6686 11.5418 7.0554 9.7714 11.3888 6.68 8.3314 11.6374 7.29
4 308 -1.08 12.3686 9.3929 -.0514 12.2394 8.9556 .6686 12.067 8.3725 -1.44 12.2681 9.0529
4 308 14.6571 11.6948 7.4307 14.1943 11.4462 6.8208 13.1657 11.2932 6.4455 13.8343 11.5227 7.0085
4 308 14.1943 11.4462 6.8208 14.6571 11.6948 7.4307 15.7886 11.9625 8.0875 15.7371 11.8286 7.7592
4 308 -16.1486 11.6374 7.29 -16.56 11.6756 7.3838 -16.5086 11.8669 7.853 -16.1486 11.8477 7.806
4 308 .6171 15.483 22.3337 2.5714 15.2991 21.3888 3.1371 15.183 20.7919 .72 15.3959 21.8861
4 308 8.0229 14.6412 18.0069 7.3543 14.6702 18.1561 4.2171 14.8831 19.2501 7.92 14.7186 18.4047
4 308 -13.68 14.0776 15.1751 -13.32 13.9627 14.7863 -13.7314 13.934 14.6892 -13.8343 13.9627 14.7863
4 308 -7.6629 15.6095 23.3894 -8.8971 15.6584 23.8936 -7.8171 15.6584 23.8936 -6.8914 15.6192 23.4902
3 308 .6686 12.067 8.3725 -.0514 12.2394 8.9556 .9771 12.1532 8.6641
4 308 .1029 11.7139 7.4777 1.2857 11.7139 7.4777 2.7257 11.5609 7.1023 1.2343 11.5609 7.1023
4 308 -1.8514 12.2394 8.9556 -2.1086 12.383 9.4415 -1.08 12.3686 9.3929 -1.44 12.2681 9.0529
4 308 1.8514 6.5788 -3.527 1.6457 6.5072 -3.6611 1.1829 6.4594 -3.7505 1.08 6.6504 -3.3929
4 308 -12.24 13.6037 13.5717 -12.0857 13.4744 13.1344 -12.5486 13.4457 13.0371 -12.6 13.5175 13.2801
4 308 -5.7086 8.5362 .1378 -4.8857 8.1304 -.622 -4.9371 7.8917 -1.069 -5.8629 8.3691 -.175
4 308 -5.7086 8.5362 .1378 -5.8629 8.3691 -.175 -7.92 9.2523 1.4786 -6.9943 9.1091 1.2104
4 308 -13.4743 15.154 20.6427 -13.1657 15.0379 20.0459 -13.68 14.7283 18.4545 -13.8857 14.8928 19.2999
4 308 -9.0514 15.5409 22.6833 -8.7353 15.5309 22.58 -9.6335 15.5309 22.58 -9.5657 15.5507 22.7842
4 308 -4.8857 8.1304 -.622 -4.0114 7.7723 -1.2924 -4.1657 7.5814 -1.6499 -4.9371 7.8917 -1.069
4 308 -15.12 14.4767 17.1613 -15.3257 14.3219 16.3656 -16.5086 14.1284 15.3709 -16.1486 14.2929 16.2164
4 308 -15.3257 14.3219 16.3656 -15.12 14.4767 17.1613 -14.5029 14.6315 17.9571 -14.4514 14.5057 17.3105
4 308 9.6171 10.5475 4.6157 11.2114 10.5092 4.5219 11.4686 10.3754 4.1934 10.6457 10.4327 4.3342
4 308 11.2114 10.5092 4.5219 9.6171 10.5475 4.6157 8.5371 10.7004 4.991 9.36 10.7196 5.0379
4 308 -8.64 13.9771 14.835 -9.4042 14.1147 15.3006 -8.6076 14.1147 15.3006 -6.8914 13.7904 14.2033
4 308 13.2171 10.4519 4.3811 12.8571 10.318 4.0527 12.1886 10.3371 4.0996 12.3429 10.4519 4.3811
4 308 14.2971 10.3754 4.1934 13.6286 10.3371 4.0996 12.8571 10.318 4.0527 13.2171 10.4519 4.3811
4 308 13.2171 10.4519 4.3811 14.2457 10.5092 4.5219 15.48 10.5092 4.5219 14.2971 10.3754 4.1934
3 308 -9.9771 13.2447 12.3569 -9.5657 13.3021 12.5513 -9.6686 13.1585 12.0654
4 308 -14.9143 13.8191 14.3005 -16.0971 13.6037 13.5717 -17.0743 13.4457 13.0371 -16.4057 13.7042 13.9117
4 308 4.4743 15.1347 20.5433 7.4057 14.8637 19.1507 8.1257 14.7863 18.7529 7.92 14.7186 18.4047
4 308 7.92 14.7186 18.4047 3.1371 15.183 20.7919 2.5714 15.2991 21.3888 4.4743 15.1347 20.5433
4 308 17.28 12.225 8.9071 16.7657 12.0814 8.4212 16.7143 12.182 8.7613 16.8686 12.2394 8.9556
4 308 8.64 14.6799 18.2057 7.92 14.7186 18.4047 8.1257 14.7863 18.7529 8.5371 14.7283 18.4545
4 308 -.6686 11.9051 7.9468 -1.0861 12.0365 8.2692 -.3577 12.0365 8.2692 .1029 11.9051 7.9468
4 308 -.6686 11.9051 7.9468 .1029 11.9051 7.9468 1.2857 11.7139 7.4777 .1029 11.7139 7.4777
4 308 10.5943 13.3165 12.5998 13.1143 13.1441 12.0167 13.5771 13.0005 11.5309 11.4686 13.1298 11.9682
4 308 12.8571 12.7851 10.8021 16.3029 12.5122 9.8788 17.28 12.3543 9.3444 15.4286 12.4979 9.8302
4 308 16.3029 12.5122 9.8788 12.8571 12.7851 10.8021 10.6457 13.0723 11.7738 13.9371 12.7707 10.7535
4 308 -4.32 6.6265 -3.4377 -5.0914 6.8175 -3.0801 -5.2971 7.0801 -2.5885 -4.32 6.8413 -3.0354
4 308 -12.6 13.5175 13.2801 -13.7314 13.934 14.6892 -13.32 13.9627 14.7863 -12.24 13.6037 13.5717
4 308 -5.9143 15.6046 23.3389 -5.9143 15.5703 22.9859 -6.6857 15.5752 23.0364 -6.3771 15.6046 23.3389
4 308 -9.6335 15.5309 22.58 -8.7353 15.5309 22.58 -8.1771 15.4249 22.0353 -9.2571 15.483 22.3337
4 308 -7.6629 15.4636 22.2342 -6.7371 15.3959 21.8861 -6.6857 15.3282 21.538 -7.4057 15.3669 21.7369
4 308 -11.5714 12.7133 10.5591 -12.4079 12.3593 9.3614 -12.96 12.225 8.9071 -13.2686 12.2968 9.15
4 308 -16.4057 13.7042 13.9117 -14.5029 14.0489 15.0779 -14.2971 13.9484 14.7378 -14.9143 13.8191 14.3005
4 308 -14.9657 10.4136 4.2872 -15.6343 10.7578 5.1318 -15.5829 11.0255 5.7887 -14.6057 10.4901 4.4749
4 308 12.3429 10.4519 4.3811 12.1886 10.3371 4.0996 11.4686 10.3754 4.1934 11.2114 10.5092 4.5219
4 308 1.2343 11.5609 7.1023 2.7257 11.5609 7.1023 4.3714 11.4462 6.8208 2.1086 11.4844 6.9147
3 308 -14.0914 11.8286 7.7592 -14.04 11.7139 7.4777 -14.4514 11.8669 7.853
4 308 -6.7371 15.3959 21.8861 -6.1714 15.3862 21.8364 -6.1714 15.3185 21.4882 -6.6857 15.3282 21.538
4 308 1.4076 12.0365 8.2692 4.9804 12.0365 8.2692 3.4971 11.9625 8.0875 2.0571 12.0007 8.1814
4 308 9.36 10.7196 5.0379 8.5371 10.7004 4.991 7.7657 10.8343 5.3195 7.9714 10.9682 5.6479
3 308 7.0457 10.9873 5.6948 7.9714 10.9682 5.6479 7.7657 10.8343 5.3195
4 308 -16.3543 12.067 8.3725 -15.9429 12.067 8.3725 -15.9794 12.0365 8.2692 -16.384 12.0365 8.2692
4 308 -14.04 13.9771 14.835 -14.2971 13.9484 14.7378 -14.5029 14.0489 15.0779 -14.04 14.1063 15.2723
4 308 -8.64 13.9771 14.835 -6.8914 13.7904 14.2033 -5.2457 13.417 12.94 -6.6343 13.6037 13.5717
4 308 -3.5486 15.5948 23.2381 -2.7771 15.6241 23.5407 -2.0057 15.6095 23.3894 -2.5714 15.5899 23.1876
4 308 -6.6343 13.6037 13.5717 -5.2457 13.417 12.94 -4.3714 13.1729 12.114 -4.7314 13.1154 11.9196
4 308 -9.2057 15.6878 24.1962 -8.3314 16.001 27.4236 -8.2286 15.8738 26.1125 -8.7429 15.6976 24.2971
4 308 -16.4057 13.7042 13.9117 -17.0743 13.4457 13.0371 -18 13.3165 12.5998 -18 13.4314 12.9886
4 308 -13.8343 13.9627 14.7863 -14.04 13.9771 14.835 -14.04 14.1063 15.2723 -13.68 14.0776 15.1751
4 308 7.0457 11.9242 7.9937 6.9943 11.7904 7.6653 5.4514 11.9051 7.9468 5.5029 12.0198 8.2283
4 308 7.0457 11.9242 7.9937 8.1771 11.7904 7.6653 8.3314 11.6374 7.29 6.9943 11.7904 7.6653
4 308 -15.9943 11.3314 6.5393 -16.5086 11.5035 6.9615 -16.56 11.6756 7.3838 -16.1486 11.6374 7.29
4 308 -16.5086 11.5035 6.9615 -15.9943 11.3314 6.5393 -15.5829 11.0255 5.7887 -16.3543 11.3314 6.5393
4 308 -13.7829 11.5418 7.0554 -14.4 11.7139 7.4777 -14.4514 11.8669 7.853 -14.04 11.7139 7.4777
4 308 -14.4 11.7139 7.4777 -13.7829 11.5418 7.0554 -12.96 11.1211 6.0232 -13.9371 11.3697 6.6332
3 308 8.5886 14.6509 18.0565 7.92 14.7186 18.4047 8.64 14.6799 18.2057
4 308 -12.9086 9.8973 3.0205 -14.2457 10.1077 3.5366 -14.9657 10.4136 4.2872 -14.6057 10.4901 4.4749
4 308 -14.2457 10.1077 3.5366 -12.9086 9.8973 3.0205 -12.0857 9.4193 1.8476 -13.5257 9.8591 2.9267
4 308 8.5886 14.6509 18.0565 8.3314 14.6315 17.9571 8.0229 14.6412 18.0069 7.92 14.7186 18.4047
4 308 10.08 13.1585 12.0654 9.9257 13.2303 12.3083 9.9257 13.2877 12.5027 11.4686 13.1298 11.9682
4 308 10.08 13.1585 12.0654 11.4686 13.1298 11.9682 13.9371 12.7707 10.7535 10.6457 13.0723 11.7738
4 308 -5.0914 6.8175 -3.0801 -6.3771 7.2233 -2.3203 -6.2743 7.4381 -1.9181 -5.2971 7.0801 -2.5885
4 308 -11.7845 9.3223 1.6096 -12.0857 9.4193 1.8476 -12.9086 9.8973 3.0205 -11.1234 9.3223 1.6096
4 308 -9.2057 15.6878 24.1962 -8.7429 15.6976 24.2971 -7.8171 15.6584 23.8936 -8.8971 15.6584 23.8936
4 308 11.0057 11.2359 6.3047 9.7714 11.3888 6.68 9.6686 11.5418 7.0554 10.7486 11.3888 6.68
3 308 -10.5429 14.3412 16.4651 -8.6076 14.1147 15.3006 -9.4042 14.1147 15.3006
3 308 -10.08 8.6556 .3613 -10.5429 9.0852 1.1658 -8.5371 8.1065 -.6667
4 308 16.8686 12.2394 8.9556 16.92 12.3112 9.1986 17.3829 12.2968 9.15 17.28 12.225 8.9071
4 308 -9.9771 13.2447 12.3569 -9.6686 13.1585 12.0654 -9.8743 13.0436 11.6767 -10.1829 13.1154 11.9196
4 308 -7.7143 8.011 -.8454 -6.2743 7.4381 -1.9181 -6.3771 7.2233 -2.3203 -7.4571 7.6768 -1.4712
4 308 -7.4571 7.6768 -1.4712 -8.5371 8.1065 -.6667 -10.5429 9.0852 1.1658 -7.7143 8.011 -.8454
4 308 -9.9771 10.0885 3.4897 -7.538 9.3223 1.6096 -8.0965 9.3223 1.6096 -10.3886 10.0503 3.3959
3 308 -10.9543 14.5638 17.6089 -11.0057 14.7476 18.5539 -10.3371 14.8541 19.1009
3 308 7.0457 10.9873 5.6948 6.12 11.1211 6.0232 7.9714 10.9682 5.6479
4 308 4.7829 11.255 6.3517 7.0971 11.1403 6.0702 7.9714 10.9682 5.6479 6.12 11.1211 6.0232
4 308 -3.24 15.3765 21.7866 -3.2914 15.4443 22.1348 -2.5714 15.4346 22.085 -2.4686 15.3669 21.7369
4 308 6.0686 11.2741 6.3985 3.3943 11.3697 6.6332 2.1086 11.4844 6.9147 4.3714 11.4462 6.8208
4 308 3.3943 11.3697 6.6332 6.0686 11.2741 6.3985 7.0971 11.1403 6.0702 4.7829 11.255 6.3517
4 308 -9.8743 13.0436 11.6767 -11.0057 12.6989 10.5105 -11.3657 12.6128 10.219 -10.1829 13.1154 11.9196
4 308 -2.7771 15.6241 23.5407 -3.5486 15.5948 23.2381 -4.3714 15.6192 23.4902 -3.3943 15.629 23.591
4 308 -10.1829 13.1154 11.9196 -11.3657 12.6128 10.219 -12.4079 12.3593 9.3614 -11.5714 12.7133 10.5591
3 308 12.1371 11.2167 6.2578 11.4171 11.3506 6.5862 11.9314 11.3506 6.5862
4 308 -6.6343 13.1872 12.1625 -4.7314 13.1154 11.9196 -4.9886 13.0149 11.5794 -5.6057 13.0723 11.7738
4 308 -11.9829 10.7578 5.1318 -12.8571 10.8725 5.4133 -13.9371 11.3697 6.6332 -12.96 11.1211 6.0232
4 308 12.1371 11.2167 6.2578 11.0057 11.2359 6.3047 10.7486 11.3888 6.68 11.4171 11.3506 6.5862
4 308 -5.1429 15.6095 23.3894 -4.3714 15.6192 23.4902 -3.5486 15.5948 23.2381 -4.6286 15.5801 23.0868
4 308 -12.0857 13.4744 13.1344 -12.1886 13.3739 12.7942 -12.6514 13.3739 12.7942 -12.5486 13.4457 13.0371
4 308 -8.9486 13.5032 13.2315 -9.36 13.5606 13.4259 -9.9257 13.7329 14.009 -9.2057 13.6611 13.766
4 308 -9.2057 13.6611 13.766 -6.7371 13.3165 12.5998 -7.7657 13.3308 12.6484 -8.9486 13.5032 13.2315
4 308 -10.1829 13.7186 13.9603 -9.9257 13.7329 14.009 -9.36 13.5606 13.4259 -9.6171 13.5462 13.3773
4 308 -4.3714 13.0292 11.6281 -4.5771 13.0005 11.5309 -4.9886 13.0149 11.5794 -4.7314 13.1154 11.9196
4 308 -4.3714 13.0292 11.6281 -4.7314 13.1154 11.9196 -4.3714 13.1729 12.114 -4.2686 13.101 11.871
4 308 -5.4 15.3282 21.538 -5.4514 15.4056 21.9358 -4.1143 15.4346 22.085 -4.4229 15.3572 21.6872
4 308 2.0057 12.1101 8.5183 3.7029 12.067 8.3725 1.4076 12.0365 8.2692 .6686 12.067 8.3725
4 308 -5.9143 15.6046 23.3389 -5.1429 15.6095 23.3894 -4.6286 15.5801 23.0868 -5.9143 15.5703 22.9859
4 308 -11.0571 14.438 16.9624 -11.52 14.438 16.9624 -11.4686 14.5348 17.4597 -11.0571 14.4864 17.2111
4 308 -11.52 14.438 16.9624 -11.0571 14.438 16.9624 -10.9543 14.3993 16.7635 -11.3657 14.3606 16.5645
4 308 .1543 6.9846 -2.7673 1.44 6.8652 -2.9907 1.7486 6.7936 -3.1248 1.08 6.6504 -3.3929
4 308 1.08 6.6504 -3.3929 -.6171 6.8652 -2.9907 -1.08 7.1278 -2.4991 .1543 6.9846 -2.7673
4 308 -2.3657 6.3878 -3.8846 -1.4914 6.5549 -3.5717 -.4114 6.3639 -3.9292 -1.2857 6.3639 -3.9292
4 308 -1.4914 6.5549 -3.5717 -2.3657 6.3878 -3.8846 -3.1886 6.4594 -3.7505 -3.1886 6.6265 -3.4377
4 308 -13.6286 12.9144 11.2394 -15.1714 12.3686 9.3929 -16.0457 12.2394 8.9556 -15.2229 12.5266 9.9275
4 308 -10.1829 13.7186 13.9603 -9.6171 13.5462 13.3773 -9.9771 13.5175 13.2801 -10.2343 13.6324 13.6688
4 308 1.1829 6.4594 -3.7505 .4114 6.3878 -3.8846 -.36 6.5549 -3.5717 1.08 6.6504 -3.3929
4 308 -14.4514 14.5057 17.3105 -14.5029 14.6315 17.9571 -14.1943 14.7379 18.5041 -13.9886 14.6218 17.9073
4 308 -2.4686 15.3669 21.7369 -2.5714 15.4346 22.085 -1.0286 15.3475 21.6374 -1.8 15.3282 21.538
4 308 -15.1714 12.3686 9.3929 -15.9429 12.067 8.3725 -16.3543 12.067 8.3725 -16.0457 12.2394 8.9556
3 308 .9771 12.1532 8.6641 2.0057 12.1101 8.5183 .6686 12.067 8.3725
4 308 -15.6343 10.7578 5.1318 -16.0971 11.0638 5.8825 -16.3543 11.3314 6.5393 -15.5829 11.0255 5.7887
4 308 -2.16 7.3188 -2.1416 -1.08 7.1278 -2.4991 -.6171 6.8652 -2.9907 -1.6971 7.0085 -2.7225
4 308 16.4571 10.6813 4.9441 15.48 10.5092 4.5219 14.2457 10.5092 4.5219 15.5314 10.6813 4.9441
4 308 .4114 6.3878 -3.8846 -.4114 6.3639 -3.9292 -1.4914 6.5549 -3.5717 -.36 6.5549 -3.5717
4 308 15.9943 12.7995 10.8506 13.5771 13.0005 11.5309 13.1143 13.1441 12.0167 15.7371 12.9287 11.2879
4 308 -11.0571 14.4864 17.2111 -11.4686 14.5348 17.4597 -11.0057 14.7476 18.5539 -10.9543 14.5638 17.6089
3 308 -12.1886 13.3739 12.7942 -13.68 13.0436 11.6767 -12.6514 13.3739 12.7942
4 308 -12.1886 13.3739 12.7942 -13.6286 12.9144 11.2394 -15.2229 12.5266 9.9275 -13.68 13.0436 11.6767
4 308 -17.4857 14.0891 15.214 -16.5962 14.1147 15.3006 -18 13.8047 14.2519 -17.8046 14.0202 14.9807
3 308 -18 13.9771 14.835 -17.8046 14.0202 14.9807 -18 13.8047 14.2519
4 308 -6.1714 15.3185 21.4882 -6.1714 15.3862 21.8364 -5.4514 15.4056 21.9358 -5.4 15.3282 21.538
4 308 -1.2343 15.5458 22.7338 -1.1829 15.5801 23.0868 .0231 15.5309 22.58 -.8837 15.5309 22.58
4 308 -7.6629 15.6095 23.3894 -6.8914 15.6192 23.4902 -6.3771 15.6046 23.3389 -6.6857 15.5752 23.0364
3 308 -10.08 8.6556 .3613 -10.5429 8.8226 .6741 -10.5429 9.0852 1.1658
4 308 -10.5429 8.8226 .6741 -11.7845 9.3223 1.6096 -11.1234 9.3223 1.6096 -10.5429 9.0852 1.1658
3 308 4.9804 12.0365 8.2692 1.4076 12.0365 8.2692 3.7029 12.067 8.3725
4 308 -13.7792 12.0365 8.2692 -13.8343 12.0198 8.2283 -14.3486 12.0007 8.1814 -14.2473 12.0365 8.2692
3 308 -14.0914 11.8286 7.7592 -14.4514 11.8669 7.853 -14.04 11.9242 7.9937
4 308 -14.4514 11.8669 7.853 -14.3486 12.0007 8.1814 -13.8343 12.0198 8.2283 -14.04 11.9242 7.9937
4 308 5.5029 12.0198 8.2283 5.4514 11.9051 7.9468 3.4971 11.9625 8.0875 4.9804 12.0365 8.2692
4 308 -12.4971 15.722 24.5492 -12.3943 15.5997 23.2885 -12.561 15.5309 22.58 -12.9863 15.5309 22.58
4 308 16.536 12.0365 8.2692 15.7371 11.8286 7.7592 15.7886 11.9625 8.0875 16.0448 12.0365 8.2692
4 308 -3.1886 7.5336 -1.7393 -2.16 7.3188 -2.1416 -1.6971 7.0085 -2.7225 -3.0857 7.2949 -2.1862
4 308 -3.0857 7.2949 -2.1862 -4.1657 7.5814 -1.6499 -4.0114 7.7723 -1.2924 -3.1886 7.5336 -1.7393
4 308 16.7143 12.182 8.7613 16.7657 12.0814 8.4212 16.536 12.0365 8.2692 16.0448 12.0365 8.2692
4 308 -12.561 15.5309 22.58 -13.1657 15.0379 20.0459 -13.4743 15.154 20.6427 -12.9863 15.5309 22.58
4 308 -16.1486 14.2929 16.2164 -16.5086 14.1284 15.3709 -16.5962 14.1147 15.3006 -17.3662 14.1147 15.3006
4 308 -6.9943 9.1091 1.2104 -7.92 9.2523 1.4786 -8.0965 9.3223 1.6096 -7.538 9.3223 1.6096
3 308 -8.3314 16.001 27.4236 -7.8171 16.001 27.4236 -8.2286 15.8738 26.1125
4 308 -15.9794 12.0365 8.2692 -16.1486 11.8477 7.806 -16.5086 11.8669 7.853 -16.384 12.0365 8.2692
0 // Green faces
4 0x2464628 -8.3785 12.0365 8.2692 -9.3086 12.1963 8.8098 -8.2286 12.1676 8.7127 -7.4166 12.0365 8.2692
3 0x2464628 17.1257 9.2285 1.4339 16.0535 9.3223 1.6096 17.8131 9.3223 1.6096
4 0x2464628 4.9886 5.2294 -5.7263 5.4 5.029 -6.0189 4.5257 4.9144 -6.1862 3.7543 5.1148 -5.8935
3 0x2464628 -13.0114 8.9897 .987 -13.5257 8.8226 .6741 -13.5771 9.0852 1.1658
4 0x2464628 9.2353 9.3223 1.6096 9.5143 9.4002 1.8007 10.6971 9.4767 1.9884 10.0747 9.3223 1.6096
4 0x2464628 10.6971 9.4767 1.9884 9.5143 9.4002 1.8007 8.5371 9.4958 2.0352 10.0286 9.5149 2.0822
4 0x2464628 8.5886 6.3401 -3.974 8.0115 6.0239 -4.5659 7.3932 6.0239 -4.5659 7.8171 6.2207 -4.1974
3 0x2464628 8.0115 6.0239 -4.5659 8.5886 6.3401 -3.974 8.0229 6.0297 -4.555
4 0x2464628 1.1314 10.4136 4.2872 -.36 10.5857 4.7095 -1.1314 10.8725 5.4133 .6686 10.624 4.8034
4 0x2464628 -10.5943 8.2736 -.3538 -10.4914 8.5601 .1825 -10.08 8.6556 .3613 -10.1314 8.3452 -.2198
3 0x2464628 -13.7314 13.7617 14.1061 -13.8343 13.9627 14.7863 -13.7314 13.934 14.6892
4 0x2464628 7.8171 6.2207 -4.1974 8.4857 6.6504 -3.3929 9.1543 6.722 -3.2589 8.5886 6.3401 -3.974
4 0x2464628 -10.1314 8.3452 -.2198 -10.2857 8.011 -.8454 -10.8514 7.8678 -1.1136 -10.5943 8.2736 -.3538
4 0x2464628 -14.3486 5.2866 -5.6427 -14.9657 4.8286 -6.3116 -15.6857 4.6282 -6.6042 -15.0686 5.1721 -5.8099
3 0x2464628 -13.8343 9.6679 2.4575 -14.2457 10.1077 3.5366 -13.5257 9.8591 2.9267
4 0x2464628 -15.6343 7.4381 -1.9181 -15.9429 7.5814 -1.6499 -14.9657 7.9633 -.9349 -14.5029 7.8439 -1.1583
4 0x2464628 -15.5829 12.7133 10.5591 -15.2743 12.9287 11.2879 -14.76 13.0867 11.8224 -15.0171 12.8569 11.045
3 0x2464628 -10.8514 7.8678 -1.1136 -10.2857 8.011 -.8454 -10.5943 7.653 -1.5158
4 0x2464628 -9.9771 5.2579 -5.6845 -10.5943 5.2866 -5.6427 -11.1086 5.3725 -5.5173 -10.08 5.5156 -5.3083
4 0x2464628 3.4457 6.531 -3.6165 3.8571 6.8175 -3.0801 4.3714 6.913 -2.9013 4.3714 6.6504 -3.3929
4 0x2464628 2.2114 4.8572 -6.2698 .6171 4.9144 -6.1862 -.6686 5.2007 -5.7681 1.2343 5.1148 -5.8935
4 0x2464628 5.2971 7.2471 -2.2757 5.7086 7.462 -1.8734 6.2229 7.4143 -1.9628 5.6571 7.0562 -2.6332
4 0x2464628 5.6571 7.0562 -2.6332 5.1429 6.8413 -3.0354 4.8857 7.0323 -2.6779 5.2971 7.2471 -2.2757
4 0x2464628 6.1714 5.2007 -5.7681 6.1714 5.487 -5.35 6.9943 5.8018 -4.8902 6.7886 5.4011 -5.4755
4 0x2464628 -11.7257 6.8413 -3.0354 -11.88 7.0801 -2.5885 -11.2629 7.4859 -1.8287 -11.0571 7.2471 -2.2757
4 0x2464628 -13.8343 9.6679 2.4575 -13.5257 9.8591 2.9267 -13.1143 9.381 1.7537 -13.628 9.3223 1.6096
4 0x2464628 -2.6229 11.1211 6.0232 -1.1314 10.8725 5.4133 -.36 10.5857 4.7095 -1.5943 10.7578 5.1318
4 0x2464628 14.5543 9.0375 1.0763 14.76 8.8226 .6741 13.5257 8.5362 .1378 13.5257 8.7988 .6294
4 0x2464628 18 9.3428 1.6599 17.8131 9.3223 1.6096 16.0535 9.3223 1.6096 17.0229 9.4575 1.9414
4 0x2464628 -16.3029 12.5697 10.0732 -15.7886 12.7995 10.8506 -15.2743 12.9287 11.2879 -15.5829 12.7133 10.5591
4 0x2464628 -11.7257 6.8413 -3.0354 -11.9829 6.6742 -3.3483 -12.6 6.722 -3.2589 -11.88 7.0801 -2.5885
4 0x2464628 -14.4 13.2877 12.5027 -14.1429 13.5032 13.2315 -13.8343 13.5462 13.3773 -14.04 13.3308 12.6484
4 0x2464628 3.7029 10.1841 3.7242 4.1143 10.318 4.0527 5.5029 10.1459 3.6304 4.4743 10.1077 3.5366
4 0x2464628 4.1143 10.318 4.0527 3.7029 10.1841 3.7242 2.5714 10.2798 3.9589 2.2114 10.471 4.428
3 0x2464628 -10.08 8.6556 .3613 -10.4914 8.5601 .1825 -10.5429 8.8226 .6741
4 0x2464628 -14.04 13.9771 14.835 -13.8343 13.9627 14.7863 -13.7314 13.7617 14.1061 -14.04 13.7329 14.009
4 0x2464628 -9.5657 6.5788 -3.527 -11.0571 6.6026 -3.4824 -11.0057 6.7936 -3.1248 -9.5143 6.7697 -3.1695
3 0x2464628 -5.8114 13.0149 11.5794 -6.6343 13.1872 12.1625 -5.6057 13.0723 11.7738
4 0x2464628 -11.0057 6.7936 -3.1248 -11.0571 6.6026 -3.4824 -11.9829 6.6742 -3.3483 -11.7257 6.8413 -3.0354
3 0x2464628 18 9.3428 1.6599 17.0229 9.4575 1.9414 18 9.5531 2.176
4 0x2464628 -16.8171 12.5984 10.1704 -17.2286 12.4117 9.5387 -18 12.2968 9.15 -18 12.4117 9.5387
4 0x2464628 13.5257 8.7988 .6294 13.5257 8.5362 .1378 12.5486 8.2497 -.3986 12.5486 8.5123 .0931
4 0x2464628 12.5486 8.5123 .0931 12.5486 8.2497 -.3986 11.6229 7.9394 -.9795 11.2629 8.1065 -.6667
4 0x2464628 6.9429 9.8973 3.0205 5.5029 9.9547 3.1612 4.4743 10.1077 3.5366 5.5029 10.1459 3.6304
4 0x2464628 -13.5771 8.6317 .3166 -13.5257 8.8226 .6741 -13.0114 8.9897 .987 -13.0114 8.6556 .3613
4 0x2464628 6.7886 7.82 -1.203 6.2229 7.4143 -1.9628 5.7086 7.462 -1.8734 6.2229 7.82 -1.203
4 0x2464628 -10.8514 7.8678 -1.1136 -10.5943 7.653 -1.5158 -11.0571 7.2471 -2.2757 -11.2629 7.4859 -1.8287
4 0x2464628 11.2629 8.1065 -.6667 11.6229 7.9394 -.9795 10.5943 7.5336 -1.7393 10.1829 7.653 -1.5158
4 0x2464628 -17.3314 14.9121 19.3994 -17.4343 14.5831 17.7084 -17.8457 14.409 16.8132 -17.7943 14.8057 18.8523
4 0x2464628 -15.0686 5.1721 -5.8099 -14.4 5.6014 -5.1829 -13.8857 5.487 -5.35 -14.3486 5.2866 -5.6427
4 0x2464628 -16.6114 7.0085 -2.7225 -16.7657 7.2471 -2.2757 -15.9429 7.5814 -1.6499 -15.6343 7.4381 -1.9181
4 0x2464628 -8.5886 5.487 -5.35 -6.0171 5.4297 -5.4337 -4.9886 5.1435 -5.8517 -7.7657 5.2294 -5.7263
4 0x2464628 -16.7657 7.2471 -2.2757 -16.6114 7.0085 -2.7225 -17.28 6.6265 -3.4377 -17.4343 6.8891 -2.9461
4 0x2464628 -5.8114 13.0149 11.5794 -4.9886 13.0149 11.5794 -3.8571 12.8138 10.8992 -4.3714 12.742 10.6563
3 0x2464628 -5.6057 13.0723 11.7738 -4.9886 13.0149 11.5794 -5.8114 13.0149 11.5794
4 0x2464628 2.5714 10.2798 3.9589 1.1314 10.4136 4.2872 .6686 10.624 4.8034 2.2114 10.471 4.428
4 0x2464628 8.4857 6.6504 -3.3929 9.36 7.1994 -2.365 9.7714 7.1039 -2.5438 9.1543 6.722 -3.2589
4 0x2464628 7.5086 5.716 -5.0156 6.9943 5.8018 -4.8902 7.3932 6.0239 -4.5659 8.0115 6.0239 -4.5659
3 0x2464628 6.7886 5.4011 -5.4755 6.9943 5.8018 -4.8902 7.5086 5.716 -5.0156
4 0x2464628 -6.84 6.7936 -3.1248 -5.0914 6.8175 -3.0801 -4.32 6.6265 -3.4377 -6.8914 6.6026 -3.4824
4 0x2464628 6.1714 5.2007 -5.7681 5.4 5.029 -6.0189 4.9886 5.2294 -5.7263 6.1714 5.487 -5.35
4 0x2464628 -17.4343 6.8891 -2.9461 -17.28 6.6265 -3.4377 -18 6.1252 -4.3762 -18 6.5072 -3.6611
4 0x2464628 6.7371 9.7444 2.6452 8.28 9.7061 2.5514 9.3086 9.5914 2.2699 7.92 9.5723 2.2229
4 0x2464628 8.28 9.7061 2.5514 6.7371 9.7444 2.6452 5.5029 9.9547 3.1612 6.9429 9.8973 3.0205
4 0x2464628 -15.0171 12.8569 11.045 -14.76 13.0867 11.8224 -14.2457 13.1441 12.0167 -14.6057 12.9862 11.4823
4 0x2464628 -14.04 13.3308 12.6484 -14.2457 13.1441 12.0167 -14.76 13.0867 11.8224 -14.4 13.2877 12.5027
3 0x2464628 -7.9714 11.9434 8.0407 -6.2743 11.7904 7.6653 -6.6857 11.6756 7.3838
4 0x2464628 -6.2743 11.7904 7.6653 -7.9714 11.9434 8.0407 -8.3785 12.0365 8.2692 -7.4166 12.0365 8.2692
4 0x2464628 -13.8857 5.487 -5.35 -14.4 5.6014 -5.1829 -13.8343 5.8305 -4.8484 -13.4229 5.5729 -5.2246
4 0x2464628 -2.52 12.584 10.1218 -2.0571 12.4548 9.6845 -2.1086 12.383 9.4415 -3.0857 12.5266 9.9275
4 0x2464628 9.7714 7.1039 -2.5438 9.36 7.1994 -2.365 10.1829 7.653 -1.5158 10.5943 7.5336 -1.7393
4 0x2464628 7.5086 8.2497 -.3986 6.7886 7.82 -1.203 6.2229 7.82 -1.203 6.8914 8.2736 -.3538
4 0x2464628 .6171 4.9144 -6.1862 -1.9543 5.029 -6.0189 -3.4457 5.3152 -5.6009 -.6686 5.2007 -5.7681
4 0x2464628 -17.1257 15.1927 20.8417 -17.3314 14.9121 19.3994 -17.7943 14.8057 18.8523 -17.5886 15.1347 20.5433
4 0x2464628 -15.7886 12.7995 10.8506 -16.3029 12.5697 10.0732 -17.2286 12.4117 9.5387 -16.8171 12.5984 10.1704
4 0x2464628 -16.6114 15.5801 23.0868 -16.9714 15.629 23.591 -16.3543 15.8101 25.4569 -15.7886 15.8248 25.6082
4 0x2464628 -13.7314 8.4407 -.041 -13.5771 8.6317 .3166 -13.0114 8.6556 .3613 -13.2171 8.393 -.1304
3 0x2464628 -17.5886 15.1347 20.5433 -17.3314 15.4636 22.2342 -17.1257 15.1927 20.8417
4 0x2464628 -13.2171 8.393 -.1304 -13.5257 8.202 -.4879 -14.1943 8.2497 -.3986 -13.7314 8.4407 -.041
4 0x2464628 2.52 6.4833 -3.7058 3.1371 6.7458 -3.2142 3.8571 6.8175 -3.0801 3.4457 6.531 -3.6165
3 0x2464628 1.6457 6.5072 -3.6611 1.8514 6.5788 -3.527 2.52 6.4833 -3.7058
3 0x2464628 1.9029 6.6742 -3.3483 2.4686 6.6981 -3.3036 1.8514 6.5788 -3.527
4 0x2464628 1.8514 6.5788 -3.527 2.4686 6.6981 -3.3036 3.1371 6.7458 -3.2142 2.52 6.4833 -3.7058
3 0x2464628 -12.96 5.6014 -5.1829 -13.4229 5.5729 -5.2246 -13.8343 5.8305 -4.8484
4 0x2464628 -4.3714 11.4079 6.727 -2.6229 11.1211 6.0232 -1.5943 10.7578 5.1318 -3.0857 11.0064 5.7417
4 0x2464628 -12.2914 5.8591 -4.8066 -11.4686 5.716 -5.0156 -13.8343 5.8305 -4.8484 -13.1657 5.8877 -4.7648
4 0x2464628 -13.5771 9.0852 1.1658 -13.628 9.3223 1.6096 -13.095 9.3223 1.6096 -13.0114 8.9897 .987
4 0x2464628 7.6629 8.6794 .4059 8.6914 9.133 1.2551 9.6171 9.1807 1.3445 8.4857 8.751 .54
4 0x2464628 -1.9543 5.029 -6.0189 -4.9886 5.1435 -5.8517 -6.0171 5.4297 -5.4337 -3.4457 5.3152 -5.6009
4 0x2464628 -15.1714 16.001 27.4236 -15.7886 15.8248 25.6082 -16.3543 15.8101 25.4569 -15.7371 16.001 27.4236
4 0x2464628 -7.7657 5.2294 -5.7263 -9.9771 5.2579 -5.6845 -10.08 5.5156 -5.3083 -8.5886 5.487 -5.35
3 0x2464628 -2.0571 12.4548 9.6845 -2.52 12.584 10.1218 -1.8 12.4692 9.7331
4 0x2464628 -4.3714 11.4079 6.727 -5.5543 11.4271 6.7739 -6.6857 11.6756 7.3838 -6.2743 11.7904 7.6653
4 0x2464628 -5.5543 11.4271 6.7739 -4.3714 11.4079 6.727 -3.0857 11.0064 5.7417 -4.3714 11.2167 6.2578
4 0x2464628 10.0286 9.5149 2.0822 8.5371 9.4958 2.0352 7.92 9.5723 2.2229 9.3086 9.5914 2.2699
4 0x2464628 -16.7263 15.5309 22.58 -17.2387 15.5309 22.58 -16.9714 15.629 23.591 -16.6114 15.5801 23.0868
4 0x2464628 5.1429 6.8413 -3.0354 4.3714 6.6504 -3.3929 4.3714 6.913 -2.9013 4.8857 7.0323 -2.6779
4 0x2464628 -10.44 12.4117 9.5387 -9.72 12.4261 9.5873 -8.2286 12.1676 8.7127 -9.3086 12.1963 8.8098
4 0x2464628 -10.08 5.5156 -5.3083 -11.1086 5.3725 -5.5173 -11.8286 5.5156 -5.3083 -11.4686 5.716 -5.0156
4 0x2464628 -9.5657 6.5788 -3.527 -9.5143 6.7697 -3.1695 -6.84 6.7936 -3.1248 -6.8914 6.6026 -3.4824
4 0x2464628 -4.3714 12.742 10.6563 -3.8571 12.8138 10.8992 -2.52 12.584 10.1218 -3.0857 12.5266 9.9275
4 0x2464628 -16.571 3.9984 -7.5239 -15.6857 4.6282 -6.6042 -14.9657 4.8286 -6.3116 -15.6829 4.1996 -7.2302
4 0x2464628 1.2343 5.1148 -5.8935 2.5714 5.0862 -5.9354 3.5486 4.8572 -6.2698 2.2114 4.8572 -6.2698
3 0x2464628 -13.095 9.3223 1.6096 -13.1143 9.381 1.7537 -13.628 9.3223 1.6096
4 0x2464628 -17.4837 14.1147 15.3006 -17.8119 14.1147 15.3006 -17.8457 14.409 16.8132 -17.4343 14.5831 17.7084
4 0x2464628 -13.7314 13.7617 14.1061 -13.8343 13.5462 13.3773 -14.1429 13.5032 13.2315 -14.04 13.7329 14.009
4 0x2464628 -14.9657 7.9633 -.9349 -14.1943 8.2497 -.3986 -13.5257 8.202 -.4879 -14.5029 7.8439 -1.1583
4 0x2464628 4.5257 4.9144 -6.1862 3.5486 4.8572 -6.2698 2.5714 5.0862 -5.9354 3.7543 5.1148 -5.8935
4 0x2464628 17.1257 9.2285 1.4339 15.8914 9.0614 1.121 15.7886 9.2762 1.5233 16.0535 9.3223 1.6096
4 0x2464628 -17.0741 3.7195 -7.9313 -16.571 3.9984 -7.5239 -15.6829 4.1996 -7.2302 -16.5 3.655 -8.0255
4 0x2464628 -11.3657 12.6128 10.219 -11.0057 12.6989 10.5105 -9.72 12.4261 9.5873 -10.44 12.4117 9.5387
4 0x2464628 6.8914 8.2736 -.3538 7.6629 8.6794 .4059 8.4857 8.751 .54 7.5086 8.2497 -.3986
4 0x2464628 -16.7263 15.5309 22.58 -17.1257 15.1927 20.8417 -17.3314 15.4636 22.2342 -17.2387 15.5309 22.58
4 0x2464628 -11.4686 5.716 -5.0156 -12.3943 5.5729 -5.2246 -12.96 5.6014 -5.1829 -13.8343 5.8305 -4.8484
3 0x2464628 -11.8286 5.5156 -5.3083 -12.3943 5.5729 -5.2246 -11.4686 5.716 -5.0156
4 0x2464628 10.0747 9.3223 1.6096 9.6171 9.1807 1.3445 8.6914 9.133 1.2551 9.2353 9.3223 1.6096
4 0x2464628 -17.4857 14.0891 15.214 -17.8046 14.0202 14.9807 -17.8119 14.1147 15.3006 -17.4837 14.1147 15.3006
4 0x2464628 14.76 8.8226 .6741 14.5543 9.0375 1.0763 15.7886 9.2762 1.5233 15.8914 9.0614 1.121
0 // Olive faces
4 330 -11.7845 9.3223 1.6096 -10.5429 8.8226 .6741 -13.0114 8.9897 .987 -13.095 9.3223 1.6096
3 330 17.0229 9.4575 1.9414 16.4571 10.6813 4.9441 17.3314 10.8725 5.4133
4 330 -18 6.1252 -4.3762 -17.28 6.6265 -3.4377 -12.6 6.722 -3.2589 -11.9829 6.6742 -3.3483
3 330 10.0747 9.3223 1.6096 16.0535 9.3223 1.6096 15.7886 9.2762 1.5233
3 330 -1.0861 12.0365 8.2692 -7.4166 12.0365 8.2692 -1.3371 12.0958 8.4698
3 330 7.3932 6.0239 -4.5659 -.4114 6.3639 -3.9292 .4114 6.3878 -3.8846
3 330 -15.0686 5.1721 -5.8099 -15.6857 4.6282 -6.6042 -18 4.5025 -6.7878
4 330 -18 4.5025 -6.7878 -15.6857 4.6282 -6.6042 -16.571 3.9984 -7.5239 -17.0741 3.7195 -7.9313
4 330 -10.4914 8.5601 .1825 -10.5943 8.2736 -.3538 -13.2171 8.393 -.1304 -13.0114 8.6556 .3613
4 330 -10.08 5.5156 -5.3083 7.3932 6.0239 -4.5659 6.9943 5.8018 -4.8902 -8.5886 5.487 -5.35
3 330 4.3714 6.6504 -3.3929 7.3932 6.0239 -4.5659 3.4457 6.531 -3.6165
3 330 .4114 6.3878 -3.8846 1.1829 6.4594 -3.7505 7.3932 6.0239 -4.5659
4 330 -14.9143 13.8191 14.3005 -14.2971 13.9484 14.7378 -14.04 13.9771 14.835 -14.04 13.7329 14.009
4 330 8.5371 10.7004 4.991 6.9429 9.8973 3.0205 5.5029 10.1459 3.6304 7.7657 10.8343 5.3195
4 330 .1029 11.7139 7.4777 -2.6229 11.1211 6.0232 -4.3714 11.4079 6.727 -.6686 11.9051 7.9468
3 330 -13.1657 5.8877 -4.7648 -13.8343 5.8305 -4.8484 -18 6.0239 -4.5659
3 330 -11.0571 6.6026 -3.4824 -18 6.1252 -4.3762 -11.9829 6.6742 -3.3483
3 330 -9.5657 6.5788 -3.527 -18 6.1252 -4.3762 -11.0571 6.6026 -3.4824
4 330 -9.8743 13.0436 11.6767 -5.8114 13.0149 11.5794 -9.72 12.4261 9.5873 -11.0057 12.6989 10.5105
4 330 -17.3662 14.1147 15.3006 -17.4837 14.1147 15.3006 -17.4343 14.5831 17.7084 -16.1486 14.2929 16.2164
4 330 7.3932 6.0239 -4.5659 1.1829 6.4594 -3.7505 1.6457 6.5072 -3.6611 2.52 6.4833 -3.7058
4 330 -15.7886 12.7995 10.8506 -16.8171 12.5984 10.1704 -17.0743 13.4457 13.0371 -16.0971 13.6037 13.5717
4 330 -14.76 13.0867 11.8224 -15.2743 12.9287 11.2879 -15.7886 12.7995 10.8506 -16.0971 13.6037 13.5717
4 330 -11.88 7.0801 -2.5885 -12.6 6.722 -3.2589 -17.28 6.6265 -3.4377 -16.6114 7.0085 -2.7225
4 330 -16.6114 7.0085 -2.7225 -15.6343 7.4381 -1.9181 -11.2629 7.4859 -1.8287 -11.88 7.0801 -2.5885
4 330 6.7886 7.82 -1.203 7.5086 8.2497 -.3986 11.2629 8.1065 -.6667 10.1829 7.653 -1.5158
4 330 13.5257 8.7988 .6294 9.6171 9.1807 1.3445 10.0747 9.3223 1.6096 14.5543 9.0375 1.0763
4 330 -14.4 5.6014 -5.1829 -15.0686 5.1721 -5.8099 -18 4.5025 -6.7878 -18 6.0239 -4.5659
3 330 15.48 10.5092 4.5219 17.0229 9.4575 1.9414 14.2971 10.3754 4.1934
3 330 17.0229 9.4575 1.9414 13.6286 10.3371 4.0996 14.2971 10.3754 4.1934
4 330 -14.5029 7.8439 -1.1583 -13.5257 8.202 -.4879 -10.5943 8.2736 -.3538 -10.8514 7.8678 -1.1136
4 330 10.0747 9.3223 1.6096 10.6971 9.4767 1.9884 17.0229 9.4575 1.9414 16.0535 9.3223 1.6096
3 330 2.52 6.4833 -3.7058 3.4457 6.531 -3.6165 7.3932 6.0239 -4.5659
3 330 17.0229 9.4575 1.9414 12.8571 10.318 4.0527 13.6286 10.3371 4.0996
3 330 -7.4166 12.0365 8.2692 -1.0861 12.0365 8.2692 -6.2743 11.7904 7.6653
3 330 -15.7886 15.8248 25.6082 -12.4971 15.722 24.5492 -16.6114 15.5801 23.0868
4 330 12.5486 8.5123 .0931 8.4857 8.751 .54 9.6171 9.1807 1.3445 13.5257 8.7988 .6294
4 330 8.4857 8.751 .54 12.5486 8.5123 .0931 11.2629 8.1065 -.6667 7.5086 8.2497 -.3986
3 330 -13.2171 8.393 -.1304 -10.5943 8.2736 -.3538 -13.5257 8.202 -.4879
4 330 -15.6343 7.4381 -1.9181 -14.5029 7.8439 -1.1583 -10.8514 7.8678 -1.1136 -11.2629 7.4859 -1.8287
4 330 -7.4166 12.0365 8.2692 -3.0857 12.5266 9.9275 -2.1086 12.383 9.4415 -1.8514 12.2394 8.9556
3 330 -13.1143 9.381 1.7537 -13.5257 9.8591 2.9267 -12.0857 9.4193 1.8476
4 330 -3.4457 5.3152 -5.6009 -6.0171 5.4297 -5.4337 6.1714 5.487 -5.35 -.6686 5.2007 -5.7681
4 330 -3.1886 6.4594 -3.7505 -18 6.0239 -4.5659 -6.8914 6.6026 -3.4824 -4.32 6.6265 -3.4377
3 330 -12.2914 5.8591 -4.8066 -18 6.0239 -4.5659 7.3932 6.0239 -4.5659
3 330 -1.3371 12.0958 8.4698 -7.4166 12.0365 8.2692 -1.8514 12.2394 8.9556
4 330 -15.12 14.4767 17.1613 -17.3314 14.9121 19.3994 -14.1943 14.7379 18.5041 -14.5029 14.6315 17.9571
4 330 -17.3314 14.9121 19.3994 -15.12 14.4767 17.1613 -16.1486 14.2929 16.2164 -17.4343 14.5831 17.7084
4 330 2.2114 10.471 4.428 .6686 10.624 4.8034 2.1086 11.4844 6.9147 3.3943 11.3697 6.6332
3 330 -2.3657 6.3878 -3.8846 -18 6.0239 -4.5659 -3.1886 6.4594 -3.7505
3 330 16.4571 10.6813 4.9441 17.0229 9.4575 1.9414 15.48 10.5092 4.5219
4 330 -5.8114 13.0149 11.5794 -9.8743 13.0436 11.6767 -9.6686 13.1585 12.0654 -6.6343 13.1872 12.1625
4 330 -9.5657 13.4314 12.9886 -8.9486 13.5032 13.2315 -7.7657 13.3308 12.6484 -9.5657 13.3021 12.5513
4 330 -18 6.0239 -4.5659 -1.2857 6.3639 -3.9292 -.4114 6.3639 -3.9292 7.3932 6.0239 -4.5659
4 330 -14.76 13.0867 11.8224 -16.0971 13.6037 13.5717 -14.1429 13.5032 13.2315 -14.4 13.2877 12.5027
4 330 -9.5657 13.3021 12.5513 -7.7657 13.3308 12.6484 -6.6343 13.1872 12.1625 -9.6686 13.1585 12.0654
4 330 -13.0114 8.9897 .987 -10.5429 8.8226 .6741 -10.4914 8.5601 .1825 -13.0114 8.6556 .3613
4 330 -11.7845 9.3223 1.6096 -13.095 9.3223 1.6096 -13.1143 9.381 1.7537 -12.0857 9.4193 1.8476
4 330 -3.0857 12.5266 9.9275 -7.4166 12.0365 8.2692 -8.2286 12.1676 8.7127 -4.3714 12.742 10.6563
3 330 -18 6.0239 -4.5659 -13.8343 5.8305 -4.8484 -14.4 5.6014 -5.1829
4 330 5.6571 7.0562 -2.6332 6.2229 7.4143 -1.9628 9.36 7.1994 -2.365 8.4857 6.6504 -3.3929
4 330 8.4857 6.6504 -3.3929 7.8171 6.2207 -4.1974 5.1429 6.8413 -3.0354 5.6571 7.0562 -2.6332
4 330 -14.04 13.7329 14.009 -14.1429 13.5032 13.2315 -16.0971 13.6037 13.5717 -14.9143 13.8191 14.3005
4 330 -8.5886 5.487 -5.35 6.9943 5.8018 -4.8902 6.1714 5.487 -5.35 -6.0171 5.4297 -5.4337
4 330 -9.6171 13.5462 13.3773 -9.36 13.5606 13.4259 -8.9486 13.5032 13.2315 -9.5657 13.4314 12.9886
4 330 -6.8914 6.6026 -3.4824 -18 6.0239 -4.5659 -18 6.1252 -4.3762 -9.5657 6.5788 -3.527
4 330 12.8571 10.318 4.0527 17.0229 9.4575 1.9414 10.6971 9.4767 1.9884 12.1886 10.3371 4.0996
4 330 7.8171 6.2207 -4.1974 7.3932 6.0239 -4.5659 4.3714 6.6504 -3.3929 5.1429 6.8413 -3.0354
3 330 15.7886 9.2762 1.5233 14.5543 9.0375 1.0763 10.0747 9.3223 1.6096
4 330 -18 13.3165 12.5998 -17.0743 13.4457 13.0371 -16.8171 12.5984 10.1704 -18 12.4117 9.5387
4 330 2.5714 5.0862 -5.9354 1.2343 5.1148 -5.8935 -.6686 5.2007 -5.7681 6.1714 5.487 -5.35
4 330 -13.8857 14.8928 19.2999 -17.1257 15.1927 20.8417 -16.7263 15.5309 22.58 -13.4743 15.154 20.6427
4 330 -14.1943 14.7379 18.5041 -17.3314 14.9121 19.3994 -17.1257 15.1927 20.8417 -13.8857 14.8928 19.2999
4 330 6.1714 5.487 -5.35 4.9886 5.2294 -5.7263 3.7543 5.1148 -5.8935 2.5714 5.0862 -5.9354
4 330 10.1829 7.653 -1.5158 9.36 7.1994 -2.365 6.2229 7.4143 -1.9628 6.7886 7.82 -1.203
3 330 -1.2857 6.3639 -3.9292 -18 6.0239 -4.5659 -2.3657 6.3878 -3.8846
4 330 18 11.0446 5.8355 18 9.5531 2.176 17.0229 9.4575 1.9414 17.3314 10.8725 5.4133
4 330 -2.6229 11.1211 6.0232 .1029 11.7139 7.4777 1.2343 11.5609 7.1023 -1.1314 10.8725 5.4133
4 330 -.6686 11.9051 7.9468 -4.3714 11.4079 6.727 -6.2743 11.7904 7.6653 -1.0861 12.0365 8.2692
4 330 2.1086 11.4844 6.9147 .6686 10.624 4.8034 -1.1314 10.8725 5.4133 1.2343 11.5609 7.1023
4 330 12.1886 10.3371 4.0996 10.6971 9.4767 1.9884 10.0286 9.5149 2.0822 11.4686 10.3754 4.1934
3 330 -12.9863 15.5309 22.58 -13.4743 15.154 20.6427 -16.7263 15.5309 22.58
4 330 9.3086 9.5914 2.2699 10.6457 10.4327 4.3342 11.4686 10.3754 4.1934 10.0286 9.5149 2.0822
4 330 -12.4971 15.722 24.5492 -15.7886 15.8248 25.6082 -15.1714 16.001 27.4236 -11.8286 16.001 27.4236
4 330 -12.4971 15.722 24.5492 -12.9863 15.5309 22.58 -16.7263 15.5309 22.58 -16.6114 15.5801 23.0868
4 330 -9.72 12.4261 9.5873 -5.8114 13.0149 11.5794 -4.3714 12.742 10.6563 -8.2286 12.1676 8.7127
4 330 6.12 11.1211 6.0232 2.2114 10.471 4.428 3.3943 11.3697 6.6332 4.7829 11.255 6.3517
3 330 -12.2914 5.8591 -4.8066 -18 6.0239 -4.5659 -13.1657 5.8877 -4.7648
3 330 -17.4837 14.1147 15.3006 -17.3662 14.1147 15.3006 -17.4857 14.0891 15.214
4 330 8.5371 10.7004 4.991 9.6171 10.5475 4.6157 8.28 9.7061 2.5514 6.9429 9.8973 3.0205
4 330 9.3086 9.5914 2.2699 8.28 9.7061 2.5514 9.6171 10.5475 4.6157 10.6457 10.4327 4.3342
4 330 7.7657 10.8343 5.3195 5.5029 10.1459 3.6304 4.1143 10.318 4.0527 7.0457 10.9873 5.6948
4 330 7.0457 10.9873 5.6948 4.1143 10.318 4.0527 2.2114 10.471 4.428 6.12 11.1211 6.0232
4 330 -12.2914 5.8591 -4.8066 7.3932 6.0239 -4.5659 -10.08 5.5156 -5.3083 -11.4686 5.716 -5.0156
0 // Tan faces
3 28 -5.2457 13.417 12.94 18 14.1147 15.3006 -4.3714 13.1729 12.114
4 28 -12.96 5.6014 -5.1829 -15.6829 4.1996 -7.2302 -14.9657 4.8286 -6.3116 -13.4229 5.5729 -5.2246
3 28 8.64 14.6799 18.2057 18 14.1147 15.3006 8.5886 14.6509 18.0565
3 28 2.2114 4.8572 -6.2698 3.5486 4.8572 -6.2698 16.5 3.655 -8.0255
4 28 -9.9771 5.2579 -5.6845 -7.7657 5.2294 -5.7263 -4.9886 5.1435 -5.8517 -15.6829 4.1996 -7.2302
3 28 -8.3785 12.0365 8.2692 -13.7792 12.0365 8.2692 -9.3086 12.1963 8.8098
4 28 18 9.3223 1.6096 18 6.0239 -4.5659 17.1257 9.2285 1.4339 17.8131 9.3223 1.6096
4 28 -4.9886 5.1435 -5.8517 -1.9543 5.029 -6.0189 -16.5 3.655 -8.0255 -15.6829 4.1996 -7.2302
4 28 -1.8 12.4692 9.7331 -2.52 12.584 10.1218 -3.8571 12.8138 10.8992 18 14.1147 15.3006
4 28 -8.6076 14.1147 15.3006 8.0229 14.6412 18.0069 8.3314 14.6315 17.9571 18 14.1147 15.3006
3 28 18 14.1147 15.3006 18 12.7277 10.6077 15.7371 12.9287 11.2879
3 28 -16.7657 7.2471 -2.2757 -18 9.3223 1.6096 -15.9429 7.5814 -1.6499
4 28 -12.6514 13.3739 12.7942 -13.68 13.0436 11.6767 -14.6057 12.9862 11.4823 -14.2457 13.1441 12.0167
3 28 8.0229 6.0297 -4.555 18 6.0239 -4.5659 8.0115 6.0239 -4.5659
4 28 -12.96 5.6014 -5.1829 -12.3943 5.5729 -5.2246 -11.8286 5.5156 -5.3083 -15.6829 4.1996 -7.2302
4 28 8.6914 9.133 1.2551 7.6629 8.6794 .4059 -5.7086 8.5362 .1378 -6.9943 9.1091 1.2104
4 28 -13.4229 5.5729 -5.2246 -14.9657 4.8286 -6.3116 -14.3486 5.2866 -5.6427 -13.8857 5.487 -5.35
4 28 2.0057 12.1101 8.5183 .9771 12.1532 8.6641 9.9257 13.2877 12.5027 9.9257 13.2303 12.3083
3 28 -15.2229 12.5266 9.9275 -16.3029 12.5697 10.0732 -15.5829 12.7133 10.5591
4 28 4.9804 12.0365 8.2692 12.8571 12.7851 10.8021 15.4286 12.4979 9.8302 16.7143 12.182 8.7613
4 28 1.9029 6.6742 -3.3483 1.7486 6.7936 -3.1248 3.1371 6.7458 -3.2142 2.4686 6.6981 -3.3036
4 28 -13.68 13.0436 11.6767 -15.2229 12.5266 9.9275 -15.5829 12.7133 10.5591 -15.0171 12.8569 11.045
4 28 5.5029 9.9547 3.1612 6.7371 9.7444 2.6452 -7.538 9.3223 1.6096 4.4743 10.1077 3.5366
3 28 -13.68 13.0436 11.6767 -15.0171 12.8569 11.045 -14.6057 12.9862 11.4823
3 28 18 15.5309 22.58 .6171 15.483 22.3337 .0231 15.5309 22.58
3 28 -17.3314 15.4636 22.2342 -18 15.5309 22.58 -17.2387 15.5309 22.58
4 28 -3.24 15.3765 21.7866 -2.4686 15.3669 21.7369 -1.8 15.3282 21.538 -8.6076 14.1147 15.3006
4 28 -1.8 15.3282 21.538 -.6686 15.2411 21.0904 1.9029 15.0379 20.0459 -8.6076 14.1147 15.3006
4 28 -8.7429 15.6976 24.2971 -8.2286 15.8738 26.1125 -7.8171 16.001 27.4236 -7.8171 15.6584 23.8936
4 28 -11.7257 6.8413 -3.0354 -11.0571 7.2471 -2.2757 -9.5143 6.7697 -3.1695 -11.0057 6.7936 -3.1248
4 28 -6.9943 9.1091 1.2104 -7.538 9.3223 1.6096 9.2353 9.3223 1.6096 8.6914 9.133 1.2551
4 28 -12.6 13.5175 13.2801 -12.5486 13.4457 13.0371 -14.04 13.3308 12.6484 -13.8343 13.5462 13.3773
3 28 -13.7314 13.7617 14.1061 -12.6 13.5175 13.2801 -13.8343 13.5462 13.3773
3 28 12.8571 12.7851 10.8021 4.9804 12.0365 8.2692 10.6457 13.0723 11.7738
3 28 7.3543 14.6702 18.1561 8.0229 14.6412 18.0069 -8.6076 14.1147 15.3006
4 28 7.6629 8.6794 .4059 6.8914 8.2736 -.3538 -4.8857 8.1304 -.622 -5.7086 8.5362 .1378
4 28 -11.0571 14.438 16.9624 -6.1714 15.3185 21.4882 -10.5429 14.3412 16.4651 -10.9543 14.3993 16.7635
4 28 -11.0571 14.438 16.9624 -11.0571 14.4864 17.2111 -10.9543 14.5638 17.6089 -6.1714 15.3185 21.4882
3 28 -17.4343 6.8891 -2.9461 -18 6.5072 -3.6611 -18 9.3223 1.6096
3 28 8.5371 9.4958 2.0352 -7.538 9.3223 1.6096 7.92 9.5723 2.2229
3 28 7.4057 14.8637 19.1507 18 15.5309 22.58 8.1257 14.7863 18.7529
3 28 -15.7371 16.001 27.4236 -18 15.8561 25.9306 -16.5 16.001 27.4236
3 28 -17.4343 6.8891 -2.9461 -18 9.3223 1.6096 -16.7657 7.2471 -2.2757
4 28 -16.3543 11.3314 6.5393 -18 9.3223 1.6096 -18 12.0365 8.2692 -16.5086 11.5035 6.9615
3 28 6.7371 9.7444 2.6452 7.92 9.5723 2.2229 -7.538 9.3223 1.6096
3 28 -12.6 13.5175 13.2801 -13.7314 13.7617 14.1061 -13.7314 13.934 14.6892
4 28 -10.5429 14.3412 16.4651 -6.1714 15.3185 21.4882 -5.4 15.3282 21.538 -8.6076 14.1147 15.3006
3 28 -11.8286 5.5156 -5.3083 -11.1086 5.3725 -5.5173 -15.6829 4.1996 -7.2302
3 28 .6171 4.9144 -6.1862 2.2114 4.8572 -6.2698 16.5 3.655 -8.0255
3 28 10.5943 13.3165 12.5998 18 14.1147 15.3006 13.1143 13.1441 12.0167
4 28 -18 14.1147 15.3006 -18 15.5309 22.58 -17.7943 14.8057 18.8523 -17.8457 14.409 16.8132
4 28 -14.2457 10.1077 3.5366 -13.8343 9.6679 2.4575 -13.628 9.3223 1.6096 -18 9.3223 1.6096
3 28 -15.6343 10.7578 5.1318 -14.9657 10.4136 4.2872 -18 9.3223 1.6096
3 28 -14.9657 10.4136 4.2872 -14.2457 10.1077 3.5366 -18 9.3223 1.6096
3 28 5.4 5.029 -6.0189 18 4.5025 -6.7878 4.5257 4.9144 -6.1862
4 28 18 6.0239 -4.5659 10.5943 7.5336 -1.7393 11.6229 7.9394 -.9795 12.5486 8.2497 -.3986
4 28 18 15.5309 22.58 4.4743 15.1347 20.5433 2.5714 15.2991 21.3888 .6171 15.483 22.3337
3 28 -6.8914 13.7904 14.2033 18 14.1147 15.3006 -5.2457 13.417 12.94
4 28 9.2353 9.3223 1.6096 -7.538 9.3223 1.6096 8.5371 9.4958 2.0352 9.5143 9.4002 1.8007
3 28 10.6457 13.0723 11.7738 4.9804 12.0365 8.2692 10.08 13.1585 12.0654
4 28 -14.9657 7.9633 -.9349 -18 9.3223 1.6096 -13.7314 8.4407 -.041 -14.1943 8.2497 -.3986
4 28 -13.5257 8.8226 .6741 -18 9.3223 1.6096 -13.628 9.3223 1.6096 -13.5771 9.0852 1.1658
4 28 -13.7314 8.4407 -.041 -18 9.3223 1.6096 -13.5257 8.8226 .6741 -13.5771 8.6317 .3166
3 28 -4.3714 13.0292 11.6281 -3.8571 12.8138 10.8992 -4.5771 13.0005 11.5309
4 28 16.4998 16.001 27.4236 18 15.8561 25.9306 -1.1829 15.5801 23.0868 -2.0057 15.6095 23.3894
3 28 -16.0971 11.0638 5.8825 -15.6343 10.7578 5.1318 -18 9.3223 1.6096
4 28 -1.08 7.1278 -2.4991 4.8857 7.0323 -2.6779 4.3714 6.913 -2.9013 .1543 6.9846 -2.7673
4 28 5.2971 7.2471 -2.2757 -2.16 7.3188 -2.1416 -3.1886 7.5336 -1.7393 5.7086 7.462 -1.8734
3 28 -2.7771 15.6241 23.5407 16.4998 16.001 27.4236 -2.0057 15.6095 23.3894
4 28 -10.44 12.4117 9.5387 -9.3086 12.1963 8.8098 -13.7792 12.0365 8.2692 -12.96 12.225 8.9071
4 28 8.1257 14.7863 18.7529 18 15.5309 22.58 18 14.1147 15.3006 8.5371 14.7283 18.4545
4 28 .0231 15.5309 22.58 -1.1829 15.5801 23.0868 18 15.8561 25.9306 18 15.5309 22.58
3 28 9.9257 13.2877 12.5027 .9771 12.1532 8.6641 -.0514 12.2394 8.9556
4 28 9.1543 6.722 -3.2589 9.7714 7.1039 -2.5438 18 6.0239 -4.5659 8.5886 6.3401 -3.974
4 28 13.0114 11.4079 6.727 9.6686 11.5418 7.0554 8.1771 11.7904 7.6653 13.8343 11.5227 7.0085
4 28 -1.08 12.3686 9.3929 -1.8 12.4692 9.7331 18 14.1147 15.3006 10.1829 13.3165 12.5998
3 28 -4.9886 13.0149 11.5794 -4.5771 13.0005 11.5309 -3.8571 12.8138 10.8992
3 28 8.0115 6.0239 -4.5659 18 6.0239 -4.5659 7.5086 5.716 -5.0156
3 28 10.08 13.1585 12.0654 4.9804 12.0365 8.2692 9.9257 13.2303 12.3083
4 28 -1.5943 10.7578 5.1318 -12.96 11.1211 6.0232 -13.7829 11.5418 7.0554 -3.0857 11.0064 5.7417
4 28 -3.0857 11.0064 5.7417 -13.7829 11.5418 7.0554 -14.04 11.7139 7.4777 -4.3714 11.2167 6.2578
4 28 -9.9771 10.0885 3.4897 1.1314 10.4136 4.2872 2.5714 10.2798 3.9589 -7.538 9.3223 1.6096
3 28 -1.08 12.3686 9.3929 10.1829 13.3165 12.5998 -.0514 12.2394 8.9556
3 28 9.9257 13.2877 12.5027 -.0514 12.2394 8.9556 10.1829 13.3165 12.5998
4 28 -16.9714 15.629 23.591 -18 15.8561 25.9306 -15.7371 16.001 27.4236 -16.3543 15.8101 25.4569
3 28 16.7143 12.182 8.7613 16.0448 12.0365 8.2692 4.9804 12.0365 8.2692
4 28 1.1314 10.4136 4.2872 -9.9771 10.0885 3.4897 -11.9829 10.7578 5.1318 -.36 10.5857 4.7095
4 28 3.7029 10.1841 3.7242 4.4743 10.1077 3.5366 -7.538 9.3223 1.6096 2.5714 10.2798 3.9589
3 28 4.4743 15.1347 20.5433 18 15.5309 22.58 7.4057 14.8637 19.1507
3 28 -15.9429 7.5814 -1.6499 -18 9.3223 1.6096 -14.9657 7.9633 -.9349
4 28 -4.3714 11.2167 6.2578 -14.04 11.7139 7.4777 -14.0914 11.8286 7.7592 -5.5543 11.4271 6.7739
4 28 -12.96 11.1211 6.0232 -1.5943 10.7578 5.1318 -.36 10.5857 4.7095 -11.9829 10.7578 5.1318
4 28 -17.2286 12.4117 9.5387 -16.3029 12.5697 10.0732 -15.2229 12.5266 9.9275 -16.0457 12.2394 8.9556
3 28 -18 15.5309 22.58 -17.3314 15.4636 22.2342 -17.5886 15.1347 20.5433
4 28 6.2229 7.82 -1.203 -4.0114 7.7723 -1.2924 -4.8857 8.1304 -.622 6.8914 8.2736 -.3538
4 28 5.7086 7.462 -1.8734 -3.1886 7.5336 -1.7393 -4.0114 7.7723 -1.2924 6.2229 7.82 -1.203
4 28 -2.16 7.3188 -2.1416 5.2971 7.2471 -2.2757 4.8857 7.0323 -2.6779 -1.08 7.1278 -2.4991
3 28 -18 15.5309 22.58 -17.5886 15.1347 20.5433 -17.7943 14.8057 18.8523
4 28 14.76 8.8226 .6741 15.8914 9.0614 1.121 17.1257 9.2285 1.4339 18 6.0239 -4.5659
4 28 14.76 8.8226 .6741 18 6.0239 -4.5659 12.5486 8.2497 -.3986 13.5257 8.5362 .1378
4 28 7.3543 14.6702 18.1561 -8.6076 14.1147 15.3006 1.9029 15.0379 20.0459 4.2171 14.8831 19.2501
4 28 .1543 6.9846 -2.7673 4.3714 6.913 -2.9013 3.8571 6.8175 -3.0801 1.44 6.8652 -2.9907
4 28 1.44 6.8652 -2.9907 3.8571 6.8175 -3.0801 3.1371 6.7458 -3.2142 1.7486 6.7936 -3.1248
4 28 -6.3771 15.6046 23.3389 -6.8914 15.6192 23.4902 -7.8171 15.6584 23.8936 -7.8171 16.001 27.4236
4 28 -6.84 6.7936 -3.1248 -9.5143 6.7697 -3.1695 -11.0571 7.2471 -2.2757 -10.5943 7.653 -1.5158
4 28 -10.5943 7.653 -1.5158 -6.3771 7.2233 -2.3203 -5.0914 6.8175 -3.0801 -6.84 6.7936 -3.1248
4 28 13.8343 11.5227 7.0085 8.1771 11.7904 7.6653 7.0457 11.9242 7.9937 14.6571 11.6948 7.4307
4 28 11.4171 11.3506 6.5862 10.7486 11.3888 6.68 9.6686 11.5418 7.0554 11.9314 11.3506 6.5862
4 28 14.6571 11.6948 7.4307 7.0457 11.9242 7.9937 5.5029 12.0198 8.2283 15.7886 11.9625 8.0875
4 28 11.9314 11.3506 6.5862 9.6686 11.5418 7.0554 13.0114 11.4079 6.727 12.4971 11.3697 6.6332
4 28 15.7886 11.9625 8.0875 5.5029 12.0198 8.2283 4.9804 12.0365 8.2692 16.0448 12.0365 8.2692
3 28 10.1829 13.3165 12.5998 18 14.1147 15.3006 10.5943 13.3165 12.5998
3 28 -11.1086 5.3725 -5.5173 -10.5943 5.2866 -5.6427 -15.6829 4.1996 -7.2302
3 28 -9.9771 5.2579 -5.6845 -15.6829 4.1996 -7.2302 -10.5943 5.2866 -5.6427
4 28 6.1714 5.2007 -5.7681 6.7886 5.4011 -5.4755 18 6.0239 -4.5659 18 4.5025 -6.7878
4 28 -6.3771 7.2233 -2.3203 -10.5943 7.653 -1.5158 -10.2857 8.011 -.8454 -7.4571 7.6768 -1.4712
4 28 15.4286 12.4979 9.8302 16.92 12.3112 9.1986 16.8686 12.2394 8.9556 16.7143 12.182 8.7613
4 28 -12.5486 13.4457 13.0371 -12.6514 13.3739 12.7942 -14.2457 13.1441 12.0167 -14.04 13.3308 12.6484
4 28 -7.9714 11.9434 8.0407 -13.8343 12.0198 8.2283 -13.7792 12.0365 8.2692 -8.3785 12.0365 8.2692
3 28 -12.4079 12.3593 9.3614 -10.44 12.4117 9.5387 -12.96 12.225 8.9071
4 28 -10.1314 8.3452 -.2198 -8.5371 8.1065 -.6667 -7.4571 7.6768 -1.4712 -10.2857 8.011 -.8454
4 28 -5.4 15.3282 21.538 -4.4229 15.3572 21.6872 -3.24 15.3765 21.7866 -8.6076 14.1147 15.3006
3 28 18 6.0239 -4.5659 6.7886 5.4011 -5.4755 7.5086 5.716 -5.0156
3 28 10.5943 7.5336 -1.7393 18 6.0239 -4.5659 9.7714 7.1039 -2.5438
3 28 -16.3543 11.3314 6.5393 -16.0971 11.0638 5.8825 -18 9.3223 1.6096
3 28 8.5886 6.3401 -3.974 18 6.0239 -4.5659 8.0229 6.0297 -4.555
3 28 -3.3943 15.629 23.591 -4.3714 15.6192 23.4902 -7.8171 16.001 27.4236
4 28 -2.7771 15.6241 23.5407 -3.3943 15.629 23.591 -7.8171 16.001 27.4236 16.4998 16.001 27.4236
3 28 -16.56 11.6756 7.3838 -18 12.0365 8.2692 -16.5086 11.8669 7.853
3 28 -8.5371 8.1065 -.6667 -10.1314 8.3452 -.2198 -10.08 8.6556 .3613
4 28 -14.04 11.9242 7.9937 -6.6857 11.6756 7.3838 -5.5543 11.4271 6.7739 -14.0914 11.8286 7.7592
4 28 -13.8343 12.0198 8.2283 -7.9714 11.9434 8.0407 -6.6857 11.6756 7.3838 -14.04 11.9242 7.9937
3 28 -17.8119 14.1147 15.3006 -18 14.1147 15.3006 -17.8457 14.409 16.8132
4 28 -10.3371 14.8541 19.1009 -9.7714 15.1927 20.8417 -7.4057 15.3669 21.7369 -6.6857 15.3282 21.538
4 28 -6.6857 15.3282 21.538 -6.1714 15.3185 21.4882 -10.9543 14.5638 17.6089 -10.3371 14.8541 19.1009
4 28 16.5 3.655 -8.0255 -16.5 3.655 -8.0255 -1.9543 5.029 -6.0189 .6171 4.9144 -6.1862
4 28 -18 15.8561 25.9306 -16.9714 15.629 23.591 -17.2387 15.5309 22.58 -18 15.5309 22.58
4 28 -18 12.2968 9.15 -17.2286 12.4117 9.5387 -16.0457 12.2394 8.9556 -16.3543 12.067 8.3725
3 28 -4.3714 15.6192 23.4902 -5.1429 15.6095 23.3894 -7.8171 16.001 27.4236
4 28 -9.2571 15.483 22.3337 -8.1771 15.4249 22.0353 -7.4057 15.3669 21.7369 -9.7714 15.1927 20.8417
3 28 18 9.3428 1.6599 18 9.3223 1.6096 17.8131 9.3223 1.6096
3 28 13.1143 13.1441 12.0167 18 14.1147 15.3006 15.7371 12.9287 11.2879
3 28 -16.5086 11.5035 6.9615 -18 12.0365 8.2692 -16.56 11.6756 7.3838
3 28 8.5886 14.6509 18.0565 18 14.1147 15.3006 8.3314 14.6315 17.9571
3 28 8.5371 14.7283 18.4545 18 14.1147 15.3006 8.64 14.6799 18.2057
4 28 -18 12.2968 9.15 -16.3543 12.067 8.3725 -16.384 12.0365 8.2692 -18 12.0365 8.2692
4 28 4.9804 12.0365 8.2692 3.7029 12.067 8.3725 2.0057 12.1101 8.5183 9.9257 13.2303 12.3083
4 28 -6.3771 15.6046 23.3389 -7.8171 16.001 27.4236 -5.1429 15.6095 23.3894 -5.9143 15.6046 23.3389
3 28 18 4.5025 -6.7878 5.4 5.029 -6.0189 6.1714 5.2007 -5.7681
3 28 -8.6076 14.1147 15.3006 18 14.1147 15.3006 -6.8914 13.7904 14.2033
4 28 -17.8119 14.1147 15.3006 -17.8046 14.0202 14.9807 -18 13.9771 14.835 -18 14.1147 15.3006
3 28 -10.44 12.4117 9.5387 -12.4079 12.3593 9.3614 -11.3657 12.6128 10.219
4 28 4.5257 4.9144 -6.1862 18 4.5025 -6.7878 16.5 3.655 -8.0255 3.5486 4.8572 -6.2698
3 28 -18 12.0365 8.2692 -16.384 12.0365 8.2692 -16.5086 11.8669 7.853
3 28 -3.8571 12.8138 10.8992 -4.3714 13.0292 11.6281 18 14.1147 15.3006
3 28 -4.3714 13.0292 11.6281 -4.2686 13.101 11.871 18 14.1147 15.3006
3 28 -4.2686 13.101 11.871 -4.3714 13.1729 12.114 18 14.1147 15.3006