0 Sticker  1.9 x  1.8 with Brown Vines and Olive Green Leaves #1 Pattern
0 Name: 6399475jc01.dat
0 Author: Evert-Jan Boer [ejboer]
0 !LDRAW_ORG Unofficial_Part
0 !LICENSE Licensed under CC BY 4.0 : see CAreadme.txt

0 BFC CERTIFY CCW

0 !CATEGORY Sticker
0 !KEYWORDS Bricklink 76217stk01, BrickOwl 1053645, Groot, Rebrickable 10100087
0 !KEYWORDS Set 76217

0 !HISTORY 2026-06-07 [Sirio] Introduced stickerback; changed description; enlarged size

0 // Stickerback
1 16 0 0 0 1 0 0 0 1 0 0 0 1 s\15068b01.dat
0 // Primitives
1 28 -16.5 -16.0724 16.2213 -1.5 0 0 0 1 -.0705 0 0 1.4983 1-4chrd.dat
1 28 16.5 -16.0724 16.2213 1.5 0 0 0 1 -.0705 0 0 1.4983 1-4chrd.dat
1 330 -16.5 -6.232 -16.9501 -1.5 0 0 0 1 .8038 0 0 -1.2664 1-4chrd.dat
1 330 16.5 -6.232 -16.9501 1.5 0 0 0 1 .8038 0 0 -1.2664 1-4chrd.dat
0 // Top face
0 // Dark brown faces
4 308 9.9291 -7.7504 -14.5579 9.9771 -9.1116 -11.7462 9.5143 -9.2684 -11.4222 9.4629 -7.8342 -14.3848
4 308 9.4629 -9.4701 -11.0056 9.5143 -9.2684 -11.4222 9.9771 -9.1116 -11.7462 9.9257 -9.4925 -10.9593
4 308 -11.5097 -10.1335 -9.6353 -11.5817 -9.6718 -10.589 -11.2629 -9.2684 -11.4222 -11.0896 -10.7408 -8.3808
4 308 -1.9605 -14.8493 5.3122 -2.4082 -13.1224 -1.7201 -2.0465 -13.1224 -1.7201 -2.0057 -13.3401 -.8336
3 308 10.0916 -10.7408 -8.3808 9.3086 -11.3 -6.8169 9.3086 -11.0922 -7.398
4 308 -11.4686 -8.9547 -12.0703 -11.3657 -8.7978 -12.3943 -10.9543 -8.7754 -12.4406 -11.16 -8.9771 -12.0239
4 308 -10.44 -12.3216 -3.9598 -10.7486 -12.564 -3.2819 -11.8286 -12.7891 -2.6523 -11.4686 -12.5986 -3.185
4 308 -13.1657 -12.9968 -2.0712 -12.8571 -12.841 -2.507 -11.4686 -12.5986 -3.185 -11.8286 -12.7891 -2.6523
3 308 -9.6171 -7.8118 -14.4311 -9.5768 -7.7504 -14.5579 -9.2012 -7.7504 -14.5579
4 308 -15.48 -13.2542 -1.1832 -15.8914 -13.291 -1.0334 -16.1486 -13.2052 -1.383 -15.8914 -13.1561 -1.5827
4 308 -16.0457 -13.291 -1.0334 -16.2 -13.242 -1.2331 -16.1486 -13.2052 -1.383 -15.8914 -13.291 -1.0334
3 308 -3.9086 -15.261 8.1601 -3.8571 -15.2021 7.7529 -2.52 -15.158 7.4475
4 308 -11.2629 -9.2684 -11.4222 -11.5714 -9.1564 -11.6536 -11.4686 -8.9547 -12.0703 -11.16 -8.9771 -12.0239
4 308 -5.6571 -15.9981 14.6431 -5.9657 -15.9788 14.2322 -5.7263 -15.9016 12.5922 -5.4 -15.9328 13.256
4 308 -6.0686 -16.0102 14.8999 -6.2229 -16.0005 14.6944 -6.3257 -15.9836 14.3348 -5.9657 -15.9788 14.2322
4 308 4.0114 -14.4807 3.811 3.8057 -14.2109 2.7123 4.1143 -14.0882 2.2129 4.3714 -14.4316 3.6113
4 308 -10.9543 -11.629 -5.8968 -11.0057 -11.906 -5.122 -11.3143 -11.8714 -5.2188 -11.304 -11.8021 -5.4125
4 308 10.1829 -11.4731 -6.3326 10.5943 -11.577 -6.0421 10.6971 -11.8194 -5.3641 10.2857 -11.8194 -5.3641
4 308 -3.9086 -14.9667 6.1241 -3.8571 -14.9299 5.8697 -3.4457 -14.9372 5.9205 -3.5486 -15.0035 6.3787
4 308 -11.6229 -12.0792 -4.6378 -11.6229 -12.2523 -4.1535 -12.6 -12.4947 -3.4755 -12.1886 -12.2523 -4.1535
3 308 3.6739 -13.1224 -1.7201 4.0603 -13.1224 -1.7201 3.96 -13.242 -1.2331
4 308 3.6 -13.242 -1.2331 3.6514 -13.1439 -1.6327 3.6739 -13.1224 -1.7201 3.96 -13.242 -1.2331
4 308 -7.8171 -9.3805 -11.1907 -7.6629 -9.7615 -10.4037 -8.0229 -9.7166 -10.4964 -8.1257 -9.4701 -11.0056
3 308 -9.4114 -7.9911 -14.0608 -10.6457 -8.5962 -12.8109 -9.8229 -7.9462 -14.1534
4 308 -2.3143 -14.9593 6.0732 -1.9543 -14.974 6.175 -2.0057 -15.055 6.735 -2.4171 -15.0476 6.684
4 308 -4.32 -13.2175 -1.333 -4.341 -13.1224 -1.7201 -3.9871 -13.1224 -1.7201 -4.2789 -13.372 -.7037
4 308 -3.8571 -15.2021 7.7529 -3.9086 -15.261 8.1601 -5.4514 -15.3198 8.5673 -5.1943 -15.283 8.3127
4 308 11.6331 -10.8498 -8.0759 11.6126 -11.1268 -7.3012 11.2114 -11.5424 -6.139 11.2629 -10.8671 -8.0275
4 308 -11.6229 -12.2523 -4.1535 -11.6229 -12.0792 -4.6378 -11.4171 -11.9753 -4.9283 -11.16 -12.0445 -4.7346
4 308 4.3714 -14.5788 4.2106 4.1657 -14.5543 4.1107 4.0114 -14.4807 3.811 4.3714 -14.4316 3.6113
4 308 10.1314 -10.9364 -7.8338 10.4914 -10.8844 -7.9791 10.5943 -11.577 -6.0421 10.1829 -11.4731 -6.3326
4 308 -5.8629 -15.1947 7.702 -6.2229 -15.2536 8.1092 -6.5829 -15.2242 7.9056 -6.3771 -15.18 7.6002
4 308 5.5095 -13.1224 -1.7201 5.1075 -13.1224 -1.7201 5.6571 -12.8756 -2.4102 7.92 -11.9926 -4.8799
3 308 7.8218 -10.7408 -8.3808 8.2838 -10.7408 -8.3808 7.2514 -11.0576 -7.4949
4 308 -4.9371 -15.055 6.735 -5.8629 -15.1947 7.702 -6.3771 -15.18 7.6002 -6.0686 -15.1432 7.3457
3 308 9.3086 -9.6718 -10.589 9.4629 -9.4701 -11.0056 9.9257 -9.4925 -10.9593
4 308 7.8218 -10.7408 -8.3808 9.3086 -9.6718 -10.589 9.9257 -9.4925 -10.9593 9.2057 -10.0976 -9.7094
4 308 -6.3389 -7.7504 -14.5579 -6.0293 -7.7504 -14.5579 -6.0686 -8.8874 -12.2092 -6.3771 -8.9323 -12.1165
4 308 -9.4629 -7.3574 -15.177 -9.5657 -5.4281 -18.2165 -9.1543 -5.4281 -18.2165 -9.1029 -7.2747 -15.3073
4 308 10.4382 -10.7408 -8.3808 10.1314 -10.9364 -7.8338 9.3086 -11.3 -6.8169 10.0916 -10.7408 -8.3808
4 308 -6.0171 -10.9364 -7.8338 -6.569 -10.7408 -8.3808 -6.0606 -10.7408 -8.3808 -5.6057 -10.9018 -7.9306
4 308 11.6405 -10.7408 -8.3808 11.2714 -10.7408 -8.3808 11.3143 -9.9183 -10.0797 11.6743 -10.0976 -9.7094
3 308 7.8686 -6.255 -16.9139 9.5143 -7.1645 -15.481 9.3086 -7.4952 -14.96
4 308 -3.561 -10.7408 -8.3808 -4.0779 -10.7408 -8.3808 -5.8629 -9.9631 -9.9872 -3.8057 -10.6355 -8.5984
3 308 -5.3444 -15.9016 12.5922 -5.4 -15.9328 13.256 -5.7263 -15.9016 12.5922
4 308 9.5143 -7.1645 -15.481 9.7714 -7.385 -15.1336 9.4114 -7.6606 -14.6994 9.3086 -7.4952 -14.96
4 308 11.2629 -10.8671 -8.0275 11.2714 -10.7408 -8.3808 11.6405 -10.7408 -8.3808 11.6331 -10.8498 -8.0759
3 308 -3.9086 -15.261 8.1601 -5.04 -15.3198 8.5673 -5.4514 -15.3198 8.5673
3 308 9.9291 -7.7504 -14.5579 9.4629 -7.8342 -14.3848 9.4356 -7.7504 -14.5579
4 308 3.8057 -14.2109 2.7123 3.6514 -13.7816 .9644 3.96 -13.6712 .5148 4.1143 -14.0882 2.2129
3 308 -4.1657 -11.629 -5.8968 -4.4743 -11.7329 -5.6063 -4.5771 -11.5597 -6.0905
3 308 -3.561 -10.7408 -8.3808 -4.0114 -10.7632 -8.3181 -4.0779 -10.7408 -8.3808
4 308 -6.2229 -15.7907 11.8248 -6.1404 -15.9016 12.5922 -6.4873 -15.9016 12.5922 -6.5829 -15.7539 11.5703
4 308 4.7829 -13.291 -1.0334 5.1429 -13.3278 -.8836 4.9886 -13.8552 1.2639 4.6286 -13.8552 1.2639
3 308 10.4382 -10.7408 -8.3808 10.4914 -10.8844 -7.9791 10.1314 -10.9364 -7.8338
4 308 -9.2012 -7.7504 -14.5579 -9.5768 -7.7504 -14.5579 -9.5143 -7.633 -14.7428 -9.1029 -7.2747 -15.3073
4 308 -6.3257 -7.2472 -15.3507 -6.3771 -5.4281 -18.2165 -6.0686 -5.4281 -18.2165 -6.0171 -7.3023 -15.2639
4 308 7.6114 -5.6761 -17.8258 7.7657 -5.4281 -18.2165 8.2286 -5.4281 -18.2165 8.0743 -5.7313 -17.7389
4 308 6.5314 -11.4558 -6.381 5.8114 -12.1138 -4.5409 4.2686 -12.9622 -2.168 4.1657 -12.7718 -2.7007
4 308 11.5472 -7.7504 -14.5579 11.1956 -7.7504 -14.5578 11.16 -7.3023 -15.2639 11.52 -7.3574 -15.177
4 308 11.52 -7.3574 -15.177 11.16 -7.3023 -15.2639 11.2114 -5.4281 -18.2165 11.52 -5.9242 -17.4349
3 308 9.7714 -7.385 -15.1336 9.9257 -7.633 -14.7428 9.4114 -7.6606 -14.6994
3 308 -5.9143 -9.6718 -10.589 -5.7086 -9.7839 -10.3575 -5.8629 -9.9631 -9.9872
4 308 -11.4233 -10.7408 -8.3808 -11.0896 -10.7408 -8.3808 -10.9543 -11.629 -5.8968 -11.2629 -11.6116 -5.9453
4 308 7.7143 -6.0896 -17.1744 8.3314 -6.1999 -17.0007 9.5143 -7.1645 -15.481 7.8686 -6.255 -16.9139
4 308 -8.0229 -9.7166 -10.4964 -7.6629 -9.7615 -10.4037 -7.2514 -10.0976 -9.7094 -7.8171 -9.9631 -9.9872
3 308 7.92 -11.9926 -4.8799 5.6571 -12.8756 -2.4102 7.7143 -11.8887 -5.1704
4 308 -4.4743 -11.7329 -5.6063 -4.1657 -11.629 -5.8968 -4.0114 -12.9968 -2.0712 -4.3714 -12.9276 -2.2649
3 308 10.0916 -10.7408 -8.3808 10.3886 -10.5682 -8.7373 10.4382 -10.7408 -8.3808
4 308 -6.4873 -15.9016 12.5922 -6.1404 -15.9016 12.5922 -5.9657 -15.9788 14.2322 -6.3257 -15.9836 14.3348
4 308 7.2514 -11.0576 -7.4949 8.2838 -10.7408 -8.3808 7.6629 -11.0749 -7.4464 6.9634 -11.2169 -7.0493
4 308 -6.0293 -7.7504 -14.5579 -6.3389 -7.7504 -14.5579 -6.3257 -7.2472 -15.3507 -6.0171 -7.3023 -15.2639
3 308 -6.569 -10.7408 -8.3808 -6.9943 -10.5458 -8.7836 -7.5086 -10.2321 -9.4316
4 308 11.2114 -12.3216 -3.9598 10.9543 -12.3562 -3.8629 10.6971 -12.3043 -4.0082 10.9029 -12.0792 -4.6378
4 308 -9.9771 -8.9099 -12.1628 -9.72 -9.0443 -11.8851 -9.8229 -9.2236 -11.5147 -10.1314 -9.134 -11.6999
4 308 -9.8229 -9.627 -10.6815 -10.1829 -9.4925 -10.9593 -10.1314 -9.134 -11.6999 -9.8229 -9.2236 -11.5147
4 308 -6.0686 -8.8874 -12.2092 -6.0686 -9.3805 -11.1907 -6.3771 -9.4029 -11.1444 -6.3771 -8.9323 -12.1165
3 308 11.52 -5.4281 -18.2165 11.52 -5.9242 -17.4349 11.2114 -5.4281 -18.2165
4 308 -6.6343 -10.4786 -8.9225 -7.5086 -10.2321 -9.4316 -7.8171 -9.9631 -9.9872 -7.2514 -10.0976 -9.7094
4 308 11.2629 -8.4393 -13.1349 11.1956 -7.7504 -14.5578 11.5472 -7.7504 -14.5579 11.6229 -8.6409 -12.7184
4 308 11.4686 -11.9753 -4.9283 11.3143 -12.2177 -4.2504 11.2114 -12.3216 -3.9598 10.9029 -12.0792 -4.6378
4 308 -4.3714 -11.4039 -6.5263 -4.7829 -11.4039 -6.5263 -5.04 -11.2827 -6.8653 -4.68 -11.2307 -7.0106
4 308 -7.8171 -8.9323 -12.1165 -7.8171 -9.3805 -11.1907 -8.1257 -9.4701 -11.0056 -8.1771 -9.1564 -11.6536
4 308 4.0629 -13.1181 -1.7322 3.7543 -13.0142 -2.0228 4.1657 -12.7718 -2.7007 4.2686 -12.9622 -2.168
4 308 -8.1771 -9.1564 -11.6536 -8.2286 -8.5737 -12.8572 -7.8686 -8.4393 -13.1349 -7.8171 -8.9323 -12.1165
3 308 -2.3143 -14.5788 4.2106 -1.9605 -14.8493 5.3122 -2.3143 -14.8493 5.3122
4 308 -15.1714 -12.9795 -2.1196 -13.3714 -12.5294 -3.3787 -12.1886 -12.2523 -4.1535 -12.6 -12.4947 -3.4755
3 308 -4.9371 -15.055 6.735 -4.8343 -15.1065 7.0913 -5.8629 -15.1947 7.702
4 308 -3.6 -14.542 4.0607 -4.1657 -13.892 1.4138 -4.2789 -13.372 -.7037 -3.9871 -13.1224 -1.7201
4 308 6.9634 -11.2169 -7.0493 7.6629 -11.0749 -7.4464 5.8114 -12.1138 -4.5409 6.5314 -11.4558 -6.381
3 308 -11.4233 -10.7408 -8.3808 -11.5097 -10.1335 -9.6353 -11.0896 -10.7408 -8.3808
4 308 4.3714 -14.4316 3.6113 4.6286 -13.8552 1.2639 4.9886 -13.8552 1.2639 4.7314 -14.4807 3.811
4 308 -6.6857 -15.2757 8.2619 -6.5829 -15.2242 7.9056 -6.2229 -15.2536 8.1092 -6.3771 -15.3272 8.6182
3 308 -3.6 -14.542 4.0607 -4.0114 -14.5175 3.9609 -4.1657 -13.892 1.4138
4 308 -11.5817 -9.6718 -10.589 -11.6229 -9.3805 -11.1907 -11.5714 -9.1564 -11.6536 -11.2629 -9.2684 -11.4222
4 308 -4.0629 -14.9961 6.3277 -3.9086 -14.9667 6.1241 -3.5486 -15.0035 6.3787 -3.9086 -15.0476 6.684
4 308 4.7314 -14.4807 3.811 4.6286 -14.542 4.0607 4.3714 -14.5788 4.2106 4.3714 -14.4316 3.6113
3 308 -5.8629 -9.9631 -9.9872 -5.7086 -9.7839 -10.3575 -3.8057 -10.6355 -8.5984
4 308 -11.2114 -8.6634 -12.672 -10.9543 -8.5065 -12.996 -9.8229 -7.9462 -14.1534 -10.6457 -8.5962 -12.8109
4 308 -9.9691 -10.7408 -8.3808 -10.1829 -9.4925 -10.9593 -9.8229 -9.627 -10.6815 -9.6445 -10.7408 -8.3808
4 308 -15.3771 -13.1684 -1.5328 -15.8914 -13.1561 -1.5827 -15.7114 -13.1224 -1.7201 -15.1168 -13.1224 -1.7201
4 308 -4.1657 -11.629 -5.8968 -4.5771 -11.5597 -6.0905 -4.7829 -11.4039 -6.5263 -4.3714 -11.4039 -6.5263
4 308 -6.0686 -16.0102 14.8999 -5.9657 -15.9788 14.2322 -5.6571 -15.9981 14.6431 -5.8114 -16.0102 14.8999
3 308 7.6114 -5.8967 -17.4783 7.6114 -5.6761 -17.8258 8.0743 -5.7313 -17.7389
4 308 -9.5657 -11.958 -4.9767 -9.6171 -12.1138 -4.5409 -10.0286 -12.1138 -4.5409 -9.8743 -11.958 -4.9767
4 308 -8.4343 -8.3496 -13.3201 -8.2286 -8.1479 -13.7367 -7.9714 -8.26 -13.5053 -8.28 -8.3944 -13.2275
4 308 -8.28 -8.3944 -13.2275 -7.9714 -8.26 -13.5053 -7.8686 -8.4393 -13.1349 -8.2286 -8.5737 -12.8572
4 308 -2.16 -15.1138 7.1421 -2.7771 -15.1212 7.193 -2.4171 -15.0476 6.684 -2.0057 -15.055 6.735
4 308 11.6743 -10.0976 -9.7094 11.3143 -9.9183 -10.0797 11.2629 -8.4393 -13.1349 11.6229 -8.6409 -12.7184
3 308 -1.9605 -14.8493 5.3122 -2.3143 -14.5788 4.2106 -2.4082 -13.1224 -1.7201
4 308 -15.3771 -13.1684 -1.5328 -14.9047 -13.1224 -1.7201 -14.098 -13.1224 -1.7201 -15.48 -13.2542 -1.1832
4 308 -9.6171 -12.1138 -4.5409 -9.8229 -12.2523 -4.1535 -10.44 -12.3216 -3.9598 -10.0286 -12.1138 -4.5409
4 308 -10.7486 -12.564 -3.2819 -10.44 -12.3216 -3.9598 -9.8229 -12.2523 -4.1535 -10.1829 -12.3908 -3.7661
4 308 3.6514 -13.7816 .9644 3.6 -13.242 -1.2331 3.96 -13.242 -1.2331 3.96 -13.6712 .5148
4 308 -15.1168 -13.1224 -1.7201 -15.7114 -13.1224 -1.7201 -15.1714 -12.9795 -2.1196 -12.6 -12.4947 -3.4755
4 308 -5.6057 -15.7833 11.7739 -5.1429 -15.5552 10.196 -5.3444 -15.9016 12.5922 -5.7263 -15.9016 12.5922
4 308 -2.2629 -11.4904 -6.2842 -2.0465 -13.1224 -1.7201 -2.4171 -12.9276 -2.2649 -2.5714 -11.6463 -5.8484
3 308 -3.561 -10.7408 -8.3808 -2.9829 -11.1268 -7.3012 -4.0114 -10.7632 -8.3181
4 308 8.0743 -5.7313 -17.7389 8.1257 -5.9518 -17.3915 7.7143 -6.0896 -17.1744 7.6114 -5.8967 -17.4783
3 308 8.1257 -5.9518 -17.3915 8.3314 -6.1999 -17.0007 7.7143 -6.0896 -17.1744
3 308 -2.4171 -12.9276 -2.2649 -2.0465 -13.1224 -1.7201 -2.4082 -13.1224 -1.7201
4 308 -12.8571 -12.841 -2.507 -13.1657 -12.9968 -2.0712 -14.098 -13.1224 -1.7201 -14.9047 -13.1224 -1.7201
4 308 -11.3657 -8.7978 -12.3943 -11.2114 -8.6634 -12.672 -10.6457 -8.5962 -12.8109 -10.9543 -8.7754 -12.4406
4 308 10.6971 -12.3043 -4.0082 10.5429 -12.1831 -4.3472 10.3886 -12.0099 -4.8315 10.9029 -12.0792 -4.6378
4 308 10.2857 -11.8194 -5.3641 10.6971 -11.8194 -5.3641 10.9029 -12.0792 -4.6378 10.3886 -12.0099 -4.8315
4 308 3.7543 -13.0142 -2.0228 4.0629 -13.1181 -1.7322 4.0603 -13.1224 -1.7201 3.6739 -13.1224 -1.7201
3 308 -9.5143 -7.633 -14.7428 -9.4629 -7.3574 -15.177 -9.1029 -7.2747 -15.3073
4 308 -6.6857 -15.2757 8.2619 -6.3771 -15.3272 8.6182 -6.3771 -15.4449 9.4326 -6.7371 -15.3787 8.9745
4 308 -6.2743 -9.6942 -10.5426 -6.3771 -9.4029 -11.1444 -6.0686 -9.3805 -11.1907 -6.0171 -9.5374 -10.8667
4 308 -1.9605 -14.8493 5.3122 -1.9543 -14.974 6.175 -2.3143 -14.9593 6.0732 -2.3143 -14.8493 5.3122
4 308 9.4114 -7.6606 -14.6994 9.9257 -7.633 -14.7428 9.9291 -7.7504 -14.5579 9.4356 -7.7504 -14.5579
4 308 -3.9016 -14.8493 5.3122 -3.4955 -14.8493 5.3122 -3.4457 -14.9372 5.9205 -3.8571 -14.9299 5.8697
4 308 -5.5029 -15.386 9.0253 -5.0914 -15.3492 8.7709 -5.1429 -15.5552 10.196 -5.6057 -15.7833 11.7739
3 308 -8.5371 -8.1703 -13.6905 -8.2286 -8.1479 -13.7367 -8.4343 -8.3496 -13.3201
4 308 5.2971 -13.1929 -1.4329 4.8857 -13.1929 -1.4329 5.1075 -13.1224 -1.7201 5.5095 -13.1224 -1.7201
4 308 -2.9829 -11.1268 -7.3012 -2.4686 -11.1615 -7.2043 -2.3143 -11.3346 -6.72 -2.7257 -11.3346 -6.72
4 308 -2.5714 -11.6463 -5.8484 -2.7257 -11.3346 -6.72 -2.3143 -11.3346 -6.72 -2.2629 -11.4904 -6.2842
4 308 7.92 -11.9926 -4.8799 7.7143 -11.8887 -5.1704 9.3086 -11.0922 -7.398 9.3086 -11.3 -6.8169
4 308 -5.8629 -9.9631 -9.9872 -6.2743 -9.6942 -10.5426 -6.0171 -9.5374 -10.8667 -5.9143 -9.6718 -10.589
4 308 -3.561 -10.7408 -8.3808 -2.7257 -11.023 -7.5917 -2.4686 -11.1615 -7.2043 -2.9829 -11.1268 -7.3012
4 308 11.1086 -11.8194 -5.3641 11.2114 -11.5424 -6.139 11.6126 -11.1268 -7.3012 11.5714 -11.5251 -6.1874
4 308 -5.4514 -15.3198 8.5673 -5.04 -15.3198 8.5673 -5.0914 -15.3492 8.7709 -5.5029 -15.386 9.0253
3 308 8.2838 -10.7408 -8.3808 7.8218 -10.7408 -8.3808 9.2057 -10.0976 -9.7094
4 308 -6.7371 -15.3787 8.9745 -6.3771 -15.4449 9.4326 -6.2229 -15.7907 11.8248 -6.5829 -15.7539 11.5703
4 308 -9.6445 -10.7408 -8.3808 -9.5657 -11.1268 -7.3012 -9.9257 -10.9364 -7.8338 -9.9691 -10.7408 -8.3808
3 308 -11.376 -11.9372 -5.0348 -11.3143 -11.8714 -5.2188 -11.0057 -11.906 -5.122
4 308 -11.4171 -11.9753 -4.9283 -11.376 -11.9372 -5.0348 -11.0057 -11.906 -5.122 -11.16 -12.0445 -4.7346
4 308 10.9029 -12.0792 -4.6378 11.1086 -11.8194 -5.3641 11.5714 -11.5251 -6.1874 11.4686 -11.9753 -4.9283
3 308 4.8857 -13.1929 -1.4329 5.2971 -13.1929 -1.4329 5.1943 -13.2542 -1.1832
3 308 -15.8914 -13.1561 -1.5827 -15.3771 -13.1684 -1.5328 -15.48 -13.2542 -1.1832
4 308 -4.68 -11.2307 -7.0106 -5.04 -11.2827 -6.8653 -6.0171 -10.9364 -7.8338 -5.6057 -10.9018 -7.9306
4 308 -2.52 -15.158 7.4475 -3.8571 -15.2021 7.7529 -2.7771 -15.1212 7.193 -2.16 -15.1138 7.1421
4 308 -9.8229 -7.9462 -14.1534 -9.6171 -7.8118 -14.4311 -9.2012 -7.7504 -14.5579 -9.4114 -7.9911 -14.0608
3 308 -9.2012 -7.7504 -14.5579 -9.2057 -7.767 -14.5237 -9.4114 -7.9911 -14.0608
4 308 -3.6 -14.542 4.0607 -3.4955 -14.8493 5.3122 -3.9016 -14.8493 5.3122 -4.0114 -14.5175 3.9609
4 308 -6.0606 -10.7408 -8.3808 -6.569 -10.7408 -8.3808 -7.5086 -10.2321 -9.4316 -6.6343 -10.4786 -8.9225
4 308 -9.9257 -10.9364 -7.8338 -9.5657 -11.1268 -7.3012 -9.5143 -11.7329 -5.6063 -9.8229 -11.6636 -5.8
4 308 -9.8743 -11.958 -4.9767 -9.8229 -11.6636 -5.8 -9.5143 -11.7329 -5.6063 -9.5657 -11.958 -4.9767
4 308 -8.5371 -8.1703 -13.6905 -8.4343 -8.3496 -13.3201 -8.5886 -8.3944 -13.2275 -8.7943 -8.26 -13.5053
4 308 -9.2571 -8.753 -12.4868 -9.4114 -8.5962 -12.8109 -8.7943 -8.26 -13.5053 -8.5886 -8.3944 -13.2275
3 308 -11.304 -11.8021 -5.4125 -11.2629 -11.6116 -5.9453 -10.9543 -11.629 -5.8968
4 308 -4.8343 -15.1065 7.0913 -4.9371 -15.055 6.735 -4.0629 -14.9961 6.3277 -3.9086 -15.0476 6.684
4 308 4.8857 -13.1929 -1.4329 5.1943 -13.2542 -1.1832 5.1429 -13.3278 -.8836 4.7829 -13.291 -1.0334
4 308 -9.72 -9.0443 -11.8851 -9.9771 -8.9099 -12.1628 -9.4114 -8.5962 -12.8109 -9.2571 -8.753 -12.4868
4 308 -4.3714 -12.9276 -2.2649 -4.0114 -12.9968 -2.0712 -3.9871 -13.1224 -1.7201 -4.341 -13.1224 -1.7201
0 // Dark green faces
4 0x2464628 16.2514 -15.3713 8.9236 16.1486 -15.2977 8.4146 17.0743 -15.2315 7.9564 17.1257 -15.3125 8.5164
3 0x2464628 -11.6229 -11.7329 -5.6063 -11.304 -11.8021 -5.4125 -11.3143 -11.8714 -5.2188
4 0x2464628 -11.376 -11.9372 -5.0348 -11.7771 -11.8714 -5.2188 -11.6229 -11.7329 -5.6063 -11.3143 -11.8714 -5.2188
4 0x2464628 18 -12.9968 -2.0712 17.3314 -12.9795 -2.1196 16.8171 -12.9622 -2.168 17.28 -12.6679 -2.9913
4 0x2464628 15.9943 -12.8583 -2.4586 16.8171 -12.6506 -3.0397 17.28 -12.6679 -2.9913 16.8171 -12.9622 -2.168
4 0x2464628 1.2343 -9.8735 -10.1723 1.4914 -9.7615 -10.4037 2.1086 -9.739 -10.4501 1.8514 -10.0528 -9.802
4 0x2464628 15.4286 -13.9778 1.7634 15.3771 -13.8675 1.314 16.0457 -13.7816 .9644 16.1486 -13.8797 1.3639
4 0x2464628 -16.4205 -10.7408 -8.3808 -13.8857 -10.7632 -8.3181 -14.8629 -10.8325 -8.1243 -16.4057 -10.7979 -8.2212
4 0x2464628 9 -12.841 -2.507 9.5657 -12.8583 -2.4586 9.8743 -13.0661 -1.8776 9.2057 -12.9968 -2.0712
4 0x2464628 15.9943 -12.8583 -2.4586 16.8171 -12.9622 -2.168 16.5577 -13.1224 -1.7201 15.7412 -13.1224 -1.7201
4 0x2464628 -.36 -11.2134 -7.059 -.3086 -11.0749 -7.4464 .1029 -11.0749 -7.4464 .0514 -11.1788 -7.1559
4 0x2464628 .2846 -10.7408 -8.3808 .1029 -11.0749 -7.4464 -.3086 -11.0749 -7.4464 -.1029 -10.9364 -7.8338
4 0x2464628 -16.6122 -10.8326 -8.124 -16.4057 -10.7979 -8.2212 -14.8629 -10.8325 -8.1243 -15.6857 -10.9018 -7.9306
4 0x2464628 12.5486 -10.2321 -9.4316 12.8057 -9.8735 -10.1723 13.32 -9.8735 -10.1723 13.0629 -10.2545 -9.3854
4 0x2464628 -14.1429 -9.134 -11.6999 -13.9371 -8.9099 -12.1628 -13.7829 -9.0219 -11.9314 -13.8343 -9.134 -11.6999
4 0x2464628 3.96 -9.9855 -9.9409 4.1657 -9.6942 -10.5426 4.7314 -9.7166 -10.4964 4.68 -9.9183 -10.0797
3 0x2464628 -12.0343 -9.8959 -10.1261 -11.5817 -9.6718 -10.589 -11.5097 -10.1335 -9.6353
4 0x2464628 -4.8864 -13.1224 -1.7201 -4.32 -13.2175 -1.333 -5.5543 -13.1439 -1.6327 -5.6696 -13.1224 -1.7201
4 0x2464628 .8229 -9.6942 -10.5426 .7714 -9.5598 -10.8204 1.44 -9.5149 -10.913 1.3886 -9.6494 -10.6353
4 0x2464628 .6686 -9.246 -11.4685 .9257 -9.2909 -11.3759 1.44 -9.5149 -10.913 .7714 -9.5598 -10.8204
3 0x2464628 -5.5543 -13.1439 -1.6327 -4.32 -13.2175 -1.333 -4.2789 -13.372 -.7037
4 0x2464628 15.48 -14.3212 3.1618 15.5829 -14.5543 4.1107 14.8114 -14.7628 4.9598 14.3486 -14.6033 4.3105
3 0x2464628 3.3944 -7.7504 -14.5579 2.4686 -7.6881 -14.656 3.0857 -7.4401 -15.0468
4 0x2464628 15.1714 -13.8184 1.1142 15.84 -13.7203 .7146 16.0457 -13.7816 .9644 15.3771 -13.8675 1.314
4 0x2464628 .4114 -10.6578 -8.5521 1.1314 -10.5234 -8.8299 .7712 -10.7408 -8.3808 .2846 -10.7408 -8.3808
4 0x2464628 -17.0743 -8.3496 -13.3201 -15.8914 -8.5962 -12.8109 -16.0457 -8.8427 -12.3017 -16.7143 -8.6858 -12.6257
4 0x2464628 10.44 -14.6892 4.6601 10.6971 -14.6524 4.5102 11.2114 -14.726 4.8099 10.9543 -14.8118 5.1595
4 0x2464628 -.0239 -9.2476 -11.4653 -.3086 -8.9995 -11.9777 .2057 -8.9771 -12.0239 .4629 -9.1788 -11.6074
4 0x2464628 -7.6629 -12.5986 -3.185 -9.6171 -12.1138 -4.5409 -9.5657 -11.958 -4.9767 -7.8171 -12.3908 -3.7661
4 0x2464628 15.48 -14.1127 2.3127 15.4286 -13.9778 1.7634 16.1486 -13.8797 1.3639 16.1486 -14.0637 2.113
4 0x2464628 15.84 -12.3562 -3.8629 15.1714 -12.4082 -3.7176 14.9657 -12.2004 -4.2988 15.3257 -12.1484 -4.4441
4 0x2464628 14.9143 -12.0619 -4.6862 15.12 -12.0445 -4.7346 15.3257 -12.1484 -4.4441 14.9657 -12.2004 -4.2988
3 0x2464628 11.6743 -6.1723 -17.0441 12.24 -6.3653 -16.7402 11.88 -6.6408 -16.306
4 0x2464628 1.6971 -9.3805 -11.1907 1.44 -9.5149 -10.913 .9257 -9.2909 -11.3759 1.1829 -9.2236 -11.5147
4 0x2464628 -16.7143 -11.4904 -6.2842 -16.0971 -11.4731 -6.3326 -15.3771 -11.7155 -5.6547 -15.84 -11.7848 -5.461
4 0x2464628 17.2286 -14.2354 2.8122 16.5086 -14.3948 3.4614 15.6343 -14.2477 2.8622 16.2514 -14.1741 2.5625
4 0x2464628 15.48 -14.3212 3.1618 15.6343 -14.2477 2.8622 16.5086 -14.3948 3.4614 16.2 -14.4316 3.6113
3 0x2464628 18 -14.2477 2.8622 18 -14.5052 3.911 17.2286 -14.4561 3.7111
4 0x2464628 16.5086 -14.3948 3.4614 17.2286 -14.2354 2.8122 18 -14.2477 2.8622 17.2286 -14.4561 3.7111
4 0x2464628 -16.56 -11.023 -7.5917 -17.1771 -10.971 -7.7369 -16.92 -10.8844 -7.9791 -16.2514 -10.971 -7.7369
4 0x2464628 2.52 -8.2824 -13.459 2.7771 -8.0807 -13.8756 3.4457 -8.2152 -13.5978 3.0857 -8.3944 -13.2275
4 0x2464628 .8229 -9.6942 -10.5426 1.4914 -9.7615 -10.4037 1.2343 -9.8735 -10.1723 .9257 -9.7839 -10.3575
3 0x2464628 11.52 -14.1618 2.5126 11.6229 -14.2231 2.7623 11.1086 -14.2231 2.7623
4 0x2464628 .6686 -7.0818 -15.6113 1.6457 -7.3023 -15.2639 1.2343 -7.3023 -15.2639 .72 -7.1645 -15.481
4 0x2464628 -16.2514 -10.971 -7.7369 -16.92 -10.8844 -7.9791 -16.6122 -10.8326 -8.124 -15.6857 -10.9018 -7.9306
4 0x2464628 -16.4571 -10.5682 -8.7373 -16.0457 -10.4786 -8.9225 -15.9949 -10.7408 -8.3808 -16.4205 -10.7408 -8.3808
4 0x2464628 -.6171 -8.0807 -13.8756 -.5657 -8.2152 -13.5978 -1.0286 -8.26 -13.5053 -1.08 -8.1255 -13.783
4 0x2464628 13.4743 -15.0623 6.7858 13.8857 -15.0255 6.5313 14.0914 -15.1138 7.1421 13.68 -15.1212 7.193
4 0x2464628 12.8571 -9.6494 -10.6353 12.8057 -9.2236 -11.5147 13.2686 -9.1564 -11.6536 13.3714 -9.627 -10.6815
4 0x2464628 -17.1771 -10.971 -7.7369 -16.56 -11.023 -7.5917 -16.6629 -11.1095 -7.3496 -17.2286 -11.0749 -7.4464
4 0x2464628 15.12 -13.5731 .1153 15.4286 -13.4014 -.5839 16.0457 -13.5118 -.1344 15.7886 -13.6344 .365
4 0x2464628 -.36 -7.8342 -14.3848 -.5657 -7.9687 -14.107 -1.08 -7.9911 -14.0608 -.9771 -7.8566 -14.3385
4 0x2464628 13.9371 -14.7995 5.1095 14.04 -14.7137 4.7599 14.6301 -14.8493 5.3122 13.9371 -14.8493 5.3122
4 0x2464628 1.1314 -10.5234 -8.8299 .8743 -10.3665 -9.154 1.3371 -10.0976 -9.7094 1.8514 -10.0528 -9.802
4 0x2464628 4.9371 -9.7839 -10.3575 4.9371 -9.8511 -10.2186 4.68 -9.9183 -10.0797 4.7314 -9.7166 -10.4964
3 0x2464628 -.2057 -8.5962 -12.8109 .2057 -8.9771 -12.0239 -.3086 -8.9995 -11.9777
4 0x2464628 2.9314 -9.6942 -10.5426 2.7771 -10.0528 -9.802 1.8514 -10.0528 -9.802 2.1086 -9.739 -10.4501
4 0x2464628 -.5657 -8.2152 -13.5978 -.2057 -8.5962 -12.8109 -.3086 -8.9995 -11.9777 -1.0286 -8.26 -13.5053
4 0x2464628 2.16 -12.287 -4.0566 2.4686 -12.0965 -4.5894 2.7771 -12.287 -4.0566 2.4686 -12.3043 -4.0082
3 0x2464628 15.0171 -15.2904 8.3637 14.6571 -15.3566 8.8217 14.4514 -15.3125 8.5164
4 0x2464628 14.2971 -15.2168 7.8547 14.8629 -15.2536 8.1092 15.0171 -15.2904 8.3637 14.4514 -15.3125 8.5164
4 0x2464628 11.2629 -13.1929 -1.4329 10.2343 -13.2052 -1.383 10.6855 -13.1224 -1.7201 11.6899 -13.1224 -1.7201
4 0x2464628 15.0171 -13.7448 .8145 15.7886 -13.6344 .365 15.84 -13.7203 .7146 15.1714 -13.8184 1.1142
4 0x2464628 9.9913 -13.1224 -1.7201 9.4543 -13.1224 -1.7201 9.2057 -12.9968 -2.0712 9.8743 -13.0661 -1.8776
4 0x2464628 15.0171 -13.7448 .8145 15.0171 -13.6712 .5148 15.12 -13.5731 .1153 15.7886 -13.6344 .365
4 0x2464628 -13.2171 -10.9018 -7.9306 -13.4229 -10.7632 -8.3181 -12.7535 -10.7408 -8.3808 -12.6514 -10.8325 -8.1243
4 0x2464628 12.24 -6.3653 -16.7402 11.6743 -6.1723 -17.0441 11.52 -5.9242 -17.4349 11.88 -5.7313 -17.7389
3 0x2464628 11.52 -5.9242 -17.4349 11.52 -5.4281 -18.2165 11.88 -5.7313 -17.7389
4 0x2464628 11.88 -6.6408 -16.306 12.24 -6.3653 -16.7402 12.7841 -7.7504 -14.5579 12.3018 -7.7504 -14.5579
4 0x2464628 14.8629 -15.2536 8.1092 14.2971 -15.2168 7.8547 14.2457 -15.1653 7.4984 14.76 -15.1727 7.5493
4 0x2464628 14.0914 -15.1138 7.1421 14.6571 -15.1138 7.1421 14.76 -15.1727 7.5493 14.2457 -15.1653 7.4984
4 0x2464628 1.6457 -12.2004 -4.2988 2.16 -12.0792 -4.6378 2.4686 -12.0965 -4.5894 2.16 -12.287 -4.0566
4 0x2464628 12.8057 -9.8735 -10.1723 12.8571 -9.6494 -10.6353 13.3714 -9.627 -10.6815 13.32 -9.8735 -10.1723
4 0x2464628 -16.7143 -8.6858 -12.6257 -18 -8.372 -13.2738 -18 -8.1031 -13.8293 -17.0743 -8.3496 -13.3201
4 0x2464628 -12.6514 -11.7329 -5.6063 -12.4457 -11.906 -5.122 -13.0114 -12.0099 -4.8315 -13.0629 -11.8194 -5.3641
4 0x2464628 1.6457 -12.2004 -4.2988 .9268 -11.9929 -4.879 1.8 -12.0272 -4.7831 2.16 -12.0792 -4.6378
4 0x2464628 -16.7657 -8.9995 -11.9777 -16.7143 -8.6858 -12.6257 -16.0457 -8.8427 -12.3017 -16.2 -9.0219 -11.9314
4 0x2464628 -16.0971 -11.4731 -6.3326 -16.7143 -11.4904 -6.2842 -17.1257 -11.248 -6.9622 -16.56 -11.248 -6.9622
4 0x2464628 11.0571 -15.0108 6.4295 10.44 -15.0402 6.6331 10.1829 -14.9814 6.226 10.7486 -14.9667 6.1241
4 0x2464628 10.44 -13.8675 1.314 11.2629 -14.076 2.163 10.9543 -14.1618 2.5126 9.9257 -13.9165 1.5137
3 0x2464628 3.3944 -7.7504 -14.5579 3.3945 -7.7504 -14.5578 3.3937 -7.7504 -14.5579
3 0x2464628 -15.9177 -10.7408 -8.3808 -13.8857 -10.5458 -8.7836 -14.9657 -10.6578 -8.5521
4 0x2464628 13.0629 -10.2545 -9.3854 12.4203 -10.7408 -8.3808 11.832 -10.7408 -8.3808 12.5486 -10.2321 -9.4316
3 0x2464628 2.5383 -7.7504 -14.5579 2.4686 -7.6881 -14.656 3.3937 -7.7504 -14.5579
3 0x2464628 .4114 -10.6578 -8.5521 .8743 -10.3665 -9.154 1.1314 -10.5234 -8.8299
4 0x2464628 .6686 -9.246 -11.4685 .1029 -9.3581 -11.2371 -.0239 -9.2476 -11.4653 .4629 -9.1788 -11.6074
4 0x2464628 1.6457 -7.3023 -15.2639 .6686 -7.0818 -15.6113 .9771 -6.8613 -15.9586 1.5429 -6.8613 -15.9586
3 0x2464628 -16.4571 -10.3441 -9.2002 -16.0457 -10.4786 -8.9225 -16.4571 -10.5682 -8.7373
4 0x2464628 9.36 -12.6159 -3.1366 8.8971 -12.5813 -3.2335 9 -12.4601 -3.5724 9.4114 -12.5294 -3.3787
4 0x2464628 -.9771 -6.7786 -16.0889 -1.4914 -6.944 -15.8283 -1.7486 -6.7786 -16.0889 -1.3371 -6.6408 -16.306
3 0x2464628 2.0571 -6.9164 -15.8718 2.5714 -7.1094 -15.5679 2.0571 -7.4125 -15.0902
4 0x2464628 -2.1086 -6.1999 -17.0007 -1.6457 -6.1723 -17.0441 -1.4914 -6.4203 -16.6534 -1.9543 -6.3653 -16.7402
3 0x2464628 -15.9177 -10.7408 -8.3808 -13.8857 -10.5458 -8.7836 -12.7535 -10.7408 -8.3808
3 0x2464628 .7712 -10.7408 -8.3808 .4629 -10.8844 -7.9791 .2846 -10.7408 -8.3808
3 0x2464628 .2846 -10.7408 -8.3808 .4629 -10.8844 -7.9791 .1029 -11.0749 -7.4464
4 0x2464628 -.2057 -7.1094 -15.5679 -.9257 -7.0543 -15.6546 -.9771 -6.7786 -16.0889 -.6171 -6.8613 -15.9586
3 0x2464628 1.6457 -7.3023 -15.2639 .6686 -7.0818 -15.6113 .9771 -6.8613 -15.9586
4 0x2464628 .2057 -7.3023 -15.2639 -.1106 -7.7504 -14.5579 -.7604 -7.7504 -14.5579 -.5657 -7.633 -14.7428
4 0x2464628 -2.4171 -5.814 -17.6086 -2.0057 -5.8415 -17.5652 -1.9029 -5.9794 -17.3481 -2.3143 -6.0345 -17.2613
3 0x2464628 16.5086 -13.1439 -1.6327 16.2514 -13.3769 -.6838 15.5829 -13.242 -1.2331
4 0x2464628 10.44 -15.0402 6.6331 11.0571 -15.0108 6.4295 11.4686 -15.055 6.735 10.9029 -15.0917 6.9894
4 0x2464628 -12.7535 -10.7408 -8.3808 -13.8857 -10.5458 -8.7836 -13.4229 -10.4337 -9.0151 -12.8057 -10.6802 -8.5059
4 0x2464628 10.7486 -14.8637 5.4115 10.0286 -14.8637 5.4115 10.0453 -14.8493 5.3122 10.8288 -14.8493 5.3122
4 0x2464628 1.5429 -6.8613 -15.9586 2.0571 -6.9164 -15.8718 2.0571 -7.4125 -15.0902 1.6457 -7.3023 -15.2639
4 0x2464628 -11.8286 -11.6463 -5.8484 -11.6229 -11.7329 -5.6063 -11.7771 -11.8714 -5.2188 -12.1371 -11.7675 -5.5094
4 0x2464628 12.3018 -7.7504 -14.5579 12.7841 -7.7504 -14.5579 12.8571 -7.9014 -14.2459 12.4457 -8.0583 -13.9219
3 0x2464628 -16.3543 -9.8063 -10.3112 -15.8914 -9.739 -10.4501 -15.84 -9.9855 -9.9409
3 0x2464628 -.1106 -7.7504 -14.5579 .2057 -7.3023 -15.2639 .5657 -7.4677 -15.0034
4 0x2464628 10.0286 -14.8637 5.4115 10.7486 -14.8637 5.4115 10.6971 -14.9152 5.7678 10.1829 -14.8931 5.6151
4 0x2464628 9.5143 -13.7448 .8145 9.5143 -13.6467 .415 10.08 -13.6099 .2652 10.0286 -13.6958 .6148
3 0x2464628 9.8229 -13.3033 -.9834 10.6971 -13.3033 -.9834 10.44 -13.3769 -.6838
4 0x2464628 10.3371 -13.475 -.2842 9.8229 -13.4014 -.5839 9.8229 -13.3033 -.9834 10.44 -13.3769 -.6838
3 0x2464628 1.3371 -9.9855 -9.9409 1.8514 -10.0528 -9.802 1.3371 -10.0976 -9.7094
4 0x2464628 -12.0343 -10.3217 -9.2465 -12.9086 -10.2545 -9.3854 -12.0343 -9.8959 -10.1261 -11.5097 -10.1335 -9.6353
3 0x2464628 -12.9086 -10.2545 -9.3854 -12.0343 -10.3217 -9.2465 -12.6514 -10.5458 -8.7836
4 0x2464628 .1029 -9.3581 -11.2371 .6686 -9.246 -11.4685 .7714 -9.5598 -10.8204 .36 -9.4701 -11.0056
4 0x2464628 10.1829 -14.8931 5.6151 10.6971 -14.9152 5.7678 10.7486 -14.9667 6.1241 10.1829 -14.9814 6.226
4 0x2464628 8.8971 -12.5813 -3.2335 9.36 -12.6159 -3.1366 9.4114 -12.7198 -2.846 8.8971 -12.7198 -2.846
3 0x2464628 10.2343 -13.2052 -1.383 11.2629 -13.1929 -1.4329 10.6971 -13.3033 -.9834
4 0x2464628 9.5143 -13.1439 -1.6327 10.2343 -13.2052 -1.383 10.6971 -13.3033 -.9834 9.8229 -13.3033 -.9834
4 0x2464628 2.7771 -7.9238 -14.1996 3.4971 -7.8342 -14.3848 3.6514 -7.9911 -14.0608 2.7771 -8.0807 -13.8756
4 0x2464628 -2.0057 -5.8415 -17.5652 -2.4171 -5.814 -17.6086 -2.3657 -5.4281 -18.2165 -1.9543 -5.4281 -18.2165
4 0x2464628 10.2343 -14.726 4.8099 10.44 -14.6892 4.6601 10.9543 -14.8118 5.1595 10.8288 -14.8493 5.3122
3 0x2464628 -5.7086 -12.9276 -2.2649 -4.8864 -13.1224 -1.7201 -5.6696 -13.1224 -1.7201
4 0x2464628 .0514 -11.1788 -7.1559 .1029 -11.3173 -6.7684 -.3086 -11.3519 -6.6716 -.36 -11.2134 -7.059
4 0x2464628 13.68 -15.1212 7.193 13.32 -15.1432 7.3457 13.0114 -15.0917 6.9894 13.4743 -15.0623 6.7858
4 0x2464628 13.9371 -14.8857 5.5642 14.4514 -14.9372 5.9205 14.5029 -15.0476 6.684 13.8857 -15.0255 6.5313
4 0x2464628 12.0343 -15.0844 6.9385 12.6 -15.0991 7.0403 12.96 -15.1653 7.4984 12.4971 -15.1727 7.5493
3 0x2464628 16.2 -14.4316 3.6113 15.5829 -14.5543 4.1107 15.48 -14.3212 3.1618
4 0x2464628 15.5829 -13.242 -1.2331 16.2514 -13.3769 -.6838 16.0457 -13.5118 -.1344 15.4286 -13.4014 -.5839
4 0x2464628 -1.6457 -6.1723 -17.0441 -2.1086 -6.1999 -17.0007 -2.3143 -6.0345 -17.2613 -1.9029 -5.9794 -17.3481
4 0x2464628 4.1657 -9.6942 -10.5426 3.96 -9.9855 -9.9409 2.7771 -10.0528 -9.802 2.9314 -9.6942 -10.5426
4 0x2464628 14.6571 -15.1138 7.1421 14.0914 -15.1138 7.1421 13.8857 -15.0255 6.5313 14.5029 -15.0476 6.684
3 0x2464628 1.3886 -9.6494 -10.6353 1.4914 -9.7615 -10.4037 .8229 -9.6942 -10.5426
4 0x2464628 9.9913 -13.1224 -1.7201 10.2343 -13.2052 -1.383 9.5143 -13.1439 -1.6327 9.4543 -13.1224 -1.7201
4 0x2464628 -.1106 -7.7504 -14.5579 -.36 -7.8342 -14.3848 -.9771 -7.8566 -14.3385 -.7604 -7.7504 -14.5579
4 0x2464628 16.2514 -14.1741 2.5625 15.6343 -14.2477 2.8622 15.48 -14.1127 2.3127 16.1486 -14.0637 2.113
4 0x2464628 9.72 -12.0792 -4.6378 9.9771 -12.2004 -4.2988 9.5657 -12.4255 -3.6692 9.2057 -12.3389 -3.9114
4 0x2464628 -12.4457 -11.906 -5.122 -12.6514 -11.7329 -5.6063 -12.4971 -11.6116 -5.9453 -12.1371 -11.7675 -5.5094
3 0x2464628 1.2343 -9.8735 -10.1723 1.8514 -10.0528 -9.802 1.3371 -9.9855 -9.9409
4 0x2464628 11.5714 -14.4929 3.861 11.1086 -14.4071 3.5114 11.16 -14.2844 3.0119 11.6229 -14.309 3.1118
4 0x2464628 -13.68 -11.8714 -5.2188 -13.7829 -12.0619 -4.6862 -14.4 -12.0445 -4.7346 -14.1429 -11.8887 -5.1704
4 0x2464628 15.7371 -12.7371 -2.7976 16.4057 -12.564 -3.2819 16.8171 -12.6506 -3.0397 15.9943 -12.8583 -2.4586
4 0x2464628 3.8057 -11.7329 -5.6063 3.7029 -11.8194 -5.3641 2.88 -11.958 -4.9767 3.1886 -11.7155 -5.6547
3 0x2464628 -1.4914 -6.944 -15.8283 -.9771 -6.7786 -16.0889 -.9257 -7.0543 -15.6546
4 0x2464628 -12.7535 -10.7408 -8.3808 -13.4229 -10.7632 -8.3181 -13.8857 -10.7632 -8.3181 -16.4205 -10.7408 -8.3808
4 0x2464628 -15.0171 -11.9753 -4.9283 -14.6057 -11.8541 -5.2673 -14.1429 -11.8887 -5.1704 -14.4 -12.0445 -4.7346
4 0x2464628 9.5657 -12.4255 -3.6692 9.4114 -12.5294 -3.3787 9 -12.4601 -3.5724 9.2057 -12.3389 -3.9114
4 0x2464628 9.9771 -12.2004 -4.2988 9.72 -12.0792 -4.6378 10.2857 -11.8194 -5.3641 10.3886 -12.0099 -4.8315
3 0x2464628 1.0286 -11.8021 -5.4125 1.8 -12.0272 -4.7831 .9268 -11.9929 -4.879
4 0x2464628 6.1714 -11.2827 -6.8653 5.6571 -11.5078 -6.2358 4.7314 -11.6116 -5.9453 4.7829 -11.4212 -6.4779
4 0x2464628 3.8057 -11.7329 -5.6063 3.9086 -11.5251 -6.1874 4.7829 -11.4212 -6.4779 4.7314 -11.6116 -5.9453
4 0x2464628 -7.6629 -12.5986 -3.185 -7.8171 -12.3908 -3.7661 -5.7086 -12.9276 -2.2649 -5.6696 -13.1224 -1.7201
4 0x2464628 -16.2 -9.2236 -11.5147 -16.0971 -9.4701 -11.0056 -16.4571 -9.5822 -10.7741 -16.6629 -9.2909 -11.3759
4 0x2464628 10.44 -13.8675 1.314 9.9257 -13.9165 1.5137 9.6686 -13.8429 1.214 10.1314 -13.7816 .9644
4 0x2464628 14.8114 -14.7628 4.9598 14.6301 -14.8493 5.3122 14.04 -14.7137 4.7599 14.3486 -14.6033 4.3105
3 0x2464628 -.6171 -6.8613 -15.9586 .0514 -6.8889 -15.9152 -.2057 -7.1094 -15.5679
4 0x2464628 10.0286 -13.6958 .6148 10.1314 -13.7816 .9644 9.6686 -13.8429 1.214 9.5143 -13.7448 .8145
4 0x2464628 3.4457 -8.2152 -13.5978 2.7771 -8.0807 -13.8756 3.6514 -7.9911 -14.0608 3.6 -8.1255 -13.783
4 0x2464628 .9268 -11.9929 -4.879 .1029 -11.6463 -5.8484 .4114 -11.5251 -6.1874 1.0286 -11.8021 -5.4125
4 0x2464628 .1029 -11.3173 -6.7684 .4114 -11.5251 -6.1874 .1029 -11.6463 -5.8484 -.3086 -11.3519 -6.6716
4 0x2464628 -12.8057 -10.6802 -8.5059 -13.4229 -10.4337 -9.0151 -12.9086 -10.2545 -9.3854 -12.6514 -10.5458 -8.7836
4 0x2464628 18 -15.1432 7.3457 18 -15.2315 7.9564 17.1257 -15.3125 8.5164 17.0743 -15.2315 7.9564
4 0x2464628 2.5384 -7.7504 -14.5579 3.3945 -7.7504 -14.5579 3.4971 -7.8342 -14.3848 2.7771 -7.9238 -14.1996
4 0x2464628 .72 -7.1645 -15.481 1.2343 -7.3023 -15.2639 .5657 -7.4677 -15.0034 .2057 -7.3023 -15.2639
4 0x2464628 3.0857 -7.4401 -15.0468 2.4686 -7.6881 -14.656 2.0571 -7.4125 -15.0902 2.5714 -7.1094 -15.5679
4 0x2464628 .0514 -6.8889 -15.9152 .9771 -6.8613 -15.9586 .6686 -7.0818 -15.6113 -.2057 -7.1094 -15.5679
3 0x2464628 13.2686 -12.6506 -3.0397 13.4743 -12.6679 -2.9913 13.4743 -12.7198 -2.846
4 0x2464628 13.3714 -12.7718 -2.7007 13.0629 -12.6679 -2.9913 13.2686 -12.6506 -3.0397 13.4743 -12.7198 -2.846
4 0x2464628 10.8514 -14.5911 4.2606 11.4171 -14.6401 4.4603 11.2114 -14.726 4.8099 10.6971 -14.6524 4.5102
4 0x2464628 -1.3371 -6.6408 -16.306 -1.7486 -6.7786 -16.0889 -1.9543 -6.3653 -16.7402 -1.4914 -6.4203 -16.6534
3 0x2464628 12.4203 -10.7408 -8.3808 13.0629 -10.2545 -9.3854 12.4457 -10.7251 -8.4133
4 0x2464628 -13.0629 -11.8194 -5.3641 -13.0114 -12.0099 -4.8315 -13.7829 -12.0619 -4.6862 -13.68 -11.8714 -5.2188
4 0x2464628 12.0343 -15.0844 6.9385 11.4171 -15.1285 7.2439 10.9029 -15.0917 6.9894 11.4686 -15.055 6.735
4 0x2464628 3.1886 -11.7155 -5.6547 3.3943 -11.629 -5.8968 3.9086 -11.5251 -6.1874 3.8057 -11.7329 -5.6063
4 0x2464628 -12.4971 -11.6116 -5.9453 -12.4971 -11.4039 -6.5263 -11.9314 -11.3519 -6.6716 -11.9314 -11.5251 -6.1874
4 0x2464628 11.6229 -14.309 3.1118 11.16 -14.2844 3.0119 11.1086 -14.2231 2.7623 11.6229 -14.2231 2.7623
4 0x2464628 2.6743 -12.0792 -4.6378 3.0343 -12.2177 -4.2504 2.7771 -12.287 -4.0566 2.4686 -12.0965 -4.5894
4 0x2464628 13.9371 -14.8493 5.3122 14.6301 -14.8493 5.3122 14.6057 -14.8563 5.3607 13.9371 -14.8857 5.5642
4 0x2464628 -12.4971 -11.4039 -6.5263 -12.7543 -11.1961 -7.1074 -12.1371 -11.1268 -7.3012 -11.9314 -11.3519 -6.6716
4 0x2464628 11.4171 -15.1285 7.2439 12.0343 -15.0844 6.9385 12.4971 -15.1727 7.5493 11.9829 -15.158 7.4475
4 0x2464628 16.1486 -15.2977 8.4146 16.2514 -15.3713 8.9236 15.5314 -15.3934 9.0763 15.6343 -15.3125 8.5164
4 0x2464628 12.4203 -10.7408 -8.3808 11.6126 -11.1268 -7.3012 11.6331 -10.8498 -8.0759 11.832 -10.7408 -8.3808
4 0x2464628 16.4057 -12.564 -3.2819 15.7371 -12.7371 -2.7976 15.1714 -12.4082 -3.7176 15.84 -12.3562 -3.8629
4 0x2464628 -15.8914 -8.5962 -12.8109 -14.4514 -8.8203 -12.348 -14.7086 -9.0668 -11.8388 -16.0457 -8.8427 -12.3017
4 0x2464628 5.6571 -11.5078 -6.2358 6.1714 -11.2827 -6.8653 6.9634 -11.2169 -7.0493 6.5314 -11.4558 -6.381
4 0x2464628 14.6571 -15.3566 8.8217 15.0171 -15.2904 8.3637 15.2743 -15.3125 8.5164 15.0171 -15.386 9.0253
4 0x2464628 11.6899 -13.1224 -1.7201 10.6855 -13.1224 -1.7201 10.9029 -13.0661 -1.8776 11.9314 -13.0661 -1.8776
4 0x2464628 -11.9314 -11.5251 -6.1874 -11.8286 -11.6463 -5.8484 -12.1371 -11.7675 -5.5094 -12.4971 -11.6116 -5.9453
4 0x2464628 15.6343 -15.3125 8.5164 15.5314 -15.3934 9.0763 15.0171 -15.386 9.0253 15.2743 -15.3125 8.5164
4 0x2464628 12.8571 -7.9014 -14.2459 13.2686 -9.1564 -11.6536 12.8057 -9.2236 -11.5147 12.4457 -8.0583 -13.9219
3 0x2464628 17.28 -12.6679 -2.9913 18 -12.6159 -3.1366 18 -12.9968 -2.0712
4 0x2464628 12.7543 -12.893 -2.3617 11.9314 -13.0661 -1.8776 10.9029 -13.0661 -1.8776 11.6743 -12.893 -2.3617
4 0x2464628 3.0857 -8.3944 -13.2275 2.88 -8.5962 -12.8109 2.16 -8.5289 -12.9498 2.52 -8.2824 -13.459
4 0x2464628 -.5657 -7.9687 -14.107 -.6171 -8.0807 -13.8756 -1.08 -8.1255 -13.783 -1.08 -7.9911 -14.0608
4 0x2464628 -16.0971 -9.4701 -11.0056 -15.8914 -9.739 -10.4501 -16.3543 -9.8063 -10.3112 -16.4571 -9.5822 -10.7741
4 0x2464628 13.32 -15.1432 7.3457 12.96 -15.1653 7.4984 12.6 -15.0991 7.0403 13.0114 -15.0917 6.9894
4 0x2464628 -16.6629 -9.2909 -11.3759 -16.7657 -8.9995 -11.9777 -16.2 -9.0219 -11.9314 -16.2 -9.2236 -11.5147
4 0x2464628 11.4171 -14.6401 4.4603 10.8514 -14.5911 4.2606 11.1086 -14.4071 3.5114 11.5714 -14.4929 3.861
4 0x2464628 10.8288 -14.8493 5.3122 10.0453 -14.8493 5.3122 10.08 -14.7995 5.1095 10.2343 -14.726 4.8099
4 0x2464628 16.5577 -13.1224 -1.7201 16.5086 -13.1439 -1.6327 15.5829 -13.242 -1.2331 15.7412 -13.1224 -1.7201
4 0x2464628 11.2629 -14.076 2.163 11.52 -14.1618 2.5126 11.1086 -14.2231 2.7623 10.9543 -14.1618 2.5126
4 0x2464628 -16.56 -11.248 -6.9622 -17.1257 -11.248 -6.9622 -17.2286 -11.0749 -7.4464 -16.6629 -11.1095 -7.3496
4 0x2464628 13.0629 -12.6679 -2.9913 13.3714 -12.7718 -2.7007 12.7543 -12.893 -2.3617 12.3943 -12.7544 -2.7492
3 0x2464628 12.7543 -12.893 -2.3617 11.6743 -12.893 -2.3617 12.3943 -12.7544 -2.7492
4 0x2464628 -14.6057 -11.8541 -5.2673 -15.0171 -11.9753 -4.9283 -15.84 -11.7848 -5.461 -15.3771 -11.7155 -5.6547
4 0x2464628 -14.7086 -9.0668 -11.8388 -14.4514 -8.8203 -12.348 -13.9371 -8.9099 -12.1628 -14.1429 -9.134 -11.6999
4 0x2464628 8.8971 -12.7198 -2.846 9.4114 -12.7198 -2.846 9.5657 -12.8583 -2.4586 9 -12.841 -2.507
4 0x2464628 1.6457 -8.9547 -12.0703 2.16 -8.5289 -12.9498 2.88 -8.5962 -12.8109 2.3657 -9.0668 -11.8388
4 0x2464628 9.8229 -13.4014 -.5839 10.3371 -13.475 -.2842 10.08 -13.6099 .2652 9.72 -13.5241 -.0844
3 0x2464628 10.08 -13.6099 .2652 9.5143 -13.6467 .415 9.72 -13.5241 -.0844
4 0x2464628 -16.3543 -9.8063 -10.3112 -15.84 -9.9855 -9.9409 -15.9429 -10.2545 -9.3854 -16.3543 -10.0528 -9.802
4 0x2464628 -16.0457 -10.4786 -8.9225 -16.4571 -10.3441 -9.2002 -16.3543 -10.0528 -9.802 -15.9429 -10.2545 -9.3854
4 0x2464628 3.7029 -11.8194 -5.3641 3.3429 -12.0792 -4.6378 2.6743 -12.0792 -4.6378 2.88 -11.958 -4.9767
3 0x2464628 3.0343 -12.2177 -4.2504 2.6743 -12.0792 -4.6378 3.3429 -12.0792 -4.6378
3 0x2464628 13.9371 -14.8857 5.5642 14.6057 -14.8563 5.3607 14.4514 -14.9372 5.9205
4 0x2464628 1.1829 -9.2236 -11.5147 1.6457 -8.9547 -12.0703 2.3657 -9.0668 -11.8388 1.6971 -9.3805 -11.1907
4 0x2464628 -13.2171 -10.9018 -7.9306 -12.6514 -10.8325 -8.1243 -12.1371 -11.1268 -7.3012 -12.7543 -11.1961 -7.1074
0 // Olive faces
4 330 1.44 -9.5149 -10.913 2.1086 -9.739 -10.4501 1.4914 -9.7615 -10.4037 1.3886 -9.6494 -10.6353
4 330 16.5 -5.4281 -18.2165 18 -6.232 -16.9501 12.24 -6.3653 -16.7402 11.88 -5.7313 -17.7389
4 330 -14.6057 -11.8541 -5.2673 -15.3771 -11.7155 -5.6547 -15.6857 -10.9018 -7.9306 -12.7543 -11.1961 -7.1074
4 330 4.7314 -9.7166 -10.4964 9.5143 -9.2684 -11.4222 9.4629 -9.4701 -11.0056 4.9371 -9.7839 -10.3575
4 330 -9.5657 -5.4281 -18.2165 -9.4629 -7.3574 -15.177 -9.5143 -7.633 -14.7428 -18 -6.232 -16.9501
4 330 1.44 -9.5149 -10.913 1.6971 -9.3805 -11.1907 2.3657 -9.0668 -11.8388 2.1086 -9.739 -10.4501
4 330 17.0743 -15.2315 7.9564 16.1486 -15.2977 8.4146 14.76 -15.1727 7.5493 14.6571 -15.1138 7.1421
4 330 18 -12.9968 -2.0712 18 -13.1224 -1.7201 16.5577 -13.1224 -1.7201 17.3314 -12.9795 -2.1196
4 330 1.8 -12.0272 -4.7831 1.0286 -11.8021 -5.4125 3.1886 -11.7155 -5.6547 2.88 -11.958 -4.9767
4 330 15.3771 -13.8675 1.314 11.2629 -14.076 2.163 10.44 -13.8675 1.314 15.1714 -13.8184 1.1142
3 330 -9.6445 -10.7408 -8.3808 -6.569 -10.7408 -8.3808 -9.5657 -11.1268 -7.3012
3 330 9.9913 -13.1224 -1.7201 10.6855 -13.1224 -1.7201 10.2343 -13.2052 -1.383
4 330 9.4114 -12.5294 -3.3787 9.5657 -12.4255 -3.6692 9.9771 -12.2004 -4.2988 10.6971 -12.3043 -4.0082
3 330 9.9771 -12.2004 -4.2988 10.5429 -12.1831 -4.3472 10.6971 -12.3043 -4.0082
4 330 16.2514 -14.1741 2.5625 16.1486 -14.0637 2.113 16.1486 -13.8797 1.3639 17.2286 -14.2354 2.8122
4 330 10.6855 -13.1224 -1.7201 9.9913 -13.1224 -1.7201 9.8743 -13.0661 -1.8776 10.9029 -13.0661 -1.8776
3 330 -13.8857 -10.7632 -8.3181 -13.4229 -10.7632 -8.3181 -13.2171 -10.9018 -7.9306
4 330 -12.7543 -11.1961 -7.1074 -14.8629 -10.8325 -8.1243 -13.8857 -10.7632 -8.3181 -13.2171 -10.9018 -7.9306
4 330 15.3771 -13.8675 1.314 15.4286 -13.9778 1.7634 11.52 -14.1618 2.5126 11.2629 -14.076 2.163
4 330 .7712 -10.7408 -8.3808 2.7771 -10.0528 -9.802 3.96 -9.9855 -9.9409 7.8218 -10.7408 -8.3808
3 330 -15.6857 -10.9018 -7.9306 -15.3771 -11.7155 -5.6547 -16.0971 -11.4731 -6.3326
4 330 -16.56 -11.248 -6.9622 -16.2514 -10.971 -7.7369 -15.6857 -10.9018 -7.9306 -16.0971 -11.4731 -6.3326
4 330 14.6057 -14.8563 5.3607 14.6301 -14.8493 5.3122 18 -14.8493 5.3122 18 -15.1432 7.3457
4 330 2.52 -8.2824 -13.459 -.36 -7.8342 -14.3848 2.7771 -7.9238 -14.1996 2.7771 -8.0807 -13.8756
4 330 10.7486 -14.8637 5.4115 13.0114 -15.0917 6.9894 12.6 -15.0991 7.0403 10.6971 -14.9152 5.7678
4 330 11.4686 -15.055 6.735 10.6971 -14.9152 5.7678 12.6 -15.0991 7.0403 12.0343 -15.0844 6.9385
3 330 10.8288 -14.8493 5.3122 10.9543 -14.8118 5.1595 13.9371 -14.8493 5.3122
4 330 16.0457 -13.5118 -.1344 16.2514 -13.3769 -.6838 16.1486 -13.8797 1.3639 16.0457 -13.7816 .9644
4 330 15.6343 -14.2477 2.8622 11.6229 -14.309 3.1118 11.6229 -14.2231 2.7623 15.48 -14.1127 2.3127
4 330 10.1314 -13.7816 .9644 15.0171 -13.7448 .8145 15.1714 -13.8184 1.1142 10.44 -13.8675 1.314
4 330 15.6343 -14.2477 2.8622 15.48 -14.3212 3.1618 14.3486 -14.6033 4.3105 11.6229 -14.309 3.1118
4 330 11.2114 -14.726 4.8099 11.4171 -14.6401 4.4603 13.9371 -14.7995 5.1095 13.9371 -14.8493 5.3122
3 330 -13.7829 -9.0219 -11.9314 -11.5714 -9.1564 -11.6536 -11.6229 -9.3805 -11.1907
4 330 10.3371 -13.475 -.2842 15.0171 -13.7448 .8145 10.0286 -13.6958 .6148 10.08 -13.6099 .2652
3 330 15.0171 -13.7448 .8145 10.1314 -13.7816 .9644 10.0286 -13.6958 .6148
3 330 -4.4743 -11.7329 -5.6063 -4.5771 -11.5597 -6.0905 -7.8171 -12.3908 -3.7661
4 330 13.2686 -9.1564 -11.6536 18 -7.7504 -14.5579 18 -10.7408 -8.3808 13.3714 -9.627 -10.6815
4 330 11.52 -14.1618 2.5126 15.4286 -13.9778 1.7634 15.48 -14.1127 2.3127 11.6229 -14.2231 2.7623
4 330 3.3944 -7.7504 -14.5579 3.0857 -7.4401 -15.0468 9.4114 -7.6606 -14.6994 3.398 -7.7504 -14.5579
4 330 7.8686 -6.255 -16.9139 9.3086 -7.4952 -14.96 9.4114 -7.6606 -14.6994 3.0857 -7.4401 -15.0468
4 330 3.3943 -11.629 -5.8968 3.1886 -11.7155 -5.6547 .4114 -11.5251 -6.1874 .1029 -11.3173 -6.7684
3 330 3.1886 -11.7155 -5.6547 1.0286 -11.8021 -5.4125 .4114 -11.5251 -6.1874
4 330 16.5086 -14.3948 3.4614 17.2286 -14.4561 3.7111 15.5829 -14.5543 4.1107 16.2 -14.4316 3.6113
4 330 1.5429 -6.8613 -15.9586 -2.0057 -5.8415 -17.5652 7.7143 -6.0896 -17.1744 2.0571 -6.9164 -15.8718
4 330 -1.9543 -5.4281 -18.2165 7.7657 -5.4281 -18.2165 7.6114 -5.6761 -17.8258 -2.0057 -5.8415 -17.5652
3 330 -2.0057 -5.8415 -17.5652 7.6114 -5.6761 -17.8258 7.6114 -5.8967 -17.4783
3 330 15.7371 -12.7371 -2.7976 15.9943 -12.8583 -2.4586 15.7412 -13.1224 -1.7201
3 330 10.9543 -14.8118 5.1595 11.2114 -14.726 4.8099 13.9371 -14.8493 5.3122
4 330 12.7841 -7.7504 -14.5579 12.24 -6.3653 -16.7402 18 -6.232 -16.9501 18 -7.7504 -14.5579
4 330 10.6971 -13.3033 -.9834 15.5829 -13.242 -1.2331 10.3371 -13.475 -.2842 10.44 -13.3769 -.6838
3 330 15.0171 -13.6712 .5148 10.3371 -13.475 -.2842 15.12 -13.5731 .1153
4 330 7.7143 -6.0896 -17.1744 7.8686 -6.255 -16.9139 2.5714 -7.1094 -15.5679 2.0571 -6.9164 -15.8718
3 330 15.5829 -13.242 -1.2331 10.6971 -13.3033 -.9834 11.2629 -13.1929 -1.4329
4 330 1.2343 -7.3023 -15.2639 2.0571 -7.4125 -15.0902 -.1106 -7.7504 -14.5579 .5657 -7.4677 -15.0034
3 330 .7712 -10.7408 -8.3808 1.8514 -10.0528 -9.802 2.7771 -10.0528 -9.802
3 330 -15.6857 -10.9018 -7.9306 -14.8629 -10.8325 -8.1243 -12.7543 -11.1961 -7.1074
3 330 16.8171 -12.9622 -2.168 17.3314 -12.9795 -2.1196 16.5577 -13.1224 -1.7201
4 330 -12.6514 -10.8325 -8.1243 -12.7535 -10.7408 -8.3808 -11.4233 -10.7408 -8.3808 -12.1371 -11.1268 -7.3012
3 330 12.4203 -10.7408 -8.3808 12.4457 -10.7251 -8.4133 18 -10.7408 -8.3808
4 330 -12.6514 -11.7329 -5.6063 -12.7543 -11.1961 -7.1074 -12.4971 -11.4039 -6.5263 -12.4971 -11.6116 -5.9453
3 330 -9.6445 -10.7408 -8.3808 -7.8171 -9.9631 -9.9872 -7.5086 -10.2321 -9.4316
4 330 2.0571 -7.4125 -15.0902 2.4686 -7.6881 -14.656 2.5383 -7.7504 -14.5579 -.1106 -7.7504 -14.5579
3 330 15.0171 -13.6712 .5148 15.0171 -13.7448 .8145 10.3371 -13.475 -.2842
3 330 -4.4743 -11.7329 -5.6063 -7.8171 -12.3908 -3.7661 -4.5771 -11.5597 -6.0905
4 330 3.9086 -11.5251 -6.1874 .7712 -10.7408 -8.3808 7.8218 -10.7408 -8.3808 4.7829 -11.4212 -6.4779
3 330 18 -10.7408 -8.3808 13.32 -9.8735 -10.1723 13.3714 -9.627 -10.6815
3 330 3.398 -7.7504 -14.5579 9.4114 -7.6606 -14.6994 9.4356 -7.7504 -14.5579
4 330 16.8171 -12.6506 -3.0397 18 -10.7408 -8.3808 18 -12.6159 -3.1366 17.28 -12.6679 -2.9913
4 330 9.5657 -12.8583 -2.4586 10.9543 -12.3562 -3.8629 10.9029 -13.0661 -1.8776 9.8743 -13.0661 -1.8776
3 330 2.5714 -7.1094 -15.5679 7.8686 -6.255 -16.9139 3.0857 -7.4401 -15.0468
3 330 -1.6457 -6.1723 -17.0441 -1.9029 -5.9794 -17.3481 -2.0057 -5.8415 -17.5652
4 330 -14.6057 -11.8541 -5.2673 -12.7543 -11.1961 -7.1074 -13.68 -11.8714 -5.2188 -14.1429 -11.8887 -5.1704
4 330 13.0629 -12.6679 -2.9913 12.3943 -12.7544 -2.7492 11.2114 -12.3216 -3.9598 11.3143 -12.2177 -4.2504
3 330 -9.6445 -10.7408 -8.3808 -7.5086 -10.2321 -9.4316 -6.9943 -10.5458 -8.7836
3 330 -9.6445 -10.7408 -8.3808 -6.9943 -10.5458 -8.7836 -6.569 -10.7408 -8.3808
3 330 16.2514 -13.3769 -.6838 16.5086 -13.1439 -1.6327 18 -14.2477 2.8622
4 330 11.6899 -13.1224 -1.7201 11.9314 -13.0661 -1.8776 13.3714 -12.7718 -2.7007 15.7412 -13.1224 -1.7201
4 330 -11.9314 -11.3519 -6.6716 -12.1371 -11.1268 -7.3012 -11.4233 -10.7408 -8.3808 -11.2629 -11.6116 -5.9453
4 330 2.3657 -9.0668 -11.8388 9.4629 -7.8342 -14.3848 4.1657 -9.6942 -10.5426 2.9314 -9.6942 -10.5426
4 330 3.4457 -8.2152 -13.5978 9.4629 -7.8342 -14.3848 2.88 -8.5962 -12.8109 3.0857 -8.3944 -13.2275
3 330 -4.4743 -11.7329 -5.6063 -6.0171 -10.9364 -7.8338 -5.04 -11.2827 -6.8653
3 330 10.9543 -12.3562 -3.8629 9.5657 -12.8583 -2.4586 9.4114 -12.7198 -2.846
3 330 9.4114 -12.5294 -3.3787 10.6971 -12.3043 -4.0082 10.9543 -12.3562 -3.8629
4 330 4.1657 -9.6942 -10.5426 9.4629 -7.8342 -14.3848 9.5143 -9.2684 -11.4222 4.7314 -9.7166 -10.4964
3 330 10.9543 -12.3562 -3.8629 11.6743 -12.893 -2.3617 10.9029 -13.0661 -1.8776
3 330 -15.9177 -10.7408 -8.3808 -14.9657 -10.6578 -8.5521 -15.9949 -10.7408 -8.3808
4 330 .9771 -6.8613 -15.9586 -1.6457 -6.1723 -17.0441 -2.0057 -5.8415 -17.5652 1.5429 -6.8613 -15.9586
3 330 -12.7535 -10.7408 -8.3808 -12.8057 -10.6802 -8.5059 -11.4233 -10.7408 -8.3808
4 330 -15.9429 -10.2545 -9.3854 -15.84 -9.9855 -9.9409 -12.9086 -10.2545 -9.3854 -15.9177 -10.7408 -8.3808
3 330 -2.0057 -5.8415 -17.5652 7.6114 -5.8967 -17.4783 7.7143 -6.0896 -17.1744
3 330 -9.5657 -5.4281 -18.2165 -18 -6.232 -16.9501 -16.5 -5.4281 -18.2165
4 330 14.9143 -12.0619 -4.6862 12.4203 -10.7408 -8.3808 18 -10.7408 -8.3808 15.12 -12.0445 -4.7346
3 330 -1.6457 -6.1723 -17.0441 .9771 -6.8613 -15.9586 .0514 -6.8889 -15.9152
3 330 1.8 -12.0272 -4.7831 2.88 -11.958 -4.9767 2.16 -12.0792 -4.6378
4 330 7.2514 -11.0576 -7.4949 6.1714 -11.2827 -6.8653 4.7829 -11.4212 -6.4779 7.8218 -10.7408 -8.3808
3 330 .7712 -10.7408 -8.3808 1.8514 -10.0528 -9.802 1.1314 -10.5234 -8.8299
3 330 -4.4743 -11.7329 -5.6063 -9.5143 -11.7329 -5.6063 -9.5657 -11.1268 -7.3012
3 330 18 -7.7504 -14.5579 13.2686 -9.1564 -11.6536 12.8571 -7.9014 -14.2459
3 330 .7712 -10.7408 -8.3808 3.9086 -11.5251 -6.1874 3.3943 -11.629 -5.8968
3 330 3.398 -7.7504 -14.5579 3.3945 -7.7504 -14.5578 3.3944 -7.7504 -14.5579
3 330 3.4971 -7.8342 -14.3848 3.6514 -7.9911 -14.0608 3.3945 -7.7504 -14.5579
4 330 -9.8229 -9.627 -10.6815 -8.0229 -9.7166 -10.4964 -7.8171 -9.9631 -9.9872 -9.6445 -10.7408 -8.3808
3 330 9.4629 -7.8342 -14.3848 3.4457 -8.2152 -13.5978 3.6 -8.1255 -13.783
4 330 16.1486 -15.2977 8.4146 15.6343 -15.3125 8.5164 14.8629 -15.2536 8.1092 14.76 -15.1727 7.5493
3 330 -8.1771 -9.1564 -11.6536 -9.72 -9.0443 -11.8851 -9.2571 -8.753 -12.4868
4 330 -18 -7.7504 -14.5579 -18 -6.232 -16.9501 -9.5143 -7.633 -14.7428 -9.5768 -7.7504 -14.5579
4 330 14.6571 -15.1138 7.1421 14.5029 -15.0476 6.684 14.4514 -14.9372 5.9205 17.0743 -15.2315 7.9564
4 330 -8.1257 -9.4701 -11.0056 -9.8229 -9.2236 -11.5147 -9.72 -9.0443 -11.8851 -8.1771 -9.1564 -11.6536
4 330 -8.5886 -8.3944 -13.2275 -8.2286 -8.5737 -12.8572 -8.1771 -9.1564 -11.6536 -9.2571 -8.753 -12.4868
3 330 -12.0343 -10.3217 -9.2465 -11.5097 -10.1335 -9.6353 -12.6514 -10.5458 -8.7836
3 330 -15.8914 -9.739 -10.4501 -14.7086 -9.0668 -11.8388 -14.1429 -9.134 -11.6999
4 330 -12.9086 -10.2545 -9.3854 -15.84 -9.9855 -9.9409 -15.8914 -9.739 -10.4501 -14.1429 -9.134 -11.6999
3 330 9.4629 -7.8342 -14.3848 3.6 -8.1255 -13.783 3.6514 -7.9911 -14.0608
4 330 16.1486 -13.8797 1.3639 16.2514 -13.3769 -.6838 18 -14.2477 2.8622 17.2286 -14.2354 2.8122
3 330 1.1829 -9.2236 -11.5147 .9257 -9.2909 -11.3759 .6686 -9.246 -11.4685
4 330 9.4356 -7.7504 -14.5579 9.4629 -7.8342 -14.3848 3.6514 -7.9911 -14.0608 3.3945 -7.7504 -14.5579
4 330 15.6343 -15.3125 8.5164 15.2743 -15.3125 8.5164 15.0171 -15.2904 8.3637 14.8629 -15.2536 8.1092
4 330 2.52 -8.2824 -13.459 2.16 -8.5289 -12.9498 -.5657 -7.9687 -14.107 -.36 -7.8342 -14.3848
4 330 14.6057 -14.8563 5.3607 18 -15.1432 7.3457 17.0743 -15.2315 7.9564 14.4514 -14.9372 5.9205
3 330 12.7543 -12.893 -2.3617 13.3714 -12.7718 -2.7007 11.9314 -13.0661 -1.8776
3 330 -4.8864 -13.1224 -1.7201 -4.341 -13.1224 -1.7201 -4.32 -13.2175 -1.333
4 330 12.4203 -10.7408 -8.3808 14.9143 -12.0619 -4.6862 11.5714 -11.5251 -6.1874 11.6126 -11.1268 -7.3012
4 330 -16.56 -11.248 -6.9622 -16.6629 -11.1095 -7.3496 -16.56 -11.023 -7.5917 -16.2514 -10.971 -7.7369
3 330 9.4629 -7.8342 -14.3848 2.3657 -9.0668 -11.8388 2.88 -8.5962 -12.8109
4 330 18 -14.8493 5.3122 14.6301 -14.8493 5.3122 14.8114 -14.7628 4.9598 15.5829 -14.5543 4.1107
3 330 2.1086 -9.739 -10.4501 2.3657 -9.0668 -11.8388 2.9314 -9.6942 -10.5426
4 330 1.6457 -8.9547 -12.0703 1.1829 -9.2236 -11.5147 .6686 -9.246 -11.4685 .4629 -9.1788 -11.6074
4 330 -1.6457 -6.1723 -17.0441 .0514 -6.8889 -15.9152 -.6171 -6.8613 -15.9586 -1.4914 -6.4203 -16.6534
4 330 10.9543 -12.3562 -3.8629 9.4114 -12.7198 -2.846 9.36 -12.6159 -3.1366 9.4114 -12.5294 -3.3787
3 330 13.9371 -14.8857 5.5642 13.8857 -15.0255 6.5313 13.4743 -15.0623 6.7858
4 330 -7.8171 -12.3908 -3.7661 -4.4743 -11.7329 -5.6063 -4.3714 -12.9276 -2.2649 -5.7086 -12.9276 -2.2649
4 330 13.0114 -15.0917 6.9894 10.7486 -14.8637 5.4115 13.9371 -14.8857 5.5642 13.4743 -15.0623 6.7858
4 330 15.7886 -13.6344 .365 16.0457 -13.5118 -.1344 16.0457 -13.7816 .9644 15.84 -13.7203 .7146
4 330 11.5714 -14.4929 3.861 14.04 -14.7137 4.7599 13.9371 -14.7995 5.1095 11.4171 -14.6401 4.4603
4 330 16.8171 -12.6506 -3.0397 16.4057 -12.564 -3.2819 15.84 -12.3562 -3.8629 18 -10.7408 -8.3808
4 330 -15.9429 -10.2545 -9.3854 -15.9177 -10.7408 -8.3808 -15.9949 -10.7408 -8.3808 -16.0457 -10.4786 -8.9225
4 330 -12.0343 -9.8959 -10.1261 -12.9086 -10.2545 -9.3854 -14.1429 -9.134 -11.6999 -13.8343 -9.134 -11.6999
4 330 13.2686 -12.6506 -3.0397 11.4686 -11.9753 -4.9283 11.5714 -11.5251 -6.1874 14.9143 -12.0619 -4.6862
4 330 10.3371 -13.475 -.2842 15.5829 -13.242 -1.2331 15.4286 -13.4014 -.5839 15.12 -13.5731 .1153
4 330 14.04 -14.7137 4.7599 11.5714 -14.4929 3.861 11.6229 -14.309 3.1118 14.3486 -14.6033 4.3105
4 330 -8.2286 -8.5737 -12.8572 -8.5886 -8.3944 -13.2275 -8.4343 -8.3496 -13.3201 -8.28 -8.3944 -13.2275
4 330 -.1106 -7.7504 -14.5579 2.5384 -7.7504 -14.5579 2.7771 -7.9238 -14.1996 -.36 -7.8342 -14.3848
4 330 -16.2 -9.2236 -11.5147 -16.2 -9.0219 -11.9314 -16.0457 -8.8427 -12.3017 -14.7086 -9.0668 -11.8388
4 330 -11.5097 -10.1335 -9.6353 -11.4233 -10.7408 -8.3808 -12.8057 -10.6802 -8.5059 -12.6514 -10.5458 -8.7836
3 330 10.3886 -12.0099 -4.8315 10.5429 -12.1831 -4.3472 9.9771 -12.2004 -4.2988
4 330 .1029 -11.0749 -7.4464 3.3943 -11.629 -5.8968 .1029 -11.3173 -6.7684 .0514 -11.1788 -7.1559
3 330 -15.9177 -10.7408 -8.3808 -15.9949 -10.7408 -8.3808 -14.9657 -10.6578 -8.5521
4 330 -13.4229 -10.4337 -9.0151 -13.8857 -10.5458 -8.7836 -15.9177 -10.7408 -8.3808 -12.9086 -10.2545 -9.3854
4 330 13.9371 -14.8857 5.5642 10.7486 -14.8637 5.4115 10.8288 -14.8493 5.3122 13.9371 -14.8493 5.3122
4 330 -18 -8.1031 -13.8293 -18 -7.7504 -14.5579 -15.8914 -8.5962 -12.8109 -17.0743 -8.3496 -13.3201
4 330 -10.9543 -8.5065 -12.996 -14.4514 -8.8203 -12.348 -15.8914 -8.5962 -12.8109 -18 -7.7504 -14.5579
4 330 -11.5714 -9.1564 -11.6536 -13.7829 -9.0219 -11.9314 -13.9371 -8.9099 -12.1628 -11.4686 -8.9547 -12.0703
4 330 4.9371 -9.8511 -10.2186 4.9371 -9.7839 -10.3575 9.4629 -9.4701 -11.0056 9.3086 -9.6718 -10.589
4 330 -.5657 -7.9687 -14.107 2.16 -8.5289 -12.9498 -.5657 -8.2152 -13.5978 -.6171 -8.0807 -13.8756
3 330 13.4743 -12.7198 -2.846 15.1714 -12.4082 -3.7176 15.7371 -12.7371 -2.7976
4 330 15.7412 -13.1224 -1.7201 13.3714 -12.7718 -2.7007 13.4743 -12.7198 -2.846 15.7371 -12.7371 -2.7976
3 330 -11.3657 -8.7978 -12.3943 -11.4686 -8.9547 -12.0703 -13.9371 -8.9099 -12.1628
4 330 15.5829 -14.5543 4.1107 17.2286 -14.4561 3.7111 18 -14.5052 3.911 18 -14.8493 5.3122
3 330 18 -10.7408 -8.3808 13.0629 -10.2545 -9.3854 13.32 -9.8735 -10.1723
3 330 -9.6171 -7.8118 -14.4311 -9.8229 -7.9462 -14.1534 -10.9543 -8.5065 -12.996
4 330 -9.5768 -7.7504 -14.5579 -9.6171 -7.8118 -14.4311 -10.9543 -8.5065 -12.996 -18 -7.7504 -14.5579
4 330 -4.5771 -11.5597 -6.0905 -4.4743 -11.7329 -5.6063 -5.04 -11.2827 -6.8653 -4.7829 -11.4039 -6.5263
4 330 -9.5143 -11.7329 -5.6063 -4.4743 -11.7329 -5.6063 -7.8171 -12.3908 -3.7661 -9.5657 -11.958 -4.9767
4 330 -11.5817 -9.6718 -10.589 -12.0343 -9.8959 -10.1261 -13.8343 -9.134 -11.6999 -13.7829 -9.0219 -11.9314
4 330 -11.9314 -11.5251 -6.1874 -11.2629 -11.6116 -5.9453 -11.6229 -11.7329 -5.6063 -11.8286 -11.6463 -5.8484
4 330 2.6743 -12.0792 -4.6378 2.4686 -12.0965 -4.5894 2.16 -12.0792 -4.6378 2.88 -11.958 -4.9767
3 330 -11.2629 -11.6116 -5.9453 -11.304 -11.8021 -5.4125 -11.6229 -11.7329 -5.6063
4 330 13.2686 -12.6506 -3.0397 13.0629 -12.6679 -2.9913 11.3143 -12.2177 -4.2504 11.4686 -11.9753 -4.9283
4 330 -16.2 -9.2236 -11.5147 -14.7086 -9.0668 -11.8388 -15.8914 -9.739 -10.4501 -16.0971 -9.4701 -11.0056
4 330 16.5577 -13.1224 -1.7201 18 -13.1224 -1.7201 18 -14.2477 2.8622 16.5086 -13.1439 -1.6327
4 330 11.4686 -15.055 6.735 11.0571 -15.0108 6.4295 10.7486 -14.9667 6.1241 10.6971 -14.9152 5.7678
4 330 -12.6514 -11.7329 -5.6063 -13.0629 -11.8194 -5.3641 -13.68 -11.8714 -5.2188 -12.7543 -11.1961 -7.1074
4 330 -11.2114 -8.6634 -12.672 -13.9371 -8.9099 -12.1628 -14.4514 -8.8203 -12.348 -10.9543 -8.5065 -12.996
4 330 -.6171 -6.8613 -15.9586 -.9771 -6.7786 -16.0889 -1.3371 -6.6408 -16.306 -1.4914 -6.4203 -16.6534
3 330 7.8218 -10.7408 -8.3808 3.96 -9.9855 -9.9409 4.68 -9.9183 -10.0797
4 330 -6.569 -10.7408 -8.3808 -6.0171 -10.9364 -7.8338 -4.4743 -11.7329 -5.6063 -9.5657 -11.1268 -7.3012
3 330 -11.2114 -8.6634 -12.672 -11.3657 -8.7978 -12.3943 -13.9371 -8.9099 -12.1628
4 330 11.6899 -13.1224 -1.7201 15.7412 -13.1224 -1.7201 15.5829 -13.242 -1.2331 11.2629 -13.1929 -1.4329
4 330 4.9371 -9.8511 -10.2186 9.3086 -9.6718 -10.589 7.8218 -10.7408 -8.3808 4.68 -9.9183 -10.0797
4 330 -9.8229 -9.2236 -11.5147 -8.1257 -9.4701 -11.0056 -8.0229 -9.7166 -10.4964 -9.8229 -9.627 -10.6815
4 330 13.4743 -12.7198 -2.846 13.4743 -12.6679 -2.9913 14.9657 -12.2004 -4.2988 15.1714 -12.4082 -3.7176
4 330 .1029 -11.0749 -7.4464 .4629 -10.8844 -7.9791 .7712 -10.7408 -8.3808 3.3943 -11.629 -5.8968
3 330 16.5 -5.4281 -18.2165 11.88 -5.7313 -17.7389 11.52 -5.4281 -18.2165
3 330 18 -10.7408 -8.3808 12.4457 -10.7251 -8.4133 13.0629 -10.2545 -9.3854
4 330 -.5657 -8.2152 -13.5978 2.16 -8.5289 -12.9498 .2057 -8.9771 -12.0239 -.2057 -8.5962 -12.8109
3 330 1.2343 -7.3023 -15.2639 1.6457 -7.3023 -15.2639 2.0571 -7.4125 -15.0902
4 330 2.16 -8.5289 -12.9498 1.6457 -8.9547 -12.0703 .4629 -9.1788 -11.6074 .2057 -8.9771 -12.0239
4 330 11.6743 -12.893 -2.3617 10.9543 -12.3562 -3.8629 11.2114 -12.3216 -3.9598 12.3943 -12.7544 -2.7492
4 330 -5.7086 -12.9276 -2.2649 -4.3714 -12.9276 -2.2649 -4.341 -13.1224 -1.7201 -4.8864 -13.1224 -1.7201
4 330 15.84 -12.3562 -3.8629 15.3257 -12.1484 -4.4441 15.12 -12.0445 -4.7346 18 -10.7408 -8.3808
3 330 -11.9314 -11.5251 -6.1874 -11.9314 -11.3519 -6.6716 -11.2629 -11.6116 -5.9453
4 330 14.9657 -12.2004 -4.2988 13.4743 -12.6679 -2.9913 13.2686 -12.6506 -3.0397 14.9143 -12.0619 -4.6862
3 330 -13.7829 -9.0219 -11.9314 -11.6229 -9.3805 -11.1907 -11.5817 -9.6718 -10.589
3 330 18 -7.7504 -14.5579 12.8571 -7.9014 -14.2459 12.7841 -7.7504 -14.5579
3 330 6.9634 -11.2169 -7.0493 6.1714 -11.2827 -6.8653 7.2514 -11.0576 -7.4949
0 // Reddish brown faces
4 70 9.9771 -9.1116 -11.7462 9.9291 -7.7504 -14.5579 11.1956 -7.7504 -14.5578 11.2629 -8.4393 -13.1349
3 70 11.1956 -7.7504 -14.5578 9.9291 -7.7504 -14.5579 9.9257 -7.633 -14.7428
4 70 -5.5029 -15.386 9.0253 -6.3771 -15.3272 8.6182 -6.2229 -15.2536 8.1092 -5.4514 -15.3198 8.5673
4 70 -2.4171 -15.0476 6.684 -2.7771 -15.1212 7.193 -3.9086 -15.0476 6.684 -3.5486 -15.0035 6.3787
4 70 -3.4457 -14.9372 5.9205 -3.4955 -14.8493 5.3122 -2.3143 -14.8493 5.3122 -2.3143 -14.9593 6.0732
4 70 3.96 -13.6712 .5148 4.6286 -13.8552 1.2639 4.3714 -14.4316 3.6113 4.1143 -14.0882 2.2129
4 70 -6.2229 -15.7907 11.8248 -6.3771 -15.4449 9.4326 -5.5029 -15.386 9.0253 -5.6057 -15.7833 11.7739
3 70 -6.3771 -15.4449 9.4326 -6.3771 -15.3272 8.6182 -5.5029 -15.386 9.0253
4 70 -10.6457 -8.5962 -12.8109 -9.4114 -7.9911 -14.0608 -8.7943 -8.26 -13.5053 -9.4114 -8.5962 -12.8109
4 70 4.6286 -13.8552 1.2639 3.96 -13.6712 .5148 3.96 -13.242 -1.2331 4.7829 -13.291 -1.0334
4 70 -10.9543 -11.629 -5.8968 -9.8743 -11.958 -4.9767 -10.0286 -12.1138 -4.5409 -11.0057 -11.906 -5.122
4 70 -10.44 -12.3216 -3.9598 -11.16 -12.0445 -4.7346 -11.0057 -11.906 -5.122 -10.0286 -12.1138 -4.5409
4 70 -2.5714 -11.6463 -5.8484 -2.4171 -12.9276 -2.2649 -4.0114 -12.9968 -2.0712 -4.1657 -11.629 -5.8968
4 70 -2.9829 -11.1268 -7.3012 -4.68 -11.2307 -7.0106 -5.6057 -10.9018 -7.9306 -4.0114 -10.7632 -8.3181
4 70 10.4382 -10.7408 -8.3808 11.2714 -10.7408 -8.3808 11.2629 -10.8671 -8.0275 10.4914 -10.8844 -7.9791
4 70 -4.3714 -11.4039 -6.5263 -4.68 -11.2307 -7.0106 -2.9829 -11.1268 -7.3012 -2.7257 -11.3346 -6.72
4 70 5.8114 -12.1138 -4.5409 7.6629 -11.0749 -7.4464 9.3086 -11.0922 -7.398 7.7143 -11.8887 -5.1704
4 70 11.16 -7.3023 -15.2639 11.1956 -7.7504 -14.5578 9.9257 -7.633 -14.7428 9.7714 -7.385 -15.1336
4 70 10.0916 -10.7408 -8.3808 8.2838 -10.7408 -8.3808 9.2057 -10.0976 -9.7094 10.3886 -10.5682 -8.7373
4 70 9.9257 -9.4925 -10.9593 11.3143 -9.9183 -10.0797 10.3886 -10.5682 -8.7373 9.2057 -10.0976 -9.7094
4 70 -7.2514 -10.0976 -9.7094 -7.6629 -9.7615 -10.4037 -6.3771 -9.4029 -11.1444 -6.2743 -9.6942 -10.5426
4 70 -5.6057 -15.7833 11.7739 -5.7263 -15.9016 12.5922 -6.1404 -15.9016 12.5922 -6.2229 -15.7907 11.8248
4 70 -7.2514 -10.0976 -9.7094 -6.2743 -9.6942 -10.5426 -5.8629 -9.9631 -9.9872 -6.6343 -10.4786 -8.9225
4 70 -11.2629 -9.2684 -11.4222 -10.1829 -9.4925 -10.9593 -9.9691 -10.7408 -8.3808 -11.0896 -10.7408 -8.3808
4 70 -9.1543 -5.4281 -18.2165 -6.3771 -5.4281 -18.2165 -6.3257 -7.2472 -15.3507 -9.1029 -7.2747 -15.3073
4 70 8.1257 -5.9518 -17.3915 8.0743 -5.7313 -17.7389 8.2286 -5.4281 -18.2165 11.2114 -5.4281 -18.2165
4 70 11.2714 -10.7408 -8.3808 10.4382 -10.7408 -8.3808 10.3886 -10.5682 -8.7373 11.3143 -9.9183 -10.0797
3 70 -5.7263 -15.9016 12.5922 -5.9657 -15.9788 14.2322 -6.1404 -15.9016 12.5922
4 70 -9.8743 -11.958 -4.9767 -10.9543 -11.629 -5.8968 -11.0896 -10.7408 -8.3808 -9.8229 -11.6636 -5.8
4 70 -9.8229 -11.6636 -5.8 -11.0896 -10.7408 -8.3808 -9.9691 -10.7408 -8.3808 -9.9257 -10.9364 -7.8338
4 70 -2.3143 -14.5788 4.2106 -3.6 -14.542 4.0607 -3.9871 -13.1224 -1.7201 -2.4082 -13.1224 -1.7201
4 70 8.1257 -5.9518 -17.3915 11.2114 -5.4281 -18.2165 9.5143 -7.1645 -15.481 8.3314 -6.1999 -17.0007
4 70 9.7714 -7.385 -15.1336 9.5143 -7.1645 -15.481 11.2114 -5.4281 -18.2165 11.16 -7.3023 -15.2639
4 70 -3.6 -14.542 4.0607 -2.3143 -14.5788 4.2106 -2.3143 -14.8493 5.3122 -3.4955 -14.8493 5.3122
4 70 -2.7257 -11.3346 -6.72 -2.5714 -11.6463 -5.8484 -4.1657 -11.629 -5.8968 -4.3714 -11.4039 -6.5263
4 70 -5.4514 -15.3198 8.5673 -6.2229 -15.2536 8.1092 -5.8629 -15.1947 7.702 -5.1943 -15.283 8.3127
4 70 9.3086 -11.0922 -7.398 7.6629 -11.0749 -7.4464 8.2838 -10.7408 -8.3808 10.0916 -10.7408 -8.3808
4 70 -9.4114 -7.9911 -14.0608 -9.2057 -7.767 -14.5237 -8.5371 -8.1703 -13.6905 -8.7943 -8.26 -13.5053
3 70 -9.2012 -7.7504 -14.5579 -6.3389 -7.7504 -14.5579 -8.2286 -8.1479 -13.7367
4 70 -9.4114 -8.5962 -12.8109 -9.9771 -8.9099 -12.1628 -10.9543 -8.7754 -12.4406 -10.6457 -8.5962 -12.8109
4 70 -7.8171 -8.9323 -12.1165 -6.3771 -9.4029 -11.1444 -7.6629 -9.7615 -10.4037 -7.8171 -9.3805 -11.1907
4 70 -6.6343 -10.4786 -8.9225 -5.8629 -9.9631 -9.9872 -4.0779 -10.7408 -8.3808 -6.0606 -10.7408 -8.3808
4 70 -9.1029 -7.2747 -15.3073 -6.3257 -7.2472 -15.3507 -6.3389 -7.7504 -14.5579 -9.2012 -7.7504 -14.5579
4 70 -5.1943 -15.283 8.3127 -5.8629 -15.1947 7.702 -4.8343 -15.1065 7.0913 -3.8571 -15.2021 7.7529
3 70 4.0603 -13.1224 -1.7201 5.1075 -13.1224 -1.7201 4.8857 -13.1929 -1.4329
4 70 11.2629 -10.8671 -8.0275 11.2114 -11.5424 -6.139 10.5943 -11.577 -6.0421 10.4914 -10.8844 -7.9791
4 70 11.2114 -11.5424 -6.139 11.1086 -11.8194 -5.3641 10.6971 -11.8194 -5.3641 10.5943 -11.577 -6.0421
3 70 11.1086 -11.8194 -5.3641 10.9029 -12.0792 -4.6378 10.6971 -11.8194 -5.3641
4 70 -8.5371 -8.1703 -13.6905 -9.2057 -7.767 -14.5237 -9.2012 -7.7504 -14.5579 -8.2286 -8.1479 -13.7367
4 70 -11.16 -12.0445 -4.7346 -10.44 -12.3216 -3.9598 -11.4686 -12.5986 -3.185 -11.6229 -12.2523 -4.1535
3 70 5.6571 -12.8756 -2.4102 4.0629 -13.1181 -1.7322 4.2686 -12.9622 -2.168
4 70 7.7143 -11.8887 -5.1704 5.6571 -12.8756 -2.4102 4.2686 -12.9622 -2.168 5.8114 -12.1138 -4.5409
4 70 4.0603 -13.1224 -1.7201 4.0629 -13.1181 -1.7322 5.6571 -12.8756 -2.4102 5.1075 -13.1224 -1.7201
4 70 9.9771 -9.1116 -11.7462 11.2629 -8.4393 -13.1349 11.3143 -9.9183 -10.0797 9.9257 -9.4925 -10.9593
4 70 4.8857 -13.1929 -1.4329 4.7829 -13.291 -1.0334 3.96 -13.242 -1.2331 4.0603 -13.1224 -1.7201
4 70 -11.6229 -12.2523 -4.1535 -11.4686 -12.5986 -3.185 -12.8571 -12.841 -2.507 -12.6 -12.4947 -3.4755
4 70 -4.0779 -10.7408 -8.3808 -4.0114 -10.7632 -8.3181 -5.6057 -10.9018 -7.9306 -6.0606 -10.7408 -8.3808
4 70 -3.5486 -15.0035 6.3787 -3.4457 -14.9372 5.9205 -2.3143 -14.9593 6.0732 -2.4171 -15.0476 6.684
4 70 -14.9047 -13.1224 -1.7201 -15.1168 -13.1224 -1.7201 -12.6 -12.4947 -3.4755 -12.8571 -12.841 -2.507
4 70 -4.0114 -12.9968 -2.0712 -2.4171 -12.9276 -2.2649 -2.4082 -13.1224 -1.7201 -3.9871 -13.1224 -1.7201
4 70 -7.9714 -8.26 -13.5053 -6.3389 -7.7504 -14.5579 -6.3771 -8.9323 -12.1165 -7.8686 -8.4393 -13.1349
4 70 -6.3771 -9.4029 -11.1444 -7.8171 -8.9323 -12.1165 -7.8686 -8.4393 -13.1349 -6.3771 -8.9323 -12.1165
3 70 -15.3771 -13.1684 -1.5328 -15.1168 -13.1224 -1.7201 -14.9047 -13.1224 -1.7201
4 70 -4.8343 -15.1065 7.0913 -3.9086 -15.0476 6.684 -2.7771 -15.1212 7.193 -3.8571 -15.2021 7.7529
3 70 -8.2286 -8.1479 -13.7367 -6.3389 -7.7504 -14.5579 -7.9714 -8.26 -13.5053
4 70 -10.9543 -8.7754 -12.4406 -9.9771 -8.9099 -12.1628 -10.1314 -9.134 -11.6999 -11.16 -8.9771 -12.0239
4 70 -10.1829 -9.4925 -10.9593 -11.2629 -9.2684 -11.4222 -11.16 -8.9771 -12.0239 -10.1314 -9.134 -11.6999
0 // Tan faces
3 28 -4.9371 -15.055 6.735 -6.0686 -15.1432 7.3457 -18 -14.8493 5.3122
4 28 -18 -14.8493 5.3122 -3.9086 -14.9667 6.1241 -4.0629 -14.9961 6.3277 -4.9371 -15.055 6.735
3 28 18 -15.9016 12.5922 16.2514 -15.3713 8.9236 17.1257 -15.3125 8.5164
4 28 13.32 -15.1432 7.3457 13.68 -15.1212 7.193 14.0914 -15.1138 7.1421 14.2457 -15.1653 7.4984
4 28 12.96 -15.1653 7.4984 13.32 -15.1432 7.3457 14.2457 -15.1653 7.4984 14.2971 -15.2168 7.8547
3 28 -18 -13.1224 -1.7201 -17.1257 -11.248 -6.9622 -16.7143 -11.4904 -6.2842
3 28 -18 -14.8493 5.3122 -6.3771 -15.18 7.6002 -6.5829 -15.2242 7.9056
3 28 -1.9605 -14.8493 5.3122 4.1657 -14.5543 4.1107 4.3714 -14.5788 4.2106
4 28 -1.4914 -6.944 -15.8283 -.7604 -7.7504 -14.5579 -6.0293 -7.7504 -14.5579 -1.7486 -6.7786 -16.0889
4 28 .72 -7.1645 -15.481 .2057 -7.3023 -15.2639 -.2057 -7.1094 -15.5679 .6686 -7.0818 -15.6113
4 28 .2057 -7.3023 -15.2639 -.5657 -7.633 -14.7428 -.9257 -7.0543 -15.6546 -.2057 -7.1094 -15.5679
4 28 -1.4914 -6.944 -15.8283 -.9257 -7.0543 -15.6546 -.5657 -7.633 -14.7428 -.7604 -7.7504 -14.5579
4 28 -18 -10.7408 -8.3808 -18 -8.372 -13.2738 -16.7657 -8.9995 -11.9777 -16.6629 -9.2909 -11.3759
4 28 14.4514 -15.3125 8.5164 14.6571 -15.3566 8.8217 11.9829 -15.158 7.4475 12.4971 -15.1727 7.5493
4 28 14.2971 -15.2168 7.8547 14.4514 -15.3125 8.5164 12.4971 -15.1727 7.5493 12.96 -15.1653 7.4984
3 28 -6.0686 -16.0102 14.8999 -16.4999 -16.143 17.7197 -6.2229 -16.0005 14.6944
3 28 -10.1829 -12.3908 -3.7661 -7.6629 -12.5986 -3.185 -10.7486 -12.564 -3.2819
4 28 -2.3143 -11.3346 -6.72 -2.4686 -11.1615 -7.2043 -.3086 -11.0749 -7.4464 -.36 -11.2134 -7.059
3 28 -18 -10.7408 -8.3808 -16.3543 -10.0528 -9.802 -16.4571 -10.3441 -9.2002
3 28 .1029 -11.6463 -5.8484 -2.2629 -11.4904 -6.2842 -.3086 -11.3519 -6.6716
4 28 -5.7086 -9.7839 -10.3575 .8743 -10.3665 -9.154 .4114 -10.6578 -8.5521 -3.8057 -10.6355 -8.5984
4 28 -16.7143 -11.4904 -6.2842 -15.84 -11.7848 -5.461 -15.7114 -13.1224 -1.7201 -18 -13.1224 -1.7201
3 28 -15.84 -11.7848 -5.461 -15.0171 -11.9753 -4.9283 -15.7114 -13.1224 -1.7201
3 28 -18 -14.8493 5.3122 -6.6857 -15.2757 8.2619 -6.7371 -15.3787 8.9745
3 28 2.4686 -12.3043 -4.0082 2.7771 -12.287 -4.0566 3.6739 -13.1224 -1.7201
4 28 -2.0465 -13.1224 -1.7201 3.6514 -13.1439 -1.6327 3.6 -13.242 -1.2331 -2.0057 -13.3401 -.8336
4 28 -.1029 -10.9364 -7.8338 -.3086 -11.0749 -7.4464 -2.4686 -11.1615 -7.2043 -2.7257 -11.023 -7.5917
3 28 7.92 -11.9926 -4.8799 9.2057 -12.3389 -3.9114 9 -12.4601 -3.5724
3 28 -2.0057 -13.3401 -.8336 3.6 -13.242 -1.2331 3.6514 -13.7816 .9644
3 28 -9.6171 -12.1138 -4.5409 -7.6629 -12.5986 -3.185 -9.8229 -12.2523 -4.1535
4 28 9.72 -12.0792 -4.6378 9.3086 -11.3 -6.8169 10.1829 -11.4731 -6.3326 10.2857 -11.8194 -5.3641
4 28 9.3086 -11.3 -6.8169 9.72 -12.0792 -4.6378 9.2057 -12.3389 -3.9114 7.92 -11.9926 -4.8799
4 28 -5.6696 -13.1224 -1.7201 -14.098 -13.1224 -1.7201 -13.1657 -12.9968 -2.0712 -7.6629 -12.5986 -3.185
3 28 4.7314 -14.4807 3.811 9.6686 -13.8429 1.214 9.9257 -13.9165 1.5137
4 28 4.6286 -14.542 4.0607 4.7314 -14.4807 3.811 9.9257 -13.9165 1.5137 10.9543 -14.1618 2.5126
3 28 -6.0293 -7.7504 -14.5579 -.9771 -7.8566 -14.3385 -1.08 -7.9911 -14.0608
4 28 -15.48 -13.2542 -1.1832 -4.0114 -14.5175 3.9609 -3.9016 -14.8493 5.3122 -15.8914 -13.291 -1.0334
4 28 -18 -15.9016 12.5922 -18 -14.8493 5.3122 -6.7371 -15.3787 8.9745 -6.5829 -15.7539 11.5703
3 28 -10.7486 -12.564 -3.2819 -7.6629 -12.5986 -3.185 -11.8286 -12.7891 -2.6523
3 28 -18 -14.8493 5.3122 -6.0686 -15.1432 7.3457 -6.3771 -15.18 7.6002
4 28 -6.0171 -9.5374 -10.8667 .1029 -9.3581 -11.2371 .36 -9.4701 -11.0056 -5.9143 -9.6718 -10.589
4 28 -16.4571 -9.5822 -10.7741 -16.3543 -9.8063 -10.3112 -16.3543 -10.0528 -9.802 -18 -10.7408 -8.3808
4 28 -5.4 -15.9328 13.256 -5.3444 -15.9016 12.5922 18 -15.9016 12.5922 18 -16.0724 16.2214
4 28 12.4457 -8.0583 -13.9219 11.6229 -8.6409 -12.7184 11.5472 -7.7504 -14.5579 12.3018 -7.7504 -14.5579
3 28 -18 -10.7408 -8.3808 -17.1771 -10.971 -7.7369 -17.2286 -11.0749 -7.4464
4 28 -1.7486 -6.7786 -16.0889 -6.0293 -7.7504 -14.5579 -6.0171 -7.3023 -15.2639 -1.9543 -6.3653 -16.7402
4 28 -18 -15.9016 12.5922 -6.4873 -15.9016 12.5922 -6.3257 -15.9836 14.3348 -17.9977 -16.0724 16.2211
4 28 -2.7257 -11.023 -7.5917 -3.561 -10.7408 -8.3808 .2846 -10.7408 -8.3808 -.1029 -10.9364 -7.8338
4 28 11.52 -5.9242 -17.4349 11.6743 -6.1723 -17.0441 11.88 -6.6408 -16.306 11.52 -7.3574 -15.177
3 28 -2.3657 -5.4281 -18.2165 -2.4171 -5.814 -17.6086 -6.0686 -5.4281 -18.2165
3 28 -18 -10.7408 -8.3808 -16.92 -10.8844 -7.9791 -17.1771 -10.971 -7.7369
4 28 -18 -13.1224 -1.7201 -18 -10.7408 -8.3808 -17.2286 -11.0749 -7.4464 -17.1257 -11.248 -6.9622
4 28 -16.0457 -13.291 -1.0334 -18 -14.8493 5.3122 -18 -13.1224 -1.7201 -16.2 -13.242 -1.2331
4 28 9.5143 -13.6467 .415 5.1429 -13.3278 -.8836 9.8229 -13.4014 -.5839 9.72 -13.5241 -.0844
3 28 -18 -10.7408 -8.3808 -16.4571 -10.5682 -8.7373 -16.4205 -10.7408 -8.3808
4 28 -5.0914 -15.3492 8.7709 -5.04 -15.3198 8.5673 11.4171 -15.1285 7.2439 11.9829 -15.158 7.4475
4 28 11.9829 -15.158 7.4475 14.6571 -15.3566 8.8217 -5.1429 -15.5552 10.196 -5.0914 -15.3492 8.7709
4 28 -4.1657 -13.892 1.4138 -15.48 -13.2542 -1.1832 -5.5543 -13.1439 -1.6327 -4.2789 -13.372 -.7037
4 28 -18 -10.7408 -8.3808 -16.4205 -10.7408 -8.3808 -16.4057 -10.7979 -8.2212 -16.6122 -10.8326 -8.124
3 28 -16.6122 -10.8326 -8.124 -16.92 -10.8844 -7.9791 -18 -10.7408 -8.3808
3 28 -18 -10.7408 -8.3808 -16.4571 -10.3441 -9.2002 -16.4571 -10.5682 -8.7373
3 28 11.6405 -10.7408 -8.3808 11.6743 -10.0976 -9.7094 11.832 -10.7408 -8.3808
3 28 -18 -10.7408 -8.3808 -16.6629 -9.2909 -11.3759 -16.4571 -9.5822 -10.7741
3 28 -18 -15.9016 12.5922 -6.5829 -15.7539 11.5703 -6.4873 -15.9016 12.5922
4 28 .36 -9.4701 -11.0056 .7714 -9.5598 -10.8204 .8229 -9.6942 -10.5426 -5.9143 -9.6718 -10.589
3 28 16.4998 -16.143 17.7197 -5.8114 -16.0102 14.8999 -5.6571 -15.9981 14.6431
4 28 10.9029 -15.0917 6.9894 11.4171 -15.1285 7.2439 -5.04 -15.3198 8.5673 -3.9086 -15.261 8.1601
3 28 .9268 -11.9929 -4.879 -2.2629 -11.4904 -6.2842 .1029 -11.6463 -5.8484
4 28 -6.0293 -7.7504 -14.5579 -1.08 -7.9911 -14.0608 -1.08 -8.1255 -13.783 -6.0686 -8.8874 -12.2092
3 28 -2.0465 -13.1224 -1.7201 3.6739 -13.1224 -1.7201 3.6514 -13.1439 -1.6327
4 28 -13.7829 -12.0619 -4.6862 -13.3714 -12.5294 -3.3787 -15.1714 -12.9795 -2.1196 -14.4 -12.0445 -4.7346
4 28 5.2971 -13.1929 -1.4329 9.5143 -13.1439 -1.6327 9.8229 -13.3033 -.9834 5.1943 -13.2542 -1.1832
4 28 9.8229 -13.4014 -.5839 5.1429 -13.3278 -.8836 5.1943 -13.2542 -1.1832 9.8229 -13.3033 -.9834
4 28 -2.3143 -6.0345 -17.2613 -2.1086 -6.1999 -17.0007 -1.9543 -6.3653 -16.7402 -6.0171 -7.3023 -15.2639
3 28 7.92 -11.9926 -4.8799 9 -12.4601 -3.5724 8.8971 -12.5813 -3.2335
4 28 -3.9086 -14.9667 6.1241 -18 -14.8493 5.3122 -3.9016 -14.8493 5.3122 -3.8571 -14.9299 5.8697
4 28 -5.9143 -9.6718 -10.589 .8229 -9.6942 -10.5426 .9257 -9.7839 -10.3575 -5.7086 -9.7839 -10.3575
4 28 -2.52 -15.158 7.4475 -2.16 -15.1138 7.1421 10.1829 -14.9814 6.226 10.44 -15.0402 6.6331
4 28 10.1829 -14.8931 5.6151 10.1829 -14.9814 6.226 -2.16 -15.1138 7.1421 -2.0057 -15.055 6.735
4 28 11.5472 -7.7504 -14.5579 11.52 -7.3574 -15.177 11.88 -6.6408 -16.306 12.3018 -7.7504 -14.5579
4 28 .9257 -9.7839 -10.3575 1.2343 -9.8735 -10.1723 1.3371 -9.9855 -9.9409 -5.7086 -9.7839 -10.3575
4 28 1.3371 -10.0976 -9.7094 .8743 -10.3665 -9.154 -5.7086 -9.7839 -10.3575 1.3371 -9.9855 -9.9409
4 28 9.5143 -13.7448 .8145 4.9886 -13.8552 1.2639 5.1429 -13.3278 -.8836 9.5143 -13.6467 .415
3 28 -18 -14.8493 5.3122 -6.5829 -15.2242 7.9056 -6.6857 -15.2757 8.2619
4 28 10.0453 -14.8493 5.3122 10.0286 -14.8637 5.4115 -1.9543 -14.974 6.175 -1.9605 -14.8493 5.3122
4 28 -2.2629 -11.4904 -6.2842 .9268 -11.9929 -4.879 1.6457 -12.2004 -4.2988 -2.0465 -13.1224 -1.7201
3 28 -1.9605 -14.8493 5.3122 4.0114 -14.4807 3.811 4.1657 -14.5543 4.1107
4 28 4.3714 -14.5788 4.2106 4.6286 -14.542 4.0607 10.2343 -14.726 4.8099 10.08 -14.7995 5.1095
3 28 -15.48 -13.2542 -1.1832 -4.1657 -13.892 1.4138 -4.0114 -14.5175 3.9609
4 28 3.3429 -12.0792 -4.6378 3.7543 -13.0142 -2.0228 3.6739 -13.1224 -1.7201 3.0343 -12.2177 -4.2504
3 28 3.6739 -13.1224 -1.7201 2.7771 -12.287 -4.0566 3.0343 -12.2177 -4.2504
3 28 -18 -8.372 -13.2738 -16.7143 -8.6858 -12.6257 -16.7657 -8.9995 -11.9777
3 28 -2.0465 -13.1224 -1.7201 1.6457 -12.2004 -4.2988 2.16 -12.287 -4.0566
3 28 -16.1486 -13.2052 -1.383 -18 -13.1224 -1.7201 -15.8914 -13.1561 -1.5827
4 28 -15.1714 -12.9795 -2.1196 -15.7114 -13.1224 -1.7201 -15.0171 -11.9753 -4.9283 -14.4 -12.0445 -4.7346
4 28 -5.3444 -15.9016 12.5922 15.0171 -15.386 9.0253 15.5314 -15.3934 9.0763 18 -15.9016 12.5922
4 28 -11.6229 -12.0792 -4.6378 -12.1886 -12.2523 -4.1535 -13.0114 -12.0099 -4.8315 -12.4457 -11.906 -5.122
4 28 5.5095 -13.1224 -1.7201 9.4543 -13.1224 -1.7201 9.5143 -13.1439 -1.6327 5.2971 -13.1929 -1.4329
4 28 11.832 -10.7408 -8.3808 11.6743 -10.0976 -9.7094 12.8057 -9.8735 -10.1723 12.5486 -10.2321 -9.4316
4 28 14.6571 -15.3566 8.8217 15.0171 -15.386 9.0253 -5.3444 -15.9016 12.5922 -5.1429 -15.5552 10.196
4 28 10.2343 -14.726 4.8099 10.9543 -14.1618 2.5126 11.1086 -14.2231 2.7623 10.44 -14.6892 4.6601
4 28 11.1086 -14.4071 3.5114 10.44 -14.6892 4.6601 11.1086 -14.2231 2.7623 11.16 -14.2844 3.0119
4 28 4.1657 -12.7718 -2.7007 3.7029 -11.8194 -5.3641 3.8057 -11.7329 -5.6063 4.7314 -11.6116 -5.9453
4 28 3.8057 -14.2109 2.7123 -1.9605 -14.8493 5.3122 -2.0057 -13.3401 -.8336 3.6514 -13.7816 .9644
3 28 4.0114 -14.4807 3.811 -1.9605 -14.8493 5.3122 3.8057 -14.2109 2.7123
3 28 -15.8914 -13.1561 -1.5827 -18 -13.1224 -1.7201 -15.7114 -13.1224 -1.7201
4 28 4.7314 -11.6116 -5.9453 5.6571 -11.5078 -6.2358 6.5314 -11.4558 -6.381 4.1657 -12.7718 -2.7007
3 28 11.6405 -10.7408 -8.3808 11.832 -10.7408 -8.3808 11.6331 -10.8498 -8.0759
3 28 -18 -13.1224 -1.7201 -16.1486 -13.2052 -1.383 -16.2 -13.242 -1.2331
3 28 -9.8229 -12.2523 -4.1535 -7.6629 -12.5986 -3.185 -10.1829 -12.3908 -3.7661
4 28 -12.1371 -11.7675 -5.5094 -11.7771 -11.8714 -5.2188 -11.6229 -12.0792 -4.6378 -12.4457 -11.906 -5.122
4 28 -14.098 -13.1224 -1.7201 -5.6696 -13.1224 -1.7201 -5.5543 -13.1439 -1.6327 -15.48 -13.2542 -1.1832
4 28 3.6739 -13.1224 -1.7201 -2.0465 -13.1224 -1.7201 2.16 -12.287 -4.0566 2.4686 -12.3043 -4.0082
4 28 16.4998 -16.143 17.7197 -5.6571 -15.9981 14.6431 -5.4 -15.9328 13.256 18 -16.0724 16.2214
3 28 -6.0686 -8.8874 -12.2092 -1.0286 -8.26 -13.5053 -.3086 -8.9995 -11.9777
3 28 -6.0686 -8.8874 -12.2092 -1.08 -8.1255 -13.783 -1.0286 -8.26 -13.5053
4 28 3.7543 -13.0142 -2.0228 3.3429 -12.0792 -4.6378 3.7029 -11.8194 -5.3641 4.1657 -12.7718 -2.7007
4 28 9.6686 -13.8429 1.214 4.7314 -14.4807 3.811 4.9886 -13.8552 1.2639 9.5143 -13.7448 .8145
4 28 -.36 -11.2134 -7.059 -.3086 -11.3519 -6.6716 -2.2629 -11.4904 -6.2842 -2.3143 -11.3346 -6.72
4 28 -6.0686 -16.0102 14.8999 -5.8114 -16.0102 14.8999 16.4998 -16.143 17.7197 -16.4999 -16.143 17.7197
4 28 -3.8057 -10.6355 -8.5984 .4114 -10.6578 -8.5521 .2846 -10.7408 -8.3808 -3.561 -10.7408 -8.3808
4 28 .1029 -9.3581 -11.2371 -6.0171 -9.5374 -10.8667 -6.0686 -9.3805 -11.1907 -.0239 -9.2476 -11.4653
3 28 10.9543 -14.1618 2.5126 10.2343 -14.726 4.8099 4.6286 -14.542 4.0607
4 28 -11.376 -11.9372 -5.0348 -11.4171 -11.9753 -4.9283 -11.6229 -12.0792 -4.6378 -11.7771 -11.8714 -5.2188
4 28 10.0453 -14.8493 5.3122 -1.9605 -14.8493 5.3122 4.3714 -14.5788 4.2106 10.08 -14.7995 5.1095
3 28 9.3086 -11.3 -6.8169 10.1314 -10.9364 -7.8338 10.1829 -11.4731 -6.3326
4 28 -3.9086 -15.261 8.1601 -2.52 -15.158 7.4475 10.44 -15.0402 6.6331 10.9029 -15.0917 6.9894
4 28 12.4457 -8.0583 -13.9219 12.8057 -9.2236 -11.5147 11.6743 -10.0976 -9.7094 11.6229 -8.6409 -12.7184
4 28 12.8057 -9.8735 -10.1723 11.6743 -10.0976 -9.7094 12.8057 -9.2236 -11.5147 12.8571 -9.6494 -10.6353
4 28 -2.3143 -6.0345 -17.2613 -6.0171 -7.3023 -15.2639 -6.0686 -5.4281 -18.2165 -2.4171 -5.814 -17.6086
3 28 -13.1657 -12.9968 -2.0712 -11.8286 -12.7891 -2.6523 -7.6629 -12.5986 -3.185
4 28 -13.7829 -12.0619 -4.6862 -13.0114 -12.0099 -4.8315 -12.1886 -12.2523 -4.1535 -13.3714 -12.5294 -3.3787
4 28 -6.0686 -8.8874 -12.2092 -.3086 -8.9995 -11.9777 -.0239 -9.2476 -11.4653 -6.0686 -9.3805 -11.1907
4 28 -16.4999 -16.143 17.7197 -17.9977 -16.0724 16.2211 -6.3257 -15.9836 14.3348 -6.2229 -16.0005 14.6944
3 28 18 -15.2315 7.9564 18 -15.9016 12.5922 17.1257 -15.3125 8.5164
4 28 -16.0457 -13.291 -1.0334 -15.8914 -13.291 -1.0334 -3.9016 -14.8493 5.3122 -18 -14.8493 5.3122
4 28 10.6971 -14.6524 4.5102 10.44 -14.6892 4.6601 11.1086 -14.4071 3.5114 10.8514 -14.5911 4.2606
4 28 -2.0057 -15.055 6.735 -1.9543 -14.974 6.175 10.0286 -14.8637 5.4115 10.1829 -14.8931 5.6151
3 28 18 -15.9016 12.5922 15.5314 -15.3934 9.0763 16.2514 -15.3713 8.9236
3 28 5.5095 -13.1224 -1.7201 9.2057 -12.9968 -2.0712 9.4543 -13.1224 -1.7201
3 28 9.2057 -12.9968 -2.0712 5.5095 -13.1224 -1.7201 9 -12.841 -2.507
3 28 8.8971 -12.7198 -2.846 5.5095 -13.1224 -1.7201 8.8971 -12.5813 -3.2335
3 28 5.5095 -13.1224 -1.7201 7.92 -11.9926 -4.8799 8.8971 -12.5813 -3.2335
3 28 -.7604 -7.7504 -14.5579 -.9771 -7.8566 -14.3385 -6.0293 -7.7504 -14.5579
3 28 5.5095 -13.1224 -1.7201 8.8971 -12.7198 -2.846 9 -12.841 -2.507