0 Sticker  1.8 x  1.8 Round with Bright Light Orange "A" on Black Background
0 Name: 6414469b.dat
0 Author: Gabriel Läufer [Dr.Bricktacular]
0 !LDRAW_ORG Unofficial_Part
0 !LICENSE Licensed under CC BY 4.0 : see CAreadme.txt

0 BFC CERTIFY CCW

0 !CATEGORY Sticker
0 !KEYWORDS Bricklink 910013stk01, Brickowl 1125270, Rebrickable 10100941
0 !KEYWORDS Retro Bowling Alley, Set 910013

0 !HISTORY 2025-06-25 [Dr.Bricktacular] based on the part 14769pta.dat from Jens Brühl [jb70]

0 // Txt2Dat Setting: Flatness: 0.2 - Font Height: 20 LDU - Font Size: 48

0 // Pattern-Basepart
1 16 0 0 0 18 0 0 0 -0.25 0 0 0 18 4-4cylc3.dat

0 // Pattern
1 0 0 -.25 0 18 0 0 0 1 0 0 0 18 4-4ering.dat
4 0 6.8886 -.25 16.6302 -6.8886 -.25 16.6302 -12.7278 -.25 12.7278 12.7278 -.25 12.7278
4 0 -12.7278 -.25 12.7278 -16.6302 -.25 6.8886 -16.6302 -.25 -6.8886 -12.7278 -.25 -12.7278
4 0 -12.7278 -.25 -12.7278 -6.8886 -.25 -16.6302 6.8886 -.25 -16.6302 12.7278 -.25 -12.7278
4 0 12.7278 -.25 -12.7278 16.6302 -.25 -6.8886 16.6302 -.25 6.8886 12.7278 -.25 12.7278
3 0 6.8886 -.25 16.6302 0 -.25 18 -6.8886 -.25 16.6302
3 0 -16.6302 -.25 6.8886 -18 -.25 0 -16.6302 -.25 -6.8886
3 0 -6.8886 -.25 -16.6302 0 -.25 -18 6.8886 -.25 -16.6302
3 0 16.6302 -.25 -6.8886 18 -.25 0 16.6302 -.25 6.8886
3 0 -8.68 -.25 -8.72 -12.7278 -.25 -12.7278 -8.58 -.25 -9.23
4 0 -12.7278 -.25 12.7278 -12.7278 -.25 -12.7278 -8.68 -.25 -8.72 -8.58 -.25 -8.21
3 0 -8.58 -.25 -9.23 -12.7278 -.25 -12.7278 -8.29 -.25 -9.66
3 0 -8.29 -.25 -9.66 -12.7278 -.25 -12.7278 -7.86 -.25 -9.95
3 0 -7.86 -.25 -9.95 -12.7278 -.25 -12.7278 -7.35 -.25 -10.05
3 0 -12.7278 -.25 12.7278 -8.58 -.25 -8.21 -1.52 -.25 8.81
3 0 -12.7278 -.25 12.7278 -1.52 -.25 8.81 -1.16 -.25 9.34
3 0 -12.7278 -.25 12.7278 -1.16 -.25 9.34 -.63 -.25 9.7
4 0 -12.7278 -.25 12.7278 -.63 -.25 9.7 0 -.25 9.83 12.7278 -.25 12.7278
3 0 -.01 -.25 6.36 -3.58 -.25 -2.67 3.6 -.25 -2.67
4 0 -6.12 -.25 -9.23 6.41 -.25 -9.66 6.12 -.25 -9.23 -4.51 -.25 -5.08
3 0 4.53 -.25 -5.08 -4.51 -.25 -5.08 6.12 -.25 -9.23
4 0 6.84 -.25 -9.95 -6.41 -.25 -9.66 -6.84 -.25 -9.95 7.35 -.25 -10.05
4 0 6.41 -.25 -9.66 -6.12 -.25 -9.23 -6.41 -.25 -9.66 6.84 -.25 -9.95
4 0 7.35 -.25 -10.05 -6.84 -.25 -9.95 -7.35 -.25 -10.05 12.7278 -.25 -12.7278
3 0 12.7278 -.25 12.7278 0 -.25 9.83 .63 -.25 9.7
3 0 12.7278 -.25 12.7278 1.52 -.25 8.81 8.58 -.25 -8.21
3 0 12.7278 -.25 12.7278 .63 -.25 9.7 1.16 -.25 9.34
4 0 12.7278 -.25 12.7278 8.58 -.25 -8.21 8.68 -.25 -8.72 12.7278 -.25 -12.7278
3 0 -7.35 -.25 -10.05 -12.7278 -.25 -12.7278 12.7278 -.25 -12.7278
3 0 7.86 -.25 -9.95 7.35 -.25 -10.05 12.7278 -.25 -12.7278
3 0 12.7278 -.25 12.7278 1.16 -.25 9.34 1.52 -.25 8.81
3 0 8.29 -.25 -9.66 7.86 -.25 -9.95 12.7278 -.25 -12.7278
3 0 8.68 -.25 -8.72 8.58 -.25 -9.23 12.7278 -.25 -12.7278
3 0 8.58 -.25 -9.23 8.29 -.25 -9.66 12.7278 -.25 -12.7278
4 191 -8.68 -.25 -8.72 -8.58 -.25 -9.23 -8.29 -.25 -9.66 -8.58 -.25 -8.21
4 191 -8.58 -.25 -8.21 -8.29 -.25 -9.66 -7.86 -.25 -9.95 -6.12 -.25 -9.23
4 191 -6.41 -.25 -9.66 -7.86 -.25 -9.95 -7.35 -.25 -10.05 -6.84 -.25 -9.95
3 191 -6.12 -.25 -9.23 -7.86 -.25 -9.95 -6.41 -.25 -9.66
3 191 -4.51 -.25 -5.08 -8.58 -.25 -8.21 -6.12 -.25 -9.23
3 191 -3.58 -.25 -2.67 -8.58 -.25 -8.21 -4.51 -.25 -5.08
4 191 -.63 -.25 9.7 -1.16 -.25 9.34 -1.52 -.25 8.81 0 -.25 9.83
4 191 -.01 -.25 6.36 -1.52 -.25 8.81 -8.58 -.25 -8.21 -3.58 -.25 -2.67
4 191 0 -.25 9.83 -1.52 -.25 8.81 -.01 -.25 6.36 1.52 -.25 8.81
4 191 1.52 -.25 8.81 1.16 -.25 9.34 .63 -.25 9.7 0 -.25 9.83
4 191 -3.58 -.25 -2.67 -4.51 -.25 -5.08 4.53 -.25 -5.08 3.6 -.25 -2.67
3 191 3.6 -.25 -2.67 4.53 -.25 -5.08 8.58 -.25 -8.21
4 191 -.01 -.25 6.36 3.6 -.25 -2.67 8.58 -.25 -8.21 1.52 -.25 8.81
4 191 6.41 -.25 -9.66 6.84 -.25 -9.95 7.35 -.25 -10.05 7.86 -.25 -9.95
4 191 6.12 -.25 -9.23 6.41 -.25 -9.66 7.86 -.25 -9.95 8.58 -.25 -8.21
3 191 4.53 -.25 -5.08 6.12 -.25 -9.23 8.58 -.25 -8.21
4 191 8.58 -.25 -8.21 7.86 -.25 -9.95 8.29 -.25 -9.66 8.68 -.25 -8.72
3 191 8.68 -.25 -8.72 8.29 -.25 -9.66 8.58 -.25 -9.23