0 Sticker  1.8 x  1.8 Round with Bright Light Orange "S" on Black Background
0 Name: 6414469e.dat
0 Author: Gabriel Läufer [Dr.Bricktacular]
0 !LDRAW_ORG Unofficial_Part
0 !LICENSE Licensed under CC BY 4.0 : see CAreadme.txt

0 BFC CERTIFY CCW

0 !CATEGORY Sticker
0 !KEYWORDS Bricklink 910013stk01, Brickowl 1125270, Rebrickable 10100941
0 !KEYWORDS Retro Bowling Alley, Set 910013

0 !HISTORY 2025-06-28 [Dr.Bricktacular] based on the part 14769pts.dat from Gerald Lasser [GeraldLasser]

0 // Txt2Dat Setting: Flatness: 0.2 - Font Height: 20 LDU - Font Size: 48

0 // Pattern-Basepart
1 16 0 0 0 18 0 0 0 -0.25 0 0 0 18 4-4cylc3.dat

0 // Pattern
1 0 0 -.25 0 18 0 0 0 1 0 0 0 18 4-4ering.dat
4 0 6.8886 -.25 16.6302 -6.8886 -.25 16.6302 -12.7278 -.25 12.7278 12.7278 -.25 12.7278
4 0 -12.7278 -.25 12.7278 -16.6302 -.25 6.8886 -16.6302 -.25 -6.8886 -12.7278 -.25 -12.7278
4 0 -12.7278 -.25 -12.7278 -6.8886 -.25 -16.6302 6.8886 -.25 -16.6302 12.7278 -.25 -12.7278
4 0 12.7278 -.25 -12.7278 16.6302 -.25 -6.8886 16.6302 -.25 6.8886 12.7278 -.25 12.7278
3 0 6.8886 -.25 16.6302 0 -.25 18 -6.8886 -.25 16.6302
3 0 -16.6302 -.25 6.8886 -18 -.25 0 -16.6302 -.25 -6.8886
3 0 -6.8886 -.25 -16.6302 0 -.25 -18 6.8886 -.25 -16.6302
3 0 16.6302 -.25 -6.8886 18 -.25 0 16.6302 -.25 6.8886
3 0 -12.7278 -.25 12.7278 -7.16 -.25 4.93 -7.03 -.25 6.22
3 0 -12.7278 -.25 12.7278 -7.03 -.25 6.22 -6.63 -.25 7.32
3 0 -12.7278 -.25 12.7278 -6.63 -.25 7.32 -6.02 -.25 8.24
3 0 -5.37 -.25 -8.17 -12.7278 -.25 -12.7278 -4.22 -.25 -9.03
3 0 -12.7278 -.25 12.7278 -6.02 -.25 8.24 -5.19 -.25 9.08
3 0 -12.7278 -.25 12.7278 -5.19 -.25 9.08 -4.23 -.25 9.73
4 0 -4.35 -.25 5.04 -4.29 -.25 4.12 -3.97 -.25 3.51 -3.74 -.25 6.65
3 0 -4.22 -.25 -9.03 -12.7278 -.25 -12.7278 -2.9 -.25 -9.72
4 0 -3.74 -.25 6.65 -4.08 -.25 6.18 -4.28 -.25 5.64 -4.35 -.25 5.04
4 0 -3.74 -.25 6.65 -3.97 -.25 3.51 -3.52 -.25 2.94 -3.29 -.25 7.05
3 0 -12.7278 -.25 12.7278 -4.23 -.25 9.73 -3.14 -.25 10.14
4 0 -2.74 -.25 7.38 -3.29 -.25 7.05 -3.52 -.25 2.94 -2.93 -.25 2.41
3 0 -2.9 -.25 -9.72 -12.7278 -.25 -12.7278 -1.3 -.25 -10.12
4 0 -2.12 -.25 7.63 -2.74 -.25 7.38 -2.93 -.25 2.41 -.68 -.25 7.83
3 0 -12.7278 -.25 12.7278 -3.14 -.25 10.14 -1.97 -.25 10.39
4 0 -2.11 -.25 -7.35 -.95 -.25 -7.67 -1.88 -.25 -.84 -3.12 -.25 -6.73
4 0 -1.88 -.25 -.84 -3.78 -.25 -.03 -4 -.25 -5.92 -3.12 -.25 -6.73
4 0 -12.7278 -.25 12.7278 -1.97 -.25 10.39 -.75 -.25 10.47 12.7278 -.25 12.7278
4 0 -.68 -.25 7.83 -2.93 -.25 2.41 -1.41 -.25 1.73 .34 -.25 7.79
4 0 .36 -.25 -10.25 -1.3 -.25 -10.12 -12.7278 -.25 -12.7278 12.7278 -.25 -12.7278
4 0 1.06 -.25 -1.58 -1.88 -.25 -.84 -.95 -.25 -7.67 .41 -.25 -7.76
4 0 1.3 -.25 7.56 .34 -.25 7.79 -1.41 -.25 1.73 1.28 -.25 1.07
4 0 2.73 -.25 -2.26 1.06 -.25 -1.58 .41 -.25 -7.76 1.92 -.25 -7.41
4 0 1.92 -.25 -7.41 3.14 -.25 -6.88 3.39 -.25 -2.75 2.73 -.25 -2.26
4 0 3.9 -.25 -3.32 3.39 -.25 -2.75 3.14 -.25 -6.88 4.23 -.25 -4.96
4 0 2.61 -.25 6.95 1.3 -.25 7.56 1.28 -.25 1.07 3.37 -.25 6.33
4 0 3.61 -.25 -6.53 3.95 -.25 -6.1 4.15 -.25 -5.57 3.14 -.25 -6.88
3 0 3.9 -.25 -3.32 4.23 -.25 -4.96 4.21 -.25 -4.12
3 0 4.23 -.25 -4.96 3.14 -.25 -6.88 4.15 -.25 -5.57
4 0 3.37 -.25 6.33 1.28 -.25 1.07 3.42 -.25 .36 3.9 -.25 5.76
3 0 4.58 -.25 4.79 4.41 -.25 -.17 5.27 -.25 -.81
4 0 4.58 -.25 4.79 5.27 -.25 -.81 6 -.25 -1.57 5.02 -.25 4.5
4 0 12.7278 -.25 12.7278 6.94 -.25 -3.55 7.07 -.25 -4.83 12.7278 -.25 -12.7278
3 0 12.7278 -.25 12.7278 3.24 -.25 9.61 4.5 -.25 8.86
3 0 12.7278 -.25 12.7278 5.3 -.25 8.22 5.97 -.25 7.48
3 0 12.7278 -.25 12.7278 4.5 -.25 8.86 5.3 -.25 8.22
4 0 6.57 -.25 -2.48 6.94 -.25 -3.55 12.7278 -.25 12.7278 6.77 -.25 5.23
3 0 12.7278 -.25 12.7278 1.97 -.25 10.12 3.24 -.25 9.61
3 0 12.7278 -.25 12.7278 .63 -.25 10.4 1.97 -.25 10.12
3 0 1.65 -.25 -10.11 .36 -.25 -10.25 12.7278 -.25 -12.7278
3 0 7.07 -.25 -4.83 6.91 -.25 -6.12 12.7278 -.25 -12.7278
3 0 5.84 -.25 -8.13 5.02 -.25 -8.85 12.7278 -.25 -12.7278
3 0 12.7278 -.25 12.7278 -.75 -.25 10.47 .63 -.25 10.4
3 0 5.02 -.25 -8.85 4.03 -.25 -9.48 12.7278 -.25 -12.7278
3 0 6.49 -.25 -7.22 5.84 -.25 -8.13 12.7278 -.25 -12.7278
3 0 6.91 -.25 -6.12 6.49 -.25 -7.22 12.7278 -.25 -12.7278
3 0 4.03 -.25 -9.48 2.89 -.25 -9.87 12.7278 -.25 -12.7278
3 0 2.89 -.25 -9.87 1.65 -.25 -10.11 12.7278 -.25 -12.7278
4 0 -4.75 -.25 -4.83 -4 -.25 -5.92 -3.78 -.25 -.03 -4.67 -.25 .49
3 0 -4.67 -.25 .49 -5.19 -.25 -4.54 -4.75 -.25 -4.83
3 0 -4.67 -.25 .49 -5.7 -.25 -4.44 -5.19 -.25 -4.54
4 0 -6.21 -.25 -4.54 -5.7 -.25 -4.44 -4.67 -.25 .49 -5.48 -.25 1.11
4 0 -6.21 -.25 -4.54 -5.48 -.25 1.11 -6.16 -.25 1.85 -6.65 -.25 -4.83
3 0 -6.7 -.25 2.7 -6.65 -.25 -4.83 -6.16 -.25 1.85
4 0 -6.65 -.25 -4.83 -6.7 -.25 2.7 -7.05 -.25 3.72 -12.7278 -.25 12.7278
3 0 -12.7278 -.25 12.7278 -7.05 -.25 3.72 -7.16 -.25 4.93
3 0 -12.7278 -.25 12.7278 -6.94 -.25 -5.27 -6.65 -.25 -4.83
4 0 -7.04 -.25 -5.78 -6.94 -.25 -5.27 -12.7278 -.25 12.7278 -12.7278 -.25 -12.7278
3 0 -7.04 -.25 -5.78 -12.7278 -.25 -12.7278 -6.94 -.25 -6.29
3 0 -6.94 -.25 -6.29 -12.7278 -.25 -12.7278 -6.58 -.25 -6.94
3 0 -6.58 -.25 -6.94 -12.7278 -.25 -12.7278 -6.11 -.25 -7.51
3 0 -6.11 -.25 -7.51 -12.7278 -.25 -12.7278 -5.37 -.25 -8.17
4 0 4.29 -.25 5.23 3.9 -.25 5.76 3.42 -.25 .36 4.58 -.25 4.79
3 0 4.58 -.25 4.79 3.42 -.25 .36 4.41 -.25 -.17
3 0 5.02 -.25 4.5 6 -.25 -1.57 5.53 -.25 4.4
3 0 6.04 -.25 4.5 5.53 -.25 4.4 6 -.25 -1.57
3 0 6.48 -.25 4.79 6.04 -.25 4.5 6 -.25 -1.57
4 0 6.77 -.25 5.23 6.48 -.25 4.79 6 -.25 -1.57 6.57 -.25 -2.48
3 0 12.7278 -.25 12.7278 6.87 -.25 5.74 6.77 -.25 5.23
3 0 12.7278 -.25 12.7278 6.77 -.25 6.25 6.87 -.25 5.74
3 0 12.7278 -.25 12.7278 6.48 -.25 6.82 6.77 -.25 6.25
3 0 12.7278 -.25 12.7278 5.97 -.25 7.48 6.48 -.25 6.82
4 191 -4 -.25 -5.92 -6.11 -.25 -7.51 -5.37 -.25 -8.17 -4.22 -.25 -9.03
4 191 -7.03 -.25 6.22 -7.16 -.25 4.93 -4.35 -.25 5.04 -4.28 -.25 5.64
4 191 -6.63 -.25 7.32 -7.03 -.25 6.22 -4.28 -.25 5.64 -4.08 -.25 6.18
4 191 -4.29 -.25 4.12 -4.35 -.25 5.04 -7.16 -.25 4.93 -7.05 -.25 3.72
4 191 -3.12 -.25 -6.73 -4 -.25 -5.92 -4.22 -.25 -9.03 -2.9 -.25 -9.72
4 191 -4.29 -.25 4.12 -7.05 -.25 3.72 -6.7 -.25 2.7 -3.97 -.25 3.51
4 191 -6.02 -.25 8.24 -6.63 -.25 7.32 -4.08 -.25 6.18 -3.74 -.25 6.65
4 191 -6.16 -.25 1.85 -5.48 -.25 1.11 -3.97 -.25 3.51 -6.7 -.25 2.7
4 191 -5.19 -.25 9.08 -6.02 -.25 8.24 -3.74 -.25 6.65 -3.29 -.25 7.05
4 191 -3.52 -.25 2.94 -3.97 -.25 3.51 -5.48 -.25 1.11 -4.67 -.25 .49
4 191 -4.23 -.25 9.73 -5.19 -.25 9.08 -3.29 -.25 7.05 -2.74 -.25 7.38
4 191 -2.11 -.25 -7.35 -3.12 -.25 -6.73 -2.9 -.25 -9.72 -1.3 -.25 -10.12
4 191 -2.93 -.25 2.41 -3.52 -.25 2.94 -4.67 -.25 .49 -3.78 -.25 -.03
4 191 -3.14 -.25 10.14 -4.23 -.25 9.73 -2.74 -.25 7.38 -2.12 -.25 7.63
4 191 -1.97 -.25 10.39 -3.14 -.25 10.14 -2.12 -.25 7.63 -.68 -.25 7.83
4 191 -.95 -.25 -7.67 -2.11 -.25 -7.35 -1.3 -.25 -10.12 .36 -.25 -10.25
4 191 -1.41 -.25 1.73 -2.93 -.25 2.41 -3.78 -.25 -.03 -1.88 -.25 -.84
4 191 -.75 -.25 10.47 -1.97 -.25 10.39 -.68 -.25 7.83 .63 -.25 10.4
4 191 .41 -.25 -7.76 -.95 -.25 -7.67 .36 -.25 -10.25 1.65 -.25 -10.11
4 191 1.28 -.25 1.07 -1.41 -.25 1.73 -1.88 -.25 -.84 1.06 -.25 -1.58
3 191 .63 -.25 10.4 -.68 -.25 7.83 .34 -.25 7.79
4 191 1.92 -.25 -7.41 .41 -.25 -7.76 1.65 -.25 -10.11 2.89 -.25 -9.87
4 191 .63 -.25 10.4 .34 -.25 7.79 1.3 -.25 7.56 1.97 -.25 10.12
4 191 3.14 -.25 -6.88 1.92 -.25 -7.41 2.89 -.25 -9.87 4.03 -.25 -9.48
4 191 3.42 -.25 .36 1.28 -.25 1.07 1.06 -.25 -1.58 2.73 -.25 -2.26
4 191 3.24 -.25 9.61 1.97 -.25 10.12 1.3 -.25 7.56 2.61 -.25 6.95
4 191 2.73 -.25 -2.26 3.39 -.25 -2.75 4.41 -.25 -.17 3.42 -.25 .36
4 191 3.39 -.25 -2.75 3.9 -.25 -3.32 5.27 -.25 -.81 4.41 -.25 -.17
4 191 5.02 -.25 -8.85 3.61 -.25 -6.53 3.14 -.25 -6.88 4.03 -.25 -9.48
4 191 4.5 -.25 8.86 3.24 -.25 9.61 2.61 -.25 6.95 3.37 -.25 6.33
4 191 3.61 -.25 -6.53 5.02 -.25 -8.85 5.84 -.25 -8.13 3.95 -.25 -6.1
4 191 6 -.25 -1.57 5.27 -.25 -.81 3.9 -.25 -3.32 6.57 -.25 -2.48
4 191 3.95 -.25 -6.1 5.84 -.25 -8.13 6.49 -.25 -7.22 4.15 -.25 -5.57
4 191 6.57 -.25 -2.48 3.9 -.25 -3.32 4.21 -.25 -4.12 6.94 -.25 -3.55
4 191 4.15 -.25 -5.57 6.49 -.25 -7.22 6.91 -.25 -6.12 4.23 -.25 -4.96
4 191 4.21 -.25 -4.12 4.23 -.25 -4.96 7.07 -.25 -4.83 6.94 -.25 -3.55
3 191 7.07 -.25 -4.83 4.23 -.25 -4.96 6.91 -.25 -6.12
4 191 3.37 -.25 6.33 3.9 -.25 5.76 5.97 -.25 7.48 5.3 -.25 8.22
3 191 5.97 -.25 7.48 3.9 -.25 5.76 4.29 -.25 5.23
4 191 5.97 -.25 7.48 4.29 -.25 5.23 4.58 -.25 4.79 5.02 -.25 4.5
4 191 5.97 -.25 7.48 5.02 -.25 4.5 5.53 -.25 4.4 6.04 -.25 4.5
4 191 5.97 -.25 7.48 6.04 -.25 4.5 6.48 -.25 4.79 6.77 -.25 5.23
4 191 5.97 -.25 7.48 6.77 -.25 5.23 6.87 -.25 5.74 6.77 -.25 6.25
3 191 5.97 -.25 7.48 6.77 -.25 6.25 6.48 -.25 6.82
4 191 -4 -.25 -5.92 -6.94 -.25 -5.27 -7.04 -.25 -5.78 -6.94 -.25 -6.29
4 191 -4 -.25 -5.92 -6.94 -.25 -6.29 -6.58 -.25 -6.94 -6.11 -.25 -7.51
4 191 -4 -.25 -5.92 -4.75 -.25 -4.83 -5.19 -.25 -4.54 -5.7 -.25 -4.44
4 191 -4 -.25 -5.92 -5.7 -.25 -4.44 -6.21 -.25 -4.54 -6.65 -.25 -4.83
3 191 -6.65 -.25 -4.83 -6.94 -.25 -5.27 -4 -.25 -5.92
3 191 4.5 -.25 8.86 3.37 -.25 6.33 5.3 -.25 8.22