0 Sticker  1.2 x  3.9 with "NDER" Letters (Formed)
0 Name: 6422772ec01.dat
0 Author: Florent Faramond [Makou]
0 !LDRAW_ORG Unofficial_Part
0 !LICENSE Licensed under CC BY 4.0 : see CAreadme.txt

0 BFC CERTIFY CCW

0 !CATEGORY Sticker
0 !KEYWORDS Bricklink 10317stk01, Brickowl 529633, Defender 90, Land Rover
0 !KEYWORDS Rebrickable 10102115, Set 10317


4 378 39 12.096 -8.728 39 9.75 -7.57 38.298 9.75 -7.57 38.472 12.096 -8.728
4 378 -38.468 12.096 -8.728 -38.294 9.75 -7.57 -39 9.75 -7.57 -39 12.096 -8.728
4 378 -38.468 12.096 -8.728 -38.406 12.096 -8.728 -38.21 9.75 -7.57 -38.294 9.75 -7.57
4 378 -38.406 12.096 -8.728 -38.273 12.096 -8.728 -38.034 9.75 -7.57 -38.21 9.75 -7.57
4 378 -38.273 12.096 -8.728 -38.078 12.096 -8.728 -37.775 9.75 -7.57 -38.034 9.75 -7.57
4 378 -38.078 12.096 -8.728 -37.826 12.096 -8.728 -37.44 9.75 -7.57 -37.775 9.75 -7.57
4 378 -37.826 12.096 -8.728 -37.521 12.096 -8.728 -37.034 9.75 -7.57 -37.44 9.75 -7.57
4 378 -37.521 12.096 -8.728 -33.189 12.096 -8.728 -31.278 9.75 -7.57 -37.034 9.75 -7.57
4 378 -31.146 12.096 -8.728 -28.564 9.75 -7.57 -31.278 9.75 -7.57 -33.189 12.096 -8.728
4 378 -31.146 12.096 -8.728 -26.567 12.096 -8.728 -22.48 9.75 -7.57 -28.564 9.75 -7.57
4 378 -26.567 12.096 -8.728 27.272 12.096 -8.728 23.416 9.75 -7.57 -22.48 9.75 -7.57
4 378 27.272 12.096 -8.728 31.146 12.096 -8.728 28.564 9.75 -7.57 23.416 9.75 -7.57
4 378 31.146 12.096 -8.728 33.013 12.096 -8.728 31.044 9.75 -7.57 28.564 9.75 -7.57
4 378 33.013 12.096 -8.728 34.069 12.096 -8.728 32.448 9.75 -7.57 31.044 9.75 -7.57
4 378 36.887 12.096 -8.728 36.192 9.75 -7.57 32.448 9.75 -7.57 34.069 12.096 -8.728
4 378 36.887 12.096 -8.728 38.472 12.096 -8.728 38.298 9.75 -7.57 36.192 9.75 -7.57
4 378 39 9.75 -7.57 39 7.574 -6.118 38.08 7.574 -6.118 38.298 9.75 -7.57
4 378 -38.294 9.75 -7.57 -38.074 7.574 -6.118 -39 7.574 -6.118 -39 9.75 -7.57
4 378 -38.294 9.75 -7.57 -38.21 9.75 -7.57 -37.965 7.574 -6.118 -38.074 7.574 -6.118
4 378 -38.21 9.75 -7.57 -38.034 9.75 -7.57 -37.734 7.574 -6.118 -37.965 7.574 -6.118
4 378 -38.034 9.75 -7.57 -37.775 9.75 -7.57 -37.395 7.574 -6.118 -37.734 7.574 -6.118
4 378 -37.775 9.75 -7.57 -37.44 9.75 -7.57 -36.956 7.574 -6.118 -37.395 7.574 -6.118
4 378 -37.44 9.75 -7.57 -37.034 9.75 -7.57 -36.425 7.574 -6.118 -36.956 7.574 -6.118
4 378 -37.034 9.75 -7.57 -31.278 9.75 -7.57 -28.882 7.574 -6.118 -36.425 7.574 -6.118
4 378 -28.564 9.75 -7.57 -25.326 7.574 -6.118 -28.882 7.574 -6.118 -31.278 9.75 -7.57
4 378 -28.564 9.75 -7.57 -22.48 9.75 -7.57 -17.354 7.574 -6.118 -25.326 7.574 -6.118
4 378 -22.48 9.75 -7.57 23.416 9.75 -7.57 18.58 7.574 -6.118 -17.354 7.574 -6.118
4 378 23.416 9.75 -7.57 28.564 9.75 -7.57 25.326 7.574 -6.118 18.58 7.574 -6.118
4 378 28.564 9.75 -7.57 31.044 9.75 -7.57 28.576 7.574 -6.118 25.326 7.574 -6.118
4 378 31.044 9.75 -7.57 32.448 9.75 -7.57 30.415 7.574 -6.118 28.576 7.574 -6.118
4 378 36.192 9.75 -7.57 35.321 7.574 -6.118 30.415 7.574 -6.118 32.448 9.75 -7.57
4 378 36.192 9.75 -7.57 38.298 9.75 -7.57 38.08 7.574 -6.118 35.321 7.574 -6.118
4 378 39 7.574 -6.118 39 5.608 -4.392 37.821 5.608 -4.392 38.08 7.574 -6.118
4 378 -38.074 7.574 -6.118 -37.814 5.608 -4.392 -39 5.608 -4.392 -39 7.574 -6.118
4 378 -38.074 7.574 -6.118 -37.965 7.574 -6.118 -37.674 5.608 -4.392 -37.814 5.608 -4.392
4 378 -37.965 7.574 -6.118 -37.734 7.574 -6.118 -37.378 5.608 -4.392 -37.674 5.608 -4.392
4 378 -37.734 7.574 -6.118 -37.395 7.574 -6.118 -36.944 5.608 -4.392 -37.378 5.608 -4.392
4 378 -37.395 7.574 -6.118 -36.956 7.574 -6.118 -36.38 5.608 -4.392 -36.944 5.608 -4.392
4 378 -36.956 7.574 -6.118 -36.425 7.574 -6.118 -35.7 5.608 -4.392 -36.38 5.608 -4.392
4 378 -36.425 7.574 -6.118 -28.882 7.574 -6.118 -26.034 5.608 -4.392 -35.7 5.608 -4.392
4 378 -25.326 7.574 -6.118 -21.477 5.608 -4.392 -26.034 5.608 -4.392 -28.882 7.574 -6.118
4 378 -25.326 7.574 -6.118 -17.354 7.574 -6.118 -11.261 5.608 -4.392 -21.477 5.608 -4.392
4 378 -17.354 7.574 -6.118 18.58 7.574 -6.118 12.833 5.608 -4.392 -11.261 5.608 -4.392
4 378 18.58 7.574 -6.118 25.326 7.574 -6.118 21.477 5.608 -4.392 12.833 5.608 -4.392
4 378 25.326 7.574 -6.118 28.576 7.574 -6.118 25.641 5.608 -4.392 21.477 5.608 -4.392
4 378 28.576 7.574 -6.118 30.415 7.574 -6.118 27.999 5.608 -4.392 25.641 5.608 -4.392
4 378 35.321 7.574 -6.118 34.285 5.608 -4.392 27.999 5.608 -4.392 30.415 7.574 -6.118
4 378 35.321 7.574 -6.118 38.08 7.574 -6.118 37.821 5.608 -4.392 34.285 5.608 -4.392
4 378 39 3.882 -2.426 37.526 3.882 -2.426 37.821 5.608 -4.392 39 5.608 -4.392
4 378 -37.814 5.608 -4.392 -37.517 3.882 -2.426 -39 3.882 -2.426 -39 5.608 -4.392
4 378 -37.814 5.608 -4.392 -37.674 5.608 -4.392 -37.342 3.882 -2.426 -37.517 3.882 -2.426
4 378 -37.674 5.608 -4.392 -37.378 5.608 -4.392 -36.972 3.882 -2.426 -37.342 3.882 -2.426
4 378 -37.378 5.608 -4.392 -36.944 5.608 -4.392 -36.429 3.882 -2.426 -36.972 3.882 -2.426
4 378 -36.944 5.608 -4.392 -36.38 5.608 -4.392 -35.725 3.882 -2.426 -36.429 3.882 -2.426
4 378 -36.38 5.608 -4.392 -35.7 5.608 -4.392 -34.874 3.882 -2.426 -35.725 3.882 -2.426
4 378 -35.7 5.608 -4.392 -26.034 5.608 -4.392 -22.79 3.882 -2.426 -34.874 3.882 -2.426
4 378 -21.477 5.608 -4.392 -17.092 3.882 -2.426 -22.79 3.882 -2.426 -26.034 5.608 -4.392
4 378 -21.477 5.608 -4.392 -11.261 5.608 -4.392 -4.321 3.882 -2.426 -17.092 3.882 -2.426
4 378 -11.261 5.608 -4.392 12.833 5.608 -4.392 6.286 3.882 -2.426 -4.321 3.882 -2.426
4 378 12.833 5.608 -4.392 21.477 5.608 -4.392 17.092 3.882 -2.426 6.286 3.882 -2.426
4 378 21.477 5.608 -4.392 25.641 5.608 -4.392 22.299 3.882 -2.426 17.092 3.882 -2.426
4 378 25.641 5.608 -4.392 27.999 5.608 -4.392 25.246 3.882 -2.426 22.299 3.882 -2.426
4 378 34.285 5.608 -4.392 33.106 3.882 -2.426 25.246 3.882 -2.426 27.999 5.608 -4.392
4 378 34.285 5.608 -4.392 37.821 5.608 -4.392 37.526 3.882 -2.426 33.106 3.882 -2.426
4 0 7.3 2.43 -0.25 5.7 3.765 -2.25 16.7 3.765 -2.25 14.3 2.43 -0.25
4 0 6.544 2.43 -0.25 4.883 3.616 -2.028 5.7 3.765 -2.25 7.3 2.43 -0.25
4 0 5.61 2.43 -0.25 4.197 3.287 -1.534 4.883 3.616 -2.028 6.544 2.43 -0.25
4 0 4.47 2.43 -0.25 3.673 2.843 -0.869 4.197 3.287 -1.534 5.61 2.43 -0.25
3 0 3.673 2.843 -0.869 4.47 2.43 -0.25 3.407 2.43 -0.25
3 0 16.7 3.765 -2.25 16.7 2.43 -0.25 14.3 2.43 -0.25
4 0 -16.7 2.43 -0.25 -16.7 3.765 -2.25 -3.7 3.765 -2.25 -6.1 2.43 -0.25
3 0 -3.7 3.765 -2.25 -5.2 2.43 -0.25 -6.1 2.43 -0.25
3 0 -3.7 3.765 -2.25 -3.7 2.43 -0.25 -5.2 2.43 -0.25
3 0 37.5 3.765 -2.25 37.5 2.43 -0.25 35.5 2.43 -0.25
4 0 30.538 2.43 -0.25 33 3.765 -2.25 37.5 3.765 -2.25 35.5 2.43 -0.25
4 0 22 3.765 -2.25 25 3.765 -2.25 25 2.43 -0.25 22 2.43 -0.25
3 0 -22.5 3.765 -2.25 -22.5 2.43 -0.25 -23.423 2.43 -0.25
3 0 -22.5 3.765 -2.25 -23.423 2.43 -0.25 -24 2.43 -0.25
3 0 -22.5 3.765 -2.25 -24 2.43 -0.25 -24.9 2.43 -0.25
4 0 -33.888 2.43 -0.25 -35.554 3.54 -1.914 -34.8 3.765 -2.25 -33.36 2.43 -0.25
4 0 -34.623 2.43 -0.25 -36.144 3.155 -1.337 -35.554 3.54 -1.914 -33.888 2.43 -0.25
4 0 -35.8 2.43 -0.25 -36.606 2.699 -0.653 -36.144 3.155 -1.337 -34.623 2.43 -0.25
3 0 -36.606 2.699 -0.653 -35.8 2.43 -0.25 -36.768 2.43 -0.25
4 0 -33.36 2.43 -0.25 -34.8 3.765 -2.25 -22.5 3.765 -2.25 -24.9 2.43 -0.25
4 378 37.5 2.43 -0.25 37.5 3.765 -2.25 37.526 3.882 -2.426 39 3.882 -2.426
3 378 37.5 2.43 -0.25 39 3.882 -2.426 39 2.43 -0.25
4 378 -37.517 3.882 -2.426 -37.189 2.43 -0.25 -39 2.43 -0.25 -39 3.882 -2.426
4 378 -37.517 3.882 -2.426 -37.342 3.882 -2.426 -36.975 2.43 -0.25 -37.189 2.43 -0.25
4 378 -36.606 2.699 -0.653 -36.768 2.43 -0.25 -36.975 2.43 -0.25 -37.342 3.882 -2.426
3 378 -36.606 2.699 -0.653 -37.342 3.882 -2.426 -36.972 3.882 -2.426
4 378 -36.429 3.882 -2.426 -36.144 3.155 -1.337 -36.606 2.699 -0.653 -36.972 3.882 -2.426
4 378 -35.725 3.882 -2.426 -35.554 3.54 -1.914 -36.144 3.155 -1.337 -36.429 3.882 -2.426
4 378 -34.874 3.882 -2.426 -34.8 3.765 -2.25 -35.554 3.54 -1.914 -35.725 3.882 -2.426
4 378 -22.79 3.882 -2.426 -22.5 3.765 -2.25 -34.8 3.765 -2.25 -34.874 3.882 -2.426
4 378 -16.7 2.43 -0.25 -17.86 2.43 -0.25 -22.5 3.765 -2.25 -22.79 3.882 -2.426
4 378 -17.092 3.882 -2.426 -16.7 3.765 -2.25 -16.7 2.43 -0.25 -22.79 3.882 -2.426
4 378 -4.321 3.882 -2.426 -3.7 3.765 -2.25 -16.7 3.765 -2.25 -17.092 3.882 -2.426
4 378 6.286 3.882 -2.426 5.7 3.765 -2.25 -3.7 3.765 -2.25 -4.321 3.882 -2.426
4 378 17.092 3.882 -2.426 16.7 3.765 -2.25 5.7 3.765 -2.25 6.286 3.882 -2.426
4 378 22.299 3.882 -2.426 22 3.765 -2.25 16.7 3.765 -2.25 17.092 3.882 -2.426
4 378 25.246 3.882 -2.426 25 3.765 -2.25 22 3.765 -2.25 22.299 3.882 -2.426
4 378 30.538 2.43 -0.25 25 2.43 -0.25 25 3.765 -2.25 25.246 3.882 -2.426
4 378 33.106 3.882 -2.426 33 3.765 -2.25 30.538 2.43 -0.25 25.246 3.882 -2.426
4 378 37.526 3.882 -2.426 37.5 3.765 -2.25 33 3.765 -2.25 33.106 3.882 -2.426
3 378 -22.5 2.43 -0.25 -22.5 3.765 -2.25 -20.953 2.43 -0.25
3 378 -20.953 2.43 -0.25 -22.5 3.765 -2.25 -17.86 2.43 -0.25
3 378 -3.7 2.43 -0.25 -3.7 3.765 -2.25 0.9 2.43 -0.25
3 378 0.9 2.43 -0.25 -3.7 3.765 -2.25 2.838 2.43 -0.25
4 378 2.838 2.43 -0.25 -3.7 3.765 -2.25 3.673 2.843 -0.869 3.407 2.43 -0.25
3 378 4.197 3.287 -1.534 3.673 2.843 -0.869 -3.7 3.765 -2.25
3 378 4.883 3.616 -2.028 4.197 3.287 -1.534 -3.7 3.765 -2.25
3 378 5.7 3.765 -2.25 4.883 3.616 -2.028 -3.7 3.765 -2.25
4 378 16.7 3.765 -2.25 22 3.765 -2.25 22 2.43 -0.25 16.7 2.43 -0.25
4 0 13.7 2.183 0.25 7.7 2.183 0.25 7.3 2.43 -0.25 14.3 2.43 -0.25
4 0 7.7 2.183 0.25 7.151 2.109 0.4 6.544 2.43 -0.25 7.3 2.43 -0.25
4 0 7.151 2.109 0.4 6.688 1.947 0.729 5.61 2.43 -0.25 6.544 2.43 -0.25
4 0 6.688 1.947 0.729 6.346 1.711 1.206 4.47 2.43 -0.25 5.61 2.43 -0.25
4 0 6.346 1.711 1.206 6.2 1.443 1.75 3.341 2.354 -0.096 3.407 2.43 -0.25
3 0 3.407 2.43 -0.25 4.47 2.43 -0.25 6.346 1.711 1.206
4 0 5.854 1.272 2.096 3.2 1.272 2.096 3.2 1.936 0.75 3.341 2.354 -0.096
4 0 5.854 1.272 2.096 3.341 2.354 -0.096 6.2 1.443 1.75 6.2 1.272 2.096
4 0 16.7 1.272 2.096 13.7 1.272 2.096 13.7 2.183 0.25 14.3 2.43 -0.25
3 0 16.7 2.43 -0.25 16.7 1.272 2.096 14.3 2.43 -0.25
4 0 -6.7 2.183 0.25 -16.7 2.183 0.25 -16.7 2.43 -0.25 -6.1 2.43 -0.25
4 0 -5.2 2.43 -0.25 -6.7 1.443 1.75 -6.7 2.183 0.25 -6.1 2.43 -0.25
4 0 -3.7 1.272 2.096 -6.7 1.272 2.096 -6.7 1.443 1.75 -5.2 2.43 -0.25
3 0 -3.7 2.43 -0.25 -3.7 1.272 2.096 -5.2 2.43 -0.25
4 0 -15.4 1.272 2.096 -15.4 1.443 1.75 -6.7 1.443 1.75 -6.7 1.272 2.096
4 0 37.5 1.272 2.096 34.5 1.272 2.096 34.5 1.936 0.75 35.5 2.43 -0.25
3 0 37.5 2.43 -0.25 37.5 1.272 2.096 35.5 2.43 -0.25
4 0 34.5 1.936 0.75 30.847 1.272 2.096 27.651 1.272 2.096 30.538 2.43 -0.25
3 0 35.5 2.43 -0.25 34.5 1.936 0.75 30.538 2.43 -0.25
3 0 32.808 1.272 2.096 30.847 1.272 2.096 34.5 1.936 0.75
4 0 22 2.43 -0.25 25 2.43 -0.25 25 1.272 2.096 22 1.272 2.096
4 0 -22.5 2.43 -0.25 -22.5 1.272 2.096 -24.506 1.272 2.096 -23.423 2.43 -0.25
4 0 -25.5 1.272 2.096 -25.5 1.443 1.75 -24 2.43 -0.25 -23.423 2.43 -0.25
3 0 -24.506 1.272 2.096 -25.5 1.272 2.096 -23.423 2.43 -0.25
4 0 -24 2.43 -0.25 -25.5 1.443 1.75 -25.5 2.183 0.25 -24.9 2.43 -0.25
4 0 -33 2.183 0.25 -33.357 2.168 0.281 -33.888 2.43 -0.25 -33.36 2.43 -0.25
4 0 -33.357 2.168 0.281 -33.689 2.101 0.417 -34.623 2.43 -0.25 -33.888 2.43 -0.25
4 0 -33.689 2.101 0.417 -33.927 1.967 0.687 -35.8 2.43 -0.25 -34.623 2.43 -0.25
4 0 -34 1.813 1 -36.914 2.252 0.111 -36.768 2.43 -0.25 -35.8 2.43 -0.25
3 0 -33.927 1.967 0.687 -34 1.813 1 -35.8 2.43 -0.25
4 0 -37 1.813 1 -36.914 2.252 0.111 -34 1.813 1 -33.927 1.658 1.313
4 0 -36.914 1.374 1.889 -37 1.813 1 -33.927 1.658 1.313 -33.689 1.525 1.583
4 0 -34.668 1.272 2.096 -36.831 1.272 2.096 -36.914 1.374 1.889 -33.689 1.525 1.583
3 0 -33.357 1.458 1.719 -34.668 1.272 2.096 -33.689 1.525 1.583
4 0 -33.357 1.458 1.719 -33 1.443 1.75 -33.685 1.272 2.096 -34.668 1.272 2.096
3 0 -33.249 1.272 2.096 -33.685 1.272 2.096 -33 1.443 1.75
4 0 -33 1.443 1.75 -25.5 1.443 1.75 -26.261 1.272 2.096 -33.249 1.272 2.096
3 0 -25.5 1.272 2.096 -26.261 1.272 2.096 -25.5 1.443 1.75
4 0 -25.5 2.183 0.25 -33 2.183 0.25 -33.36 2.43 -0.25 -24.9 2.43 -0.25
4 378 37.5 2.43 -0.25 39 2.43 -0.25 39 1.272 2.096 37.5 1.272 2.096
4 378 -37 1.813 1 -37.081 1.272 2.096 -39 1.272 2.096 -39 2.43 -0.25
3 378 -37 1.813 1 -39 2.43 -0.25 -37.189 2.43 -0.25
4 378 -36.975 2.43 -0.25 -36.914 2.252 0.111 -37 1.813 1 -37.189 2.43 -0.25
3 378 -36.768 2.43 -0.25 -36.914 2.252 0.111 -36.975 2.43 -0.25
3 378 -16.7 2.43 -0.25 -16.7 2.183 0.25 -17.86 2.43 -0.25
4 378 25 1.272 2.096 25 2.43 -0.25 30.538 2.43 -0.25 27.651 1.272 2.096
4 378 -37.081 1.272 2.096 -37 1.813 1 -36.914 1.374 1.889 -36.935 1.272 2.096
3 378 -36.935 1.272 2.096 -36.914 1.374 1.889 -36.831 1.272 2.096
4 378 -33 2.183 0.25 -33 1.443 1.75 -33.357 1.458 1.719 -33.357 2.168 0.281
4 378 -33.357 2.168 0.281 -33.357 1.458 1.719 -33.689 1.525 1.583 -33.689 2.101 0.417
4 378 -33.689 2.101 0.417 -33.689 1.525 1.583 -33.927 1.658 1.313 -33.927 1.967 0.687
3 378 -33.927 1.967 0.687 -33.927 1.658 1.313 -34 1.813 1
4 378 -25.5 1.443 1.75 -33 1.443 1.75 -33 2.183 0.25 -25.5 2.183 0.25
4 378 -20.953 2.43 -0.25 -19.139 1.272 2.096 -22.5 1.272 2.096 -22.5 2.43 -0.25
4 378 -15.4 1.443 1.75 -15.529 1.272 2.096 -19.139 1.272 2.096 -20.953 2.43 -0.25
4 378 -17.86 2.43 -0.25 -16.7 2.183 0.25 -15.4 1.443 1.75 -20.953 2.43 -0.25
3 378 -15.529 1.272 2.096 -15.4 1.443 1.75 -15.4 1.272 2.096
4 378 -6.7 1.443 1.75 -15.4 1.443 1.75 -16.7 2.183 0.25 -6.7 2.183 0.25
4 378 3.2 1.936 0.75 3.2 1.272 2.096 -3.7 1.272 2.096 -3.7 2.43 -0.25
3 378 3.2 1.936 0.75 -3.7 2.43 -0.25 0.9 2.43 -0.25
4 378 2.838 2.43 -0.25 3.341 2.354 -0.096 3.2 1.936 0.75 0.9 2.43 -0.25
3 378 3.407 2.43 -0.25 3.341 2.354 -0.096 2.838 2.43 -0.25
3 378 11.207 1.272 2.096 13.7 2.183 0.25 13.7 1.272 2.096
3 378 10.343 1.272 2.096 13.7 2.183 0.25 11.207 1.272 2.096
4 378 6.2 1.443 1.75 13.7 2.183 0.25 10.343 1.272 2.096 6.2 1.272 2.096
4 378 13.7 2.183 0.25 6.2 1.443 1.75 6.346 1.711 1.206 6.688 1.947 0.729
4 378 13.7 2.183 0.25 6.688 1.947 0.729 7.151 2.109 0.4 7.7 2.183 0.25
4 378 16.7 2.43 -0.25 22 2.43 -0.25 22 1.272 2.096 16.7 1.272 2.096
3 378 32.808 1.272 2.096 34.5 1.936 0.75 34.5 1.272 2.096
4 0 3.2 0.432 4.574 3.2 1.272 2.096 5.854 1.272 2.096 3.376 0.432 4.574
4 0 6.2 0.711 3.75 4.924 0.432 4.574 3.376 0.432 4.574 5.854 1.272 2.096
3 0 6.2 1.272 2.096 6.2 0.711 3.75 5.854 1.272 2.096
4 0 4.924 0.432 4.574 6.2 0.711 3.75 6.346 0.527 4.294 5.985 0.432 4.574
3 0 6.547 0.432 4.574 5.985 0.432 4.574 6.346 0.527 4.294
4 0 13.7 1.272 2.096 16.7 1.272 2.096 16.7 0.432 4.574 13.7 0.432 4.574
4 0 -3.7 0.432 4.574 -6.082 0.432 4.574 -6.7 0.711 3.75 -6.7 1.272 2.096
3 0 -3.7 1.272 2.096 -3.7 0.432 4.574 -6.7 1.272 2.096
3 0 -6.082 0.432 4.574 -6.7 0.432 4.574 -6.7 0.711 3.75
4 0 -6.7 0.711 3.75 -15.4 0.711 3.75 -15.4 1.272 2.096 -6.7 1.272 2.096
4 0 34.5 1.272 2.096 37.5 1.272 2.096 37.5 0.432 4.574 34.5 0.432 4.574
3 0 27.651 1.272 2.096 30.847 1.272 2.096 25 0.542 4.25
4 0 29.693 0.432 4.574 24.722 0.432 4.574 25 0.542 4.25 30.847 1.272 2.096
3 0 32.808 1.272 2.096 29.693 0.432 4.574 30.847 1.272 2.096
4 0 25 0.542 4.25 24.722 0.432 4.574 22 0.432 4.574 22 1.272 2.096
3 0 25 1.272 2.096 25 0.542 4.25 22 1.272 2.096
4 0 -22.5 0.432 4.574 -25.5 0.432 4.574 -25.5 0.542 4.25 -24.506 1.272 2.096
3 0 -22.5 1.272 2.096 -22.5 0.432 4.574 -24.506 1.272 2.096
3 0 -25.5 1.272 2.096 -24.506 1.272 2.096 -25.5 0.542 4.25
3 0 -36.831 1.272 2.096 -34.668 1.272 2.096 -36.606 1.083 2.653
4 0 -33.685 1.272 2.096 -36.144 0.851 3.337 -36.606 1.083 2.653 -34.668 1.272 2.096
4 0 -34.8 0.542 4.25 -35.554 0.656 3.914 -36.144 0.851 3.337 -33.685 1.272 2.096
3 0 -33.249 1.272 2.096 -34.8 0.542 4.25 -33.685 1.272 2.096
4 0 -26.261 1.272 2.096 -31 0.542 4.25 -34.8 0.542 4.25 -33.249 1.272 2.096
4 0 -25.5 1.272 2.096 -25.5 0.542 4.25 -31 0.542 4.25 -26.261 1.272 2.096
4 0 -34.8 0.542 4.25 -31 0.542 4.25 -31.25 0.432 4.574 -35.05 0.432 4.574
4 378 37.5 1.272 2.096 39 1.272 2.096 39 0.432 4.574 37.5 0.432 4.574
4 378 -39 1.272 2.096 -37.081 1.272 2.096 -37.265 0.432 4.574 -39 0.432 4.574
3 378 27.651 1.272 2.096 25 0.542 4.25 25 1.272 2.096
4 378 -37.265 0.432 4.574 -37.081 1.272 2.096 -36.935 1.272 2.096 -37.182 0.432 4.574
4 378 -36.606 1.083 2.653 -36.943 0.432 4.574 -37.182 0.432 4.574 -36.935 1.272 2.096
3 378 -36.606 1.083 2.653 -36.935 1.272 2.096 -36.831 1.272 2.096
4 378 -36.943 0.432 4.574 -36.606 1.083 2.653 -36.144 0.851 3.337 -36.524 0.432 4.574
4 378 -36.524 0.432 4.574 -36.144 0.851 3.337 -35.554 0.656 3.914 -35.889 0.432 4.574
4 378 -35.889 0.432 4.574 -35.554 0.656 3.914 -34.8 0.542 4.25 -35.05 0.432 4.574
4 378 -31 0.542 4.25 -25.5 0.542 4.25 -25.5 0.432 4.574 -31.25 0.432 4.574
4 378 -19.139 1.272 2.096 -17.223 0.432 4.574 -22.5 0.432 4.574 -22.5 1.272 2.096
4 378 -17.223 0.432 4.574 -19.139 1.272 2.096 -15.529 1.272 2.096 -16.449 0.432 4.574
4 378 -15.4 0.711 3.75 -6.7 0.711 3.75 -6.7 0.432 4.574 -16.114 0.432 4.574
4 378 -15.4 0.711 3.75 -16.114 0.432 4.574 -16.449 0.432 4.574 -15.529 1.272 2.096
3 378 -15.4 0.711 3.75 -15.529 1.272 2.096 -15.4 1.272 2.096
4 378 -3.7 1.272 2.096 3.2 1.272 2.096 3.2 0.432 4.574 -3.7 0.432 4.574
4 378 13.7 1.272 2.096 13.7 0.432 4.574 7.861 0.432 4.574 11.207 1.272 2.096
4 378 7.861 0.432 4.574 6.547 0.432 4.574 6.346 0.527 4.294 10.343 1.272 2.096
3 378 7.861 0.432 4.574 10.343 1.272 2.096 11.207 1.272 2.096
4 378 10.343 1.272 2.096 6.346 0.527 4.294 6.2 0.711 3.75 6.2 1.272 2.096
4 378 16.7 1.272 2.096 22 1.272 2.096 22 0.432 4.574 16.7 0.432 4.574
4 378 32.808 1.272 2.096 34.5 1.272 2.096 34.5 0.432 4.574 29.693 0.432 4.574
3 0 3.2 0.432 4.574 3.376 0.432 4.574 3.2 0.397 4.75
4 0 3.341 0.229 5.596 3.2 0.397 4.75 3.376 0.432 4.574 4.924 0.432 4.574
4 0 3.673 0.075 6.369 3.341 0.229 5.596 4.924 0.432 4.574 5.985 0.432 4.574
4 0 6.688 0.393 4.771 4.197 -0.057 7.034 3.673 0.075 6.369 5.985 0.432 4.574
3 0 6.547 0.432 4.574 6.688 0.393 4.771 5.985 0.432 4.574
4 0 5.245 -0.078 7.14 4.344 -0.078 7.14 4.197 -0.057 7.034 6.688 0.393 4.771
3 0 7.151 0.327 5.1 5.245 -0.078 7.14 6.688 0.393 4.771
4 0 5.245 -0.078 7.14 7.151 0.327 5.1 7.7 0.298 5.25 6.188 -0.078 7.14
4 0 7.7 0.298 5.25 13.7 0.298 5.25 15.968 -0.078 7.14 6.188 -0.078 7.14
4 0 16.7 -0.078 7.14 15.968 -0.078 7.14 13.7 0.298 5.25 13.7 0.432 4.574
3 0 16.7 0.432 4.574 16.7 -0.078 7.14 13.7 0.432 4.574
4 0 -4.158 -0.078 7.14 -6.082 0.432 4.574 -3.7 0.432 4.574 -3.7 -0.078 7.14
4 0 -4.158 -0.078 7.14 -4.432 -0.078 7.14 -6.7 0.298 5.25 -6.7 0.432 4.574
3 0 -6.082 0.432 4.574 -4.158 -0.078 7.14 -6.7 0.432 4.574
4 0 -16.7 -0.078 7.14 -16.7 0.298 5.25 -6.7 0.298 5.25 -4.432 -0.078 7.14
4 0 34.5 0.432 4.574 37.5 0.432 4.574 37.5 -0.078 7.14 34.5 -0.078 7.14
4 0 24.722 0.432 4.574 29.693 0.432 4.574 26.467 -0.078 7.14 22.523 -0.078 7.14
4 0 22 -0.078 7.14 22 0.432 4.574 24.722 0.432 4.574 22.523 -0.078 7.14
4 0 -25.5 0.432 4.574 -22.5 0.432 4.574 -22.5 -0.078 7.14 -25.5 -0.078 7.14
4 0 -35.05 0.432 4.574 -31.25 0.432 4.574 -33.229 -0.078 7.14 -37.029 -0.078 7.14
4 378 37.5 0.432 4.574 39 0.432 4.574 39 -0.078 7.14 37.5 -0.078 7.14
4 378 -39 0.432 4.574 -37.265 0.432 4.574 -37.455 -0.078 7.14 -39 -0.078 7.14
4 378 -37.455 -0.078 7.14 -37.265 0.432 4.574 -37.182 0.432 4.574 -37.439 -0.078 7.14
4 378 -37.439 -0.078 7.14 -37.182 0.432 4.574 -36.943 0.432 4.574 -37.393 -0.078 7.14
4 378 -37.393 -0.078 7.14 -36.943 0.432 4.574 -36.524 0.432 4.574 -37.313 -0.078 7.14
4 378 -37.313 -0.078 7.14 -36.524 0.432 4.574 -35.889 0.432 4.574 -37.191 -0.078 7.14
4 378 -37.191 -0.078 7.14 -35.889 0.432 4.574 -35.05 0.432 4.574 -37.029 -0.078 7.14
4 378 -31.25 0.432 4.574 -25.5 0.432 4.574 -25.5 -0.078 7.14 -33.229 -0.078 7.14
4 378 -16.7 0.298 5.25 -16.7 -0.078 7.14 -22.5 -0.078 7.14 -22.5 0.432 4.574
3 378 -16.7 0.298 5.25 -22.5 0.432 4.574 -17.223 0.432 4.574
3 378 -16.449 0.432 4.574 -16.7 0.298 5.25 -17.223 0.432 4.574
4 378 -6.7 0.432 4.574 -6.7 0.298 5.25 -16.7 0.298 5.25 -16.114 0.432 4.574
3 378 -16.114 0.432 4.574 -16.7 0.298 5.25 -16.449 0.432 4.574
3 378 3.028 -0.078 7.14 4.197 -0.057 7.034 4.344 -0.078 7.14
4 378 -0.443 -0.078 7.14 3.673 0.075 6.369 4.197 -0.057 7.034 3.028 -0.078 7.14
4 378 -1.706 -0.078 7.14 3.341 0.229 5.596 3.673 0.075 6.369 -0.443 -0.078 7.14
4 378 -2.297 -0.078 7.14 3.2 0.397 4.75 3.341 0.229 5.596 -1.706 -0.078 7.14
4 378 3.2 0.397 4.75 -2.297 -0.078 7.14 -3.7 -0.078 7.14 -3.7 0.432 4.574
3 378 3.2 0.397 4.75 -3.7 0.432 4.574 3.2 0.432 4.574
4 378 13.7 0.298 5.25 7.7 0.298 5.25 7.151 0.327 5.1 7.861 0.432 4.574
3 378 13.7 0.298 5.25 7.861 0.432 4.574 13.7 0.432 4.574
4 378 7.861 0.432 4.574 7.151 0.327 5.1 6.688 0.393 4.771 6.547 0.432 4.574
4 378 16.7 0.432 4.574 22 0.432 4.574 22 -0.078 7.14 16.7 -0.078 7.14
4 378 29.693 0.432 4.574 34.5 0.432 4.574 34.5 -0.078 7.14 26.467 -0.078 7.14
3 0 4.344 -0.078 7.14 5.245 -0.078 7.14 4.883 -0.104 7.528
4 0 5.7 -0.118 7.75 4.883 -0.104 7.528 5.245 -0.078 7.14 6.188 -0.078 7.14
4 0 15.968 -0.078 7.14 16.7 -0.118 7.75 5.7 -0.118 7.75 6.188 -0.078 7.14
3 0 15.968 -0.078 7.14 16.7 -0.078 7.14 16.7 -0.118 7.75
3 0 -4.158 -0.078 7.14 -3.7 -0.078 7.14 -3.7 -0.118 7.75
3 0 -4.432 -0.078 7.14 -4.158 -0.078 7.14 -3.7 -0.118 7.75
4 0 -3.7 -0.118 7.75 -16.7 -0.118 7.75 -16.7 -0.078 7.14 -4.432 -0.078 7.14
4 0 37.5 -0.078 7.14 37.5 -0.118 7.75 34.5 -0.118 7.75 34.5 -0.078 7.14
4 0 25.7 -0.118 7.75 22 -0.118 7.75 22.523 -0.078 7.14 26.467 -0.078 7.14
3 0 22 -0.078 7.14 22.523 -0.078 7.14 22 -0.118 7.75
4 0 -22.5 -0.078 7.14 -22.5 -0.118 7.75 -25.5 -0.118 7.75 -25.5 -0.078 7.14
4 0 -33.229 -0.078 7.14 -33.7 -0.118 7.75 -37.5 -0.118 7.75 -37.029 -0.078 7.14
4 378 -37.898 -0.188 8.812 -37.5 -0.118 7.75 -33.7 -0.118 7.75 -35.107 -0.188 8.812
4 378 -35.107 -0.188 8.812 -33.7 -0.118 7.75 -25.5 -0.118 7.75 -29.084 -0.188 8.812
4 378 -29.084 -0.188 8.812 -25.5 -0.118 7.75 -22.5 -0.118 7.75 -26.881 -0.188 8.812
4 378 -26.881 -0.188 8.812 -22.5 -0.118 7.75 -16.7 -0.118 7.75 -22.621 -0.188 8.812
4 378 -22.621 -0.188 8.812 -16.7 -0.118 7.75 -3.7 -0.118 7.75 -13.072 -0.188 8.812
4 378 -13.072 -0.188 8.812 -3.7 -0.118 7.75 5.7 -0.118 7.75 14.541 -0.188 8.812
4 378 14.541 -0.188 8.812 5.7 -0.118 7.75 16.7 -0.118 7.75 22.621 -0.188 8.812
4 378 22.621 -0.188 8.812 16.7 -0.118 7.75 22 -0.118 7.75 26.514 -0.188 8.812
4 378 26.514 -0.188 8.812 22 -0.118 7.75 25.7 -0.118 7.75 29.231 -0.188 8.812
4 378 29.231 -0.188 8.812 25.7 -0.118 7.75 34.5 -0.118 7.75 35.695 -0.188 8.812
4 378 35.695 -0.188 8.812 34.5 -0.118 7.75 37.5 -0.118 7.75 37.898 -0.188 8.812
4 378 39 -0.188 8.812 37.898 -0.188 8.812 37.5 -0.118 7.75 37.5 -0.078 7.14
3 378 39 -0.188 8.812 37.5 -0.078 7.14 39 -0.078 7.14
4 378 -37.5 -0.118 7.75 -37.898 -0.188 8.812 -39 -0.188 8.812 -39 -0.078 7.14
3 378 -37.5 -0.118 7.75 -39 -0.078 7.14 -37.455 -0.078 7.14
3 378 -37.439 -0.078 7.14 -37.5 -0.118 7.75 -37.455 -0.078 7.14
3 378 -37.393 -0.078 7.14 -37.5 -0.118 7.75 -37.439 -0.078 7.14
3 378 -37.313 -0.078 7.14 -37.5 -0.118 7.75 -37.393 -0.078 7.14
3 378 -37.191 -0.078 7.14 -37.5 -0.118 7.75 -37.313 -0.078 7.14
3 378 -37.029 -0.078 7.14 -37.5 -0.118 7.75 -37.191 -0.078 7.14
4 378 -25.5 -0.078 7.14 -25.5 -0.118 7.75 -33.7 -0.118 7.75 -33.229 -0.078 7.14
4 378 -16.7 -0.078 7.14 -16.7 -0.118 7.75 -22.5 -0.118 7.75 -22.5 -0.078 7.14
3 378 4.883 -0.104 7.528 5.7 -0.118 7.75 -3.7 -0.118 7.75
4 378 4.344 -0.078 7.14 4.883 -0.104 7.528 -3.7 -0.118 7.75 3.028 -0.078 7.14
3 378 3.028 -0.078 7.14 -3.7 -0.118 7.75 -0.443 -0.078 7.14
3 378 -0.443 -0.078 7.14 -3.7 -0.118 7.75 -1.706 -0.078 7.14
3 378 -1.706 -0.078 7.14 -3.7 -0.118 7.75 -2.297 -0.078 7.14
3 378 -2.297 -0.078 7.14 -3.7 -0.118 7.75 -3.7 -0.078 7.14
4 378 22 -0.078 7.14 22 -0.118 7.75 16.7 -0.118 7.75 16.7 -0.078 7.14
4 378 34.5 -0.078 7.14 34.5 -0.118 7.75 25.7 -0.118 7.75 26.467 -0.078 7.14

4 16 39 12.346 -8.478 -39 12.346 -8.478 -39 10 -7.32 39 10 -7.32
4 16 39 10 -7.32 -39 10 -7.32 -39 7.824 -5.868 39 7.824 -5.868
4 16 39 7.824 -5.868 -39 7.824 -5.868 -39 5.858 -4.142 39 5.858 -4.142
4 16 39 5.858 -4.142 -39 5.858 -4.142 -39 4.132 -2.176 39 4.132 -2.176
4 16 39 4.132 -2.176 -39 4.132 -2.176 -39 2.68 0 39 2.68 0
4 16 39 2.68 0 -39 2.68 0 -39 1.522 2.346 39 1.522 2.346
4 16 39 1.522 2.346 -39 1.522 2.346 -39 0.682 4.824 39 0.682 4.824
4 16 39 0.682 4.824 -39 0.682 4.824 -39 0.172 7.39 39 0.172 7.39
4 16 39 0.172 7.39 -39 0.172 7.39 -39 0.062 9.062 39 0.062 9.062

4 16 39 12.096 -8.728 39 12.346 -8.478 39 10 -7.32 39 9.75 -7.57
4 16 39 9.75 -7.57 39 10 -7.32 39 7.824 -5.868 39 7.574 -6.118
4 16 39 7.574 -6.118 39 7.824 -5.868 39 5.858 -4.142 39 5.608 -4.392
4 16 39 5.608 -4.392 39 5.858 -4.142 39 4.132 -2.176 39 3.882 -2.426
4 16 39 3.882 -2.426 39 4.132 -2.176 39 2.68 0 39 2.43 -0.25
4 16 39 2.43 -0.25 39 2.68 0 39 1.522 2.346 39 1.272 2.096
4 16 39 1.272 2.096 39 1.522 2.346 39 0.682 4.824 39 0.432 4.574
4 16 39 0.432 4.574 39 0.682 4.824 39 0.172 7.39 39 -0.078 7.14
4 16 39 -0.078 7.14 39 0.172 7.39 39 0.062 9.062 39 -0.188 8.812
3 16 39 -0.188 8.812 39 0.062 9.062 37.898 -0.188 8.812
3 16 37.898 -0.188 8.812 39 0.062 9.062 35.695 -0.188 8.812
3 16 35.695 -0.188 8.812 39 0.062 9.062 29.231 -0.188 8.812
3 16 29.231 -0.188 8.812 39 0.062 9.062 26.514 -0.188 8.812
3 16 26.514 -0.188 8.812 39 0.062 9.062 22.621 -0.188 8.812
3 16 22.621 -0.188 8.812 39 0.062 9.062 14.541 -0.188 8.812
4 16 -13.072 -0.188 8.812 14.541 -0.188 8.812 39 0.062 9.062 -39 0.062 9.062
3 16 -13.072 -0.188 8.812 -39 0.062 9.062 -22.621 -0.188 8.812
3 16 -22.621 -0.188 8.812 -39 0.062 9.062 -26.881 -0.188 8.812
3 16 -26.881 -0.188 8.812 -39 0.062 9.062 -29.084 -0.188 8.812
3 16 -29.084 -0.188 8.812 -39 0.062 9.062 -35.107 -0.188 8.812
3 16 -35.107 -0.188 8.812 -39 0.062 9.062 -37.898 -0.188 8.812
3 16 -37.898 -0.188 8.812 -39 0.062 9.062 -39 -0.188 8.812
4 16 -39 -0.188 8.812 -39 0.062 9.062 -39 0.172 7.39 -39 -0.078 7.14
4 16 -39 -0.078 7.14 -39 0.172 7.39 -39 0.682 4.824 -39 0.432 4.574
4 16 -39 0.432 4.574 -39 0.682 4.824 -39 1.522 2.346 -39 1.272 2.096
4 16 -39 1.272 2.096 -39 1.522 2.346 -39 2.68 0 -39 2.43 -0.25
4 16 -39 2.43 -0.25 -39 2.68 0 -39 4.132 -2.176 -39 3.882 -2.426
4 16 -39 3.882 -2.426 -39 4.132 -2.176 -39 5.858 -4.142 -39 5.608 -4.392
4 16 -39 5.608 -4.392 -39 5.858 -4.142 -39 7.824 -5.868 -39 7.574 -6.118
4 16 -39 7.574 -6.118 -39 7.824 -5.868 -39 10 -7.32 -39 9.75 -7.57
4 16 -39 9.75 -7.57 -39 10 -7.32 -39 12.346 -8.478 -39 12.096 -8.728

3 16 -39 12.346 -8.478 -38.468 12.096 -8.728 -39 12.096 -8.728
3 16 -39 12.346 -8.478 -38.406 12.096 -8.728 -38.468 12.096 -8.728
3 16 -39 12.346 -8.478 -38.273 12.096 -8.728 -38.406 12.096 -8.728
3 16 -39 12.346 -8.478 -38.078 12.096 -8.728 -38.273 12.096 -8.728
3 16 -39 12.346 -8.478 -37.826 12.096 -8.728 -38.078 12.096 -8.728
3 16 -39 12.346 -8.478 -37.521 12.096 -8.728 -37.826 12.096 -8.728
3 16 -39 12.346 -8.478 -33.189 12.096 -8.728 -37.521 12.096 -8.728
3 16 -39 12.346 -8.478 -31.146 12.096 -8.728 -33.189 12.096 -8.728
3 16 -39 12.346 -8.478 -26.567 12.096 -8.728 -31.146 12.096 -8.728
4 16 27.272 12.096 -8.728 -26.567 12.096 -8.728 -39 12.346 -8.478 39 12.346 -8.478
3 16 39 12.346 -8.478 31.146 12.096 -8.728 27.272 12.096 -8.728
3 16 39 12.346 -8.478 33.013 12.096 -8.728 31.146 12.096 -8.728
3 16 39 12.346 -8.478 34.069 12.096 -8.728 33.013 12.096 -8.728
3 16 39 12.346 -8.478 36.887 12.096 -8.728 34.069 12.096 -8.728
3 16 39 12.346 -8.478 38.472 12.096 -8.728 36.887 12.096 -8.728
3 16 39 12.096 -8.728 38.472 12.096 -8.728 39 12.346 -8.478
