0 ~Duplo Train Base  8 x  2 with Two Axles - Bottom
0 Name: 6444.dat
0 Author: Gerald Lasser [GeraldLasser]
0 !LDRAW_ORG Unofficial_Part
0 !LICENSE Licensed under CC BY 4.0 : see CAreadme.txt

0 BFC CERTIFY CCW

0 !CATEGORY Duplo

1 16 0 0 0 1 0 0 0 1 0 0 0 1 s\6444s01.dat
1 16 0 0 0 -1 0 0 0 1 0 0 0 1 s\6444s01.dat

1 16 0 33 160 -31 0 0 0 0 -3 0 -1 0 rect2p.dat
4 16 -31 36 160 31 36 160 31 36.6667 158 -31 36.6667 158
4 16 -38 48 124 -31 36.6667 158 31 36.6667 158 38 48 124
4 16 38 48 122 -38 48 122 -38 48 124 38 48 124
4 16 -38 48 122 38 48 122 38 48 102 -38 48 102
1 16 0 45 0 0 0 -38 0 3 0 102 0 0 box3u8p.dat
4 16 38 48 -102 13 48 -123 -13 48 -123 -38 48 -102
4 16 13 48 -123 13 48 -124 -13 48 -124 -13 48 -123
2 24 -13 48 -124 13 48 -124
4 16 -13 47.3333 -126 -13 48 -124 13 48 -124 13 47.3333 -126
2 24 13 47.3333 -126 -13 47.3333 -126
4 16 -13 47.3333 -126 13 47.3333 -126 13 44 -126 -13 44 -126
1 16 0 44.5 -124.5 13 0 0 0 -.5 0 0 0 1.5 box2-5.dat
4 16 17 45 -120 -17 45 -120 -13 45 -123 13 45 -123
1 16 0 37.5 -120 -17 0 0 0 0 7.5 0 1 0 rect.dat
4 16 -17 30 -120 17 30 -120 21 30 -116 -21 30 -116
1 16 0 37.5 -116 -21 0 0 0 0 -7.5 0 -1 0 rect.dat
4 16 -36 45 -102 -21 45 -116 21 45 -116 36 45 -102
4 16 36 45 122 -36 45 122 -36 45 102 36 45 102
4 16 36 45 102 -36 45 102 -36 45 -102 36 45 -102
4 16 38 45 123.5132 -38 45 123.5132 -36 45 122 36 45 122
2 24 -38 45 123.5132 38 45 123.5132
4 16 38 45 123.5132 34 44.1711 126 -34 44.1711 126 -38 45 123.5132
4 16 34 44.1711 126 31 34.1711 156 -31 34.1711 156 -34 44.1711 126
2 24 31 34.1711 156 -31 34.1711 156
4 16 -31 30 156 -31 34.1711 156 31 34.1711 156 31 30 156
2 24 -31 30 156 31 30 156
4 16 31 30 158 -31 30 158 -31 30 156 31 30 156
4 16 31 30 158 31 30 160 -31 30 160 -31 30 158
2 24 38 48 124 -38 48 124

0 // Hitch Holder
1 16 0 45 94.5 13 0 0 0 -15 0 0 0 13 4-4cylo.dat
0 BFC INVERTNEXT
1 16 0 45 94.5 9 0 0 0 -15 0 0 0 9 4-4cylo.dat
1 16 0 30 94.5 3 0 0 0 1 0 0 0 3 4-4ring3.dat
1 16 0 30 94.5 1 0 0 0 1 0 0 0 1 4-4ring12.dat

0 // Reenforcement
0 BFC INVERTNEXT
1 16 0 31 -20.5 22 0 0 0 14 0 0 0 19 box4.dat
0 BFC INVERTNEXT
1 16 0 31 20.5 22 0 0 0 14 0 0 0 19 box4.dat
0 BFC INVERTNEXT
1 16 0 38 105 0 0 -22 7 0 0 0 -62.5 0 box3u4a.dat
0 BFC INVERTNEXT
1 16 0 38 -105 0 0 -22 7 0 0 0 62.5 0 box3u4a.dat
4 16 -22 31 39.5 22 31 39.5 22 31 42.5 -22 31 42.5
4 16 -22 31 -1.5 22 31 -1.5 22 31 1.5 -22 31 1.5
4 16 -22 31 -42.5 22 31 -42.5 22 31 -39.5 -22 31 -39.5