0 Duplo Bathtub Small  3 x  4 x  1.5
0 Name: 65113.dat
0 Author: Peter Blomberg [WUIt]
0 !LDRAW_ORG Unofficial_Part
0 !LICENSE Licensed under CC BY 4.0 : see CAreadme.txt

0 BFC CERTIFY CCW

0 !CATEGORY Duplo
0 !KEYWORDS Furniture

1 16 0 0 0 1 0 0 0 2.75 0 0 0 1 stud7.dat

1 16 0 0 0 1 0 0 0 1 0 0 0 1 s\65113s01.dat
1 16 0 0 0 -1 0 0 0 1 0 0 0 1 s\65113s01.dat

0 // outside
1 16 0 0 -60 60 0 0 0 72 0 0 0 80 box4.dat
1 16 0 0 0 17 0 0 0 1 0 0 0 -17 2-4chrd.dat
1 16 0 0 0 17 0 0 0 1 0 0 0 -17 2-4edge.dat
1 16 0 0 0 17 0 0 0 15.9816 0 0 0 -17 2-4cyli.dat
3 16 -17 0 6 17 0 6 0 0 20
4 16 -17 0 0 17 0 0 17 0 6 -17 0 6
3 16 60 0 -140 0 0 -128.5 -60 0 -140

0 // underside
0 BFC INVERTNEXT
1 16 0 4 -60 56 0 0 0 68 0 0 0 76 box4.dat
4 16 56 72 -136 60 72 -140 -60 72 -140 -56 72 -136
4 16 56 72 16 -56 72 16 -60 72 20 60 72 20
1 16 0 4 0 13 0 0 0 1 0 0 0 -13 2-4edge.dat
1 16 0 4 0 13 0 0 0 -1 0 0 0 -13 2-4chrd.dat
4 16 56 4 16 15.04 4 10.6 -15.04 4 10.6 -56 4 16
4 16 15.04 4 -132.6 56 4 -136 -56 4 -136 -15.04 4 -132.6
4 16 13 4 0 -13 4 0 -15.04 4 10.6 15.04 4 10.6
4 16 15.04 4 -132.6 -15.04 4 -132.6 -18.88 20 -125.4 18.88 20 -125.4
4 16 18.88 20 -125.4 -18.88 20 -125.4 -22.72 36 -118.2 22.72 36 -118.2
4 16 22.72 36 -118.2 -22.72 36 -118.2 -26.56 52 -111 26.56 52 -111
3 16 26.56 52 -111 -26.56 52 -111 0 52 -13
2 24 26.56 52 -111 -26.56 52 -111
2 24 15.04 4 -132.6 -15.04 4 -132.6

0 // box
1 16 0 52 -60 20 0 0 0 20 0 0 0 40 box4.dat
0 BFC INVERTNEXT
1 16 0 52 -60 16 0 0 0 20 0 0 0 36 box4.dat
4 16 -20 72 -100 -16 72 -96 16 72 -96 20 72 -100
4 16 16 72 -24 -16 72 -24 -20 72 -20 20 72 -20
1 16 0 52 -26 1.5 0 0 0 19 0 0 0 -2 box4-1.dat
1 16 0 52 -94 1.5 0 0 0 19 0 0 0 2 box4-1.dat
1 16 0 72 -60 1 0 0 0 1 0 0 0 1 s\5557s02.dat