0 Plate  1 x  2 with 1 Wheel Pin, Reinforced Underside
0 Name: 66897.dat
0 Author: Philippe Hurbain [Philo]
0 !LDRAW_ORG Unofficial_Part
0 !LICENSE Licensed under CC BY 4.0 : see CAreadme.txt

0 BFC CERTIFY CCW

0 !CATEGORY Plate
0 !KEYWORDS Brickowl 1227165

1 16 0 4 0 4 0 0 0 4 0 0 0 4 2-4cylo.dat
1 16 0 8 0 4 0 0 0 -1 0 0 0 4 2-4chrd.dat
0 BFC INVERTNEXT
1 16 0 6 -6 -16 0 0 0 0 -2 0 12 0 box4-2p.dat
4 16 20 8 10 16 8 6 -16 8 6 -20 8 10
4 16 -20 8 10 -16 8 6 -16 8 -6 -20 8 -10
3 16 -10 8 -10 -20 8 -10 -16 8 -6
3 16 16 8 -6 20 8 -10 10 8 -10
4 16 20 8 -10 16 8 -6 16 8 6 20 8 10
1 16 0 8 0 20 0 0 0 -8 0 0 0 10 box4-1.dat
1 16 0 0 0 -1 0 0 0 1 0 0 0 -1 stug-1x2.dat
4 16 -20 0 -10 -10 2 -10 10 2 -10 20 0 -10
4 16 -20 8 -10 -10 8 -10 -10 2 -10 -20 0 -10
4 16 20 0 -10 10 2 -10 10 8 -10 20 8 -10
2 24 -10 2 -10 10 2 -10
2 24 20 8 -10 10 8 -10
2 24 -10 8 -10 -20 8 -10
0 // 1 16 0 5 -12 0 0 1 1 0 0 0 1 0 wpin2a.dat
1 16 0 5 -16 0 0 1 1 0 0 0 1 0 wpin5a.dat
1 16 0 5 -12 0 0 1 1 0 0 0 4 0 wpin5e.dat
5 24 -3.53 8.53 -10 -3.53 8.53 -12 -3.89 8 -12 -1.9104 9.6123 -12
5 24 3.53 8.53 -10 3.53 8.53 -12 3.89 8 -12 1.9104 9.6123 -12
1 16 -13 6 -6 3 0 0 0 0 2 0 -1 0 rect2p.dat
4 16 -16 8 -6 -10 8 -6 -3.89 8 -10 -10 8 -10
3 16 -4 8 -6 -3.89 8 -10 -10 8 -6
0 BFC INVERTNEXT
1 16 -10 4 0 6 0 0 0 4 0 0 0 -6 1-4cylo.dat
1 16 -10 8 0 6 0 0 0 -1 0 0 0 -6 1-4ndis.dat
1 16 13 6 -6 3 0 0 0 0 2 0 -1 0 rect2p.dat
4 16 3.89 8 -10 10 8 -6 16 8 -6 10 8 -10
3 16 3.89 8 -10 4 8 -6 10 8 -6
0 BFC INVERTNEXT
1 16 10 4 0 -6 0 0 0 4 0 0 0 -6 1-4cylo.dat
1 16 10 8 0 -6 0 0 0 -1 0 0 0 -6 1-4ndis.dat
4 16 4 8 0 4 8 -6 -4 8 -6 -4 8 0
4 16 -4 8 -6 4 8 -6 3.89 8 -10 -3.89 8 -10
1 16 7.5 5 -11 -2.5 -1 0 0 0 3 -1 0 0 rect.dat
1 16 -7.5 5 -11 -2.5 1 0 0 0 3 1 0 0 rect.dat
1 16 -3.71 8.265 -11 -0.18 1 0 -0.265 0 0 0 0 1 rect2p.dat
1 16 3.71 8.265 -11 0.18 -1 0 -0.265 0 0 0 0 -1 rect2p.dat
1 16 0 5 -10 3.53 0 -3.53 3.53 0 3.53 0 -2 0 1-4cylo.dat
1 16 0 5 -12 3.53 0 -3.53 3.53 0 3.53 0 1 0 1-4chrd.dat
4 16 3.53 8.53 -12 3.89 8 -12 -3.89 8 -12 -3.53 8.53 -12
2 24 -3.89 8 -10 3.89 8 -10
2 24 3.89 8 -10 3.89 8 -12
2 24 -3.89 8 -12 -3.89 8 -10
1 16 0 5 -10 -3.53 0 3.53 3.53 0 3.53 0 -1 0 1-4chrd.dat
4 16 -3.53 8.53 -10 -3.89 8 -10 3.89 8 -10 3.53 8.53 -10
1 16 -3.71 1.735 -11 -.18 1 0 .265 0 0 0 0 1 rect2p.dat
1 16 3.71 1.735 -11 .18 -1 0 .265 0 0 0 0 -1 rect2p.dat
1 16 0 5 -10 3.53 0 -3.53 -3.53 0 -3.53 0 -2 0 1-4cylo.dat
1 16 0 5 -12 3.53 0 -3.53 -3.53 0 -3.53 0 1 0 1-4chrd.dat
4 16 -3.89 2 -12 3.89 2 -12 3.53 1.47 -12 -3.53 1.47 -12
2 24 3.89 2 -10 -3.89 2 -10
2 24 3.89 2 -12 3.89 2 -10
2 24 -3.89 2 -10 -3.89 2 -12
1 16 0 5 -10 -3.53 0 3.53 -3.53 0 -3.53 0 -1 0 1-4chrd.dat
4 16 3.89 2 -10 -3.89 2 -10 -3.53 1.47 -10 3.53 1.47 -10
2 24 3.89 8 -12 5 8 -12
4 16 5 8 -12 3.89 8 -12 3.89 8 -10 10 8 -10
2 24 -5 8 -12 -3.89 8 -12
4 16 -3.89 8 -10 -3.89 8 -12 -5 8 -12 -10 8 -10
2 24 5 2 -12 3.89 2 -12
4 16 3.89 2 -10 3.89 2 -12 5 2 -12 10 2 -10
2 24 -3.89 2 -12 -5 2 -12
4 16 -5 2 -12 -3.89 2 -12 -3.89 2 -10 -10 2 -10
4 16 2.8284 7.8284 -12 -2.8284 7.8284 -12 -3.89 8 -12 3.89 8 -12
4 16 2.8284 2.1716 -12 3.89 2 -12 -3.89 2 -12 -2.8284 2.1716 -12
4 16 -2.8284 2.1716 -12 -3.89 2 -12 -3.89 8 -12 -2.8284 7.8284 -12
4 16 -3.89 2 -12 -5 2 -12 -5 8 -12 -3.89 8 -12
4 16 2.8284 2.1716 -12 2.8284 7.8284 -12 3.89 8 -12 3.89 2 -12
4 16 5 8 -12 5 2 -12 3.89 2 -12 3.89 8 -12
5 24 -3.53 1.47 -12 -3.53 1.47 -10 -3.89 2 -12 -1.9104 .3877 -12
5 24 3.53 1.47 -12 3.53 1.47 -10 3.89 2 -12 1.9104 .3877 -12