0 Technic Panel Curved  3 x  2 x  1 with Reddish Orange Stripe Pattern
0 Name: 71682p00.dat
0 Author: Jens Brühl [jb70]
0 !LDRAW_ORG Unofficial_Part
0 !LICENSE Licensed under CC BY 4.0 : see CAreadme.txt

0 BFC CERTIFY CCW

0 !CATEGORY Technic
0 !KEYWORDS Bricklink 71682pb023, Brickowl 1499251, Brickset 116223, Koenigsegg
0 !KEYWORDS Rebrickable 71682pr0009, Sadairs Spear, Set 42232

1 16 0 0 0 1 0 0 0 1 0 0 0 1 s\71682s01.dat
4 402 5.156 -20 28 3.121 -25.096 28 3.121 -25.096 -28 5.156 -20 -28
4 402 3.121 -25.096 -28 3.121 -25.096 28 2.014 -27 28 2.014 -27 -28
4 402 1.602 -27.707 27.707 1.602 -27.707 -27.707 2.014 -27 -28 2.014 -27 28
4 402 1.602 -27.707 27.707 1.432 -28 27 1.432 -28 -27 1.602 -27.707 -27.707
4 16 9 0 -30 9 0 30 8.336 -8.558 30 8.336 -8.558 -30
4 16 8.336 -8.558 -30 8.336 -8.558 30 6.365 -16.971 30 6.365 -16.971 -30
4 16 5.156 -20 -28 3.121 -25.096 -28 3.121 -25.096 -30 6.365 -16.971 -30
4 16 5.156 -20 28 5.156 -20 -28 6.365 -16.971 -30 6.365 -16.971 30
4 16 5.156 -20 28 6.365 -16.971 30 3.121 -25.096 30 3.121 -25.096 28
4 16 3.121 -25.096 -30 3.121 -25.096 -28 2.014 -27 -28 1.228 -28.351 -30
3 16 2.014 -27 -28 1.602 -27.707 -27.707 1.228 -28.351 -30
3 16 1.228 -28.351 -30 1.602 -27.707 -27.707 1.432 -28 -27
4 16 1.228 -28.351 -30 1.432 -28 -27 1.432 -28 27 1.228 -28.351 30
3 16 1.432 -28 27 1.602 -27.707 27.707 1.228 -28.351 30
3 16 1.228 -28.351 30 1.602 -27.707 27.707 2.014 -27 28
4 16 1.228 -28.351 30 2.014 -27 28 3.121 -25.096 28 3.121 -25.096 30