0 Panel  2 x  8 x  4 with  2 x  3.333 Cutout with  4 Studs on Each Side
0 Name: 7323.dat
0 Author: Philippe Hurbain [Philo]
0 !LDRAW_ORG Unofficial_Part
0 !LICENSE Licensed under CC BY 4.0 : see CAreadme.txt

0 BFC CERTIFY CCW

0 !CATEGORY Panel
0 !KEYWORDS Brickowl 642230, Door Frame, Wall

0 !HISTORY 2026-05-13 {LEGO Instructions App} Original part shape
0 !HISTORY 2026-05-13 [Philo] File preparation for LDraw Parts Tracker

1 16 30 48 -22 0 0 1 1 0 0 0 1 0 stug2-1x4.dat
1 16 -30 48 -22 0 0 1 1 0 0 0 1 0 stug2-1x4.dat
1 16 50 0 -20 0 0 1 0 1 0 -1 0 0 stud2.dat
1 16 70 0 0 0 0 1 0 1 0 -1 0 0 stud2.dat
1 16 -70 0 0 0 0 1 0 1 0 -1 0 0 stud2.dat
1 16 -50 0 -20 0 0 1 0 1 0 -1 0 0 stud2.dat
1 16 0 0 0 1 0 0 0 1 0 0 0 1 s\7323s01.dat
1 16 0 0 0 -1 0 0 0 1 0 0 0 1 s\7323s01.dat
0 BFC INVERTNEXT
1 16 0 0 -24.7654 40 0 0 0 4 0 0 0 3.2346 box5.dat
4 16 -40 0 -30 40 0 -30 40 0 -28 -40 0 -28
4 16 40 8 -30 40 0 -30 -40 0 -30 -40 8 -30
2 24 40 0 -30 -40 0 -30
2 24 -40 8 -30 40 8 -30
4 16 -40 88 -22 -40 88 -30 40 88 -30 40 88 -22
4 16 20 88 -22 20 88 -18 -20 88 -18 -20 88 -22
4 16 40 96 -30 40 88 -30 -40 88 -30 -40 96 -30
2 24 40 88 -30 -40 88 -30
2 24 -40 96 -30 40 96 -30
4 16 40 8 -30 -40 8 -30 -40 8 -22 40 8 -22
4 16 20 8 -18 20 8 -22 -20 8 -22 -20 8 -18
4 16 -44 88 -18 44 88 -18 60 88 -10 -60 88 -10
4 16 -60 96 -10 -60 88 -10 60 88 -10 60 96 -10
2 24 60 88 -10 -60 88 -10
2 24 -60 96 -10 60 96 -10
2 24 20 8 -18 -20 8 -18
2 24 44 3 -18 -44 3 -18
4 16 20 8 -18 -20 8 -18 -44 3 -18 44 3 -18
4 16 -44 3 -18 -60 3 -10 60 3 -10 44 3 -18
2 24 60 3 -10 -60 3 -10
2 24 -60 0 -10 60 0 -10
4 16 -60 0 -10 60 0 -10 60 3 -10 -60 3 -10
4 16 -40 0 -21.5308 40 0 -21.5308 60 0 -10 -60 0 -10
4 16 -60 96 -10 60 96 -10 56 96 -14 -56 96 -14
4 16 50 96 -26 40 96 -30 -40 96 -30 -50 96 -26
4 16 50 96 -26 -50 96 -26 -50 92 -26 50 92 -26
2 24 50 92 -26 -50 92 -26
2 24 -50 96 -26 50 96 -26
2 24 56 96 -14 -56 96 -14
2 24 56 92 -14 -56 92 -14
4 16 56 92 -14 -56 92 -14 -56 96 -14 56 96 -14
4 16 56 92 -14 56 92 -20 -56 92 -20 -56 92 -14
4 16 50 92 -26 -50 92 -26 -56 92 -20 56 92 -20
1 16 0 92 -20 1 0 0 0 -1 0 0 0 1 stug3-1x5.dat