0 Animal Body Part Fin  4 x  2 with Handle
0 Name: 7511.dat
0 Author: Philippe Hurbain [Philo]
0 !LDRAW_ORG Unofficial_Part
0 !LICENSE Licensed under CC BY 4.0 : see CAreadme.txt

0 BFC CERTIFY CCW

0 !CATEGORY Animal
0 !KEYWORDS Brickowl 1391027, Fish

0 !HISTORY 2025-12-19 {LEGO Instructions App} Original part shape
0 !HISTORY 2025-12-19 [Philo] File preparation for LDraw Parts Tracker

1 16 -4 0 0 0 8 0 -4 0 0 0 0 4 4-4cylo.dat
1 16 0 0 0 1 0 0 0 1 0 0 0 1 s\7511s01.dat
1 16 0 0 0 -1 0 0 0 1 0 0 0 1 s\7511s01.dat
2 24 -4 -11.20498 10 4 -11.20498 10
2 24 4 6 10 -4 6 10
4 16 4 6 10 4 -11.20498 10 -4 -11.20498 10 -4 6 10
4 16 -5.5 -14.50498 23.05 -4 -11.20498 10 4 -11.20498 10 5.5 -14.50498 23.05
4 16 4 6 10 -4 6 10 -5.5 6.86 23.05 5.5 6.86 23.05
4 16 -1.99877 21.7956 67.5308 1.99877 21.7956 67.5308 2.06 22.1 66 -2.06 22.1 66
4 16 -2.06 22.1 66 2.06 22.1 66 2.12123 21.7956 64.4692 -2.12123 21.7956 64.4692
4 16 -1.91218 19.6308 69.6956 1.91218 19.6308 69.6956 1.94686 20.9284 68.8284 -1.94686 20.9284 68.8284
4 16 -1.94686 20.9284 68.8284 1.94686 20.9284 68.8284 1.99877 21.7956 67.5308 -1.99877 21.7956 67.5308
4 16 -1.9 -3.5 70 1.9 -3.5 70 1.9 18.1 70 -1.9 18.1 70
4 16 -1.9 18.1 70 1.9 18.1 70 1.91218 19.6308 69.6956 -1.91218 19.6308 69.6956
4 16 -1.9703 -7.7426 68.2426 1.9703 -7.7426 68.2426 1.91826 -5.7962 69.5434 -1.91826 -5.7962 69.5434
4 16 -1.91826 -5.7962 69.5434 1.91826 -5.7962 69.5434 1.9 -3.5 70 -1.9 -3.5 70
4 16 -2.3 -11.93263 60 2.3 -11.93263 60 2.04815 -9.0434 66.2962 -2.04815 -9.0434 66.2962
4 16 -2.04815 -9.0434 66.2962 2.04815 -9.0434 66.2962 1.9703 -7.7426 68.2426 -1.9703 -7.7426 68.2426
4 16 -4.1 -15.44899 35.88 4.1 -15.44899 35.88 3 -14.53716 48.27 -3 -14.53716 48.27
4 16 -3 -14.53716 48.27 3 -14.53716 48.27 2.3 -11.93263 60 -2.3 -11.93263 60
4 16 -5.5 -14.50498 23.05 5.5 -14.50498 23.05 4.1 -15.44899 35.88 -4.1 -15.44899 35.88
4 16 -3 13.61 48.27 3 13.61 48.27 4.1 9.41 35.88 -4.1 9.41 35.88
4 16 -4.1 9.41 35.88 4.1 9.41 35.88 5.5 6.86 23.05 -5.5 6.86 23.05
4 16 -2.12123 21.7956 64.4692 2.12123 21.7956 64.4692 2.3 19.4 60 -2.3 19.4 60
4 16 -2.3 19.4 60 2.3 19.4 60 3 13.61 48.27 -3 13.61 48.27
5 24 -4.1 9.41 35.88 4.1 9.41 35.88 3 13.61 48.27 5.5 6.86 23.05
5 24 -2.3 19.4 60 2.3 19.4 60 2.12123 21.7956 64.4692 3 13.61 48.27
5 24 -3 13.61 48.27 3 13.61 48.27 2.3 19.4 60 4.1 9.41 35.88
5 24 -2.06 22.1 66 2.06 22.1 66 1.99877 21.7956 67.5308 2.12123 21.7956 64.4692
5 24 -2.12123 21.7956 64.4692 2.12123 21.7956 64.4692 2.06 22.1 66 2.3 19.4 60
5 24 -1.94686 20.9284 68.8284 1.94686 20.9284 68.8284 1.91218 19.6308 69.6956 1.99877 21.7956 67.5308
5 24 -1.99877 21.7956 67.5308 1.99877 21.7956 67.5308 1.94686 20.9284 68.8284 2.06 22.1 66
5 24 -1.9 18.1 70 1.9 18.1 70 1.9 -3.5 70 1.91218 19.6308 69.6956
5 24 -1.91218 19.6308 69.6956 1.91218 19.6308 69.6956 1.9 18.1 70 1.94686 20.9284 68.8284
5 24 -1.91826 -5.7962 69.5434 1.91826 -5.7962 69.5434 1.9703 -7.7426 68.2426 1.9 -3.5 70
5 24 -1.9 -3.5 70 1.9 -3.5 70 1.91826 -5.7962 69.5434 1.9 18.1 70
5 24 -2.04815 -9.0434 66.2962 2.04815 -9.0434 66.2962 2.3 -11.93263 60 1.9703 -7.7426 68.2426
5 24 -1.9703 -7.7426 68.2426 1.9703 -7.7426 68.2426 2.04815 -9.0434 66.2962 1.91826 -5.7962 69.5434
5 24 -3 -14.53716 48.27 3 -14.53716 48.27 4.1 -15.44899 35.88 2.3 -11.93263 60
5 24 -2.3 -11.93263 60 2.3 -11.93263 60 3 -14.53716 48.27 2.04815 -9.0434 66.2962
5 24 -4.1 -15.44899 35.88 4.1 -15.44899 35.88 5.5 -14.50498 23.05 3 -14.53716 48.27
5 24 -5.5 6.86 23.05 5.5 6.86 23.05 -4.1 9.41 35.88 4 6 10
5 24 5.5 -14.50498 23.05 -5.5 -14.50498 23.05 -4 -11.20498 10 4.1 -15.44899 35.88