0 Brick  1 x  1 Round Quarter
0 Name: 7532.dat
0 Author: Gerald Lasser [GeraldLasser]
0 !LDRAW_ORG Unofficial_Part
0 !LICENSE Licensed under CC BY 4.0 : see CAreadme.txt

0 BFC CERTIFY CCW

0 !CATEGORY Brick
0 !KEYWORDS Brickowl 543389

0 // Bottom Faces
1 16 0 24 0 1 0 0 0 1 0 0 0 1 s\1871s02.dat
1 16 0 24 0 0 0 -1 0 1 0 -1 0 0 s\1871s02.dat

0 // Stud Cut-Out
1 16 0 24 0 20 0 0 0 -4 0 0 0 -20 1-16cyli.dat
1 16 0 24 0 0 0 20 0 -4 0 -20 0 0 1-16cyli.dat
4 16 9.829 20 -17.025 7.654 20 -18.478 7.654 24 -18.478 9.829 24 -17.025
4 16 18.478 20 -7.654 17.025 20 -9.829 17.025 24 -9.829 18.478 24 -7.654
5 24 18.478 24 -7.654 18.478 20 -7.654 20 24 0 17.025 24 -9.829
5 24 7.654 24 -18.478 7.654 20 -18.478 9.829 24 -17.025 0 24 -20

0 // Inside
0 BFC INVERTNEXT
1 16 9.6 14 -9.6 0 -5.6 0 -10 0 0 0 0 5.6 box2-7p.dat
4 16 15.2 24 -4 14.7112 24 -6.4586 14.7112 20 -6.4586 15.2 4 -4
4 16 14.3477 20 -8.2862 14.3477 4 -8.2862 15.2 4 -4 14.7112 20 -6.4586
4 16 14.3477 4 -8.2862 14.3477 20 -8.2862 11.9195 20 -11.9195 11.9195 4 -11.9195
4 16 11.9195 4 -11.9195 11.9195 20 -11.9195 8.2862 20 -14.3477 8.2862 4 -14.3477
4 16 4 4 -15.2 8.2862 4 -14.3477 8.2862 20 -14.3477 6.4586 20 -14.7112
4 16 4 24 -15.2 4 4 -15.2 6.4586 20 -14.7112 6.4586 24 -14.7112
4 16 15.2 4 -4 14.3477 4 -8.2862 11.9195 4 -11.9195 4 4 -4
4 16 11.9195 4 -11.9195 8.2862 4 -14.3477 4 4 -15.2 4 4 -4
2 24 4 4 -15.2 8.2862 4 -14.3477
2 24 8.2862 4 -14.3477 11.9195 4 -11.9195
2 24 11.9195 4 -11.9195 14.3477 4 -8.2862
2 24 14.3477 4 -8.2862 15.2 4 -4

0 // Outside
3 16 0 20 -20 0 24 0 0 24 -20
3 16 20 20 0 20 24 0 0 24 0
4 16 20 0 0 20 20 0 0 24 0 0 0 0
4 16 0 0 -20 0 0 0 0 24 0 0 20 -20
1 16 0 0 0 20 0 0 0 20 0 0 0 -20 1-4cyli.dat
1 16 0 0 0 20 0 0 0 24 0 0 0 -20 1-4chrde.dat
3 16 20 0 0 0 0 0 0 0 -20
2 24 20 0 0 20 20 0
2 24 20 20 0 20 24 0
2 24 0 24 0 0 0 0
2 24 0 0 0 20 0 0
2 24 0 0 0 0 0 -20
2 24 0 24 -20 0 20 -20
2 24 0 20 -20 0 0 -20

1 16 10 0 -10 1 0 0 0 1 0 0 0 1 stud.dat
3 16 14.2426 0 -14.2426 12.2962 0 -15.5434 15.5434 0 -12.2962
4 16 16 0 -10 15.5434 0 -12.2962 12.2962 0 -15.5434 10 0 -16