0 Windscreen Curved  5 x  4  x  1.667
0 Name: 7613.dat
0 Author: Philippe Hurbain [Philo]
0 !LDRAW_ORG Unofficial_Part
0 !LICENSE Licensed under CC BY 4.0 : see CAreadme.txt

0 BFC CERTIFY CCW

0 !CATEGORY Windscreen
0 !KEYWORDS Brickowl 1183180

1 16 0 0 0 0 0 -1 0 1 0 1 0 0 stug-2x1.dat
1 16 0 8 0 20 0 0 0 -8 0 0 0 10 box4-1.dat
0 BFC INVERTNEXT
1 16 0 8 -12 16 0 0 0 -4 0 0 0 2 box4-1.dat
0 BFC INVERTNEXT
1 16 0 8 0 16 0 0 0 -4 0 0 0 6 box5.dat
1 16 0 4 0 1 0 0 0 -1 0 0 0 1 stud3.dat
1 16 0 0 0 1 0 0 0 1 0 0 0 1 s\7613s01.dat
1 16 0 0 0 -1 0 0 0 1 0 0 0 1 s\7613s01.dat
3 16 0 -8 -10 20 0 -10 -20 0 -10
3 16 16 4 -14 0 -4.06 -14 -16 4 -14
4 16 16 8 -6 16 8 -10 -16 8 -10 -16 8 -6
4 16 -20 8 10 20 8 10 16 8 6 -16 8 6
5 24 0 1.31 -43.87 0 -1.85 -32.66 8.46 -1.3 -32.66 -8.46 -1.3 -32.66
5 24 0 19.87 -77.34 0 15.06 -71.04 -4.7 15.31 -71.01 4.7 15.31 -71.01
5 24 0 -8 -10 0 -7.11 -22.84 7.38 -7.65 -10 -7.38 -7.65 -10
5 24 0 20.71 -82.44 0 28.28 -89.83 3.72 28 -89.43 -3.72 28 -89.43
5 24 0 28.28 -89.83 0 32 -90 -3.76 32 -89.61 3.76 32 -89.61
5 24 0 -1.85 -32.66 0 -3.53 -22.41 -8.79 -2.98 -22.41 8.79 -2.98 -22.41
5 24 0 -5.27 -32.87 0 -2.27 -43.89 9.17 -1.69 -43.9 -9.17 -1.69 -43.9
5 24 0 -7.11 -22.84 0 -5.27 -32.87 -9.87 -4.74 -32.89 9.87 -4.74 -32.89
5 24 0 15.06 -71.04 0 10.2 -63.46 -5.74 10.56 -63.47 5.74 10.56 -63.47
5 24 0 28.13 -86.25 0 24.73 -82.82 -2.17 28.02 -86.1 2.17 28.02 -86.1
5 24 0 24.73 -82.82 0 19.87 -77.34 3.63 19.97 -77.25 -3.63 19.97 -77.25
5 24 0 6.91 -64.01 0 13.44 -73.75 5.79 13.72 -73.58 -5.79 13.72 -73.58
5 24 0 13.44 -73.75 0 20.71 -82.44 -5.04 20.65 -82.04 5.04 20.65 -82.04
5 24 0 -3.53 -22.41 0 -4.06 -14 -8.9 -3.5 -14 8.9 -3.5 -14
5 24 0 5.23 -53.88 0 1.31 -43.87 -7.78 1.82 -43.86 7.78 1.82 -43.86
5 24 0 32 -86.27 0 28.13 -86.25 -2.17 28.02 -86.1 2.17 28.02 -86.1
5 24 0 1.62 -53.93 0 6.91 -64.01 7.08 7.44 -64.02 -7.08 7.44 -64.02
5 24 0 -2.27 -43.89 0 1.62 -53.93 -8.29 2.25 -53.95 8.29 2.25 -53.95
5 24 0 10.2 -63.46 0 5.23 -53.88 -6.84 5.67 -53.87 6.84 5.67 -53.87