0 Bracket  1 x  1 -  2 x  1 Centered
0 Name: 8435.dat
0 Author: Rene Rechthaler [Blechtaler]
0 !LDRAW_ORG Unofficial_Part
0 !LICENSE Licensed under CC BY 4.0 : see CAreadme.txt

0 BFC CERTIFY CCW

0 !CATEGORY Bracket

0 !HISTORY 2026-04-01 [Blechtaler] made from 7674

1 16 0 0 0 0 0 -1 0 1 0 1 0 0 stud.dat
1 16 0 8 0 10 0 0 0 -8 0 0 0 10 box4-4a.dat
0 BFC INVERTNEXT
1 16 0 8 -2 6 0 0 0 -4 0 0 0 8 box5-1.dat
4 16 -6 8 6 -10 8 10 10 8 10 6 8 6
4 16 10 8 10 10 8 -10 6 8 -10 6 8 6
4 16 -6 8 -10 -10 8 -10 -10 8 10 -6 8 6
1 16 0 4 -8 2 0 0 0 4 0 0 0 2 box4-1.dat

1 16 8 22 -10 2 0 0 0 0 2 0 -4 0 1-4cylo.dat
1 16 8 -14 -10 2 0 0 0 0 -2 0 -4 0 1-4cylo.dat
1 16 -8 -14 -10 -2 0 0 0 0 -2 0 -4 0 1-4cylo.dat
1 16 -8 22 -10 -2 0 0 0 0 2 0 -4 0 1-4cylo.dat
1 16 8 22 -10 2 0 0 0 0 2 0 -1 0 1-4chrd.dat
1 16 8 -14 -10 2 0 0 0 0 -2 0 -1 0 1-4chrd.dat
1 16 -8 -14 -10 -2 0 0 0 0 -2 0 -1 0 1-4chrd.dat
1 16 -8 22 -10 -2 0 0 0 0 2 0 -1 0 1-4chrd.dat
1 16 8 22 -14 2 0 0 0 0 2 0 1 0 1-4chrd.dat
1 16 8 -14 -14 2 0 0 0 0 -2 0 1 0 1-4chrd.dat
1 16 -8 -14 -14 -2 0 0 0 0 -2 0 1 0 1-4chrd.dat
1 16 -8 22 -14 -2 0 0 0 0 2 0 1 0 1-4chrd.dat
4 16 -8 -16 -10 8 -16 -10 10 -14 -10 -10 -14 -10
4 16 -10 22 -10 -10 8 -10 -6 8 -10 -8 24 -10
4 16 -8 24 -10 -6 8 -10 6 8 -10 8 24 -10
4 16 10 22 -10 8 24 -10 6 8 -10 10 8 -10
4 16 10 -14 -14 8 -16 -14 8 24 -14 10 22 -14
4 16 10 8 -10 10 0 -10 10 -14 -14 10 22 -14
4 16 -8 24 -14 -8 -16 -14 -10 -14 -14 -10 22 -14
4 16 -10 0 -10 -10 8 -10 -10 22 -14 -10 -14 -14
3 16 -10 22 -14 -10 8 -10 -10 22 -10
3 16 -10 0 -10 -10 -14 -14 -10 -14 -10
3 16 10 -14 -10 10 -14 -14 10 0 -10
3 16 10 8 -10 10 22 -14 10 22 -10
2 24 -10 8 -10 -10 22 -10
2 24 -10 8 -10 -6 8 -10
2 24 6 8 -10 10 8 -10
2 24 10 8 -10 10 22 -10
2 24 -10 -14 -14 -10 22 -14
2 24 10 -14 -14 10 22 -14
1 16 0 -7 -10 10 0 0 0 0 7 0 -1 0 rect3.dat
1 16 0 4 -10 8 0 0 0 0 20 0 -4 0 box3u8p.dat
1 16 0 4 -14 0 0 1 1 0 0 0 1 0 stug2-1x2.dat