0 Minifig Torso with SW Snowtrooper Commander Armour and Belt on Back Pattern
0 Name: 973pt6.dat
0 Author: Evert-Jan Boer [ejboer]
0 !LDRAW_ORG Unofficial_Part
0 !LICENSE Licensed under CC BY 4.0 : see CAreadme.txt

0 BFC CERTIFY CCW

0 !CATEGORY Minifig
0 !KEYWORDS Bricklink 973pb4508c01, Set 75313, Star Wars

1 16 0 0 0 1 0 0 0 1 0 0 0 1 s\973s01.dat
1 16 0 0 0 1 0 0 0 1 0 0 0 1 s\973pt5s01.dat
1 16 0 0 0 -1 0 0 0 1 0 0 0 1 s\973pt5s01.dat
1 16 0 0 0 1 0 0 0 1 0 0 0 1 s\973pt5s02.dat
1 0 0 -4 0 4.243 0 -4.243 0 -8 0 -4.243 0 -4.243 1-4cyli.dat

4 4 6.9 5.5 -10 6.9 7.3 -10 8.3 7.3 -10 8.3 5.5 -10
4 4 8.8 5.5 -10 8.8 7.3 -10 10.2 7.3 -10 10.2 5.5 -10
4 1 6.9 7.8 -10 6.9 9.6 -10 8.3 9.6 -10 8.3 7.8 -10
4 1 8.8 7.8 -10 8.8 9.6 -10 10.2 9.6 -10 10.2 7.8 -10
4 16 6 2.15 -10 4.75 2.45 -10 6.9 5.5 -10 8.3 5.5 -10
4 16 6 2.15 -10 8.3 5.5 -10 8.8 5.5 -10 11.75 4.4 -10
3 16 11.75 4.4 -10 8.8 5.5 -10 10.2 5.5 -10
4 16 8.8 5.5 -10 8.3 5.5 -10 8.3 7.3 -10 8.8 7.3 -10
4 16 8.3 7.3 -10 6.9 7.3 -10 6.9 7.8 -10 8.3 7.8 -10
4 16 8.8 7.3 -10 8.3 7.3 -10 8.3 7.8 -10 8.8 7.8 -10
4 16 10.2 7.3 -10 8.8 7.3 -10 8.8 7.8 -10 10.2 7.8 -10
4 16 8.8 7.8 -10 8.3 7.8 -10 8.3 9.6 -10 8.8 9.6 -10
4 16 6.9 7.3 -10 6.9 5.5 -10 4.75 2.45 -10 5.525 8.193 -10
4 16 6.9 7.8 -10 6.9 7.3 -10 5.525 8.193 -10 5.865 9.079 -10
4 16 6.9 9.6 -10 6.9 7.8 -10 5.865 9.079 -10 6 10 -10
4 16 10.2 5.5 -10 10.2 7.3 -10 12.1 7.35 -10 11.75 4.4 -10
4 16 12.1 7.35 -10 10.2 7.3 -10 10.2 7.8 -10 12.5 9.6 -10
3 16 10.2 7.8 -10 10.2 9.6 -10 12.5 9.6 -10
4 71 6 13.4 -10 6 10 -10 5.2 10 -10 5.2 14.2 -10
3 71 6 13.4 -10 5.2 14.2 -10 6.3 14.2 -10
4 71 5.2 22 -10 6 22 -10 6 21 -10 5.2 19.9 -10
3 71 6.3 19.9 -10 5.2 19.9 -10 6 21 -10
4 71 6.8 14.2 -10 6.3 14.2 -10 6.3 14.6 -10 6.8 15.1 -10
4 71 6.3 15.6 -10 6.8 15.1 -10 6.3 14.6 -10 5.8 15.4 -10
4 71 6.8 15.1 -10 6.3 15.6 -10 6.3 16.5 -10 6.8 17 -10
3 71 6.3 14.6 -10 5.8 14.8 -10 5.8 15.4 -10
4 71 6.3 16.5 -10 5.8 16.7 -10 5.8 17.3 -10 6.3 17.5 -10
4 71 6.3 18.4 -10 5.8 18.6 -10 5.8 19.2 -10 6.3 19.4 -10
3 71 6.3 16.5 -10 6.3 17.5 -10 6.8 17 -10
4 71 6.8 17 -10 6.3 17.5 -10 6.3 18.4 -10 6.8 19.9 -10
3 71 6.3 18.4 -10 6.3 19.4 -10 6.8 19.9 -10
3 71 6.3 19.4 -10 6.3 19.9 -10 6.8 19.9 -10
4 71 7.6 14.2 -10 7.1 14.2 -10 7.1 19.9 -10 7.6 19.9 -10
4 71 8.4 14.2 -10 7.9 14.2 -10 7.9 19.9 -10 8.4 19.9 -10
4 71 9.4 14.2 -10 8.7 14.2 -10 8.7 19.9 -10 9.4 19.9 -10
3 71 6.8 19.9 -10 6.3 19.9 -10 6 21 -10
3 71 7.1 19.9 -10 6.8 19.9 -10 6 21 -10
3 71 7.6 19.9 -10 7.1 19.9 -10 6 21 -10
3 71 7.9 19.9 -10 7.6 19.9 -10 6 21 -10
3 71 8.4 19.9 -10 7.9 19.9 -10 6 21 -10
3 71 8.7 19.9 -10 8.4 19.9 -10 6 21 -10
4 71 9.4 19.9 -10 8.7 19.9 -10 6 21 -10 9.4 21 -10
3 71 9.4 19.9 -10 9.4 21 -10 10.4 21.1 -10
3 71 6 13.4 -10 6.3 14.2 -10 6.8 14.2 -10
3 71 6 13.4 -10 6.8 14.2 -10 7.1 14.2 -10
3 71 6 13.4 -10 7.1 14.2 -10 7.6 14.2 -10
3 71 6 13.4 -10 7.6 14.2 -10 7.9 14.2 -10
3 71 6 13.4 -10 7.9 14.2 -10 8.4 14.2 -10
4 71 6 13.4 -10 8.4 14.2 -10 8.7 14.2 -10 9.2 13.4 -10
4 71 9.2 13.4 -10 8.7 14.2 -10 9.4 14.2 -10 9.7 12.9 -10
3 71 10.1 12.9 -10 9.7 12.9 -10 9.4 14.2 -10
4 16 5.2 14.2 -10 5.2 10 -10 4.462 15.559 -10 4.5 15.75 -10
4 16 5.2 14.2 -10 4.5 15.75 -10 5.8 14.8 -10 6.3 14.2 -10
3 16 6.3 14.2 -10 5.8 14.8 -10 6.3 14.6 -10
3 16 5.8 14.8 -10 4.5 15.75 -10 5.8 15.4 -10
4 16 5.8 15.4 -10 4.5 15.75 -10 5.8 16.7 -10 6.3 15.6 -10
3 16 7.1 14.2 -10 6.8 14.2 -10 6.8 15.1 -10
4 16 7.1 14.2 -10 6.8 15.1 -10 6.8 17 -10 7.1 19.9 -10
3 16 6.8 17 -10 6.8 19.9 -10 7.1 19.9 -10
4 16 7.9 14.2 -10 7.6 14.2 -10 7.6 19.9 -10 7.9 19.9 -10
4 16 8.7 14.2 -10 8.4 14.2 -10 8.4 19.9 -10 8.7 19.9 -10
4 16 4.5 15.75 -10 5.2 19.9 -10 5.8 18.6 -10 5.8 17.3 -10
3 16 4.5 15.75 -10 5.8 17.3 -10 5.8 16.7 -10
3 16 6.3 15.6 -10 5.8 16.7 -10 6.3 16.5 -10
4 16 6.3 18.4 -10 6.3 17.5 -10 5.8 17.3 -10 5.8 18.6 -10
3 16 5.8 18.6 -10 5.2 19.9 -10 5.8 19.2 -10
4 16 5.8 19.2 -10 5.2 19.9 -10 6.3 19.9 -10 6.3 19.4 -10
4 16 6 21 -10 6 22 -10 6.45 22.2 -10 9.4 21 -10
4 16 9.4 21 -10 6.45 22.2 -10 9.25 24.35 -10 10.4 21.1 -10
4 16 6.9 9.6 -10 6 10 -10 6 13.4 -10 9.2 13.4 -10
4 16 6.9 9.6 -10 9.2 13.4 -10 9.7 12.9 -10 8.3 9.6 -10
4 16 8.8 9.6 -10 8.3 9.6 -10 9.7 12.9 -10 10.1 12.9 -10
3 16 10.2 9.6 -10 8.8 9.6 -10 10.1 12.9 -10
4 16 12.5 9.6 -10 10.2 9.6 -10 10.1 12.9 -10 12.8 10.65 -10
3 16 12.8 10.65 -10 10.1 12.9 -10 13.3 11.5 -10
3 16 13.3 11.5 -10 10.1 12.9 -10 14 12.25 -10
4 16 14.7 12.7 -10 14 12.25 -10 10.1 12.9 -10 9.4 14.2 -10
4 16 14.7 12.7 -10 9.4 14.2 -10 9.4 19.9 -10 10.4 21.1 -10

4 16 5.2 19.9 -10 4.5 15.75 -10 4.5 20.95 -10 5.2 22 -10
4 16 10.05 24.7 -10 10.4 21.1 -10 9.25 24.35 -10 9.65 24.6 -10
3 16 10.05 24.7 -10 10.85 24.75 -10 10.4 21.1 -10
3 16 14.15 20.75 -10 10.4 21.1 -10 14.65 23 -10
4 16 10.85 24.75 -10 12.25 24.7 -10 14.65 23 -10 10.4 21.1 -10
3 16 10.4 21.1 -10 14.15 20.75 -10 14.7 12.7 -10
