0 Minifig Torso with Dress with Black Buttons and Belt and White Collar with Frills Pattern
0 Name: 973pcr.dat
0 Author: Philippe Hurbain [Philo]
0 !LDRAW_ORG Unofficial_Part
0 !LICENSE Licensed under CC BY 4.0 : see CAreadme.txt

0 BFC CERTIFY CCW

0 !CATEGORY Minifig
0 !KEYWORDS Bricklink 973pb6383, Set 21360, Veruca Salt

1 16 0 0 0 1 0 0 0 1 0 0 0 1 s\973s01.dat
1 0 0 -4 0 4.243 0 -4.243 0 -8 0 -4.243 0 -4.243 1-4cyli.dat
1 16 0 0 0 1 0 0 0 1 0 0 0 1 s\973pcrs01.dat
1 16 0 0 0 -1 0 0 0 1 0 0 0 1 s\973pcrs01.dat
4 0 4.36 17.43 10 3.58 17.2 10 4.68 16.89 10 6.28 16.73 10
4 0 3.57 20.27 10 4.44 20.33 10 4.26 20.74 10 3.35 20.62 10
4 0 8.37 15.1 10 10.4 13.6 10 9.97 14.2 10 8.88 15.18 10
4 0 7.65 16.03 10 7.1 15.87 10 8.37 15.1 10 8.88 15.18 10
4 0 7.1 15.87 10 7.65 16.03 10 6.28 16.73 10 5.86 16.45 10
3 0 6.28 16.73 10 4.68 16.89 10 5.86 16.45 10
4 0 2.58 17.41 10 3.37 17.68 10 2.38 17.84 10 1.42 17.91 10
4 0 3.58 17.2 10 4.36 17.43 10 3.37 17.68 10 2.58 17.41 10
4 0 1.42 17.91 10 0.44 17.86 10 0.16 17.76 10 2.58 17.41 10
4 0 2.55 20.41 10 1.96 20.11 10 2.35 20.09 10 3.57 20.27 10
3 0 2.55 20.41 10 3.57 20.27 10 3.35 20.62 10
4 0 5.22 20.32 10 5.55 20.74 10 4.26 20.74 10 4.44 20.33 10
4 0 6.71 20.53 10 5.55 20.74 10 6.53 20.15 10 7.54 20.27 10
4 0 8.22 19.96 10 7.54 20.27 10 6.53 20.15 10 8.59 19.62 10
3 0 5.22 20.32 10 6.53 20.15 10 5.55 20.74 10
4 16 2.47 7.1 10 5.05 6.49 10 7.1 15.87 10 5.86 16.45 10
4 16 6.28 16.73 10 7.65 16.03 10 8.59 19.62 10 6.53 20.15 10
4 16 4.5 28.36 10 4.26 20.74 10 5.55 20.74 10 9.01 28.17 10
4 16 5.61 6.46 10 10.4 13.6 10 8.37 15.1 10 5.05 6.49 10
4 16 9.24 4.74 10 18 27.48 10 10.4 13.6 10 8.73 4.94 10
3 16 7.1 15.87 10 5.05 6.49 10 8.37 15.1 10
4 16 4.68 16.89 10 3.58 17.2 10 2.05 7.23 10 5.86 16.45 10
4 16 1.68 7.26 10 3.58 17.2 10 2.58 17.41 10 1.34 7.2 10
4 16 1.34 7.2 10 2.58 17.41 10 0.16 17.76 10 -1.34 7.2 10
4 16 -1.34 7.2 10 0.16 17.76 10 0 28.43 10 -1.68 7.26 10
3 16 2.05 7.23 10 3.58 17.2 10 1.68 7.26 10
3 16 10.4 13.6 10 6.27 6.14 10 8.73 4.94 10
3 16 10.4 13.6 10 5.61 6.46 10 6.27 6.14 10
3 16 2.47 7.1 10 5.86 16.45 10 2.05 7.23 10
4 16 0.16 17.76 10 0.44 17.86 10 1.96 20.11 10 0 28.43 10
4 16 3.57 20.27 10 2.35 20.09 10 3.37 17.68 10 4.44 20.33 10
3 16 0.44 17.86 10 1.42 17.91 10 1.96 20.11 10
4 16 2.38 17.84 10 2.35 20.09 10 1.96 20.11 10 1.42 17.91 10
4 16 4.36 17.43 10 5.22 20.32 10 4.44 20.33 10 3.37 17.68 10
4 16 6.53 20.15 10 5.22 20.32 10 4.36 17.43 10 6.28 16.73 10
4 16 10.4 13.6 10 18 27.48 10 8.59 19.62 10 9.97 14.2 10
3 16 2.35 20.09 10 2.38 17.84 10 3.37 17.68 10
3 16 8.59 19.62 10 8.88 15.18 10 9.97 14.2 10
3 16 8.59 19.62 10 7.65 16.03 10 8.88 15.18 10
4 16 8.59 19.62 10 18 27.48 10 13.51 27.89 10 8.22 19.96 10
4 16 8.22 19.96 10 13.51 27.89 10 9.01 28.17 10 7.54 20.27 10
4 16 3.35 20.62 10 4.5 28.36 10 0 28.43 10 2.55 20.41 10
3 16 1.96 20.11 10 2.55 20.41 10 0 28.43 10
3 16 6.71 20.53 10 7.54 20.27 10 9.01 28.17 10
3 16 5.55 20.74 10 6.71 20.53 10 9.01 28.17 10
3 16 4.5 28.36 10 3.35 20.62 10 4.26 20.74 10
4 16 -8.73 4.94 10 -6.27 6.14 10 -13.51 27.89 10 -9.24 4.74 10
4 16 -9.01 28.17 10 -13.51 27.89 10 -5.61 6.46 10 -4.5 28.36 10
3 16 -13.51 27.89 10 -18 27.48 10 -9.24 4.74 10
4 16 -2.47 7.1 10 -2.05 7.23 10 -4.5 28.36 10 -5.05 6.49 10
4 16 -1.68 7.26 10 0 28.43 10 -4.5 28.36 10 -2.05 7.23 10
3 16 1.34 7.2 10 -1.34 7.2 10 0 6.72 10
3 16 -5.61 6.46 10 -5.05 6.49 10 -4.5 28.36 10
3 16 -5.61 6.46 10 -13.51 27.89 10 -6.27 6.14 10
3 16 12 0 10 0 0.76 10 -12 0 10
3 16 -19 32 10 0 31.43 10 19 32 10
3 16 19 32 -10 0 31.43 -10 -19 32 -10
3 16 -12 0 -10 0 0.73 -10 12 0 -10