0 Minifig Torso with Orange Scarf, Blue Sash and Orange Emblem Pattern
0 Name: 973pn4.dat
0 Author: Evert-Jan Boer [ejboer]
0 !LDRAW_ORG Unofficial_Part
0 !LICENSE Licensed under CC BY 4.0 : see CAreadme.txt

0 BFC CERTIFY CCW

0 !CATEGORY Minifig
0 !KEYWORDS Bricklink 973pb2807, Jay, Ninjago, Set 70610, set 70614, Set 70617
0 !KEYWORDS Set 70618, Set 70620

1 16 0 0 0 1 0 0 0 1 0 0 0 1 s\973s01.dat
1 15 0 -4 0 4.243 0 -4.243 0 -8 0 -4.243 0 -4.243 1-4cyli.dat

4 25 -6.05 1 -10 -4.5 1.95 -10 -1.95 1.8 -10 -3.25 1 -10
4 25 -4.5 1.95 -10 -2.6 3 -10 -.8 2.3 -10 -1.95 1.8 -10
4 25 -2.6 3 -10 -1.3 3.7 -10 .45 2.7 -10 -.8 2.3 -10
4 25 -1.3 3.7 -10 .5 3.25 -10 1.45 2.95 -10 .45 2.7 -10
3 25 5.05 1 -10 -2 1 -10 -1.05 1.45 -10
4 25 4.45 1.5 -10 5.05 1 -10 -1.05 1.45 -10 -.05 1.8 -10
3 25 4.45 1.5 -10 -.05 1.8 -10 3.85 1.9 -10
4 25 -.05 1.8 -10 1.45 2.25 -10 2.25 2.4 -10 3.85 1.9 -10
4 25 2.8 2.4 -10 3.2 2.25 -10 3.85 1.9 -10 2.25 2.4 -10
3 25 -2.65 3.9 -10 -.7 5.4 -10 -1 4.6 -10
4 25 -1 4.6 -10 -.7 5.4 -10 1 6.4 -10 .2 4.95 -10
4 25 1.95 5.4 -10 1.25 5.2 -10 .2 4.95 -10 1 6.4 -10
3 25 1.05 3.9 -10 .05 4.15 -10 1.2 4.55 -10
4 25 2.1 4.7 -10 1.95 3.6 -10 1.05 3.9 -10 1.2 4.55 -10
4 25 2.1 4.7 -10 2.7 4.65 -10 3.6 3.75 -10 1.95 3.6 -10
4 25 4.65 2.65 -10 2.8 3.25 -10 1.95 3.6 -10 3.6 3.75 -10
3 25 4.15 2.55 -10 2.8 3.25 -10 4.65 2.65 -10
3 25 5.45 1.8 -10 4.15 2.55 -10 4.65 2.65 -10
4 1 -9.6 1 -10 -7.65 2.6 -10 -5.3 2.4 -10 -6.8 1 -10
4 1 -2.95 4.5 -10 -5.3 2.4 -10 -7.65 2.6 -10 -5.05 4.7 -10
4 1 -.6 6.3 -10 -2.95 4.5 -10 -5.05 4.7 -10 -2.4 6.8 -10
4 1 -2.4 6.8 -10 -.8 8.05 -10 .4 6.95 -10 -.6 6.3 -10
3 72 -10.75 1 -10 -12 1 -10 -12.8 1.35 -10
4 72 -7.4 3.8 -10 -8.9 6.7 -10 -4.55 10.2 -10 -3.95 6.65 -10
4 72 -3.95 6.65 -10 -4.55 10.2 -10 -1.2 12.95 -10 -.5 9.4 -10
4 72 -.5 9.4 -10 -1.2 12.95 -10 1.15 12.5 -10 1.75 11.15 -10
3 72 1.15 12.5 -10 -1.2 12.95 -10 .4 14.3 -10
4 1 -13.55 9.65 -10 -12.2 9.65 -10 -11.3 8.8 -10 -11.3 7.45 -10
4 1 -9.06 9.65 -10 -11.3 7.45 -10 -11.3 8.8 -10 -10.41 9.65 -10
4 1 -11.3 10.5 -10 -12.2 9.65 -10 -13.55 9.65 -10 -11.3 11.85 -10
4 1 -11.3 10.5 -10 -11.3 11.85 -10 -9.06 9.65 -10 -10.41 9.65 -10
4 1 8.7 9.65 -10 10.05 9.65 -10 10.95 8.8 -10 10.95 7.45 -10
4 1 10.95 8.8 -10 11.84 9.65 -10 13.19 9.65 -10 10.95 7.45 -10
4 1 8.7 9.65 -10 10.95 11.85 -10 10.95 10.5 -10 10.05 9.65 -10
4 1 10.95 10.5 -10 10.95 11.85 -10 13.19 9.65 -10 11.84 9.65 -10
4 72 6.95 10.75 -10 5.3 10.05 -10 3.45 9.35 -10 3.35 9.85 -10
4 72 8 11.3 -10 6.95 10.75 -10 3.35 9.85 -10 7.65 11.7 -10
4 72 7.05 12.3 -10 7.65 11.7 -10 3.35 9.85 -10 3.25 10.65 -10
4 72 6.35 12.9 -10 7.05 12.3 -10 3.25 10.65 -10 3.3 11.55 -10
4 72 5.6 13.4 -10 6.35 12.9 -10 3.3 11.55 -10 3.35 12.35 -10
4 72 1.95 17.35 -10 2.95 17.75 -10 4.75 13.85 -10 3.65 13.4 -10
4 72 2.7 12.1 -10 1.05 14.6 -10 1.5 16.4 -10 2.9 13.05 -10
4 72 1.05 14.6 -10 -.35 18.05 -10 .95 17.75 -10 1.5 16.4 -10
4 72 .95 17.75 -10 -.35 18.05 -10 4.1 19.95 -10 3.35 18.8 -10
4 72 4.1 19.95 -10 5.1 18.05 -10 4.25 16.95 -10 3.35 18.8 -10
4 72 5.45 14 -10 4.25 16.95 -10 5.1 18.05 -10 6.25 15.55 -10
3 72 6.35 13.6 -10 5.45 14 -10 6.25 15.55 -10
3 72 6.9 13.25 -10 6.35 13.6 -10 6.25 15.55 -10
3 72 7.3 12.9 -10 6.9 13.25 -10 6.25 15.55 -10
3 72 2.65 11 -10 1.05 14.6 -10 2.7 12.1 -10
4 72 6.45 18.85 -10 6.6 19.45 -10 6.95 19.8 -10 8.35 16.85 -10
4 72 7.95 16.45 -10 6.45 18.85 -10 8.35 16.85 -10 8.2 16.6 -10
4 72 6.45 18 -10 6.45 18.85 -10 7.95 16.45 -10 7.55 16.4 -10
4 72 6.75 16.85 -10 6.55 17.3 -10 6.45 18 -10 7.55 16.4 -10
3 72 7.55 16.4 -10 7.15 16.55 -10 6.75 16.85 -10
4 72 10.65 13.85 -10 10.45 14.4 -10 15.1 15.75 -10 13.2 14.85 -10
3 72 10.45 14.4 -10 14.9 16.1 -10 15.1 15.75 -10
4 72 10.35 15.1 -10 14.45 16.6 -10 14.9 16.1 -10 10.45 14.4 -10
4 72 14.45 16.6 -10 10.35 15.1 -10 10.4 15.95 -10 13.75 17.15 -10
4 72 12.8 17.85 -10 13.75 17.15 -10 10.4 15.95 -10 10.45 16.8 -10
3 72 9.8 15.45 -10 8.65 17.95 -10 9.75 16.35 -10
3 72 9.75 16.35 -10 8.65 17.95 -10 9.85 17 -10
3 72 9.85 17 -10 8.65 17.95 -10 10.15 17.35 -10
4 72 10.15 17.35 -10 8.65 17.95 -10 7.45 20.55 -10 7.9 22.1 -10
4 72 7.45 20.55 -10 6.65 22.45 -10 8.2 23.2 -10 7.9 22.1 -10
4 72 10.25 24.05 -10 9.2 22.75 -10 7.9 22.1 -10 8.2 23.2 -10
4 72 9.2 22.75 -10 10.25 24.05 -10 11.2 24.4 -10 10.4 23.2 -10
4 72 11.85 20.15 -10 10.4 23.2 -10 11.2 24.4 -10 12.7 21.4 -10
4 72 12.55 18.55 -10 11.85 20.15 -10 12.7 21.4 -10 13.7 19.2 -10
3 72 13.35 18.2 -10 12.55 18.55 -10 13.7 19.2 -10
3 72 13.9 17.8 -10 13.35 18.2 -10 13.7 19.2 -10
3 72 14.55 17.25 -10 13.9 17.8 -10 13.7 19.2 -10
4 72 9 21.75 -10 10.05 22.25 -10 11.8 18.35 -10 10.75 17.85 -10
3 72 15.95 27.85 -10 18 29.7 -10 18 29 -10
4 72 13.7 25.7 -10 14.7 26.7 -10 15.95 27.85 -10 16.8 24.1 -10
4 72 16.8 24.1 -10 15.8 23.35 -10 13.3 25.05 -10 13.7 25.7 -10
4 72 13.15 23.3 -10 13.1 24.2 -10 13.3 25.05 -10 15.8 23.35 -10
4 72 13.4 22.7 -10 13.15 23.3 -10 15.8 23.35 -10 15.25 22.8 -10
4 72 14.95 22.4 -10 13.85 22.35 -10 13.4 22.7 -10 15.25 22.8 -10
4 72 13.85 22.35 -10 14.95 22.4 -10 14.6 22.2 -10 14.15 22.25 -10
4 72 16.8 24.1 -10 15.95 27.85 -10 18 29 -10 17.2 24.33 -10
4 16 -13.55 9.65 -10 -16.95 25.05 -10 -15.75 25.15 -10 -11.3 11.85 -10
3 16 -11.3 11.85 -10 -15.75 25.15 -10 -14.9 25 -10
4 16 -13.05 23.65 -10 -11.3 11.85 -10 -14.9 25 -10 -14.05 24.6 -10
3 16 -11.3 11.85 -10 -13.05 23.65 -10 -11 20.65 -10
4 16 -11 20.65 -10 -6.25 14.2 -10 -5.55 12.85 -10 -11.3 11.85 -10
4 16 -5.55 12.85 -10 -5.4 12.15 -10 -5.5 11.5 -10 -11.3 11.85 -10
4 16 -5.5 11.5 -10 -5.7 10.9 -10 -9.06 9.65 -10 -11.3 11.85 -10
4 16 -11.3 7.45 -10 -9.06 9.65 -10 -5.7 10.9 -10 -6.3 10.25 -10
4 16 -12.2 9.65 -10 -11.3 10.5 -10 -10.41 9.65 -10 -11.3 8.8 -10
3 16 -13.69 3.99 -10 -13.55 9.65 -10 -11.3 7.45 -10
4 16 -13.69 3.99 -10 -17.3 24.95 -10 -16.95 25.05 -10 -13.55 9.65 -10
4 16 -6.3 10.25 -10 -9.3 7.65 -10 -13.69 3.99 -10 -11.3 7.45 -10
4 16 11.84 9.65 -10 10.95 8.8 -10 10.05 9.65 -10 10.95 10.5 -10
4 16 8 8.05 -10 6.6 9.55 -10 8.1 10.35 -10 8.7 9.65 -10
3 16 8.7 9.65 -10 8.1 10.35 -10 8.65 10.75 -10
4 16 8.65 10.75 -10 8.8 11.05 -10 10.95 11.85 -10 8.7 9.65 -10
4 16 8.8 11.05 -10 8.8 11.4 -10 10.45 12.95 -10 10.95 11.85 -10
4 16 8.7 11.8 -10 10.15 13 -10 10.45 12.95 -10 8.8 11.4 -10
3 16 8.7 11.8 -10 9.9 13.15 -10 10.15 13 -10
4 16 8.7 11.8 -10 7.35 14.85 -10 8.6 15.7 -10 9.9 13.15 -10
4 16 13.19 9.65 -10 10.95 11.85 -10 10.45 12.95 -10 13.1 13.95 -10
3 16 13.19 9.65 -10 13.1 13.95 -10 15.15 14.9 -10
4 16 8.7 9.65 -10 10.95 7.45 -10 10.65 4.95 -10 8 8.05 -10
4 16 16.35 22.65 -10 15.4 17.05 -10 14.8 18.75 -10 15.2 21.75 -10
4 16 15.2 21.75 -10 14.8 18.75 -10 14.4 19.9 -10 14.45 21 -10
4 16 14.4 19.9 -10 14.3 20.35 -10 14.3 20.7 -10 14.45 21 -10
4 72 -13.35 2 -10 -13.55 3.17 -10 -10.75 1 -10 -12.8 1.35 -10
4 72 -8.9 6.7 -10 -7.4 3.8 -10 -10.75 1 -10 -13.55 3.17 -10
3 16 13.35 2 -10 10.95 7.45 -10 13.19 9.65 -10
4 16 13.02 1.61 -10 10.65 4.95 -10 10.95 7.45 -10 13.35 2 -10
4 0 10.65 13.85 -10 13.2 14.85 -10 15.15 14.9 -10 13.1 13.95 -10
4 0 15.61 15.16 -10 15.15 14.9 -10 13.2 14.85 -10 15.1 15.75 -10
4 0 15.61 15.16 -10 15.1 15.75 -10 14.9 16.1 -10 15.75 15.96 -10
4 0 15.75 15.96 -10 14.9 16.1 -10 14.45 16.6 -10 15.4 17.05 -10
4 16 15.15 14.9 -10 15.61 15.16 -10 13.35 2 -10 13.19 9.65 -10
4 16 15.75 15.96 -10 15.4 17.05 -10 16.35 22.65 -10 16.98 23.08 -10
4 16 -18 31 -10 -18 29 -10 -19 29 -10 -19 32 -10
4 16 19 32 -10 19 29 -10 18 29 -10 18 29.7 -10
3 16 18 29.7 -10 18 31 -10 19 32 -10
4 1 -10 25.65 -10 -9.95 25.2 -10 -12.45 24.35 -10 -13.15 25.55 -10
4 1 -12.45 24.35 -10 -9.95 25.2 -10 -9.3 25.15 -10 -11.35 22.6 -10
4 1 -11.35 22.6 -10 -9.3 25.15 -10 -8.7 25.2 -10 -9.45 19.95 -10
4 1 -6.85 23.45 -10 -9.45 19.95 -10 -8.7 25.2 -10 -8.15 25.35 -10
4 1 -4.9 20.85 -10 -7.8 17.75 -10 -9.45 19.95 -10 -6.85 23.45 -10
4 1 -7.8 17.75 -10 -4.9 20.85 -10 -2.5 17.85 -10 -6 15.3 -10
4 0 -14.05 24.6 -10 -12.45 24.35 -10 -11.35 22.6 -10 -13.05 23.65 -10
4 0 -9.45 19.95 -10 -11 20.65 -10 -13.05 23.65 -10 -11.35 22.6 -10
4 0 -9.45 19.95 -10 -7.8 17.75 -10 -6.25 14.2 -10 -11 20.65 -10
3 0 -6.25 14.2 -10 -7.8 17.75 -10 -6 15.3 -10
4 0 -6 15.3 -10 -4.8 13.75 -10 -5.55 12.85 -10 -6.25 14.2 -10
3 0 -4.55 10.2 -10 -6.3 10.25 -10 -5.7 10.9 -10
4 0 -3.6 12.35 -10 -4.55 10.2 -10 -5.7 10.9 -10 -5.5 11.5 -10
3 0 -1.2 12.95 -10 -.25 15.15 -10 .4 14.3 -10
4 0 -.35 18.05 -10 1.05 14.6 -10 .4 14.3 -10 -.25 15.15 -10
4 0 -9.3 7.65 -10 -8.9 6.7 -10 -13.55 3.17 -10 -13.69 3.99 -10
4 0 -8.9 6.7 -10 -9.3 7.65 -10 -6.3 10.25 -10 -4.55 10.2 -10
3 0 2.65 11 -10 1.75 11.15 -10 1.15 12.5 -10
4 0 3.35 18.8 -10 2.95 17.75 -10 1.95 17.35 -10 .95 17.75 -10
3 0 4.25 16.95 -10 2.95 17.75 -10 3.35 18.8 -10
4 0 5.45 14 -10 4.75 13.85 -10 2.95 17.75 -10 4.25 16.95 -10
4 0 6.35 13.6 -10 5.6 13.4 -10 4.75 13.85 -10 5.45 14 -10
4 0 3.65 13.4 -10 4.75 13.85 -10 5.6 13.4 -10 3.35 12.35 -10
4 0 2.7 12.1 -10 2.9 13.05 -10 3.65 13.4 -10 3.35 12.35 -10
3 0 2.9 13.05 -10 1.5 16.4 -10 3.65 13.4 -10
4 0 .95 17.75 -10 1.95 17.35 -10 3.65 13.4 -10 1.5 16.4 -10
3 0 3.3 11.55 -10 2.7 12.1 -10 3.35 12.35 -10
4 0 3.25 10.65 -10 2.65 11 -10 2.7 12.1 -10 3.3 11.55 -10
4 0 6.9 13.25 -10 6.35 12.9 -10 5.6 13.4 -10 6.35 13.6 -10
4 0 6.35 12.9 -10 6.9 13.25 -10 7.3 12.9 -10 7.05 12.3 -10
4 0 7.05 12.3 -10 7.3 12.9 -10 8.7 11.8 -10 7.65 11.7 -10
4 0 7.65 11.7 -10 8.7 11.8 -10 8.8 11.4 -10 8 11.3 -10
4 0 8.65 10.75 -10 8 11.3 -10 8.8 11.4 -10 8.8 11.05 -10
4 0 8.65 10.75 -10 8.1 10.35 -10 6.95 10.75 -10 8 11.3 -10
3 0 6.6 9.55 -10 6.95 10.75 -10 8.1 10.35 -10
4 0 6.25 15.55 -10 7.35 14.85 -10 8.7 11.8 -10 7.3 12.9 -10
4 0 6.75 16.85 -10 7.15 16.55 -10 7.35 14.85 -10 6.25 15.55 -10
4 0 7.15 16.55 -10 7.55 16.4 -10 8.6 15.7 -10 7.35 14.85 -10
3 0 8.6 15.7 -10 7.55 16.4 -10 7.95 16.45 -10
3 0 8.6 15.7 -10 7.95 16.45 -10 8.2 16.6 -10
4 0 9.8 15.45 -10 8.6 15.7 -10 8.2 16.6 -10 8.35 16.85 -10
4 0 10.45 14.4 -10 9.9 13.15 -10 8.6 15.7 -10 9.8 15.45 -10
4 0 9.9 13.15 -10 10.45 14.4 -10 10.65 13.85 -10 10.15 13 -10
4 0 10.15 13 -10 10.65 13.85 -10 13.1 13.95 -10 10.45 12.95 -10
3 0 10.45 14.4 -10 9.8 15.45 -10 10.35 15.1 -10
4 0 9.75 16.35 -10 10.4 15.95 -10 10.35 15.1 -10 9.8 15.45 -10
4 0 9.85 17 -10 10.45 16.8 -10 10.4 15.95 -10 9.75 16.35 -10
4 0 10.75 17.85 -10 10.45 16.8 -10 9.85 17 -10 10.15 17.35 -10
4 0 10.75 17.85 -10 11.8 18.35 -10 12.8 17.85 -10 10.45 16.8 -10
4 0 13.75 17.15 -10 12.8 17.85 -10 12.55 18.55 -10 13.35 18.2 -10
4 0 14.55 17.25 -10 13.75 17.15 -10 13.35 18.2 -10 13.9 17.8 -10
4 0 15.4 17.05 -10 14.45 16.6 -10 13.75 17.15 -10 14.55 17.25 -10
4 0 7.9 22.1 -10 9.2 22.75 -10 10.05 22.25 -10 9 21.75 -10
3 0 10.05 22.25 -10 9.2 22.75 -10 10.4 23.2 -10
4 0 10.4 23.2 -10 11.85 20.15 -10 11.8 18.35 -10 10.05 22.25 -10
4 0 12.8 17.85 -10 11.8 18.35 -10 11.85 20.15 -10 12.55 18.55 -10
4 0 10.75 17.85 -10 10.15 17.35 -10 7.9 22.1 -10 9 21.75 -10
4 0 8.35 16.85 -10 6.95 19.8 -10 7.45 20.55 -10 8.65 17.95 -10
3 0 9.8 15.45 -10 8.35 16.85 -10 8.65 17.95 -10
3 0 6.25 15.55 -10 6.55 17.3 -10 6.75 16.85 -10
4 0 6.25 15.55 -10 5.1 18.05 -10 6.45 18 -10 6.55 17.3 -10
3 0 6.45 18 -10 5.1 18.05 -10 6.45 18.85 -10
3 0 15.4 17.05 -10 14.55 17.25 -10 14.8 18.75 -10
4 0 14.4 19.9 -10 14.8 18.75 -10 14.55 17.25 -10 13.7 19.2 -10
3 0 13.7 19.2 -10 14.3 20.35 -10 14.4 19.9 -10
4 0 13.7 19.2 -10 12.7 21.4 -10 14.3 20.7 -10 14.3 20.35 -10
4 0 13.4 22.7 -10 13.85 22.35 -10 14.3 20.7 -10 12.7 21.4 -10
4 0 13.85 22.35 -10 14.15 22.25 -10 14.45 21 -10 14.3 20.7 -10
4 0 15.2 21.75 -10 14.45 21 -10 14.15 22.25 -10 14.6 22.2 -10
3 0 15.2 21.75 -10 14.6 22.2 -10 14.95 22.4 -10
4 0 14.95 22.4 -10 15.25 22.8 -10 16.35 22.65 -10 15.2 21.75 -10
4 0 16.98 23.08 -10 16.35 22.65 -10 15.25 22.8 -10 15.8 23.35 -10
4 0 17.2 24.33 -10 16.98 23.08 -10 15.8 23.35 -10 16.8 24.1 -10
3 0 13.15 23.3 -10 11.2 24.4 -10 13.1 24.2 -10
4 0 13.15 23.3 -10 13.4 22.7 -10 12.7 21.4 -10 11.2 24.4 -10
3 0 13.1 24.2 -10 11.2 24.4 -10 13.3 25.05 -10
4 16 -4.25 22.2 -10 -5.45 23.8 -10 -6.3 25.25 -10 -5 24.15 -10
4 16 -5 24.15 -10 -3.65 22.9 -10 -2.95 20.3 -10 -4.25 22.2 -10
4 16 -1.4 18.4 -10 -2.95 20.3 -10 -3.65 22.9 -10 -1.85 21.55 -10
4 16 -1.1 21.1 -10 -.85 19 -10 -1.4 18.4 -10 -1.85 21.55 -10
4 16 -.35 20.85 -10 -.15 19.5 -10 -.85 19 -10 -1.1 21.1 -10
3 16 -.15 19.5 -10 -.35 20.85 -10 .75 20 -10
4 16 -4.85 25.35 -10 -4.05 25.45 -10 -2.9 23.55 -10 -4 24.55 -10
4 16 -3.45 25.65 -10 -3.1 25.25 -10 -2.9 23.55 -10 -4.05 25.45 -10
3 16 -2.9 23.55 -10 -3.1 25.25 -10 -2.65 25.05 -10
4 16 -1.65 22.5 -10 -2.9 23.55 -10 -2.65 25.05 -10 -1.55 24.95 -10
4 16 -1.55 24.95 -10 -.65 25 -10 -.75 21.5 -10 -1.65 22.5 -10
4 16 -.65 25 -10 .05 25.25 -10 -.35 20.85 -10 -.75 21.5 -10
4 16 .75 20 -10 -.35 20.85 -10 .05 25.25 -10 .55 25.55 -10
4 16 .55 25.55 -10 1.5 25.45 -10 1.95 20.55 -10 .75 20 -10
4 16 1.5 25.45 -10 2.5 25.55 -10 3.4 21.05 -10 1.95 20.55 -10
4 16 4.15 21.1 -10 3.4 21.05 -10 2.5 25.55 -10 3 25.7 -10
4 16 3 25.7 -10 3.45 25.9 -10 4.65 21 -10 4.15 21.1 -10
3 16 4.65 21 -10 5.75 22.6 -10 5.8 22.15 -10
4 16 4.65 21 -10 5.8 22.15 -10 6.15 21.4 -10 5.05 20.7 -10
3 16 5.35 20.05 -10 5.05 20.7 -10 6.15 21.4 -10
4 16 6.15 20.65 -10 5.9 20.4 -10 5.35 20.05 -10 6.15 21.4 -10
3 16 6.15 20.65 -10 6.15 21.4 -10 6.25 21 -10
4 16 4.65 21 -10 3.45 25.9 -10 5.95 22.95 -10 5.75 22.6 -10
4 16 3.45 25.9 -10 4.8 25.65 -10 6.4 23.3 -10 5.95 22.95 -10
4 16 4.8 25.65 -10 6.6 25.4 -10 7.85 24.1 -10 6.4 23.3 -10
4 16 6.6 25.4 -10 7.95 25.05 -10 8.8 24.65 -10 7.85 24.1 -10
4 16 10.8 25.8 -10 10.4 25.35 -10 9.4 25 -10 9.8 25.8 -10
4 16 10.4 25.35 -10 10.8 25.8 -10 11.8 25.75 -10 11.35 25.55 -10
4 0 -4 24.55 -10 -5 24.15 -10 -6.3 25.25 -10 -4.85 25.35 -10
4 0 -5 24.15 -10 -4 24.55 -10 -2.9 23.55 -10 -3.65 22.9 -10
4 0 -1.85 21.55 -10 -3.65 22.9 -10 -2.9 23.55 -10 -1.65 22.5 -10
4 0 -1.1 21.1 -10 -1.85 21.55 -10 -1.65 22.5 -10 -.75 21.5 -10
3 0 -.35 20.85 -10 -1.1 21.1 -10 -.75 21.5 -10
4 0 -5.45 23.8 -10 -6.85 23.45 -10 -8.15 25.35 -10 -6.3 25.25 -10
4 0 -4.25 22.2 -10 -4.9 20.85 -10 -6.85 23.45 -10 -5.45 23.8 -10
4 0 -2.5 17.85 -10 -4.9 20.85 -10 -4.25 22.2 -10 -2.95 20.3 -10
3 0 -2.5 17.85 -10 -2.95 20.3 -10 -1.4 18.4 -10
4 0 -.25 15.15 -10 -2.5 17.85 -10 -1.4 18.4 -10 -.35 18.05 -10
4 0 .4 14.3 -10 1.05 14.6 -10 2.65 11 -10 1.15 12.5 -10
4 0 -.15 19.5 -10 -.35 18.05 -10 -1.4 18.4 -10 -.85 19 -10
4 0 1.95 20.55 -10 -.35 18.05 -10 -.15 19.5 -10 .75 20 -10
4 0 -.35 18.05 -10 1.95 20.55 -10 3.4 21.05 -10 4.1 19.95 -10
4 0 3.4 21.05 -10 4.15 21.1 -10 4.65 21 -10 4.1 19.95 -10
4 0 4.65 21 -10 5.05 20.7 -10 5.35 20.05 -10 4.1 19.95 -10
4 0 4.1 19.95 -10 5.35 20.05 -10 6.45 18.85 -10 5.1 18.05 -10
4 0 5.9 20.4 -10 6.6 19.45 -10 6.45 18.85 -10 5.35 20.05 -10
4 0 6.6 19.45 -10 5.9 20.4 -10 6.15 20.65 -10 6.95 19.8 -10
4 0 6.95 19.8 -10 6.15 20.65 -10 6.25 21 -10 7.45 20.55 -10
4 0 6.65 22.45 -10 7.45 20.55 -10 6.25 21 -10 6.15 21.4 -10
4 0 5.75 22.6 -10 6.65 22.45 -10 6.15 21.4 -10 5.8 22.15 -10
4 0 5.75 22.6 -10 5.95 22.95 -10 6.4 23.3 -10 6.65 22.45 -10
4 0 7.85 24.1 -10 8.2 23.2 -10 6.65 22.45 -10 6.4 23.3 -10
4 0 10.25 24.05 -10 8.2 23.2 -10 7.85 24.1 -10 8.8 24.65 -10
4 0 8.8 24.65 -10 9.4 25 -10 10.4 25.35 -10 10.25 24.05 -10
4 0 10.25 24.05 -10 10.4 25.35 -10 11.35 25.55 -10 11.2 24.4 -10
4 0 13.3 25.05 -10 11.2 24.4 -10 11.35 25.55 -10 11.8 25.75 -10
4 0 8.75 26.15 -10 9.4 25 -10 8.8 24.65 -10 7.95 25.05 -10
4 0 -12.45 24.35 -10 -14.05 24.6 -10 -14.9 25 -10 -13.15 25.55 -10
4 0 -7.4 3.8 -10 -7.65 2.6 -10 -9.6 1 -10 -10.75 1 -10
4 0 -7.65 2.6 -10 -7.4 3.8 -10 -3.95 6.65 -10 -5.05 4.7 -10
3 0 -5.05 4.7 -10 -3.95 6.65 -10 -2.4 6.8 -10
4 0 -2.4 6.8 -10 -3.95 6.65 -10 -.5 9.4 -10 -.8 8.05 -10
4 0 -6.8 1 -10 -5.3 2.4 -10 -4.5 1.95 -10 -6.05 1 -10
3 0 -4.5 1.95 -10 -2.65 3.9 -10 -2.6 3 -10
4 0 -1 4.6 -10 -1.3 3.7 -10 -2.6 3 -10 -2.65 3.9 -10
4 0 -1 4.6 -10 .05 4.15 -10 .5 3.25 -10 -1.3 3.7 -10
4 0 1.45 2.95 -10 .5 3.25 -10 .05 4.15 -10 1.05 3.9 -10
4 0 1.05 3.9 -10 1.95 3.6 -10 2.25 2.4 -10 1.45 2.95 -10
4 0 2.8 2.4 -10 2.25 2.4 -10 1.95 3.6 -10 2.8 3.25 -10
4 0 2.8 2.4 -10 2.8 3.25 -10 4.15 2.55 -10 3.2 2.25 -10
3 0 3.85 1.9 -10 3.2 2.25 -10 4.15 2.55 -10
4 0 3.85 1.9 -10 4.15 2.55 -10 5.45 1.8 -10 4.45 1.5 -10
4 0 -3.25 1 -10 -1.95 1.8 -10 -1.05 1.45 -10 -2 1 -10
4 0 -.05 1.8 -10 -1.05 1.45 -10 -1.95 1.8 -10 -.8 2.3 -10
4 0 -.8 2.3 -10 .45 2.7 -10 1.45 2.25 -10 -.05 1.8 -10
4 0 2.25 2.4 -10 1.45 2.25 -10 .45 2.7 -10 1.45 2.95 -10
4 0 1.2 4.55 -10 .05 4.15 -10 -1 4.6 -10 .2 4.95 -10
4 0 2.1 4.7 -10 1.2 4.55 -10 .2 4.95 -10 1.25 5.2 -10
4 0 2.7 4.65 -10 2.1 4.7 -10 1.25 5.2 -10 1.95 5.4 -10
4 0 -4.5 1.95 -10 -5.3 2.4 -10 -2.95 4.5 -10 -2.65 3.9 -10
4 0 -.6 6.3 -10 -.7 5.4 -10 -2.65 3.9 -10 -2.95 4.5 -10
4 0 -.7 5.4 -10 -.6 6.3 -10 .4 6.95 -10 1 6.4 -10
4 0 -.8 8.05 -10 -.15 8.55 -10 1.15 7.3 -10 .4 6.95 -10
4 0 .4 6.95 -10 1.15 7.3 -10 2.6 5.85 -10 1 6.4 -10
4 0 1 6.4 -10 2.6 5.85 -10 2.7 4.65 -10 1.95 5.4 -10
4 0 2.6 5.85 -10 3.9 4.5 -10 3.6 3.75 -10 2.7 4.65 -10
4 0 4.65 2.65 -10 3.6 3.75 -10 3.9 4.5 -10 5.25 3.05 -10
4 0 4.65 2.65 -10 5.25 3.05 -10 6.25 1.95 -10 5.45 1.8 -10
3 0 6.95 1 -10 5.45 1.8 -10 6.25 1.95 -10
4 0 4.45 1.5 -10 5.45 1.8 -10 6.95 1 -10 5.05 1 -10
4 0 1.75 11.15 -10 2.65 11 -10 3.25 10.65 -10 1.85 10.35 -10
4 0 1.85 10.35 -10 3.25 10.65 -10 3.35 9.85 -10 2.35 9.65 -10
4 0 3.45 9.35 -10 2.9 8.95 -10 2.35 9.65 -10 3.35 9.85 -10
3 0 3.15 8.7 -10 2.9 8.95 -10 3.45 9.35 -10
4 0 3.85 8.65 -10 3.45 8.65 -10 3.15 8.7 -10 3.45 9.35 -10
4 0 3.85 8.65 -10 3.45 9.35 -10 5.3 10.05 -10 5.45 9.25 -10
4 0 5.45 9.25 -10 5.3 10.05 -10 6.95 10.75 -10 6.6 9.55 -10
4 0 10.65 4.95 -10 9.15 5.1 -10 7.4 7.2 -10 8 8.05 -10
4 0 13.02 1.61 -10 11.05 2.85 -10 9.15 5.1 -10 10.65 4.95 -10
3 0 12.29 1.13 -10 11.05 2.85 -10 13.02 1.61 -10
3 16 12 0 -10 6.95 1 -10 12 1 -10
3 16 12 0 -10 12 1 -10 12.29 1.13 -10
3 16 12 0 -10 12.29 1.13 -10 13.02 1.61 -10
4 16 12 0 -10 13.02 1.61 -10 13.35 2 -10 14.345 2 -10
4 16 -13.35 2 -10 -12.8 1.35 -10 -12 0 -10 -14.345 2 -10
3 16 -12 0 -10 -12.8 1.35 -10 -12 1 -10
3 16 -12 0 -10 -12 1 -10 -10.75 1 -10
3 16 -12 0 -10 -10.75 1 -10 -9.6 1 -10
3 16 -12 0 -10 -9.6 1 -10 -6.8 1 -10
3 16 -12 0 -10 -6.8 1 -10 -6.05 1 -10
3 16 -12 0 -10 -6.05 1 -10 -3.25 1 -10
3 16 -12 0 -10 -3.25 1 -10 -2 1 -10
4 16 -12 0 -10 -2 1 -10 5.05 1 -10 12 0 -10
3 16 12 0 -10 5.05 1 -10 6.95 1 -10
3 0 -17.3 24.95 -10 -17.46 25.89 -10 -16.95 25.05 -10
4 16 13.35 2 -10 15.61 15.16 -10 15.75 15.96 -10 14.345 2 -10
4 16 16.98 23.08 -10 17 20 -10 14.345 2 -10 15.75 15.96 -10
4 16 17.2 24.33 -10 19 29 -10 17 20 -10 16.98 23.08 -10
3 16 17.2 24.33 -10 18 29 -10 19 29 -10
3 16 -13.35 2 -10 -14.345 2 -10 -13.55 3.17 -10
3 16 -14.345 2 -10 -13.69 3.99 -10 -13.55 3.17 -10
4 16 -13.69 3.99 -10 -14.345 2 -10 -19 29 -10 -17.3 24.95 -10
4 16 -18 29 -10 -17.46 25.89 -10 -17.3 24.95 -10 -19 29 -10
4 16 -12.1 28.9 -10 -14.05 29.05 -10 -15.7 29.35 -10 -13.5 29.45 -10
4 16 -13.5 29.45 -10 -11.2 29.45 -10 -9.6 28.75 -10 -12.1 28.9 -10
3 16 -9.6 28.75 -10 -11.2 29.45 -10 -9.4 29.4 -10
3 16 -5.35 28.2 -10 -7.25 28.25 -10 -5.1 28.6 -10
4 16 -5.35 28.2 -10 -5.1 28.6 -10 -3.65 28.7 -10 -3.75 28.15 -10
4 16 4.1 27.4 -10 4.25 27.85 -10 5.9 27.7 -10 5.6 27.35 -10
3 16 5.6 27.35 -10 5.9 27.7 -10 7.5 27.45 -10
4 16 6.6 29.5 -10 6.35 29.15 -10 4.5 28.95 -10 4.55 29.45 -10
4 16 6.35 29.15 -10 6.6 29.5 -10 8.5 29.55 -10 7.65 29.35 -10
4 16 10.85 28.5 -10 11 28.95 -10 12.9 28.75 -10 12.55 28.45 -10
3 16 12.55 28.45 -10 12.9 28.75 -10 14.1 28.55 -10
4 1 -18 31 -10 -15.7 29.35 -10 -17.46 25.89 -10 -18 29 -10
4 1 -14.05 29.05 -10 -14.45 26.15 -10 -17.46 25.89 -10 -15.7 29.35 -10
4 1 -11.95 26.3 -10 -14.45 26.15 -10 -14.05 29.05 -10 -12.1 28.9 -10
4 1 -11.95 26.3 -10 -12.1 28.9 -10 -9.85 27.75 -10 -10.1 26.35 -10
3 1 -9.85 27.75 -10 -12.1 28.9 -10 -9.6 28.75 -10
4 1 -8.8 31 -10 -13.5 29.45 -10 -15.7 29.35 -10 -18 31 -10
3 1 -11.2 29.45 -10 -13.5 29.45 -10 -8.8 31 -10
3 1 -9.4 29.4 -10 -11.2 29.45 -10 -8.8 31 -10
3 1 -9.15 26.05 -10 -8.95 27.45 -10 -7.1 26.25 -10
4 1 -5.35 28.2 -10 -5.2 26.4 -10 -7.1 26.25 -10 -7.25 28.25 -10
4 1 -5.2 26.4 -10 -5.35 28.2 -10 -3.75 27.3 -10 -3.6 26.5 -10
3 1 -3.75 27.3 -10 -5.35 28.2 -10 -3.75 28.15 -10
4 1 -7.1 26.25 -10 -8.95 27.45 -10 -8.65 28.65 -10 -7.25 28.25 -10
4 1 -8.65 28.65 -10 -8.25 29.8 -10 -7.95 30.5 -10 -7.25 28.25 -10
4 1 -7.25 28.25 -10 -7.95 30.5 -10 -5.45 30.35 -10 -5.1 28.6 -10
4 1 -3.35 29.45 -10 -3.65 28.7 -10 -5.1 28.6 -10 -5.45 30.35 -10
4 1 -3 29.9 -10 -3.35 29.45 -10 -5.45 30.35 -10 -3.85 30.25 -10
3 1 -3 29.9 -10 -3.85 30.25 -10 -2.6 30.2 -10
4 1 -.3 30.55 -10 .45 31 -10 2.1 31 -10 1.25 30 -10
4 1 1.25 30 -10 .55 29 -10 -1.05 30.3 -10 -.3 30.55 -10
4 1 -2.35 29.15 -10 -1.75 29.85 -10 -1.05 30.3 -10 .55 29 -10
4 1 .55 29 -10 -.05 28 -10 -2.7 28.4 -10 -2.35 29.15 -10
4 1 -2.7 28.4 -10 -.05 28 -10 -.4 27.2 -10 -2.8 27.6 -10
4 1 -2.8 27.6 -10 -.4 27.2 -10 -2.5 26.15 -10 -2.75 26.65 -10
4 1 -2.15 25.85 -10 -2.5 26.15 -10 -.4 27.2 -10 -.5 26.55 -10
4 1 -2.15 25.85 -10 -.5 26.55 -10 -1 25.9 -10 -1.65 25.75 -10
3 1 -1 25.9 -10 -.5 26.55 -10 -.45 26.15 -10
3 1 .75 26.45 -10 .45 26.55 -10 .45 26.85 -10
4 1 .45 26.85 -10 .65 27.45 -10 1.65 26.45 -10 .75 26.45 -10
4 1 1.65 26.45 -10 .65 27.45 -10 2.8 26.85 -10 2.4 26.55 -10
4 1 1.45 28.75 -10 3.1 27.5 -10 2.8 26.85 -10 .65 27.45 -10
4 1 3.1 27.5 -10 1.45 28.75 -10 2.25 29.9 -10 3.35 28.55 -10
3 1 3.35 28.55 -10 2.25 29.9 -10 3.6 29.95 -10
4 1 3.05 30.55 -10 3.6 29.95 -10 2.25 29.9 -10 2.8 30.45 -10
4 1 3.4 30.5 -10 3.55 30.3 -10 3.6 29.95 -10 3.05 30.55 -10
4 1 5.6 27.35 -10 5.55 26.65 -10 3.85 26.85 -10 4.1 27.4 -10
4 1 5.55 26.65 -10 5.6 27.35 -10 7.5 27.45 -10 7.25 26.4 -10
4 1 9.3 27.3 -10 8.75 26.15 -10 7.25 26.4 -10 7.5 27.45 -10
3 1 9.3 27.3 -10 7.5 27.45 -10 7.65 29.35 -10
4 1 7.65 29.35 -10 8.5 29.55 -10 9.95 29 -10 9.3 27.3 -10
4 1 9.95 29 -10 8.5 29.55 -10 10.35 30.5 -10 10.25 30 -10
3 1 6.6 29.5 -10 10.35 30.5 -10 8.5 29.55 -10
4 1 4.55 29.45 -10 4.45 30.4 -10 10.35 30.5 -10 6.6 29.5 -10
4 1 4.25 27.85 -10 4.5 28.95 -10 6.35 29.15 -10 5.9 27.7 -10
4 1 7.65 29.35 -10 7.5 27.45 -10 5.9 27.7 -10 6.35 29.15 -10
3 1 13 26.5 -10 10.15 26.8 -10 10.5 27.65 -10
4 1 10.85 28.5 -10 12.55 28.45 -10 13 26.5 -10 10.5 27.65 -10
4 1 14.1 28.55 -10 14.5 27.85 -10 13 26.5 -10 12.55 28.45 -10
3 1 14.5 27.85 -10 14.1 28.55 -10 16.1 29.35 -10
4 1 16.1 29.35 -10 12.9 28.75 -10 11 28.95 -10 11.3 30.05 -10
3 1 14.1 28.55 -10 12.9 28.75 -10 16.1 29.35 -10
4 1 18 31 -10 16.1 29.35 -10 11.3 30.05 -10 11.45 31 -10
4 0 -14.45 26.15 -10 -15.75 25.15 -10 -16.95 25.05 -10 -17.46 25.89 -10
4 0 -13.15 25.55 -10 -14.9 25 -10 -15.75 25.15 -10 -14.45 26.15 -10
4 0 -14.45 26.15 -10 -11.95 26.3 -10 -10 25.65 -10 -13.15 25.55 -10
4 0 -11.95 26.3 -10 -10.1 26.35 -10 -9.15 26.05 -10 -10 25.65 -10
4 0 -9.95 25.2 -10 -10 25.65 -10 -9.15 26.05 -10 -9.3 25.15 -10
4 0 -8.15 25.35 -10 -8.7 25.2 -10 -9.3 25.15 -10 -9.15 26.05 -10
4 0 -9.15 26.05 -10 -7.1 26.25 -10 -6.3 25.25 -10 -8.15 25.35 -10
4 0 -7.1 26.25 -10 -5.2 26.4 -10 -4.85 25.35 -10 -6.3 25.25 -10
4 0 -4.85 25.35 -10 -5.2 26.4 -10 -3.6 26.5 -10 -4.05 25.45 -10
4 0 -4.05 25.45 -10 -3.6 26.5 -10 -2.75 26.65 -10 -3.45 25.65 -10
4 0 -2.75 26.65 -10 -2.5 26.15 -10 -3.1 25.25 -10 -3.45 25.65 -10
4 0 -2.15 25.8 -10 -2.65 25.05 -10 -3.1 25.25 -10 -2.5 26.15 -10
4 0 -2.65 25.05 -10 -2.15 25.8 -10 -1.65 25.75 -10 -1.55 24.95 -10
4 0 -1.65 25.75 -10 -1 25.9 -10 -.65 25 -10 -1.55 24.95 -10
4 0 .05 25.25 -10 -.65 25 -10 -1 25.9 -10 -.45 26.15 -10
4 0 .45 26.55 -10 .55 25.55 -10 .05 25.25 -10 -.45 26.15 -10
4 0 1.5 25.45 -10 .55 25.55 -10 .45 26.55 -10 .75 26.45 -10
4 0 2.5 25.55 -10 1.5 25.45 -10 .75 26.45 -10 1.65 26.45 -10
4 0 3 25.7 -10 2.5 25.55 -10 1.65 26.45 -10 2.4 26.55 -10
4 0 2.4 26.55 -10 2.8 26.85 -10 3.45 25.9 -10 3 25.7 -10
4 0 3.1 27.5 -10 3.85 26.85 -10 3.45 25.9 -10 2.8 26.85 -10
4 0 3.45 25.9 -10 3.85 26.85 -10 5.55 26.65 -10 4.8 25.65 -10
4 0 7.25 26.4 -10 6.6 25.4 -10 4.8 25.65 -10 5.55 26.65 -10
4 0 8.75 26.15 -10 7.95 25.05 -10 6.6 25.4 -10 7.25 26.4 -10
3 0 9.4 25 -10 8.75 26.15 -10 9.8 25.8 -10
4 0 8.75 26.15 -10 9.3 27.3 -10 10.15 26.8 -10 9.8 25.8 -10
3 0 10.8 25.8 -10 9.8 25.8 -10 10.15 26.8 -10
4 0 13 26.5 -10 11.8 25.75 -10 10.8 25.8 -10 10.15 26.8 -10
4 0 13.3 25.05 -10 11.8 25.75 -10 13 26.5 -10 13.7 25.7 -10
4 0 14.5 27.85 -10 14.7 26.7 -10 13.7 25.7 -10 13 26.5 -10
4 0 14.7 26.7 -10 14.5 27.85 -10 16.1 29.35 -10 15.95 27.85 -10
4 0 18 31 -10 18 29.7 -10 15.95 27.85 -10 16.1 29.35 -10
4 0 -9.85 27.75 -10 -8.95 27.45 -10 -9.15 26.05 -10 -10.1 26.35 -10
4 0 -9.6 28.75 -10 -8.65 28.65 -10 -8.95 27.45 -10 -9.85 27.75 -10
4 0 -8.25 29.8 -10 -8.65 28.65 -10 -9.6 28.75 -10 -9.4 29.4 -10
4 0 -7.95 30.5 -10 -8.25 29.8 -10 -9.4 29.4 -10 -8.8 31 -10
4 0 -2.75 26.65 -10 -3.6 26.5 -10 -3.75 27.3 -10 -2.8 27.6 -10
4 0 -2.7 28.4 -10 -2.8 27.6 -10 -3.75 27.3 -10 -3.75 28.15 -10
3 0 -3.75 28.15 -10 -3.65 28.7 -10 -2.7 28.4 -10
4 0 -3.65 28.7 -10 -3.35 29.45 -10 -2.35 29.15 -10 -2.7 28.4 -10
4 0 -3.35 29.45 -10 -3 29.9 -10 -2.6 30.2 -10 -2.35 29.15 -10
3 0 -2.35 29.15 -10 -2.6 30.2 -10 -1.75 29.85 -10
3 0 -1.75 29.85 -10 -2.6 30.2 -10 -1.05 30.3 -10
4 0 -.45 26.15 -10 -.5 26.55 -10 .45 26.85 -10 .45 26.55 -10
4 0 .65 27.45 -10 .45 26.85 -10 -.5 26.55 -10 -.4 27.2 -10
4 0 1.45 28.75 -10 .65 27.45 -10 -.4 27.2 -10 -.05 28 -10
3 0 -.05 28 -10 .55 29 -10 1.45 28.75 -10
4 0 .55 29 -10 1.25 30 -10 2.25 29.9 -10 1.45 28.75 -10
4 0 1.25 30 -10 2.1 31 -10 2.8 30.45 -10 2.25 29.9 -10
3 0 2.8 30.45 -10 2.1 31 -10 3.05 30.55 -10
4 0 3.85 26.85 -10 3.1 27.5 -10 4.25 27.85 -10 4.1 27.4 -10
4 0 4.5 28.95 -10 4.25 27.85 -10 3.1 27.5 -10 3.35 28.55 -10
4 0 3.6 29.95 -10 4.55 29.45 -10 4.5 28.95 -10 3.35 28.55 -10
4 0 3.55 30.3 -10 4.45 30.4 -10 4.55 29.45 -10 3.6 29.95 -10
3 0 3.55 30.3 -10 3.4 30.5 -10 4.45 30.4 -10
4 0 10.15 26.8 -10 9.3 27.3 -10 9.95 29 -10 10.5 27.65 -10
4 0 11 28.95 -10 10.85 28.5 -10 10.5 27.65 -10 9.95 29 -10
4 0 11.3 30.05 -10 11 28.95 -10 9.95 29 -10 10.25 30 -10
4 0 10.25 30 -10 10.35 30.5 -10 11.45 31 -10 11.3 30.05 -10
4 0 .45 31 -10 -5.45 30.35 -10 -7.95 30.5 -10 -8.8 31 -10
4 0 .45 31 -10 -.3 30.55 -10 -3.85 30.25 -10 -5.45 30.35 -10
4 0 -2.6 30.2 -10 -3.85 30.25 -10 -.3 30.55 -10 -1.05 30.3 -10
4 0 4.45 30.4 -10 3.4 30.5 -10 3.05 30.55 -10 2.1 31 -10
4 0 4.45 30.4 -10 2.1 31 -10 11.45 31 -10 10.35 30.5 -10
4 0 0 31.5 -10 -8.8 31 -10 -18 31 -10 -18 31.5 -10
3 0 .45 31 -10 -8.8 31 -10 0 31.5 -10
3 0 2.1 31 -10 .45 31 -10 0 31.5 -10
4 0 18 31.5 -10 11.45 31 -10 2.1 31 -10 0 31.5 -10
3 0 18 31 -10 11.45 31 -10 18 31.5 -10
3 16 -18 31 -10 -19 32 -10 -18 31.5 -10
3 16 18 31 -10 18 31.5 -10 19 32 -10
4 16 19 32 -10 0 31.5 -10 -18 31.5 -10 -19 32 -10
3 16 18 31.5 -10 0 31.5 -10 19 32 -10
4 16 -2.85 14.85 -10 -3.1 14.5 -10 -4.2 15.8 -10 -3.9 16.05 -10
4 16 -4 14.55 -10 -4.05 14.2 -10 -5 14.4 -10 -4.9 14.75 -10
4 16 -4.05 14.2 -10 -4 14.55 -10 -3.1 14.5 -10 -3.3 14.1 -10
4 16 -3.55 13.3 -10 -3.3 14.1 -10 -2.9 14.25 -10 -3.15 13.3 -10
4 16 -3.3 14.1 -10 -3.1 14.5 -10 -2.85 14.85 -10 -2.9 14.25 -10
4 16 -2.9 14.25 -10 -2.85 14.85 -10 -2.35 15 -10 -2.45 14.5 -10
4 16 -2.85 14.85 -10 -2.65 16.4 -10 -2.2 16.35 -10 -2.35 15 -10
4 16 -2.45 14.5 -10 -2.35 15 -10 -1.25 14.9 -10 -1.3 14.5 -10
3 1 -3.38 12.53 -10 -3.15 13.3 -10 -2.13 13.57 -10
3 1 -3.15 13.3 -10 -2.9 14.25 -10 -2.13 13.57 -10
3 1 -1.8 13.85 -10 -2.45 14.5 -10 -1.3 14.5 -10
3 1 -1.8 13.85 -10 -1.3 14.5 -10 -.25 15.15 -10
3 1 -1.3 14.5 -10 -1.25 14.9 -10 -.25 15.15 -10
4 1 -.25 15.15 -10 -1.25 14.9 -10 -2.35 15 -10 -2.2 16.35 -10
4 1 -2.5 17.85 -10 -2.65 16.4 -10 -2.85 14.85 -10 -3.9 16.05 -10
3 1 -2.2 16.35 -10 -2.65 16.4 -10 -2.5 17.85 -10
3 1 -.25 15.15 -10 -2.2 16.35 -10 -2.5 17.85 -10
4 1 -2.5 17.85 -10 -3.9 16.05 -10 -4.2 15.8 -10 -6 15.3 -10
3 1 -3.1 14.5 -10 -4 14.55 -10 -4.2 15.8 -10
3 1 -3.55 13.3 -10 -4.05 14.2 -10 -3.3 14.1 -10
4 1 -5 14.4 -10 -4.05 14.2 -10 -3.55 13.3 -10 -4.8 13.75 -10
3 1 -3.79 12.57 -10 -4.8 13.75 -10 -3.55 13.3 -10
3 1 -4.8 13.75 -10 -6 15.3 -10 -5 14.4 -10
3 1 -5 14.4 -10 -6 15.3 -10 -4.9 14.75 -10
4 1 -4 14.55 -10 -4.9 14.75 -10 -6 15.3 -10 -4.2 15.8 -10
4 16 -3.55 13.3 -10 -3.38 12.53 -10 -3.6 12.35 -10 -3.79 12.57 -10
3 16 -3.38 12.53 -10 -3.55 13.3 -10 -3.15 13.3 -10
4 16 -2.9 14.25 -10 -2.45 14.5 -10 -1.8 13.85 -10 -2.13 13.57 -10
4 0 -5.5 11.5 -10 -5.4 12.15 -10 -3.79 12.57 -10 -3.6 12.35 -10
4 0 -4.8 13.75 -10 -3.79 12.57 -10 -5.4 12.15 -10 -5.55 12.85 -10
4 0 -.25 15.15 -10 -1.2 12.95 -10 -2.13 13.57 -10 -1.8 13.85 -10
4 0 -1.2 12.95 -10 -4.55 10.2 -10 -3.6 12.35 -10 -3.38 12.53 -10
3 0 -3.38 12.53 -10 -2.13 13.57 -10 -1.2 12.95 -10
4 16 1.8 9.6 -10 1.85 8.95 -10 1.2 9.2 -10 1.45 9.65 -10
4 16 2.4 7.45 -10 2.3 7.15 -10 2 7.15 -10 1.85 7.45 -10
4 16 1.85 7.45 -10 1.85 8.95 -10 2.45 8.55 -10 2.4 7.45 -10
4 16 1.85 8.95 -10 2.35 9.65 -10 2.9 8.95 -10 2.45 8.55 -10
4 16 3.15 8.7 -10 2.85 8.55 -10 2.45 8.55 -10 2.9 8.95 -10
3 16 2.85 8.55 -10 3.15 8.7 -10 3.45 8.65 -10
4 16 1.85 8.95 -10 1.8 9.6 -10 1.85 10.35 -10 2.35 9.65 -10
4 1 1.18 9.75 -10 1.85 10.35 -10 1.8 9.6 -10 1.45 9.65 -10
4 1 .8 9.4 -10 1.2 9.2 -10 1.15 7.3 -10 -.15 8.55 -10
4 1 1.85 8.95 -10 1.85 7.45 -10 1.15 7.3 -10 1.2 9.2 -10
4 1 1.85 7.45 -10 2 7.15 -10 2.6 5.85 -10 1.15 7.3 -10
3 1 2.6 5.85 -10 2 7.15 -10 2.3 7.15 -10
4 16 1.45 9.65 -10 1.2 9.2 -10 .8 9.4 -10 1.18 9.75 -10
4 0 -.8 8.05 -10 -.5 9.4 -10 .8 9.4 -10 -.15 8.55 -10
4 0 1.75 11.15 -10 1.18 9.75 -10 .8 9.4 -10 -.5 9.4 -10
3 0 1.18 9.75 -10 1.75 11.15 -10 1.85 10.35 -10
4 16 4.2 6.25 -10 3.4 7.35 -10 3.65 7.55 -10 4.1 7.35 -10
3 16 4.2 6.25 -10 4.1 7.35 -10 4.45 7 -10
4 16 5.4 7.65 -10 5.75 7.3 -10 4.2 6.25 -10 4.45 7 -10
4 16 4.55 5.4 -10 4.35 5.65 -10 5.9 6.95 -10 5.7 6.25 -10
4 16 6.6 6.35 -10 6.85 6.05 -10 5.45 4.85 -10 5.15 5.15 -10
4 16 6.2 4.45 -10 6.5 4.5 -10 6.75 4 -10 6.35 3.8 -10
4 16 6.35 3.8 -10 6.75 4 -10 7 3.6 -10 6.65 3.25 -10
4 16 7.3 3.35 -10 7 2.95 -10 6.65 3.25 -10 7 3.6 -10
4 16 7 2.95 -10 7.3 3.35 -10 7.7 3.3 -10 7.45 2.85 -10
4 16 8.15 3.35 -10 8.05 2.85 -10 7.45 2.85 -10 7.7 3.3 -10
4 16 8.75 3.4 -10 8.8 3 -10 8.05 2.85 -10 8.15 3.35 -10
4 16 8.65 3.7 -10 8.75 3.4 -10 8.15 3.35 -10 8.2 3.6 -10
4 16 8.55 3.9 -10 8.65 3.7 -10 8.2 3.6 -10 8.3 3.85 -10
4 16 8 2.35 -10 8.05 2.85 -10 8.8 3 -10 8.15 2.15 -10
4 16 8.15 2.15 -10 8.8 3 -10 9.3 3.2 -10 9.05 2.75 -10
3 16 9.05 2.75 -10 9.3 3.2 -10 9.4 2.9 -10
4 16 7.05 2.25 -10 7.2 2.4 -10 7.7 2.05 -10 7.5 1.9 -10
4 1 5.75 7.3 -10 5.9 6.95 -10 4.35 5.65 -10 4.2 6.25 -10
3 1 5.9 6.95 -10 5.75 7.3 -10 6.91 7.71 -10
3 1 5.75 7.3 -10 5.4 7.65 -10 6.91 7.71 -10
4 1 3.85 8.65 -10 5.45 9.25 -10 6.91 7.71 -10 5.4 7.65 -10
4 1 4.45 7 -10 4.1 7.35 -10 3.85 8.65 -10 5.4 7.65 -10
4 1 3.45 8.65 -10 3.85 8.65 -10 4.1 7.35 -10 3.65 7.55 -10
4 1 2.85 8.55 -10 3.45 8.65 -10 3.65 7.55 -10 3.4 7.35 -10
4 1 2.45 8.55 -10 2.85 8.55 -10 3.4 7.35 -10 2.4 7.45 -10
4 1 2.6 5.85 -10 2.3 7.15 -10 2.4 7.45 -10 3.4 7.35 -10
4 1 4.35 5.65 -10 2.6 5.85 -10 3.4 7.35 -10 4.2 6.25 -10
4 1 4.55 5.4 -10 3.9 4.5 -10 2.6 5.85 -10 4.35 5.65 -10
4 1 4.55 5.4 -10 5.15 5.15 -10 5.45 4.85 -10 3.9 4.5 -10
4 1 6.2 4.45 -10 5.25 3.05 -10 3.9 4.5 -10 5.45 4.85 -10
3 1 5.25 3.05 -10 6.2 4.45 -10 6.35 3.8 -10
3 1 5.25 3.05 -10 6.35 3.8 -10 6.65 3.25 -10
4 1 7 2.95 -10 6.25 1.95 -10 5.25 3.05 -10 6.65 3.25 -10
4 1 6.25 1.95 -10 7 2.95 -10 7.2 2.4 -10 7.05 2.25 -10
4 1 8 2.35 -10 7.2 2.4 -10 7 2.95 -10 7.45 2.85 -10
3 1 8 2.35 -10 7.45 2.85 -10 8.05 2.85 -10
4 1 7.2 2.4 -10 8 2.35 -10 8.15 2.15 -10 7.7 2.05 -10
4 1 6.95 1 -10 6.25 1.95 -10 7.05 2.25 -10 7.5 1.9 -10
4 1 6.95 1 -10 7.5 1.9 -10 7.7 2.05 -10 12 1 -10
4 1 7.7 2.05 -10 8.15 2.15 -10 12.29 1.13 -10 12 1 -10
3 1 12.29 1.13 -10 8.15 2.15 -10 9.05 2.75 -10
4 1 11.05 2.85 -10 12.29 1.13 -10 9.05 2.75 -10 9.4 2.9 -10
3 1 8.8 3 -10 8.75 3.4 -10 9.3 3.2 -10
3 1 9.3 3.2 -10 8.75 3.4 -10 8.65 3.7 -10
4 1 8.55 3.9 -10 9.15 5.1 -10 9.3 3.2 -10 8.65 3.7 -10
4 1 9.4 2.9 -10 9.3 3.2 -10 9.15 5.1 -10 11.05 2.85 -10
4 1 7 3.6 -10 6.75 4 -10 6.5 4.5 -10 8.3 3.85 -10
4 1 8.3 3.85 -10 8.2 3.6 -10 7.3 3.35 -10 7 3.6 -10
4 1 7.3 3.35 -10 8.2 3.6 -10 8.15 3.35 -10 7.7 3.3 -10
4 1 4.55 5.4 -10 5.7 6.25 -10 6.6 6.35 -10 5.15 5.15 -10
4 1 5.7 6.25 -10 7.26 7.35 -10 7.4 7.2 -10 6.6 6.35 -10
4 1 6.6 6.35 -10 7.4 7.2 -10 9.15 5.1 -10 6.85 6.05 -10
4 1 8.3 3.85 -10 6.5 4.5 -10 6.85 6.05 -10 9.15 5.1 -10
3 1 8.3 3.85 -10 9.15 5.1 -10 8.55 3.9 -10
4 1 6.85 6.05 -10 6.5 4.5 -10 6.2 4.45 -10 5.45 4.85 -10
4 16 7.26 7.35 -10 5.7 6.25 -10 5.9 6.95 -10 6.91 7.71 -10
3 0 7.4 7.2 -10 7.26 7.35 -10 8 8.05 -10
3 0 7.26 7.35 -10 6.91 7.71 -10 8 8.05 -10
4 0 6.6 9.55 -10 8 8.05 -10 6.91 7.71 -10 5.45 9.25 -10
3 16 14.345 2 -10 17 20 -10 19 29 -10

4 25 1 16.18 10 .95 16.6 10 .66 16.47 10 .7 16.35 10
4 25 .78 17.03 10 .55 16.58 10 .66 16.47 10 .95 16.6 10
4 25 .51 17.32 10 .39 16.65 10 .55 16.58 10 .78 17.03 10
4 25 .2 16.67 10 .39 16.65 10 .51 17.32 10 .2 17.42 10
4 25 -.26 16.47 10 -.55 16.6 10 -.61 16.1 10 -.3 16.35 10
4 25 -.3 16.35 10 -.61 16.1 10 -.7 15.6 10 -.26 16.23 10
3 25 -.7 15.6 10 -.15 16.12 10 -.26 16.23 10
4 25 -.38 17.03 10 -.55 16.6 10 -.26 16.47 10 -.15 16.58 10
4 25 -.15 16.58 10 .01 16.65 10 -.11 17.32 10 -.38 17.03 10
4 25 .2 16.67 10 .2 17.42 10 -.11 17.32 10 .01 16.65 10
4 25 -.15 16.12 10 -.7 15.6 10 -.49 15.01 10 .01 16.05 10
4 16 -2.38 14.43 10 -2.4 14.85 10 -2.65 14.42 10 -2.52 14.39 10
4 16 -2.12 14.69 10 -2.4 14.85 10 -2.38 14.43 10 -2.23 14.54 10
4 16 -2.68 15.01 10 -2.75 14.83 10 -2.77 14.66 10 -2.4 14.85 10
4 16 -2.65 14.42 10 -2.4 14.85 10 -2.77 14.66 10 -2.74 14.51 10
4 25 -2.74 14.51 10 -2.99 14.33 10 -2.59 14.02 10 -2.65 14.42 10
4 25 -2.2 13.7 10 -2.52 14.39 10 -2.65 14.42 10 -2.59 14.02 10
3 25 -2.2 13.7 10 -2.38 14.43 10 -2.52 14.39 10
4 25 -3.28 14.69 10 -2.99 14.33 10 -2.74 14.51 10 -2.77 14.66 10
4 25 -3.39 15.06 10 -3.28 14.69 10 -2.77 14.66 10 -2.75 14.83 10
4 25 -2.68 15.01 10 -3.32 15.38 10 -3.39 15.06 10 -2.75 14.83 10
4 25 -2.11 13.59 10 -2.23 14.54 10 -2.38 14.43 10 -2.2 13.7 10
4 16 -2.02 15.04 10 -2.06 15.19 10 -2.15 15.28 10 -2.4 14.85 10
4 16 -2.02 15.04 10 -2.4 14.85 10 -2.12 14.69 10 -2.04 14.87 10
4 16 -2.68 15.01 10 -2.4 14.85 10 -2.42 15.27 10 -2.56 15.16 10
4 16 -2.15 15.28 10 -2.28 15.31 10 -2.42 15.27 10 -2.4 14.85 10
4 25 -1.77 15.43 10 -2.24 15.63 10 -2.28 15.31 10 -2.15 15.28 10
4 25 -1.3 15.25 10 -1.77 15.43 10 -2.15 15.28 10 -2.06 15.19 10
3 25 -2.02 15.04 10 -1.3 15.25 10 -2.06 15.19 10
4 25 -2.7 15.69 10 -2.42 15.27 10 -2.28 15.31 10 -2.24 15.63 10
4 25 -3.08 15.6 10 -2.56 15.16 10 -2.42 15.27 10 -2.7 15.69 10
4 25 -3.08 15.6 10 -3.32 15.38 10 -2.68 15.01 10 -2.56 15.16 10
4 25 -1.07 14.62 10 -1.3 15.25 10 -2.02 15.04 10 -2.04 14.87 10
4 25 3.72 11.32 10 2.96 11.54 10 3.1 11.01 10 3.48 11.1 10
4 25 -1.32 14.25 10 -1.07 14.62 10 -2.04 14.87 10 -2.12 14.69 10
4 25 -.49 15.01 10 -.85 15.18 10 -1.3 15.25 10 -1.07 14.62 10
3 25 -.49 15.01 10 -.7 15.6 10 -.85 15.18 10
4 25 1.66 16.72 10 2.01 17.73 10 1.12 18 10 1.31 17.52 10
3 25 1.31 17.52 10 1.12 18 10 .8 18.03 10
4 25 -1.61 17.73 10 -.91 17.52 10 -.4 18.03 10 -.72 18 10
4 25 -2.43 17.29 10 -1.25 16.75 10 -.91 17.52 10 -1.61 17.73 10
4 25 -2.85 16.4 10 -2.02 16.31 10 -1.25 16.75 10 -2.43 17.29 10
4 25 -2.43 17.29 10 -3.15 16.7 10 -3.55 16.21 10 -2.85 16.4 10
3 25 -1.35 16.03 10 -1.25 16.75 10 -2.02 16.31 10
4 25 -4.54 13.35 10 -3.47 12.91 10 -2.9 13.35 10 -3.47 13.79 10
4 25 -4.54 13.35 10 -4.45 12.43 10 -3.96 12.23 10 -3.47 12.91 10
4 25 -3.96 14.47 10 -4.45 14.27 10 -4.54 13.35 10 -3.47 13.79 10
3 25 -4.45 14.27 10 -3.96 14.47 10 -4.15 15.17 10
4 25 3.95 10.49 10 3.25 10.3 10 2.83 9.41 10 3.55 10 10
4 25 1.65 9.95 10 2.83 9.41 10 3.25 10.3 10 2.42 10.39 10
4 25 1.31 9.18 10 2.01 8.97 10 2.83 9.41 10 1.65 9.95 10
4 25 2.01 8.97 10 1.31 9.18 10 .8 8.67 10 1.12 8.7 10
3 25 4.55 11.53 10 4.85 12.43 10 4.36 12.23 10
4 16 3.95 10.49 10 4.55 11.53 10 3.79 11.64 10 3.72 11.32 10
4 16 3.72 11.32 10 3.48 11.1 10 3.25 10.3 10 3.95 10.49 10
4 16 2.42 10.39 10 3.25 10.3 10 3.48 11.1 10 3.1 11.01 10
3 16 2.42 10.39 10 3.1 11.01 10 2.64 11.07 10
4 16 .51 9.38 10 .8 8.67 10 1.31 9.18 10 .78 9.67 10
4 16 -2.99 14.33 10 -3.47 13.79 10 -2.9 13.35 10 -2.59 14.02 10
4 16 -3.28 14.69 10 -3.96 14.47 10 -3.47 13.79 10 -2.99 14.33 10
4 16 -4.15 15.17 10 -3.96 14.47 10 -3.28 14.69 10 -3.39 15.06 10
4 16 -3.55 16.21 10 -4.15 15.17 10 -3.39 15.06 10 -3.32 15.38 10
4 16 -2.85 16.4 10 -3.55 16.21 10 -3.32 15.38 10 -3.08 15.6 10
4 16 -2.02 16.31 10 -2.85 16.4 10 -3.08 15.6 10 -2.7 15.69 10
4 16 -1.35 16.03 10 -2.02 16.31 10 -2.7 15.69 10 -2.24 15.63 10
4 16 -2.24 15.63 10 -1.77 15.43 10 -1.3 15.25 10 -1.35 16.03 10
4 16 -1.35 16.03 10 -1.3 15.25 10 -.85 15.18 10 -.7 15.6 10
4 16 3.68 12.01 10 3.79 11.64 10 4.55 11.53 10 4.36 12.23 10
4 16 .51 17.32 10 .78 17.03 10 1.31 17.52 10 .8 18.03 10
4 16 .51 17.32 10 .8 18.03 10 -.4 18.03 10 .2 17.42 10
4 16 -.91 17.52 10 -.11 17.32 10 .2 17.42 10 -.4 18.03 10
4 16 -.11 17.32 10 -.91 17.52 10 -1.25 16.75 10 -.38 17.03 10
4 16 -.38 17.03 10 -1.25 16.75 10 -1.35 16.03 10 -.55 16.6 10
4 16 -.55 16.6 10 -1.35 16.03 10 -.7 15.6 10 -.61 16.1 10
4 16 .7 16.35 10 .2 16.35 10 .55 16.12 10 .66 16.23 10
4 16 .55 16.12 10 .2 16.35 10 .2 16.03 10 .39 16.05 10
4 16 -.15 16.12 10 .01 16.05 10 .2 16.03 10 .2 16.35 10
4 16 -.15 16.12 10 .2 16.35 10 -.3 16.35 10 -.26 16.23 10
4 16 -.15 16.58 10 -.26 16.47 10 -.3 16.35 10 .2 16.35 10
4 16 .2 16.67 10 .01 16.65 10 -.15 16.58 10 .2 16.35 10
4 16 .55 16.58 10 .39 16.65 10 .2 16.67 10 .2 16.35 10
4 16 .7 16.35 10 .66 16.47 10 .55 16.58 10 .2 16.35 10
4 25 6.89 13.35 10 5.82 13.35 10 5.71 12.25 10 6.76 12.04 10
4 25 1.51 19.91 10 1.3 18.86 10 2.35 18.54 10 2.76 19.53 10
4 25 .2 20.04 10 .2 18.97 10 1.3 18.86 10 1.51 19.91 10
4 25 -1.11 19.91 10 -.9 18.86 10 .2 18.97 10 .2 20.04 10
4 25 -2.36 19.53 10 -1.95 18.54 10 -.9 18.86 10 -1.11 19.91 10
4 25 -3.52 18.91 10 -2.92 18.02 10 -1.95 18.54 10 -2.36 19.53 10
4 25 -4.53 18.08 10 -3.77 17.32 10 -2.92 18.02 10 -3.52 18.91 10
4 25 -5.36 17.07 10 -4.47 16.47 10 -3.77 17.32 10 -4.53 18.08 10
4 25 -5.98 15.91 10 -4.99 15.5 10 -4.47 16.47 10 -5.36 17.07 10
4 25 -6.36 14.66 10 -5.31 14.45 10 -4.99 15.5 10 -5.98 15.91 10
4 25 -5.31 14.45 10 -6.36 14.66 10 -6.49 13.35 10 -5.42 13.35 10
4 25 -5.42 13.35 10 -6.49 13.35 10 -6.36 12.04 10 -5.31 12.25 10
4 25 -.9 7.84 10 -1.11 6.79 10 .2 6.66 10 .2 7.73 10
4 25 1.51 6.79 10 1.3 7.84 10 .2 7.73 10 .2 6.66 10
4 25 2.76 7.17 10 2.35 8.16 10 1.3 7.84 10 1.51 6.79 10
4 25 3.92 7.79 10 3.32 8.68 10 2.35 8.16 10 2.76 7.17 10
4 25 4.93 8.62 10 4.17 9.38 10 3.32 8.68 10 3.92 7.79 10
4 25 5.76 9.63 10 4.87 10.23 10 4.17 9.38 10 4.93 8.62 10
4 25 4.87 10.23 10 5.76 9.63 10 6.38 10.79 10 5.39 11.2 10
4 25 6.76 12.04 10 5.71 12.25 10 5.39 11.2 10 6.38 10.79 10
4 16 .19 9.29 10 -.4 8.67 10 .2 7.73 10 .8 8.67 10
4 16 -4.54 13.35 10 -5.42 13.35 10 -5.31 12.25 10 -4.45 12.43 10
4 16 -5.31 14.45 10 -5.42 13.35 10 -4.54 13.35 10 -4.45 14.27 10
4 16 -4.99 15.5 10 -5.31 14.45 10 -4.45 14.27 10 -4.15 15.17 10
4 16 -3.55 16.21 10 -4.47 16.47 10 -4.99 15.5 10 -4.15 15.17 10
4 16 -3.15 16.7 10 -3.77 17.32 10 -4.47 16.47 10 -3.55 16.21 10
4 16 -3.77 17.32 10 -3.15 16.7 10 -2.43 17.29 10 -2.92 18.02 10
4 16 -1.61 17.73 10 -1.95 18.54 10 -2.92 18.02 10 -2.43 17.29 10
4 16 -.72 18 10 -.9 18.86 10 -1.95 18.54 10 -1.61 17.73 10
4 16 .2 18.97 10 -.9 18.86 10 -.72 18 10 -.4 18.03 10
4 16 1.3 18.86 10 .2 18.97 10 -.4 18.03 10 .8 18.03 10
4 16 2.35 18.54 10 1.3 18.86 10 .8 18.03 10 1.12 18 10
3 16 2.01 17.73 10 2.35 18.54 10 1.12 18 10
4 16 4.55 11.53 10 5.39 11.2 10 5.71 12.25 10 4.85 12.43 10
4 16 3.95 10.49 10 4.87 10.23 10 5.39 11.2 10 4.55 11.53 10
4 16 3.55 10 10 4.17 9.38 10 4.87 10.23 10 3.95 10.49 10
4 16 3.55 10 10 2.83 9.41 10 3.32 8.68 10 4.17 9.38 10
4 16 2.83 9.41 10 2.01 8.97 10 2.35 8.16 10 3.32 8.68 10
4 16 2.01 8.97 10 1.12 8.7 10 1.3 7.84 10 2.35 8.16 10
4 16 1.12 8.7 10 .8 8.67 10 .2 7.73 10 1.3 7.84 10
4 25 3.27 5.95 10 3.72 4.85 10 8.7 9.83 10 7.6 10.28 10
4 25 -2.87 5.95 10 -3.32 4.85 10 3.72 4.85 10 3.27 5.95 10
4 25 -7.2 16.42 10 -8.3 16.87 10 -8.3 9.83 10 -7.2 10.28 10
4 25 -2.87 20.75 10 -3.32 21.85 10 -8.3 16.87 10 -7.2 16.42 10
4 25 3.27 20.75 10 3.72 21.85 10 -3.32 21.85 10 -2.87 20.75 10
3 16 7.6 10.28 10 6.76 12.04 10 6.38 10.79 10
4 16 4.74 19.28 10 3.27 20.75 10 2.76 19.53 10 3.92 18.91 10
3 16 2.76 19.53 10 3.27 20.75 10 1.51 19.91 10
4 16 -2.87 20.75 10 .2 20.04 10 1.51 19.91 10 3.27 20.75 10
3 16 -1.11 19.91 10 .2 20.04 10 -2.87 20.75 10
3 16 -2.36 19.53 10 -1.11 19.91 10 -2.87 20.75 10
3 16 -3.52 18.91 10 -2.36 19.53 10 -2.87 20.75 10
4 16 -3.52 18.91 10 -2.87 20.75 10 -7.2 16.42 10 -4.53 18.08 10
3 16 -7.2 16.42 10 -5.36 17.07 10 -4.53 18.08 10
3 16 -5.98 15.91 10 -5.36 17.07 10 -7.2 16.42 10
3 16 -6.36 14.66 10 -5.98 15.91 10 -7.2 16.42 10
4 16 -6.36 14.66 10 -7.2 16.42 10 -7.2 10.28 10 -6.49 13.35 10
3 16 -7.2 10.28 10 -6.36 12.04 10 -6.49 13.35 10
4 16 -6.75 9.83 10 -5.98 10.79 10 -6.36 12.04 10 -7.2 10.28 10
3 16 5.76 9.63 10 7.6 10.28 10 6.38 10.79 10
4 16 5.76 9.63 10 4.93 8.62 10 3.27 5.95 10 7.6 10.28 10
3 16 3.27 5.95 10 4.93 8.62 10 3.92 7.79 10
3 16 3.27 5.95 10 3.92 7.79 10 2.76 7.17 10
3 16 3.27 5.95 10 2.76 7.17 10 1.51 6.79 10
4 16 1.51 6.79 10 .2 6.66 10 -2.87 5.95 10 3.27 5.95 10
3 16 -2.87 5.95 10 .2 6.66 10 -1.11 6.79 10
4 72 7.3 20.3 10 11.8 19.8 10 15.8 23.2 10 13.2 25.4 10
4 72 -.3 13.9 10 4.2 13.4 10 11.8 19.8 10 7.3 20.3 10
4 72 -6.4 8.9 10 -3.2 7.3 10 4.2 13.4 10 -.3 13.9 10
4 72 -10.7 5.3 10 -7.7 3.8 10 -3.2 7.3 10 -6.4 8.9 10
4 72 13.2 25.4 10 15.8 23.2 10 17.22 24.48 10 16.3 28.2 10
4 72 18 29.6 10 16.3 28.2 10 17.22 24.48 10 18 29 10
4 1 6.9 2.1 10 0 1 10 9.3 1 10 8.3 1.5 10
4 1 3.5 2.95 10 0 1 10 6.9 2.1 10 5.2 2.6 10
4 1 3.5 2.95 10 1.5 3.2 10 0 3.3 10 0 1 10
4 0 8.3 1.5 10 9.3 1 10 10.4 1 10 9.5 1.6 10
4 0 6.9 2.1 10 8.3 1.5 10 9.5 1.6 10 8.3 2.2 10
4 0 5.2 2.6 10 6.9 2.1 10 8.3 2.2 10 6.9 2.8 10
4 0 3.5 2.95 10 5.2 2.6 10 6.9 2.8 10 5 3.3 10
4 0 1.5 3.2 10 3.5 2.95 10 5 3.3 10 3 3.65 10
4 0 0 3.3 10 1.5 3.2 10 3 3.65 10 1.35 3.85 10
4 1 -6.9 2.1 10 -8.3 1.5 10 -9.3 1 10 0 1 10
4 1 -6.9 2.1 10 0 1 10 -3.5 2.95 10 -5.2 2.6 10
4 1 -3.5 2.95 10 0 1 10 0 3.3 10 -1.5 3.2 10
4 0 -10.99 1.07 10 -10.4 1 10 -9.3 1 10 -9.5 1.6 10
4 0 -8.3 2.2 10 -9.5 1.6 10 -9.3 1 10 -8.3 1.5 10
4 0 -6.9 2.8 10 -8.3 2.2 10 -8.3 1.5 10 -6.9 2.1 10
4 0 -5 3.3 10 -6.9 2.8 10 -6.9 2.1 10 -5.2 2.6 10
4 0 -3 3.65 10 -5 3.3 10 -5.2 2.6 10 -3.5 2.95 10
4 0 -1.35 3.85 10 -3 3.65 10 -3.5 2.95 10 -1.5 3.2 10
3 0 -1.5 3.2 10 0 3.3 10 -1.35 3.85 10
4 0 1.35 3.85 10 0 3.9 10 -1.35 3.85 10 0 3.3 10
3 16 12 0 10 10.4 1 10 9.3 1 10
4 16 9.3 1 10 0 1 10 -12 0 10 12 0 10
3 16 -12 0 10 0 1 10 -9.3 1 10
3 16 -12 0 10 -9.3 1 10 -10.4 1 10
4 0 15.8 23.2 10 11.8 19.8 10 11.45 18.55 10 14.55 21.15 10
4 16 17.02 23.3 10 14.55 21.15 10 8.7 9.83 10 14.345 2 10
3 16 8.7 9.83 10 14.55 21.15 10 11.45 18.55 10
3 16 8.7 9.83 10 11.45 18.55 10 8.7 16.3 10
4 16 9.5 1.6 10 10.4 1 10 12 0 10 14.345 2 10
4 16 14.345 2 10 8.7 9.83 10 8.3 2.2 10 9.5 1.6 10
4 16 8.3 2.2 10 8.7 9.83 10 3.72 4.85 10 6.9 2.8 10
3 16 6.9 2.8 10 3.72 4.85 10 5 3.3 10
3 16 5 3.3 10 3.72 4.85 10 3 3.65 10
3 16 3 3.65 10 3.72 4.85 10 1.35 3.85 10
4 16 1.35 3.85 10 3.72 4.85 10 -3.32 4.85 10 0 3.9 10
3 16 -1.35 3.85 10 0 3.9 10 -3.32 4.85 10
3 16 -3 3.65 10 -1.35 3.85 10 -3.32 4.85 10
4 16 -4.17 5.7 10 -5 3.3 10 -3 3.65 10 -3.32 4.85 10
3 16 -9.5 1.6 10 -8.3 2.2 10 -8.25 2.55 10
4 16 -8.3 2.2 10 -6.9 2.8 10 -4.17 5.7 10 -8.25 2.55 10
3 16 -6.9 2.8 10 -5 3.3 10 -4.17 5.7 10
4 25 8.7 9.83 10 8.7 16.3 10 7.6 15.4 10 7.6 10.28 10
4 25 6.75 14.7 10 5.76 13.9 10 5.82 13.35 10 6.89 13.35 10
4 25 4.92 13.21 10 4.13 12.56 10 4.36 12.23 10 4.85 12.43 10
4 25 3.79 11.64 10 3.07 11.68 10 2.96 11.54 10 3.72 11.32 10
4 25 3.79 11.64 10 3.68 12.01 10 3.59 12.11 10 3.07 11.68 10
4 25 2.64 11.07 10 3.1 11.01 10 2.96 11.54 10 2.82 11.43 10
4 25 2.44 11.16 10 2.64 11.07 10 2.82 11.43 10 2.75 11.41 10
4 25 1.82 10.64 10 1.74 10.57 10 1.65 9.95 10 2.42 10.39 10
4 25 .51 9.38 10 .78 9.67 10 .84 9.83 10 .19 9.29 10
3 25 -.4 8.67 10 -.47 8.74 10 -.54 8.69 10
4 25 -.9 7.84 10 -1.38 7.99 10 -2.36 7.17 10 -1.11 6.79 10
4 25 -2.87 5.95 10 -3.3 6.39 10 -4.17 5.7 10 -3.32 4.85 10
4 25 -6.75 9.83 10 -7.2 10.28 10 -8.3 9.83 10 -7.6 9.13 10
4 25 -5.31 12.25 10 -5.98 10.79 10 -5.86 10.55 10 -5 11.24 10
3 25 -5.98 10.79 10 -5.31 12.25 10 -6.36 12.04 10
4 25 -3.96 12.23 10 -4.45 12.43 10 -4.26 11.85 10 -4.01 12.04 10
4 25 -2.12 14.69 10 -2.23 14.54 10 -2.11 13.59 10 -1.32 14.25 10
3 25 1 16.18 10 .7 16.35 10 .66 16.23 10
3 25 .55 16.12 10 1 16.18 10 .66 16.23 10
4 25 .55 16.12 10 .39 16.05 10 -.38 15.03 10 1 16.18 10
4 25 -.38 15.03 10 .39 16.05 10 .2 16.03 10 -.49 15.01 10
3 25 -.49 15.01 10 .2 16.03 10 .01 16.05 10
3 25 1.66 16.72 10 2.53 17.45 10 2.01 17.73 10
3 25 3.26 18.05 10 4.11 18.76 10 3.92 18.91 10
4 25 2.76 19.53 10 2.35 18.54 10 3.26 18.05 10 3.92 18.91 10
4 25 3.72 21.85 10 3.27 20.75 10 4.74 19.28 10 5.57 20 10
3 16 -6.75 9.83 10 -5.86 10.55 10 -5.98 10.79 10
4 16 -4.45 12.43 10 -5.31 12.25 10 -5 11.24 10 -4.26 11.85 10
4 16 -2.59 14.02 10 -2.9 13.35 10 -2.11 13.59 10 -2.2 13.7 10
4 16 -3.96 12.23 10 -2.11 13.59 10 -2.9 13.35 10 -3.47 12.91 10
3 16 -4.01 12.04 10 -2.11 13.59 10 -3.96 12.23 10
4 16 -.38 15.03 10 -.49 15.01 10 -1.07 14.62 10 -1.32 14.25 10
3 16 1 16.18 10 1.66 16.72 10 .95 16.6 10
4 16 .78 17.03 10 .95 16.6 10 1.66 16.72 10 1.31 17.52 10
4 16 3.26 18.05 10 2.35 18.54 10 2.01 17.73 10 2.53 17.45 10
3 16 4.11 18.76 10 4.74 19.28 10 3.92 18.91 10
4 16 6.76 12.04 10 7.6 10.28 10 7.6 15.4 10 6.89 13.35 10
3 16 6.89 13.35 10 7.6 15.4 10 6.75 14.7 10
4 16 5.82 13.35 10 4.92 13.21 10 4.85 12.43 10 5.71 12.25 10
3 16 4.92 13.21 10 5.82 13.35 10 5.76 13.9 10
4 16 3.59 12.11 10 3.68 12.01 10 4.36 12.23 10 4.13 12.56 10
4 16 3.07 11.68 10 2.75 11.41 10 2.82 11.43 10 2.96 11.54 10
4 16 1.82 10.64 10 2.42 10.39 10 2.64 11.07 10 2.44 11.16 10
4 16 1.31 9.18 10 1.65 9.95 10 .84 9.83 10 .78 9.67 10
3 16 .84 9.83 10 1.65 9.95 10 1.74 10.57 10
3 16 .8 8.67 10 .51 9.38 10 .19 9.29 10
3 16 -.4 8.67 10 .19 9.29 10 -.47 8.74 10
4 16 .2 7.73 10 -.4 8.67 10 -.54 8.69 10 -.9 7.84 10
3 16 -.9 7.84 10 -.54 8.69 10 -1.38 7.99 10
4 16 -1.11 6.79 10 -2.36 7.17 10 -3.3 6.39 10 -2.87 5.95 10
3 0 8.7 16.3 10 11.45 18.55 10 11.8 19.8 10
4 0 8.7 16.3 10 11.8 19.8 10 4.2 13.4 10 7.6 15.4 10
4 0 7.6 15.4 10 4.2 13.4 10 5.76 13.9 10 6.75 14.7 10
3 0 4.92 13.21 10 5.76 13.9 10 4.2 13.4 10
3 0 4.13 12.56 10 4.92 13.21 10 4.2 13.4 10
4 0 4.13 12.56 10 4.2 13.4 10 3.07 11.68 10 3.59 12.11 10
4 0 2.44 11.16 10 2.75 11.41 10 3.07 11.68 10 4.2 13.4 10
3 0 1.82 10.64 10 2.44 11.16 10 4.2 13.4 10
4 0 1.82 10.64 10 4.2 13.4 10 .84 9.83 10 1.74 10.57 10
4 0 .84 9.83 10 4.2 13.4 10 -3.2 7.3 10 .19 9.29 10
4 0 -.54 8.69 10 -.47 8.74 10 .19 9.29 10 -3.2 7.3 10
3 0 -3.2 7.3 10 -1.38 7.99 10 -.54 8.69 10
3 0 -2.36 7.17 10 -1.38 7.99 10 -3.2 7.3 10
4 0 -2.36 7.17 10 -3.2 7.3 10 -4.17 5.7 10 -3.3 6.39 10
4 0 -3.2 7.3 10 -7.7 3.8 10 -8.25 2.55 10 -4.17 5.7 10
4 0 11.35 24.93 10 5.57 20 10 4.74 19.28 10 7.3 20.3 10
4 0 4.74 19.28 10 4.11 18.76 10 3.26 18.05 10 7.3 20.3 10
4 0 1.66 16.72 10 7.3 20.3 10 3.26 18.05 10 2.53 17.45 10
4 0 -.3 13.9 10 7.3 20.3 10 1.66 16.72 10 1 16.18 10
3 0 -.3 13.9 10 1 16.18 10 -.38 15.03 10
4 0 -.38 15.03 10 -1.32 14.25 10 -2.11 13.59 10 -.3 13.9 10
3 0 -4.01 12.04 10 -.3 13.9 10 -2.11 13.59 10
3 0 -4.26 11.85 10 -.3 13.9 10 -4.01 12.04 10
4 0 -4.26 11.85 10 -5 11.24 10 -6.4 8.9 10 -.3 13.9 10
3 0 -6.4 8.9 10 -5 11.24 10 -5.86 10.55 10
4 0 -7.6 9.13 10 -6.4 8.9 10 -5.86 10.55 10 -6.75 9.83 10
4 0 -11.7 5.7 10 -10.7 5.3 10 -6.4 8.9 10 -7.6 9.13 10
4 0 14.55 21.15 10 17.02 23.3 10 17.22 24.48 10 15.8 23.2 10
4 16 19 32 10 18 29.6 10 18 29 10 19 29 10
3 16 18 29.6 10 19 32 10 18 31.5 10
3 16 17.22 24.48 10 19 29 10 18 29 10
4 16 14.345 2 10 19 29 10 17.22 24.48 10 17.02 23.3 10
4 72 -12.15 1.2 10 -10.99 1.07 10 -7.7 3.8 10 -10.7 5.3 10
4 72 -12.15 1.2 10 -10.7 5.3 10 -13.35 2 10 -12.85 1.5 10
4 0 -13.53 3.08 10 -10.7 5.3 10 -11.7 5.7 10 -13.71 4.1 10
4 0 -8.25 2.55 10 -7.7 3.8 10 -10.99 1.07 10 -9.5 1.6 10
4 16 -12.15 1.2 10 -12 0 10 -10.4 1 10 -10.99 1.07 10
4 16 -12.15 1.2 10 -12.85 1.5 10 -14.345 2 10 -12 0 10
3 16 -12.85 1.5 10 -13.35 2 10 -14.345 2 10
3 16 -11.7 5.7 10 -7.6 9.13 10 -8.3 9.83 10
3 0 4.8 23.95 10 6.1 24 10 4.5 24.35 10
4 0 4.8 23.95 10 4.5 24.35 10 2.4 24.35 10 3 23.8 10
4 0 3 23.8 10 2.4 24.35 10 -.85 23.9 10 1.05 23.5 10
4 0 1.05 23.5 10 -.85 23.9 10 -4.5 22.95 10 -2.5 22.75 10
4 0 -2.5 22.75 10 -4.5 22.95 10 -7.45 21.8 10 -5.95 21.55 10
4 0 -5.95 21.55 10 -7.45 21.8 10 -9.9 20.45 10 -8.6 20.4 10
4 0 -8.6 20.4 10 -9.9 20.45 10 -11.35 19.25 10 -10.5 19.25 10
4 0 -10.5 19.25 10 -11.35 19.25 10 -12 18.3 10 -11.45 18.4 10
4 0 -11.45 18.4 10 -12 18.3 10 -12.35 17.6 10 -12.1 17.55 10
4 16 4.8 23.95 10 3.72 21.85 10 5.57 20 10 6.1 24 10
4 16 4.8 23.95 10 3 23.8 10 1.05 23.5 10 3.72 21.85 10
4 16 1.05 23.5 10 -2.5 22.75 10 -3.32 21.85 10 3.72 21.85 10
4 16 -2.5 22.75 10 -5.95 21.55 10 -8.3 16.87 10 -3.32 21.85 10
4 16 -5.95 21.55 10 -8.6 20.4 10 -10.5 19.25 10 -8.3 16.87 10
4 16 -10.5 19.25 10 -11.45 18.4 10 -12.1 17.55 10 -8.3 16.87 10
4 16 -8.3 9.83 10 -8.3 16.87 10 -12.1 17.55 10 -11.7 5.7 10
4 16 -12.1 17.55 10 -12.35 17.6 10 -13.71 4.1 10 -11.7 5.7 10
4 0 4.1 25.95 10 4.95 25.2 10 9.25 25.05 10 8.7 25.8 10
4 0 -1.05 26.1 10 .85 25.3 10 4.95 25.2 10 4.1 25.95 10
4 0 -5.3 26.1 10 -4.1 25.4 10 .85 25.3 10 -1.05 26.1 10
4 0 -4.1 25.4 10 -5.3 26.1 10 -10.2 26 10 -9 25.3 10
4 0 -9 25.3 10 -10.2 26 10 -14.45 25.85 10 -13.6 25.15 10
4 0 11.9 27.25 10 9.15 27.25 10 8.3 27 10 10.85 26.8 10
3 0 8.3 27 10 9.15 27.25 10 6.85 27.1 10
4 0 -.5 27.4 10 -5.4 27.55 10 -8.9 27 10 -4.4 27.2 10
4 0 -5.4 27.55 10 -10.6 27.5 10 -13.85 26.8 10 -8.9 27 10
3 0 -13.85 26.8 10 -10.6 27.5 10 -15.2 27.45 10
4 0 -8.35 29.45 10 -11.5 29.7 10 -14.65 29.25 10 -10.9 29.25 10
4 0 -11.5 29.7 10 -15.35 29.85 10 -18 29.3 10 -14.65 29.25 10
3 0 -18 29.3 10 -15.35 29.85 10 -18 29.9 10
4 0 13.85 29.8 10 8.8 29.6 10 6.25 29.05 10 12.35 29.1 10
4 0 8.8 29.6 10 4.75 29.45 10 1.8 29 10 6.25 29.05 10
4 0 -1.1 29.1 10 1.8 29 10 4.75 29.45 10 1.55 29.3 10
4 0 0 31.5 10 -.7 30.7 10 14.4 30.65 10 10 31.5 10
4 0 -.7 30.7 10 0 31.5 10 -18 31.5 10 -18 30.65 10
3 16 10 31.5 10 18 31.5 10 19 32 10
4 16 -19 32 10 0 31.5 10 10 31.5 10 19 32 10
3 16 -18 31.5 10 0 31.5 10 -19 32 10
3 16 -18 30.65 10 -18 31.5 10 -19 32 10
4 16 -18 30.65 10 -19 32 10 -19 29 10 -18 29.9 10
3 16 -19 29 10 -18 29.3 10 -18 29.9 10
3 16 -19 29 10 -18 29 10 -18 29.3 10
4 16 -13.6 25.15 10 -17.31 25.01 10 -12 18.3 10 -11.35 19.25 10
4 1 -14.45 25.85 10 -13.85 26.8 10 -17.6 26.7 10 -17.44 25.76 10
4 1 -18 29 10 -17.75 27.54 10 -15.2 27.45 10 -14.65 29.25 10
3 1 -18 29 10 -14.65 29.25 10 -18 29.3 10
3 1 -15.35 29.85 10 -18 30.65 10 -18 29.9 10
4 0 -14.45 25.85 10 -17.44 25.76 10 -17.31 25.01 10 -13.6 25.15 10
4 0 -15.2 27.45 10 -17.75 27.54 10 -17.6 26.7 10 -13.85 26.8 10
4 0 13.85 27.21 10 11.9 27.25 10 10.85 26.8 10 13.12 26.52 10
4 0 16.52 29.92 10 13.85 29.8 10 12.35 29.1 10 15.75 29.1 10
4 0 10 31.5 10 14.4 30.65 10 17.12 30.56 10 18 31.5 10
4 0 8.7 25.8 10 9.25 25.05 10 11.35 24.93 10 12.25 25.7 10
3 0 18 29.6 10 18 31.5 10 17.12 30.56 10
3 0 18 29.6 10 17.12 30.56 10 16.52 29.92 10
4 0 16.52 29.92 10 15.75 29.1 10 16.3 28.2 10 18 29.6 10
4 0 15.75 29.1 10 13.85 27.21 10 13.2 25.4 10 16.3 28.2 10
3 0 13.2 25.4 10 13.85 27.21 10 13.12 26.52 10
3 0 13.2 25.4 10 13.12 26.52 10 12.25 25.7 10
4 0 12.25 25.7 10 11.35 24.93 10 7.3 20.3 10 13.2 25.4 10
4 16 5.57 20 10 11.35 24.93 10 9.25 25.05 10 6.1 24 10
4 16 4.5 24.35 10 6.1 24 10 9.25 25.05 10 4.95 25.2 10
4 16 .85 25.3 10 2.4 24.35 10 4.5 24.35 10 4.95 25.2 10
4 16 -4.1 25.4 10 -.85 23.9 10 2.4 24.35 10 .85 25.3 10
4 16 -9 25.3 10 -4.5 22.95 10 -.85 23.9 10 -4.1 25.4 10
3 16 -7.45 21.8 10 -4.5 22.95 10 -9 25.3 10
4 16 -7.45 21.8 10 -9 25.3 10 -13.6 25.15 10 -9.9 20.45 10
3 16 -11.35 19.25 10 -9.9 20.45 10 -13.6 25.15 10
3 16 -12.35 17.6 10 -12 18.3 10 -17.31 25.01 10
3 72 -13.35 2 10 -10.7 5.3 10 -13.53 3.08 10
4 16 -13.71 4.1 10 -14.345 2 10 -13.35 2 10 -13.53 3.08 10
4 16 -13.71 4.1 10 -12.35 17.6 10 -17.31 25.01 10 -14.345 2 10
3 16 -17.75 27.54 10 -18 29 10 -19 29 10
4 16 -17.44 25.76 10 -17.6 26.7 10 -17.75 27.54 10 -19 29 10
4 16 -17.44 25.76 10 -19 29 10 -14.345 2 10 -17.31 25.01 10
4 1 17.12 30.56 10 14.4 30.65 10 13.85 29.8 10 16.52 29.92 10
4 1 13.85 29.8 10 14.4 30.65 10 -.7 30.7 10 8.8 29.6 10
3 1 4.75 29.45 10 8.8 29.6 10 -.7 30.7 10
3 1 1.55 29.3 10 4.75 29.45 10 -.7 30.7 10
4 1 1.55 29.3 10 -.7 30.7 10 -8.35 29.45 10 -1.1 29.1 10
4 1 -18 30.65 10 -11.5 29.7 10 -8.35 29.45 10 -.7 30.7 10
3 1 -11.5 29.7 10 -18 30.65 10 -15.35 29.85 10
4 1 11.9 27.25 10 13.85 27.21 10 15.75 29.1 10 12.35 29.1 10
4 1 6.25 29.05 10 9.15 27.25 10 11.9 27.25 10 12.35 29.1 10
3 1 6.85 27.1 10 9.15 27.25 10 6.25 29.05 10
4 1 6.85 27.1 10 6.25 29.05 10 1.8 29 10 4.1 25.95 10
4 1 1.8 29 10 -.5 27.4 10 -1.05 26.1 10 4.1 25.95 10
4 1 -.5 27.4 10 -4.4 27.2 10 -5.3 26.1 10 -1.05 26.1 10
4 1 -4.4 27.2 10 -8.9 27 10 -10.2 26 10 -5.3 26.1 10
4 1 -8.9 27 10 -13.85 26.8 10 -14.45 25.85 10 -10.2 26 10
4 1 13.12 26.52 10 10.85 26.8 10 8.7 25.8 10 12.25 25.7 10
4 1 10.85 26.8 10 8.3 27 10 6.85 27.1 10 8.7 25.8 10
3 1 8.7 25.8 10 6.85 27.1 10 4.1 25.95 10
4 1 -5.4 27.55 10 -.5 27.4 10 1.8 29 10 -1.1 29.1 10
4 1 -1.1 29.1 10 -8.35 29.45 10 -10.6 27.5 10 -5.4 27.55 10
4 1 -8.35 29.45 10 -10.9 29.25 10 -15.2 27.45 10 -10.6 27.5 10
3 1 -15.2 27.45 10 -10.9 29.25 10 -14.65 29.25 10
