0 Minifig Torso with Vest with Black Folds, Medium Lavender Shoulders with Metallic Pink Trim Line Pattern
0 Name: 973pv5.dat
0 Author: Philippe Hurbain [Philo]
0 !LDRAW_ORG Unofficial_Part
0 !LICENSE Licensed under CC BY 4.0 : see CAreadme.txt

0 BFC CERTIFY CCW

0 !CATEGORY Minifig Torso
0 !KEYWORDS Bricklink 973pb6407, Guinan, Icons, Set 10356, Star Trek
0 !KEYWORDS The Next Generation, U.S.S. Enterprise NCC-1701-D

1 16 0 0 0 1 0 0 0 1 0 0 0 1 s\973s01.dat
1 15 0 -4 0 4.243 0 -4.243 0 -8 0 -4.243 0 -4.243 1-4cyli.dat

0 // Front
4 0 -18.19 31.31 -10 -14.66 31.31 -10 -15.34 30.48 -10 -16.59 30.61 -10
4 0 -14.66 31.31 -10 -14.48 30.95 -10 -14.44 30.56 -10 -15.34 30.48 -10
3 0 -16.59 30.61 -10 -18.18 30.59 -10 -18.19 31.31 -10
4 0 -15.34 30.48 -10 -14.65 29.45 -10 -14.84 21.75 -10 -15.34 22.04 -10
4 0 -14.29 30.44 -10 -14.65 29.45 -10 -15.34 30.48 -10 -14.44 30.56 -10
4 0 -10.45 29.42 -10 -9.75 29.29 -10 -9.55 29.14 -10 -10.2 28.41 -10
4 0 -14.29 30.44 -10 -12.29 30.26 -10 -12.74 29.38 -10 -13.8 29.51 -10
4 0 -12.29 30.26 -10 -12.05 30.12 -10 -11.79 29.52 -10 -12.74 29.38 -10
3 0 -15.12 19.14 -10 -15.23 19.68 -10 -15 19.6 -10
4 0 -15.34 22.04 -10 -14.84 21.75 -10 -15 19.6 -10 -15.23 19.68 -10
3 0 -10.2 28.41 -10 -9.55 29.14 -10 -9.41 28.77 -10
3 0 -13.8 29.51 -10 -14.65 29.45 -10 -14.29 30.44 -10
3 0 -10.45 29.42 -10 -10.2 28.41 -10 -10.97 28.56 -10
3 0 -12.74 29.38 -10 -11.79 29.52 -10 -12.04 28.58 -10
3 0 -12.27 23.47 -10 -12.4 23.19 -10 -12.52 23.52 -10
4 0 -12.74 29.38 -10 -12.04 28.58 -10 -12.16 24.36 -10 -12.65 24.82 -10
4 0 -12.65 24.82 -10 -12.16 24.36 -10 -12.27 23.47 -10 -12.52 23.52 -10
4 0 -10.45 29.42 -10 -10.97 28.56 -10 -12.04 28.58 -10 -11.79 29.52 -10
4 0 -9.52 27.55 -10 -9.27 28.59 -10 -9.02 28.49 -10 -9.15 27.6 -10
4 0 -9.41 28.77 -10 -9.27 28.59 -10 -9.52 27.55 -10 -10.2 28.41 -10
4 0 -7.71 27.45 -10 -8.47 27.6 -10 -9.02 28.49 -10 -7.62 28.43 -10
3 0 -7.62 28.43 -10 -7.31 28.37 -10 -7.71 27.45 -10
4 0 -7.31 28.37 -10 -7.09 28.23 -10 -6.82 27.4 -10 -7.71 27.45 -10
4 0 -5.43 26.25 -10 -6.28 26.38 -10 -6.61 27.32 -10 -5.2 27.15 -10
4 0 -4.74 26.87 -10 -5.43 26.25 -10 -5.2 27.15 -10 -4.91 27.04 -10
3 0 -9.75 24.3 -10 -9.84 24.09 -10 -9.96 24.31 -10
4 0 -10.2 28.41 -10 -9.52 27.55 -10 -9.64 25.04 -10 -10.11 25.21 -10
4 0 -10.11 25.21 -10 -9.64 25.04 -10 -9.75 24.3 -10 -9.96 24.31 -10
4 0 -6.61 27.32 -10 -6.94 26.41 -10 -7.71 27.45 -10 -6.82 27.4 -10
4 0 -4.67 12.81 -10 -4.68 13.32 -10 -2.67 13.66 -10 -3.26 13.17 -10
4 0 -3.26 13.17 -10 -2.67 13.66 -10 -.64 13.9 -10 -1.32 13.48 -10
3 0 -8.47 27.6 -10 -9.15 27.6 -10 -9.02 28.49 -10
3 0 1.42 13.9 -10 2.22 13.81 -10 2.47 13.73 -10
4 0 -.64 13.9 -10 1.42 13.9 -10 2.47 13.73 -10 -1.32 13.48 -10
4 0 -7.61 26.32 -10 -6.94 26.41 -10 -7.04 22.11 -10 -7.6 23.86 -10
4 0 -4.68 13.32 -10 -4.67 12.81 -10 -4.67 7.83 -10 -5.43 8.8 -10
4 0 -7.45 21.01 -10 -7.16 20.86 -10 -7.27 20.51 -10 -7.4 20.73 -10
4 0 -7.6 23.86 -10 -7.04 22.11 -10 -7.16 20.86 -10 -7.45 21.01 -10
3 0 -6.94 26.41 -10 -7.61 26.32 -10 -7.71 27.45 -10
4 0 -5.29 7.15 -10 -4.57 7.46 -10 -4.37 7.17 -10 -5.02 6.94 -10
4 0 -4.94 6.49 -10 -5.02 6.94 -10 -4.37 7.17 -10 -4.27 6.69 -10
4 0 .64 4.31 -10 -.15 3.64 -10 -2.35 3.51 -10 -1.56 4.24 -10
4 0 2.83 4.2 -10 2.11 3.58 -10 -.15 3.64 -10 .64 4.31 -10
4 0 .56 6.5 -10 -1.95 6.65 -10 -1.51 6.78 -10 -.61 6.83 -10
4 0 -.61 6.83 -10 .44 6.83 -10 1.48 6.76 -10 .56 6.5 -10
4 0 3.67 6.01 -10 2.15 6.31 -10 1.48 6.76 -10 3.02 6.54 -10
4 0 5.12 5.59 -10 5.12 6.06 -10 5.15 6.94 -10 5.82 6.77 -10
4 0 5.52 7.56 -10 5.82 6.77 -10 5.15 6.94 -10 5.25 7.2 -10
3 0 1.48 6.76 -10 2.15 6.31 -10 .56 6.5 -10
4 0 3.02 6.54 -10 5.12 6.06 -10 5.12 5.59 -10 3.67 6.01 -10
4 0 5.6 26.98 -10 5.9 27.17 -10 6.24 26.18 -10 5.54 26.58 -10
4 0 5.55 7.84 -10 6.11 7.13 -10 5.82 6.77 -10 5.52 7.56 -10
4 0 8.03 28.36 -10 8.19 28.41 -10 8.55 27.39 -10 7.87 28.2 -10
4 0 8.55 27.39 -10 8.19 28.41 -10 8.55 28.48 -10 8.76 27.5 -10
4 0 9.91 27.61 -10 9.25 27.58 -10 8.55 28.48 -10 10.1 28.6 -10
3 0 8.76 27.5 -10 8.55 28.48 -10 9.25 27.58 -10
4 0 10.37 29.18 -10 10.67 29.35 -10 11.08 28.38 -10 10.28 28.79 -10
4 0 12.91 28.58 -10 11.86 28.55 -10 11.16 29.45 -10 12.64 29.58 -10
4 0 10.67 29.35 -10 11.16 29.45 -10 11.86 28.55 -10 11.08 28.38 -10
4 0 10.39 27.56 -10 10.1 28.6 -10 10.28 28.79 -10 11.08 28.38 -10
4 0 12.77 29.77 -10 12.91 30.17 -10 13.08 30.31 -10 13.61 29.36 -10
3 0 13.08 30.31 -10 13.59 30.39 -10 13.61 29.36 -10
4 0 14.84 30.43 -10 14.66 29.5 -10 13.61 29.36 -10 13.59 30.39 -10
4 0 12.77 29.77 -10 13.61 29.36 -10 12.91 28.58 -10 12.64 29.58 -10
4 0 15.3 30.63 -10 15.38 31.07 -10 15.47 31.31 -10 16.22 30.45 -10
4 0 15.47 31.31 -10 18.18 31.31 -10 18.18 30.63 -10 17.27 30.59 -10
3 0 15.47 31.31 -10 17.27 30.59 -10 16.22 30.45 -10
4 0 15.93 19.01 -10 15.69 19.84 -10 15.56 22.14 -10 16.06 21.52 -10
4 0 15.5 29.45 -10 15.16 30.5 -10 15.3 30.63 -10 16.22 30.45 -10
4 0 16.22 30.45 -10 16.06 21.52 -10 15.56 22.14 -10 15.5 29.45 -10
3 0 15.93 19.01 -10 15.81 18.88 -10 15.69 19.84 -10
4 0 8.47 27.06 -10 7.8 26.41 -10 7.36 27.37 -10 7.76 27.52 -10
4 0 15.16 30.5 -10 15.5 29.45 -10 14.66 29.5 -10 14.84 30.43 -10
4 0 12.99 24.6 -10 12.91 28.58 -10 13.61 29.36 -10 13.52 24.8 -10
4 0 13.14 23.47 -10 12.99 24.6 -10 13.52 24.8 -10 13.38 23.5 -10
3 0 13.38 23.5 -10 13.26 23.17 -10 13.14 23.47 -10
4 0 11.08 28.38 -10 10.93 24.99 -10 10.5 25.22 -10 10.39 27.56 -10
4 0 10.93 24.99 -10 10.88 24.57 -10 10.66 24.09 -10 10.5 25.22 -10
3 0 10.39 27.56 -10 9.91 27.61 -10 10.1 28.6 -10
4 0 7.87 28.2 -10 8.55 27.39 -10 8.47 27.06 -10 7.76 27.52 -10
3 0 -6.61 27.32 -10 -6.28 26.38 -10 -6.94 26.41 -10
3 0 -5.43 8.8 -10 -5.43 26.25 -10 -4.68 13.32 -10
4 0 -4.74 26.87 -10 -4.65 26.61 -10 -4.68 13.32 -10 -5.43 26.25 -10
3 0 -5.43 8.8 -10 -4.67 7.83 -10 -5.86 8.71 -10
3 0 7.36 27.37 -10 7.8 26.41 -10 7.09 26.37 -10
3 0 8.47 27.06 -10 8.44 26.4 -10 7.8 26.41 -10
4 0 8.39 21.46 -10 8.29 20.82 -10 8.13 20.51 -10 8 20.93 -10
4 0 8.45 23.38 -10 8.39 21.46 -10 8 20.93 -10 7.88 22.19 -10
4 0 8.44 26.4 -10 8.45 23.38 -10 7.88 22.19 -10 7.8 26.41 -10
3 0 -7.23 16.71 -10 -7.11 15.21 -10 -7.32 17.06 -10
4 0 -7 9.3 -10 -7.51 10.74 -10 -7.32 17.06 -10 -7.11 15.21 -10
3 0 -7.61 9.85 -10 -7.51 10.74 -10 -7 9.3 -10
3 0 -7.81 9.79 -10 -7.61 9.85 -10 -7 9.3 -10
3 0 -7 9.3 -10 -6.84 9.06 -10 -8.78 9.12 -10
4 0 -7 9.3 -10 -8.78 9.12 -10 -8.2 9.79 -10 -7.81 9.79 -10
4 0 -5.29 7.15 -10 -8.78 9.12 -10 -6.84 9.06 -10 -6.39 8.79 -10
3 0 -8.73 9.97 -10 -8.2 9.79 -10 -8.78 9.12 -10
3 0 -9.79 20.88 -10 -9.67 19.23 -10 -9.9 21.23 -10
4 0 -9.52 10.71 -10 -10.21 11.54 -10 -9.9 21.23 -10 -9.67 19.23 -10
4 0 -8.78 9.12 -10 -12.13 11.24 -10 -9.52 10.71 -10 -9.28 10.36 -10
4 0 -10.21 11.54 -10 -9.52 10.71 -10 -12.13 11.24 -10 -10.77 11.46 -10
3 0 -11.36 11.58 -10 -10.77 11.46 -10 -12.13 11.24 -10
3 0 -9.28 10.36 -10 -8.73 9.97 -10 -8.78 9.12 -10
4 0 -12.28 18.74 -10 -12.67 20.02 -10 -12.57 21.36 -10 -12.47 21.59 -10
4 0 -12.17 12.44 -10 -12.78 13.67 -10 -12.67 20.02 -10 -12.28 18.74 -10
3 0 -12.87 13.5 -10 -12.78 13.67 -10 -12.17 12.44 -10
3 0 -12.87 13.5 -10 -12.17 12.44 -10 -13.02 13.42 -10
3 0 -12.17 12.44 -10 -12.05 12.15 -10 -12.13 11.24 -10
4 0 -12.13 11.24 -10 -13.21 13.39 -10 -13.02 13.42 -10 -12.17 12.44 -10
3 0 -12.05 12.15 -10 -11.86 11.91 -10 -12.13 11.24 -10
3 0 -14.35 13.83 -10 -13.67 13.49 -10 -15.28 13.57 -10
4 0 -14.98 17.49 -10 -15.36 17.43 -10 -15.19 18.11 -10 -15.04 17.79 -10
4 0 -14.74 14.26 -10 -15.42 14.41 -10 -15.45 16.28 -10 -14.86 14.83 -10
4 0 -14.86 14.83 -10 -15.45 16.28 -10 -15.36 17.43 -10 -14.98 17.49 -10
4 0 -13.21 13.39 -10 -12.13 11.24 -10 -15.28 13.57 -10 -13.67 13.49 -10
4 0 -15.42 14.41 -10 -14.74 14.26 -10 -14.35 13.83 -10 -15.28 13.57 -10
3 0 -12.13 11.24 -10 -11.86 11.91 -10 -11.36 11.58 -10
3 0 -5.29 7.15 -10 -6.39 8.79 -10 -5.86 8.71 -10
4 0 -4.27 6.69 -10 -4.24 3.89 -10 -4.91 1.03 -10 -4.94 6.49 -10
4 0 -4.26 1.03 -10 -4.91 1.03 -10 -4.24 3.89 -10 -4.24 3.19 -10
4 0 -4.57 7.46 -10 -5.29 7.15 -10 -5.86 8.71 -10 -4.67 7.83 -10
3 0 -3.35 3.38 -10 -4.24 3.19 -10 -4.24 3.89 -10
4 0 -1.56 4.24 -10 -2.35 3.51 -10 -3.35 3.38 -10 -4.24 3.89 -10
4 0 5.12 3.91 -10 4.21 3.36 -10 2.11 3.58 -10 2.83 4.2 -10
3 0 5.12 3.19 -10 4.21 3.36 -10 5.12 3.91 -10
4 0 5.14 1.03 -10 5.12 3.19 -10 5.12 3.91 -10 5.77 1.03 -10
4 0 5.12 5.59 -10 5.82 6.77 -10 5.77 1.03 -10 5.12 3.91 -10
4 0 12.32 10.82 -10 9.28 8.89 -10 9.56 9.94 -10 10.1 10.32 -10
3 0 12.69 11.88 -10 12.32 10.82 -10 12.16 11.55 -10
4 0 5.55 7.84 -10 5.54 26.58 -10 6.24 26.18 -10 6.29 8.88 -10
3 0 14.74 13.57 -10 15.35 13.91 -10 15.22 12.88 -10
4 0 7.36 27.37 -10 7.09 26.37 -10 6.24 26.18 -10 5.9 27.17 -10
4 0 13.08 12.71 -10 13.92 13.44 -10 14.35 13.45 -10 13.03 12.39 -10
4 0 14.74 13.57 -10 15.22 12.88 -10 13.03 12.39 -10 14.35 13.45 -10
3 0 13.69 13.5 -10 13.92 13.44 -10 13.08 12.71 -10
4 0 12.32 10.82 -10 12.89 12.12 -10 13.03 12.39 -10 15.22 12.88 -10
3 0 5.55 7.84 -10 6.29 8.88 -10 6.59 8.73 -10
4 0 13.15 18.8 -10 13.33 21.6 -10 13.43 21.35 -10 13.48 20.6 -10
4 0 13.48 20.6 -10 13.62 14.36 -10 13.08 12.71 -10 13.15 18.8 -10
3 0 13.08 12.71 -10 13.62 14.36 -10 13.69 13.5 -10
4 0 5.55 7.84 -10 6.59 8.73 -10 6.81 8.71 -10 6.11 7.13 -10
3 0 12.69 11.88 -10 12.89 12.12 -10 12.32 10.82 -10
3 0 6.11 7.13 -10 6.81 8.71 -10 7.31 8.79 -10
4 0 6.11 7.13 -10 7.31 8.79 -10 7.54 8.92 -10 9.28 8.89 -10
3 0 12.16 11.55 -10 12.32 10.82 -10 11.6 11.43 -10
3 0 11.6 11.43 -10 12.32 10.82 -10 11.35 11.46 -10
3 0 7.54 8.92 -10 7.73 9.12 -10 9.28 8.89 -10
4 0 8.18 17.06 -10 8.31 15.49 -10 7.97 15.2 -10 8.09 16.71 -10
4 0 7.91 9.74 -10 7.97 15.2 -10 8.31 15.49 -10 8.35 10.86 -10
3 0 7.91 9.74 -10 8.35 10.86 -10 8.45 9.83 -10
4 0 7.91 9.74 -10 8.45 9.83 -10 9.28 8.89 -10 7.86 9.39 -10
3 0 8.45 9.83 -10 9.06 9.8 -10 9.28 8.89 -10
3 0 7.73 9.12 -10 7.86 9.39 -10 9.28 8.89 -10
3 0 9.06 9.8 -10 9.56 9.94 -10 9.28 8.89 -10
4 0 10.42 11.06 -10 10.48 18.16 -10 10.94 17.85 -10 11.03 11.67 -10
4 0 10.94 17.85 -10 10.48 18.16 -10 10.69 21.23 -10 10.8 20.89 -10
4 0 10.35 10.65 -10 10.42 11.06 -10 11.03 11.67 -10 11.35 11.46 -10
4 0 11.35 11.46 -10 12.32 10.82 -10 10.1 10.32 -10 10.35 10.65 -10
4 16 -3.26 13.17 -10 -1.32 13.48 -10 -.61 6.83 -10 -1.51 6.78 -10
4 16 -19 29 -10 -19 32 -10 -18.19 31.31 -10 -18.18 30.59 -10
4 16 -18.18 30.59 -10 -16.59 30.61 -10 -15.34 30.48 -10 -19 29 -10
3 16 -19 29 -10 -15.34 30.48 -10 -15.34 22.04 -10
3 16 -15.42 14.41 -10 -19 29 -10 -15.45 16.28 -10
4 16 18.18 31.31 -10 19 32 -10 19 29 -10 18.18 30.63 -10
4 16 15.35 13.91 -10 19 29 -10 14.345 2 -10 15.22 12.88 -10
4 16 18.18 30.63 -10 19 29 -10 16.22 30.45 -10 17.27 30.59 -10
3 16 16.06 21.52 -10 16.22 30.45 -10 19 29 -10
3 16 15.93 19.01 -10 19 29 -10 15.35 13.91 -10
4 16 -15.36 17.43 -10 -19 29 -10 -15.34 22.04 -10 -15.23 19.68 -10
3 16 15.93 19.01 -10 16.06 21.52 -10 19 29 -10
4 16 -14.84 21.75 -10 -14.65 29.45 -10 -13.8 29.51 -10 -12.65 24.82 -10
3 16 -13.8 29.51 -10 -12.74 29.38 -10 -12.65 24.82 -10
3 16 -12.65 24.82 -10 -12.52 23.52 -10 -14.84 21.75 -10
3 16 -14.84 21.75 -10 -12.52 23.52 -10 -12.4 23.19 -10
4 16 -15.04 17.79 -10 -15.12 19.14 -10 -15 19.6 -10 -12.67 20.02 -10
4 16 -12.4 23.19 -10 -12.47 21.59 -10 -12.57 21.36 -10 -14.84 21.75 -10
4 16 13.62 14.36 -10 15.81 18.88 -10 15.93 19.01 -10 15.35 13.91 -10
4 16 -12.16 24.36 -10 -12.04 28.58 -10 -10.97 28.56 -10 -10.11 25.21 -10
3 16 -10.97 28.56 -10 -10.2 28.41 -10 -10.11 25.21 -10
3 16 -10.11 25.21 -10 -9.96 24.31 -10 -12.16 24.36 -10
4 16 -12.16 24.36 -10 -9.96 24.31 -10 -9.84 24.09 -10 -12.27 23.47 -10
4 16 -12.4 23.19 -10 -12.27 23.47 -10 -9.84 24.09 -10 -9.9 21.23 -10
4 16 -15 19.6 -10 -14.84 21.75 -10 -12.57 21.36 -10 -12.67 20.02 -10
4 16 14.66 29.5 -10 15.5 29.45 -10 15.56 22.14 -10 13.52 24.8 -10
3 16 13.52 24.8 -10 13.61 29.36 -10 14.66 29.5 -10
3 16 13.38 23.5 -10 13.52 24.8 -10 15.56 22.14 -10
4 16 13.33 21.6 -10 13.26 23.17 -10 13.38 23.5 -10 15.56 22.14 -10
4 16 -9.15 27.6 -10 -8.47 27.6 -10 -7.71 27.45 -10 -7.61 26.32 -10
4 16 -9.75 24.3 -10 -9.64 25.04 -10 -7.61 26.32 -10 -7.6 23.86 -10
4 16 -9.52 27.55 -10 -9.15 27.6 -10 -7.61 26.32 -10 -9.64 25.04 -10
4 16 -9.75 24.3 -10 -7.6 23.86 -10 -9.9 21.23 -10 -9.84 24.09 -10
4 16 -7.6 23.86 -10 -7.45 21.01 -10 -9.79 20.88 -10 -9.9 21.23 -10
4 16 -7.45 21.01 -10 -7.4 20.73 -10 -9.67 19.23 -10 -9.79 20.88 -10
4 16 15.69 19.84 -10 13.48 20.6 -10 13.43 21.35 -10 15.56 22.14 -10
3 16 -7.04 22.11 -10 -6.94 26.41 -10 -6.28 26.38 -10
4 16 -7 9.3 -10 -7.11 15.21 -10 -5.43 26.25 -10 -5.43 8.8 -10
3 16 -5.43 8.8 -10 -5.86 8.71 -10 -7 9.3 -10
4 16 -5.86 8.71 -10 -6.39 8.79 -10 -6.84 9.06 -10 -7 9.3 -10
4 16 -6.28 26.38 -10 -5.43 26.25 -10 -7.16 20.86 -10 -7.04 22.11 -10
4 16 -7.16 20.86 -10 -5.43 26.25 -10 -7.11 15.21 -10 -7.23 16.71 -10
4 16 -7.61 9.85 -10 -7.81 9.79 -10 -8.2 9.79 -10 -7.51 10.74 -10
4 16 -7.23 16.71 -10 -7.32 17.06 -10 -7.27 20.51 -10 -7.16 20.86 -10
4 16 -8.2 9.79 -10 -8.73 9.97 -10 -9.28 10.36 -10 -7.51 10.74 -10
3 16 -9.28 10.36 -10 -9.52 10.71 -10 -7.51 10.74 -10
4 16 -7.51 10.74 -10 -9.52 10.71 -10 -9.67 19.23 -10 -7.32 17.06 -10
4 16 -7.4 20.73 -10 -7.27 20.51 -10 -7.32 17.06 -10 -9.67 19.23 -10
3 16 15.56 22.14 -10 13.43 21.35 -10 13.33 21.6 -10
4 16 -9.9 21.23 -10 -10.21 11.54 -10 -12.17 12.44 -10 -12.28 18.74 -10
4 16 -10.21 11.54 -10 -10.77 11.46 -10 -11.36 11.58 -10 -12.17 12.44 -10
4 16 -11.36 11.58 -10 -11.86 11.91 -10 -12.05 12.15 -10 -12.17 12.44 -10
3 16 11.86 28.55 -10 12.91 28.58 -10 12.99 24.6 -10
4 16 11.08 28.38 -10 11.86 28.55 -10 12.99 24.6 -10 10.93 24.99 -10
4 16 10.93 24.99 -10 12.99 24.6 -10 13.14 23.47 -10 10.88 24.57 -10
4 16 10.88 24.57 -10 13.14 23.47 -10 10.69 21.23 -10 10.66 24.09 -10
4 16 13.33 21.6 -10 10.69 21.23 -10 13.14 23.47 -10 13.26 23.17 -10
4 16 8.44 26.4 -10 9.91 27.61 -10 10.39 27.56 -10 10.5 25.22 -10
4 16 9.91 27.61 -10 8.44 26.4 -10 8.47 27.06 -10 9.25 27.58 -10
4 16 9.25 27.58 -10 8.47 27.06 -10 8.55 27.39 -10 8.76 27.5 -10
4 16 10.66 24.09 -10 8.45 23.38 -10 8.44 26.4 -10 10.5 25.22 -10
4 16 -12.4 23.19 -10 -9.9 21.23 -10 -12.28 18.74 -10 -12.47 21.59 -10
4 16 8.39 21.46 -10 8.45 23.38 -10 10.66 24.09 -10 10.69 21.23 -10
4 16 -12.67 20.02 -10 -12.78 13.67 -10 -14.86 14.83 -10 -14.98 17.49 -10
4 16 -12.87 13.5 -10 -13.02 13.42 -10 -13.21 13.39 -10 -12.78 13.67 -10
4 16 -14.35 13.83 -10 -12.78 13.67 -10 -13.21 13.39 -10 -13.67 13.49 -10
4 16 -14.74 14.26 -10 -14.86 14.83 -10 -12.78 13.67 -10 -14.35 13.83 -10
3 16 8.29 20.82 -10 8.39 21.46 -10 10.69 21.23 -10
3 16 -12.67 20.02 -10 -14.98 17.49 -10 -15.04 17.79 -10
4 16 10.48 18.16 -10 8.13 20.51 -10 8.29 20.82 -10 10.69 21.23 -10
3 16 -15.12 19.14 -10 -15.04 17.79 -10 -15.19 18.11 -10
4 16 6.24 26.18 -10 7.09 26.37 -10 7.8 26.41 -10 7.88 22.19 -10
4 16 8.09 16.71 -10 7.97 15.2 -10 6.29 8.88 -10 6.24 26.18 -10
4 16 7.73 9.12 -10 7.54 8.92 -10 7.31 8.79 -10 7.86 9.39 -10
4 16 6.81 8.71 -10 7.91 9.74 -10 7.86 9.39 -10 7.31 8.79 -10
3 16 7.97 15.2 -10 7.91 9.74 -10 6.29 8.88 -10
4 16 6.59 8.73 -10 6.29 8.88 -10 7.91 9.74 -10 6.81 8.71 -10
4 16 8.09 16.71 -10 6.24 26.18 -10 7.88 22.19 -10 8 20.93 -10
4 16 -15.12 19.14 -10 -15.19 18.11 -10 -15.36 17.43 -10 -15.23 19.68 -10
4 16 8 20.93 -10 8.13 20.51 -10 8.18 17.06 -10 8.09 16.71 -10
3 16 -15.36 17.43 -10 -15.45 16.28 -10 -19 29 -10
4 16 8.31 15.49 -10 8.18 17.06 -10 8.13 20.51 -10 10.48 18.16 -10
4 16 10.42 11.06 -10 10.1 10.32 -10 9.56 9.94 -10 8.35 10.86 -10
4 16 8.45 9.83 -10 8.35 10.86 -10 9.56 9.94 -10 9.06 9.8 -10
3 16 10.35 10.65 -10 10.1 10.32 -10 10.42 11.06 -10
4 16 8.35 10.86 -10 8.31 15.49 -10 10.48 18.16 -10 10.42 11.06 -10
4 16 -19 29 -10 -15.42 14.41 -10 -15.28 13.57 -10 -14.345 2 -10
3 16 -14.345 2 -10 -15.28 13.57 -10 -15.01 12 -10
3 16 -14.345 2 -10 -15.01 12 -10 -13.35 2.75 -10
3 16 -14.345 2 -10 -13.35 2.75 -10 -13.17 2.19 -10
4 16 -12 0 -10 -14.345 2 -10 -13.17 2.19 -10 -12.87 1.67 -10
4 16 13.08 12.71 -10 10.94 17.85 -10 10.8 20.89 -10 13.15 18.8 -10
4 16 10.69 21.23 -10 13.33 21.6 -10 13.15 18.8 -10 10.8 20.89 -10
4 16 12.16 11.55 -10 11.6 11.43 -10 11.35 11.46 -10 11.03 11.67 -10
4 16 12.16 11.55 -10 11.03 11.67 -10 10.94 17.85 -10 13.08 12.71 -10
4 16 12.16 11.55 -10 13.08 12.71 -10 12.89 12.12 -10 12.69 11.88 -10
3 16 13.08 12.71 -10 13.03 12.39 -10 12.89 12.12 -10
3 16 -12 0 -10 -12.87 1.67 -10 -12.38 1.25 -10
3 16 -12 0 -10 -12.38 1.25 -10 -11.73 1.03 -10
3 16 -12 0 -10 -11.73 1.03 -10 -5.97 1.03 -10
4 16 5.14 1.03 -10 12 0 -10 -12 0 -10 -4.26 1.03 -10
3 16 -12 0 -10 -5.97 1.03 -10 -4.91 1.03 -10
3 16 -12 0 -10 -4.91 1.03 -10 -4.26 1.03 -10
4 16 14.35 13.45 -10 13.92 13.44 -10 13.69 13.5 -10 13.62 14.36 -10
4 16 15.69 19.84 -10 15.81 18.88 -10 13.62 14.36 -10 13.48 20.6 -10
3 16 -4.26 1.03 -10 -4.24 3.19 -10 -3.35 3.38 -10
4 16 -.15 3.64 -10 -4.26 1.03 -10 -3.35 3.38 -10 -2.35 3.51 -10
4 16 -.15 3.64 -10 2.11 3.58 -10 4.21 3.36 -10 5.14 1.03 -10
3 16 4.21 3.36 -10 5.12 3.19 -10 5.14 1.03 -10
3 16 5.14 1.03 -10 5.77 1.03 -10 12 0 -10
3 16 5.77 1.03 -10 6.83 1.03 -10 12 0 -10
3 16 6.83 1.03 -10 11.99 1.03 -10 12 0 -10
4 16 15.35 13.91 -10 14.74 13.57 -10 14.35 13.45 -10 13.62 14.36 -10
4 16 13.36 2.77 -10 14.93 11.36 -10 15.22 12.88 -10 14.345 2 -10
3 16 -4.26 1.03 -10 -.15 3.64 -10 5.14 1.03 -10
3 16 12 0 -10 11.99 1.03 -10 12.52 1.35 -10
3 16 13.22 2.24 -10 13.36 2.77 -10 14.345 2 -10
4 16 12.94 1.76 -10 14.345 2 -10 12 0 -10 12.52 1.35 -10
3 16 12.94 1.76 -10 13.22 2.24 -10 14.345 2 -10
3 16 19 32 -10 18.18 31.31 -10 15.47 31.31 -10
4 16 -19 32 -10 19 32 -10 15.47 31.31 -10 -14.66 31.31 -10
3 16 -14.66 31.31 -10 -18.19 31.31 -10 -19 32 -10
4 16 -14.44 30.56 -10 -14.48 30.95 -10 -12.29 30.26 -10 -14.29 30.44 -10
4 16 -14.48 30.95 -10 -14.66 31.31 -10 13.08 30.31 -10 -12.29 30.26 -10
4 16 15.38 31.07 -10 15.3 30.63 -10 15.16 30.5 -10 14.84 30.43 -10
4 16 14.84 30.43 -10 13.59 30.39 -10 15.47 31.31 -10 15.38 31.07 -10
4 16 -14.66 31.31 -10 15.47 31.31 -10 13.59 30.39 -10 13.08 30.31 -10
3 16 -10.45 29.42 -10 -11.79 29.52 -10 -12.05 30.12 -10
4 16 -12.29 30.26 -10 -9.75 29.29 -10 -10.45 29.42 -10 -12.05 30.12 -10
4 16 12.91 30.17 -10 12.77 29.77 -10 12.64 29.58 -10 11.16 29.45 -10
4 16 -12.29 30.26 -10 13.08 30.31 -10 10.67 29.35 -10 -9.75 29.29 -10
4 16 12.91 30.17 -10 11.16 29.45 -10 10.67 29.35 -10 13.08 30.31 -10
4 16 -9.27 28.59 -10 -9.41 28.77 -10 -9.55 29.14 -10 -9.02 28.49 -10
4 16 -9.55 29.14 -10 -9.75 29.29 -10 -7.31 28.37 -10 -7.62 28.43 -10
3 16 -7.62 28.43 -10 -9.02 28.49 -10 -9.55 29.14 -10
4 16 10.67 29.35 -10 8.19 28.41 -10 -7.31 28.37 -10 -9.75 29.29 -10
4 16 10.28 28.79 -10 10.1 28.6 -10 8.55 28.48 -10 10.37 29.18 -10
4 16 10.67 29.35 -10 10.37 29.18 -10 8.55 28.48 -10 8.19 28.41 -10
4 16 -6.82 27.4 -10 -7.09 28.23 -10 -5.2 27.15 -10 -6.61 27.32 -10
4 16 -7.09 28.23 -10 -7.31 28.37 -10 8.19 28.41 -10 8.03 28.36 -10
4 16 5.9 27.17 -10 -4.91 27.04 -10 -5.2 27.15 -10 -7.09 28.23 -10
4 16 5.9 27.17 -10 7.87 28.2 -10 7.76 27.52 -10 7.36 27.37 -10
4 16 -4.74 26.87 -10 -4.91 27.04 -10 5.9 27.17 -10 5.6 26.98 -10
4 16 -7.09 28.23 -10 8.03 28.36 -10 7.87 28.2 -10 5.9 27.17 -10
3 16 -2.67 13.66 -10 -4.68 13.32 -10 -4.65 26.61 -10
3 16 -.64 13.9 -10 -2.67 13.66 -10 -4.65 26.61 -10
4 16 5.54 26.58 -10 5.55 7.84 -10 3.02 6.54 -10 2.47 13.73 -10
4 16 -4.74 26.87 -10 5.6 26.98 -10 5.54 26.58 -10 -4.65 26.61 -10
3 16 2.22 13.81 -10 1.42 13.9 -10 5.54 26.58 -10
4 16 -.64 13.9 -10 -4.65 26.61 -10 5.54 26.58 -10 1.42 13.9 -10
4 16 -4.67 12.81 -10 -3.26 13.17 -10 -1.51 6.78 -10 -4.67 7.83 -10
3 16 2.47 13.73 -10 2.22 13.81 -10 5.54 26.58 -10
3 16 5.15 6.94 -10 5.12 6.06 -10 3.02 6.54 -10
4 16 5.52 7.56 -10 5.25 7.2 -10 3.02 6.54 -10 5.55 7.84 -10
3 16 5.25 7.2 -10 5.15 6.94 -10 3.02 6.54 -10
4 16 -1.51 6.78 -10 -1.95 6.65 -10 -4.37 7.17 -10 -4.67 7.83 -10
3 16 -4.57 7.46 -10 -4.67 7.83 -10 -4.37 7.17 -10
4 16 -1.56 4.24 -10 -4.24 3.89 -10 -4.27 6.69 -10 -1.95 6.65 -10
3 16 -4.27 6.69 -10 -4.37 7.17 -10 -1.95 6.65 -10
3 16 2.47 13.73 -10 3.02 6.54 -10 1.48 6.76 -10
4 16 5.12 5.59 -10 5.12 3.91 -10 2.83 4.2 -10 3.67 6.01 -10
4 16 .56 6.5 -10 2.15 6.31 -10 2.83 4.2 -10 .64 4.31 -10
4 16 .64 4.31 -10 -1.56 4.24 -10 -1.95 6.65 -10 .56 6.5 -10
4 16 -1.32 13.48 -10 2.47 13.73 -10 1.48 6.76 -10 .44 6.83 -10
3 16 .44 6.83 -10 -.61 6.83 -10 -1.32 13.48 -10
3 16 2.15 6.31 -10 3.67 6.01 -10 2.83 4.2 -10
4 30 -13.35 2.75 -10 -9.27 8.25 -10 -5.97 6.36 -10 -11.73 1.03 -10
3 30 -5.97 6.36 -10 -5.97 1.03 -10 -11.73 1.03 -10
4 30 -12.38 1.25 -10 -12.87 1.67 -10 -13.17 2.19 -10 -11.73 1.03 -10
3 30 -13.17 2.19 -10 -13.35 2.75 -10 -11.73 1.03 -10
3 30 -13.35 2.75 -10 -15.01 12 -10 -12.44 10.28 -10
3 30 -12.44 10.28 -10 -9.27 8.25 -10 -13.35 2.75 -10
3 30 6.83 1.03 -10 6.86 6.36 -10 11.99 1.03 -10
3 30 11.99 1.03 -10 13.36 2.77 -10 12.52 1.35 -10
3 30 12.33 9.59 -10 14.93 11.36 -10 13.36 2.77 -10
4 30 9.62 7.94 -10 13.36 2.77 -10 11.99 1.03 -10 6.86 6.36 -10
3 30 9.62 7.94 -10 12.33 9.59 -10 13.36 2.77 -10
4 30 13.36 2.77 -10 13.22 2.24 -10 12.94 1.76 -10 12.52 1.35 -10
4 10049 12.33 9.59 -10 12.32 10.82 -10 15.22 12.88 -10 14.93 11.36 -10
4 10049 -5.29 7.15 -10 -5.02 6.94 -10 -4.94 6.49 -10 -5.97 6.36 -10
4 10049 -4.94 6.49 -10 -4.91 1.03 -10 -5.97 1.03 -10 -5.97 6.36 -10
4 10049 -5.29 7.15 -10 -5.97 6.36 -10 -9.27 8.25 -10 -8.78 9.12 -10
4 10049 -12.13 11.24 -10 -8.78 9.12 -10 -9.27 8.25 -10 -12.44 10.28 -10
4 10049 -12.44 10.28 -10 -15.01 12 -10 -15.28 13.57 -10 -12.13 11.24 -10
4 10049 6.83 1.03 -10 5.77 1.03 -10 5.82 6.77 -10 6.86 6.36 -10
4 10049 9.28 8.89 -10 6.86 6.36 -10 5.82 6.77 -10 6.11 7.13 -10
3 10049 9.62 7.94 -10 6.86 6.36 -10 9.28 8.89 -10
4 10049 9.62 7.94 -10 9.28 8.89 -10 12.32 10.82 -10 12.33 9.59 -10

0 // Back
3 0 -.53 12.55 10 1.06 13.74 10 .6 13.82 10
4 0 4.13 31.31 10 4.16 26.01 10 4.74 25.81 10 4.8 28.58 10
4 0 -5.74 31.31 10 -5.68 25.83 10 -5.12 25.81 10 -5.08 31.31 10
3 0 -8.07 22.77 10 -8.01 25.37 10 -8.48 23.17 10
3 0 -10.58 22.88 10 -10.52 25 10 -10.89 23.73 10
3 0 -2.85 25.76 10 -2.75 27.47 10 -3.23 26.51 10
4 0 -14.73 10.5 10 -14.56 9.33 10 -13.12 11.26 10 -14.2 10.8 10
4 0 -7.55 12.37 10 -9.51 12.14 10 -11.93 11.3 10 -14.56 9.33 10
3 0 -14.56 9.33 10 -11.93 11.3 10 -12.55 11.16 10
4 0 -2.18 13.74 10 -2.22 12.27 10 -1.31 12.46 10 -1.69 13.76 10
4 0 -2.22 12.27 10 -7.07 12.38 10 -7.55 12.37 10 -14.56 9.33 10
4 0 -13.52 20.31 10 -13.66 18.9 10 -13.35 18.91 10 -13.42 19.82 10
4 0 -13.81 11.53 10 -13.25 11.65 10 -13.35 18.91 10 -13.66 18.9 10
4 0 -13.98 11.04 10 -13.12 11.26 10 -13.25 11.65 10 -13.81 11.53 10
3 0 -12.55 11.16 10 -13.12 11.26 10 -14.56 9.33 10
3 0 -13.12 11.26 10 -13.98 11.04 10 -14.2 10.8 10
3 0 14.6 9.67 10 14.73 10.38 10 14.03 10.46 10
4 0 14.03 10.46 10 13.48 10.64 10 11.68 11.14 10 14.6 9.67 10
3 0 14.6 9.67 10 11.68 11.14 10 11.1 11.24 10
4 0 12.07 11.24 10 11.68 11.14 10 13.48 10.64 10 13.08 10.94 10
4 0 12.73 18.19 10 12.36 17.3 10 12.29 11.61 10 12.87 11.4 10
3 0 12.62 19.94 10 12.55 20.3 10 12.43 19.3 10
4 0 12.62 19.94 10 12.43 19.3 10 12.36 17.3 10 12.73 18.19 10
4 0 13.08 10.94 10 12.87 11.4 10 12.29 11.61 10 12.07 11.24 10
3 0 -11.39 11.65 10 -11.63 11.44 10 -10.04 12.13 10
4 0 -7.07 12.38 10 -2.22 12.27 10 -4.77 13.1 10 -6.64 12.52 10
4 0 -10.56 12.29 10 -11.22 11.91 10 -11.39 11.65 10 -10.04 12.13 10
4 0 -11.93 11.3 10 -9.51 12.14 10 -10.04 12.13 10 -11.63 11.44 10
4 0 8.57 12.14 10 6.41 12.33 10 14.6 9.67 10 11.1 11.24 10
4 0 -11.06 18.48 10 -10.73 18.87 10 -10.87 20.66 10 -10.95 20.22 10
4 0 -11.15 12.24 10 -10.62 12.93 10 -10.73 18.87 10 -11.06 18.48 10
4 0 -11.22 11.91 10 -10.56 12.29 10 -10.62 12.93 10 -11.15 12.24 10
4 0 9.14 12.14 10 8.57 12.14 10 11.1 11.24 10 10.58 11.55 10
4 0 10.19 12.24 10 10.09 18.58 10 9.74 19.49 10 9.7 13.84 10
3 0 9.99 20.29 10 9.91 20.65 10 9.81 20.24 10
4 0 10.09 18.58 10 9.99 20.29 10 9.81 20.24 10 9.74 19.49 10
4 0 10.24 11.99 10 10.19 12.24 10 9.7 13.84 10 9.61 12.31 10
3 0 -8.31 16.82 10 -8.41 17.05 10 -8.55 16.46 10
4 0 -8.73 12.57 10 -8.06 12.53 10 -8.17 15.81 10 -8.64 15.46 10
4 0 -8.64 15.46 10 -8.17 15.81 10 -8.31 16.82 10 -8.55 16.46 10
3 0 -8.06 12.53 10 -8.73 12.57 10 -8.97 12.35 10
4 0 -8.06 12.53 10 -8.97 12.35 10 -9.51 12.14 10 -7.55 12.37 10
3 0 -2.22 12.27 10 -4.26 13.12 10 -4.77 13.1 10
4 0 10.58 11.55 10 10.24 11.99 10 9.61 12.31 10 9.14 12.14 10
3 0 -4.26 13.12 10 -2.22 12.27 10 -3.79 13.26 10
4 0 -5.25 13.26 10 -6.13 12.9 10 -6.64 12.52 10 -4.77 13.1 10
4 0 -2.68 13.87 10 -3.4 13.58 10 -3.79 13.26 10 -2.22 12.27 10
4 0 -5.25 13.26 10 -5.35 17.64 10 -5.82 17.58 10 -5.89 13.76 10
3 0 -5.48 18.91 10 -5.58 19.29 10 -5.73 18.68 10
4 0 -5.82 17.58 10 -5.35 17.64 10 -5.48 18.91 10 -5.73 18.68 10
3 0 -5.25 13.26 10 -5.89 13.76 10 -5.96 13.26 10
4 0 7.27 18.91 10 7.12 13.5 10 7.78 12.66 10 7.6 19.16 10
4 0 7.6 19.16 10 7.53 20.02 10 7.4 20.33 10 7.27 18.91 10
3 0 7.78 12.66 10 7.12 13.5 10 7.05 12.56 10
4 0 7.78 12.66 10 7.05 12.56 10 6.87 12.42 10 7.94 12.4 10
3 0 -5.25 13.26 10 -5.96 13.26 10 -6.13 12.9 10
4 0 8.57 12.14 10 7.94 12.4 10 6.87 12.42 10 6.65 12.34 10
3 0 -2.22 12.27 10 -2.18 13.74 10 -2.68 13.87 10
3 0 8.57 12.14 10 6.65 12.34 10 6.41 12.33 10
4 0 14.6 9.67 10 6.41 12.33 10 5.91 12.44 10 -.53 12.55 10
4 0 3.8 13.09 10 3.29 13.12 10 -.53 12.55 10 5.91 12.44 10
3 0 -.53 12.55 10 3.29 13.12 10 2.82 13.28 10
4 0 -2.98 20.38 10 -3.1 20.03 10 -3.17 19.38 10 -2.82 19.23 10
4 0 -3.29 13.99 10 -2.76 15.05 10 -2.82 19.23 10 -3.17 19.38 10
4 0 4.92 13.73 10 4.86 17.56 10 4.4 17.71 10 4.35 14.37 10
3 0 4.77 18.67 10 4.63 19.28 10 4.52 18.97 10
4 0 4.86 17.56 10 4.77 18.67 10 4.52 18.97 10 4.4 17.71 10
4 0 4.35 14.37 10 4.27 13.25 10 4.99 13.26 10 4.92 13.73 10
3 0 4.99 13.26 10 4.27 13.25 10 5.07 13.05 10
4 0 5.91 12.44 10 5.3 12.77 10 4.27 13.25 10 3.8 13.09 10
3 0 5.07 13.05 10 4.27 13.25 10 5.3 12.77 10
4 0 -2.76 15.05 10 -3.29 13.99 10 -3.4 13.58 10 -2.68 13.87 10
4 0 -.53 12.55 10 -1.22 13.91 10 -1.69 13.76 10 -1.31 12.46 10
4 0 2.07 20.39 10 1.98 20.17 10 1.9 19.31 10 2.21 19 10
4 0 2.44 13.58 10 2.21 19 10 1.9 19.31 10 1.71 13.92 10
4 0 2.82 13.28 10 1.46 13.76 10 1.06 13.74 10 -.53 12.55 10
4 0 2.82 13.28 10 2.44 13.58 10 1.71 13.92 10 1.46 13.76 10
4 0 -.59 21.63 10 -.23 22.59 10 -.36 23.92 10 -.46 23.56 10
4 0 -.7 14.5 10 -.15 16.39 10 -.23 22.59 10 -.59 21.63 10
3 0 -.06 14.08 10 -.15 16.39 10 -.7 14.5 10
3 0 -.06 14.08 10 -.7 14.5 10 -.81 14.17 10
3 0 .6 13.82 10 -.06 14.08 10 -.53 12.55 10
4 0 -1.22 13.91 10 -.53 12.55 10 -.06 14.08 10 -.81 14.17 10
4 0 -16.42 29.48 10 -15.89 22.2 10 -15.37 21.09 10 -15.69 28.99 10
3 0 -15.65 20.07 10 -15.49 19.42 10 -15.39 19.72 10
4 0 -15.89 22.2 10 -15.65 20.07 10 -15.39 19.72 10 -15.37 21.09 10
4 0 -18.18 29.38 10 -16.42 29.48 10 -16.43 30.39 10 -18.15 30.28 10
4 0 -15.65 31.31 10 -16.23 31.11 10 -16.43 30.39 10 -15.66 30.52 10
4 0 -15.69 28.99 10 -15.66 30.52 10 -16.43 30.39 10 -16.42 29.48 10
4 0 -13.86 30.57 10 -13.16 31.31 10 -15.65 31.31 10 -14.07 30.64 10
3 0 -14.07 30.64 10 -15.65 31.31 10 -15.66 30.52 10
3 0 -13.01 26.65 10 -13.16 31.31 10 -13.86 30.57 10
4 0 -13.05 23.83 10 -13.01 26.65 10 -13.86 30.57 10 -13.35 24.19 10
3 0 -13.17 23.28 10 -13.13 23.24 10 -13.05 23.83 10
4 0 -13.35 24.19 10 -13.28 23.64 10 -13.17 23.28 10 -13.05 23.83 10
4 0 15.48 30.4 10 15.38 30.96 10 15.12 31.31 10 14.75 30.47 10
4 0 12.21 31.31 10 12.08 28.87 10 12.49 24.69 10 12.88 30.62 10
4 0 12.08 28.87 10 12.02 25.33 10 12.1 23.62 10 12.49 24.69 10
4 0 12.19 23.24 10 12.37 23.78 10 12.49 24.69 10 12.1 23.62 10
3 0 14.75 30.47 10 15.12 31.31 10 13.75 30.64 10
4 0 18.16 29.42 10 18.18 30.16 10 15.48 30.4 10 15.95 29.49 10
4 0 15.12 31.31 10 12.21 31.31 10 12.88 30.62 10 13.75 30.64 10
3 0 15.44 29.44 10 15.95 29.49 10 15.48 30.4 10
3 0 14.38 20.34 10 14.47 19.41 10 14.62 19.76 10
4 0 15.44 29.44 10 14.75 28.72 10 14.37 21.55 10 14.9 22.02 10
4 0 14.62 19.76 10 14.9 22.02 10 14.37 21.55 10 14.38 20.34 10
4 0 14.75 28.72 10 15.44 29.44 10 15.48 30.4 10 14.75 30.47 10
3 0 7.72 31.31 10 7.08 31.31 10 7.7 29.2 10
4 0 7.6 27.12 10 7.7 29.2 10 7.08 31.31 10 7.04 27.12 10
4 0 7.46 25.26 10 7.6 27.12 10 7.04 27.12 10 7.11 25.28 10
3 0 7.11 25.28 10 7.27 24.3 10 7.46 25.26 10
3 0 4.8 28.58 10 4.77 31.31 10 4.13 31.31 10
4 0 4.43 22.17 10 4.53 22.56 10 4.61 23.37 10 4.27 23.6 10
4 0 4.16 26.01 10 4.27 23.6 10 4.61 23.37 10 4.74 25.81 10
4 0 -5.42 22.18 10 -5.32 22.58 10 -5.23 23.39 10 -5.58 23.41 10
4 0 -5.68 25.83 10 -5.58 23.41 10 -5.23 23.39 10 -5.12 25.81 10
3 0 -8.03 31.31 10 -8.69 31.31 10 -8.73 30.21 10
4 0 -8.03 31.31 10 -8.73 30.21 10 -8.48 23.17 10 -8.01 25.37 10
4 0 -8.2 21.02 10 -8.07 22.77 10 -8.48 23.17 10 -8.37 21.76 10
4 0 -10.89 23.73 10 -10.52 25 10 -10.53 29.11 10 -11.07 26.09 10
4 0 -10.62 31.31 10 -11.27 31.31 10 -11.07 26.09 10 -10.53 29.11 10
4 0 -10.89 23.73 10 -10.69 22.48 10 -10.61 22.61 10 -10.58 22.88 10
4 0 -2.7 31.31 10 -3.31 31.31 10 -3.23 26.51 10 -2.75 27.47 10
4 0 -3.23 26.51 10 -3.09 25.15 10 -2.99 24.86 10 -2.85 25.76 10
4 0 -.19 31.31 10 -.73 31.31 10 -.7 28.64 10 -.21 28.76 10
4 0 -.43 26.86 10 -.21 28.76 10 -.7 28.64 10 -.6 27.49 10
4 0 2.3 27.49 10 2.36 31.31 10 1.73 31.31 10 1.72 29.33 10
4 0 2.2 25.78 10 2.3 27.49 10 1.72 29.33 10 1.81 26.5 10
4 0 1.81 26.5 10 1.96 25.15 10 2.07 24.86 10 2.2 25.78 10
4 0 10.12 25.97 10 10.32 31.31 10 9.66 31.31 10 9.54 26.03 10
4 0 9.7 22.48 10 9.82 22.86 10 9.93 23.64 10 9.58 23.69 10
4 0 9.54 26.03 10 9.58 23.69 10 9.93 23.64 10 10.12 25.97 10
3 16 -11.48 1.01 10 -12.11 1.14 10 -12 0 10
4 16 -8.69 31.31 10 -10.62 31.31 10 -10.53 29.11 10 -8.73 30.21 10
4 16 -15.65 20.07 10 -19 29 10 -14.345 2 10 -14.73 10.5 10
4 16 14.6 9.67 10 14.345 2 10 19 29 10 14.73 10.38 10
4 16 14.6 9.67 10 14.41 8.66 10 13.24 2.37 10 14.345 2 10
3 16 -14.56 9.33 10 -14.73 10.5 10 -14.345 2 10
3 16 -14.38 8.27 10 -14.56 9.33 10 -14.345 2 10
3 16 14.345 2 10 13.24 2.37 10 13.01 1.87 10
3 16 -13.28 2.4 10 -14.38 8.27 10 -14.345 2 10
3 16 -13.04 1.9 10 -13.28 2.4 10 -14.345 2 10
4 16 12 0 10 14.345 2 10 13.01 1.87 10 12.63 1.44 10
4 16 -13.04 1.9 10 -14.345 2 10 -12 0 10 -12.64 1.46 10
3 16 12 0 10 12.63 1.44 10 12.11 1.13 10
3 16 12 0 10 12.11 1.13 10 11.48 1.01 10
3 16 -12.11 1.14 10 -12.64 1.46 10 -12 0 10
4 16 12 0 10 11.48 1.01 10 -11.48 1.01 10 -12 0 10
4 16 -13.98 11.04 10 -13.81 11.53 10 -14.73 10.5 10 -14.2 10.8 10
4 16 -13.66 18.9 10 -15.49 19.42 10 -14.73 10.5 10 -13.81 11.53 10
4 16 -15.89 22.2 10 -16.42 29.48 10 -18.18 29.38 10 -19 29 10
3 16 -15.65 20.07 10 -15.89 22.2 10 -19 29 10
4 16 -13.52 20.31 10 -15.39 19.72 10 -15.49 19.42 10 -13.66 18.9 10
3 16 -15.49 19.42 10 -15.65 20.07 10 -14.73 10.5 10
4 16 -13.13 23.24 10 -15.37 21.09 10 -15.39 19.72 10 -13.52 20.31 10
4 16 -13.28 23.64 10 -13.35 24.19 10 -15.69 28.99 10 -15.37 21.09 10
3 16 -13.17 23.28 10 -15.37 21.09 10 -13.13 23.24 10
4 16 -15.66 30.52 10 -15.69 28.99 10 -13.86 30.57 10 -14.07 30.64 10
3 16 -13.35 24.19 10 -13.86 30.57 10 -15.69 28.99 10
3 16 -15.37 21.09 10 -13.17 23.28 10 -13.28 23.64 10
4 16 -13.42 19.82 10 -10.95 20.22 10 -10.87 20.66 10 -13.52 20.31 10
4 16 -11.06 18.48 10 -10.95 20.22 10 -13.42 19.82 10 -13.35 18.91 10
4 16 -13.52 20.31 10 -10.87 20.66 10 -10.69 22.48 10 -13.13 23.24 10
4 16 -10.89 23.73 10 -11.07 26.09 10 -13.01 26.65 10 -13.05 23.83 10
4 16 -10.69 22.48 10 -10.89 23.73 10 -13.05 23.83 10 -13.13 23.24 10
4 16 -13.12 11.26 10 -12.55 11.16 10 -11.93 11.3 10 -13.25 11.65 10
3 16 -13.25 11.65 10 -11.93 11.3 10 -11.15 12.24 10
4 16 -11.93 11.3 10 -11.63 11.44 10 -11.39 11.65 10 -11.15 12.24 10
3 16 -11.39 11.65 10 -11.22 11.91 10 -11.15 12.24 10
4 16 -13.25 11.65 10 -11.15 12.24 10 -11.06 18.48 10 -13.35 18.91 10
4 16 -8.48 23.17 10 -10.61 22.61 10 -10.69 22.48 10 -8.37 21.76 10
4 16 -8.41 17.05 10 -8.2 21.02 10 -10.87 20.66 10 -10.73 18.87 10
4 16 -10.69 22.48 10 -10.87 20.66 10 -8.2 21.02 10 -8.37 21.76 10
4 16 -8.73 30.21 10 -10.52 25 10 -10.58 22.88 10 -8.48 23.17 10
3 16 -10.58 22.88 10 -10.61 22.61 10 -8.48 23.17 10
4 16 -10.56 12.29 10 -10.04 12.13 10 -9.51 12.14 10 -10.62 12.93 10
4 16 -8.73 12.57 10 -10.62 12.93 10 -9.51 12.14 10 -8.97 12.35 10
3 16 -8.73 12.57 10 -8.64 15.46 10 -10.62 12.93 10
4 16 -10.62 12.93 10 -8.64 15.46 10 -8.55 16.46 10 -10.73 18.87 10
3 16 -10.73 18.87 10 -8.55 16.46 10 -8.41 17.05 10
4 16 -5.68 25.83 10 -8.01 25.37 10 -8.07 22.77 10 -5.58 23.41 10
4 16 -8.2 21.02 10 -5.42 22.18 10 -5.58 23.41 10 -8.07 22.77 10
4 16 -5.58 19.29 10 -8.2 21.02 10 -8.41 17.05 10 -5.73 18.68 10
4 16 -8.31 16.82 10 -5.82 17.58 10 -5.73 18.68 10 -8.41 17.05 10
4 16 -8.17 15.81 10 -8.06 12.53 10 -7.55 12.37 10 -5.89 13.76 10
4 16 -5.89 13.76 10 -5.82 17.58 10 -8.31 16.82 10 -8.17 15.81 10
4 16 -3.1 20.03 10 -5.42 22.18 10 -8.2 21.02 10 -5.58 19.29 10
3 16 -7.55 12.37 10 -7.07 12.38 10 -5.89 13.76 10
3 16 -6.64 12.52 10 -6.13 12.9 10 -5.96 13.26 10
4 16 -7.07 12.38 10 -6.64 12.52 10 -5.96 13.26 10 -5.89 13.76 10
4 16 -3.1 20.03 10 -5.58 19.29 10 -5.48 18.91 10 -3.17 19.38 10
4 16 -2.98 20.38 10 -2.99 24.86 10 -5.23 23.39 10 -5.32 22.58 10
4 16 -3.17 19.38 10 -5.35 17.64 10 -5.25 13.26 10 -3.29 13.99 10
4 16 -4.26 13.12 10 -3.29 13.99 10 -5.25 13.26 10 -4.77 13.1 10
4 16 -5.32 22.58 10 -5.42 22.18 10 -3.1 20.03 10 -2.98 20.38 10
3 16 -5.48 18.91 10 -5.35 17.64 10 -3.17 19.38 10
4 16 -5.12 25.81 10 -3.23 26.51 10 -3.31 31.31 10 -5.08 31.31 10
4 16 -4.26 13.12 10 -3.79 13.26 10 -3.4 13.58 10 -3.29 13.99 10
3 16 -3.09 25.15 10 -3.23 26.51 10 -5.12 25.81 10
4 16 -5.23 23.39 10 -2.99 24.86 10 -3.09 25.15 10 -5.12 25.81 10
4 16 -.46 23.56 10 -2.99 24.86 10 -2.98 20.38 10 -.59 21.63 10
3 16 -.36 23.92 10 -2.99 24.86 10 -.46 23.56 10
4 16 -.59 21.63 10 -2.82 19.23 10 -2.76 15.05 10 -.7 14.5 10
4 16 -1.69 13.76 10 -2.76 15.05 10 -2.68 13.87 10 -2.18 13.74 10
3 16 -2.98 20.38 10 -2.82 19.23 10 -.59 21.63 10
4 16 -2.75 27.47 10 -.7 28.64 10 -.73 31.31 10 -2.7 31.31 10
4 16 -2.85 25.76 10 -.43 26.86 10 -.6 27.49 10 -2.75 27.47 10
3 16 -1.22 13.91 10 -.81 14.17 10 -.7 14.5 10
4 16 -1.69 13.76 10 -1.22 13.91 10 -.7 14.5 10 -2.76 15.05 10
3 16 -.7 28.64 10 -2.75 27.47 10 -.6 27.49 10
4 16 -2.99 24.86 10 -.36 23.92 10 -.43 26.86 10 -2.85 25.76 10
4 16 1.98 20.17 10 -.23 22.59 10 -.15 16.39 10 1.9 19.31 10
4 16 1.71 13.92 10 -.15 16.39 10 -.06 14.08 10 .6 13.82 10
4 16 1.46 13.76 10 1.71 13.92 10 .6 13.82 10 1.06 13.74 10
4 16 1.81 26.5 10 -.43 26.86 10 -.36 23.92 10 1.96 25.15 10
4 16 1.73 31.31 10 -.19 31.31 10 -.21 28.76 10 1.72 29.33 10
4 16 1.98 20.17 10 2.07 20.39 10 2.07 24.86 10 -.23 22.59 10
3 16 1.9 19.31 10 -.15 16.39 10 1.71 13.92 10
4 16 -.43 26.86 10 1.81 26.5 10 1.72 29.33 10 -.21 28.76 10
4 16 -.23 22.59 10 2.07 24.86 10 1.96 25.15 10 -.36 23.92 10
4 16 3.29 13.12 10 4.35 14.37 10 2.44 13.58 10 2.82 13.28 10
4 16 2.21 19 10 2.44 13.58 10 4.35 14.37 10 4.4 17.71 10
4 16 4.52 18.97 10 4.63 19.28 10 2.07 20.39 10 2.21 19 10
4 16 3.29 13.12 10 3.8 13.09 10 4.27 13.25 10 4.35 14.37 10
3 16 2.21 19 10 4.4 17.71 10 4.52 18.97 10
4 16 2.07 20.39 10 4.43 22.17 10 4.27 23.6 10 2.07 24.86 10
3 16 2.3 27.49 10 2.2 25.78 10 4.16 26.01 10
4 16 2.2 25.78 10 2.07 24.86 10 4.27 23.6 10 4.16 26.01 10
4 16 2.36 31.31 10 2.3 27.49 10 4.16 26.01 10 4.13 31.31 10
4 16 7.27 24.3 10 4.53 22.56 10 4.43 22.17 10 7.4 20.33 10
4 16 2.07 20.39 10 4.63 19.28 10 7.4 20.33 10 4.43 22.17 10
4 16 4.77 18.67 10 7.27 18.91 10 7.4 20.33 10 4.63 19.28 10
3 16 4.61 23.37 10 4.53 22.56 10 7.27 24.3 10
3 16 4.77 18.67 10 4.86 17.56 10 7.27 18.91 10
3 16 4.99 13.26 10 5.07 13.05 10 5.3 12.77 10
4 16 4.92 13.73 10 4.99 13.26 10 5.3 12.77 10 7.12 13.5 10
4 16 5.3 12.77 10 5.91 12.44 10 6.41 12.33 10 7.12 13.5 10
3 16 6.41 12.33 10 6.65 12.34 10 7.12 13.5 10
4 16 6.87 12.42 10 7.05 12.56 10 7.12 13.5 10 6.65 12.34 10
4 16 4.92 13.73 10 7.12 13.5 10 7.27 18.91 10 4.86 17.56 10
4 16 4.8 28.58 10 4.74 25.81 10 7.11 25.28 10 7.04 27.12 10
4 16 4.61 23.37 10 7.27 24.3 10 7.11 25.28 10 4.74 25.81 10
4 16 7.4 20.33 10 9.7 22.48 10 9.58 23.69 10 7.27 24.3 10
3 16 7.6 27.12 10 7.46 25.26 10 9.54 26.03 10
4 16 7.94 12.4 10 8.57 12.14 10 9.7 13.84 10 7.78 12.66 10
4 16 9.81 20.24 10 7.53 20.02 10 7.6 19.16 10 9.74 19.49 10
3 16 9.66 31.31 10 7.72 31.31 10 7.7 29.2 10
4 16 9.66 31.31 10 7.7 29.2 10 7.6 27.12 10 9.54 26.03 10
4 16 7.53 20.02 10 9.81 20.24 10 9.91 20.65 10 7.4 20.33 10
4 16 9.61 12.31 10 9.7 13.84 10 8.57 12.14 10 9.14 12.14 10
4 16 7.78 12.66 10 9.7 13.84 10 9.74 19.49 10 7.6 19.16 10
4 16 7.27 24.3 10 9.58 23.69 10 9.54 26.03 10 7.46 25.26 10
3 16 9.82 22.86 10 9.7 22.48 10 12.19 23.24 10
4 16 7.4 20.33 10 9.91 20.65 10 12.19 23.24 10 9.7 22.48 10
4 16 9.82 22.86 10 12.19 23.24 10 12.1 23.62 10 9.93 23.64 10
4 16 12.29 11.61 10 10.19 12.24 10 10.24 11.99 10 10.58 11.55 10
4 16 10.09 18.58 10 10.19 12.24 10 12.29 11.61 10 12.36 17.3 10
4 16 12.36 17.3 10 12.43 19.3 10 9.99 20.29 10 10.09 18.58 10
4 16 10.12 25.97 10 12.08 28.87 10 12.21 31.31 10 10.32 31.31 10
4 16 12.1 23.62 10 12.02 25.33 10 10.12 25.97 10 9.93 23.64 10
4 16 10.58 11.55 10 11.1 11.24 10 11.68 11.14 10 12.29 11.61 10
3 16 11.68 11.14 10 12.07 11.24 10 12.29 11.61 10
3 16 12.08 28.87 10 10.12 25.97 10 12.02 25.33 10
4 16 9.91 20.65 10 9.99 20.29 10 12.43 19.3 10 12.55 20.3 10
4 16 9.91 20.65 10 12.55 20.3 10 14.37 21.55 10 12.19 23.24 10
4 16 14.47 19.41 10 14.38 20.34 10 12.55 20.3 10 12.62 19.94 10
3 16 14.37 21.55 10 12.55 20.3 10 14.38 20.34 10
3 16 12.37 23.78 10 12.19 23.24 10 14.37 21.55 10
4 16 14.03 10.46 10 12.87 11.4 10 13.08 10.94 10 13.48 10.64 10
3 16 12.62 19.94 10 12.73 18.19 10 14.47 19.41 10
4 16 13.75 30.64 10 12.88 30.62 10 12.49 24.69 10 14.75 28.72 10
3 16 14.75 28.72 10 14.75 30.47 10 13.75 30.64 10
4 16 12.37 23.78 10 14.37 21.55 10 14.75 28.72 10 12.49 24.69 10
3 16 12.87 11.4 10 14.03 10.46 10 14.73 10.38 10
4 16 14.9 22.02 10 14.62 19.76 10 14.73 10.38 10 19 29 10
4 16 19 32 10 18.18 30.16 10 18.16 29.42 10 19 29 10
3 16 15.95 29.49 10 15.44 29.44 10 14.9 22.02 10
4 16 18.16 29.42 10 15.95 29.49 10 14.9 22.02 10 19 29 10
3 16 14.73 10.38 10 14.62 19.76 10 14.47 19.41 10
4 16 12.87 11.4 10 14.73 10.38 10 14.47 19.41 10 12.73 18.19 10
3 16 15.12 31.31 10 15.38 30.96 10 19 32 10
4 16 15.48 30.4 10 18.18 30.16 10 19 32 10 15.38 30.96 10
4 16 -18.18 29.38 10 -18.15 30.28 10 -19 32 10 -19 29 10
4 16 -16.43 30.39 10 -16.23 31.11 10 -19 32 10 -18.15 30.28 10
3 16 9.66 31.31 10 10.32 31.31 10 19 32 10
3 16 10.32 31.31 10 12.21 31.31 10 19 32 10
3 16 12.21 31.31 10 15.12 31.31 10 19 32 10
3 16 -19 32 10 -16.23 31.11 10 -15.65 31.31 10
4 16 -13.16 31.31 10 -13.01 26.65 10 -11.07 26.09 10 -11.27 31.31 10
3 16 -19 32 10 -15.65 31.31 10 -13.16 31.31 10
3 16 9.66 31.31 10 19 32 10 7.72 31.31 10
3 16 7.08 31.31 10 7.72 31.31 10 19 32 10
3 16 7.08 31.31 10 19 32 10 4.77 31.31 10
3 16 4.77 31.31 10 19 32 10 4.13 31.31 10
4 16 4.77 31.31 10 4.8 28.58 10 7.04 27.12 10 7.08 31.31 10
3 16 2.36 31.31 10 4.13 31.31 10 19 32 10
3 16 -19 32 10 -13.16 31.31 10 -11.27 31.31 10
3 16 -19 32 10 -11.27 31.31 10 -10.62 31.31 10
3 16 1.73 31.31 10 19 32 10 -.19 31.31 10
3 16 1.73 31.31 10 2.36 31.31 10 19 32 10
3 16 -2.7 31.31 10 -.73 31.31 10 -19 32 10
4 16 19 32 10 -19 32 10 -.73 31.31 10 -.19 31.31 10
3 16 -5.08 31.31 10 -3.31 31.31 10 -19 32 10
3 16 -3.31 31.31 10 -2.7 31.31 10 -19 32 10
4 16 -5.74 31.31 10 -8.03 31.31 10 -8.01 25.37 10 -5.68 25.83 10
3 16 -8.03 31.31 10 -5.74 31.31 10 -19 32 10
3 16 -5.74 31.31 10 -5.08 31.31 10 -19 32 10
3 16 -8.03 31.31 10 -19 32 10 -8.69 31.31 10
3 16 -19 32 10 -10.62 31.31 10 -8.69 31.31 10
3 16 -10.53 29.11 10 -10.52 25 10 -8.73 30.21 10
3 30 -.19 11.49 10 -.62 11.53 10 -1.22 11.46 10
4 30 14.41 8.66 10 -.19 11.49 10 -11.48 1.01 10 11.48 1.01 10
4 30 -.19 11.49 10 -1.22 11.46 10 -14.38 8.27 10 -11.48 1.01 10
3 30 -14.38 8.27 10 -13.28 2.4 10 -11.48 1.01 10
3 30 -13.28 2.4 10 -13.04 1.9 10 -12.64 1.46 10
4 30 -13.28 2.4 10 -12.64 1.46 10 -12.11 1.14 10 -11.48 1.01 10
4 30 12.11 1.13 10 12.63 1.44 10 13.01 1.87 10 11.48 1.01 10
4 30 13.01 1.87 10 13.24 2.37 10 14.41 8.66 10 11.48 1.01 10
4 10049 -1.22 11.46 10 -.62 11.53 10 -.53 12.55 10 -1.31 12.46 10
3 10049 -.19 11.49 10 -.53 12.55 10 -.62 11.53 10
3 10049 -2.22 12.27 10 -14.56 9.33 10 -14.38 8.27 10
4 10049 -1.31 12.46 10 -2.22 12.27 10 -14.38 8.27 10 -1.22 11.46 10
4 10049 -.53 12.55 10 -.19 11.49 10 14.41 8.66 10 14.6 9.67 10