0 Minifig Torso with Vest with Dark Bluish Grey Panel and Creases, Red, Bright Light Orange and Dark Azure Stripes Pattern
0 Name: 973pv6.dat
0 Author: Philippe Hurbain [Philo]
0 !LDRAW_ORG Unofficial_Part
0 !LICENSE Licensed under CC BY 4.0 : see CAreadme.txt

0 BFC CERTIFY CCW

0 !CATEGORY Minifig Torso
0 !KEYWORDS Bricklink 973pb6408, Icons, Set 10356, Star Trek
0 !KEYWORDS The Next Generation, U.S.S. Enterprise NCC-1701-D, Wesley Crusher

1 16 0 0 0 1 0 0 0 1 0 0 0 1 s\973s01.dat
1 0 0 -4 0 4.243 0 -4.243 0 -8 0 -4.243 0 -4.243 1-4cyli.dat

0 // Front
1 16 0 0 0 1 0 0 0 1 0 0 0 1 s\973pv6s01.dat
1 16 0 0 0 -1 0 0 0 1 0 0 0 1 s\973pv6s01.dat

4 16 12 0 -10 -12 0 -10 -11.12 .94 -10 11.12 .94 -10
3 16 2.26 31.28 -10 0 27.74 -10 -2.26 31.28 -10
4 16 19 32 -10 2.26 31.28 -10 -2.26 31.28 -10 -19 32 -10
1 16 0 0 0 1 0 0 0 1 0 0 0 1 s\973pv6s02.dat
1 16 0 0 0 -1 0 0 0 1 0 0 0 1 s\973pv6s02.dat
3 72 -7.51 1.14 -10 0 2.03 -10 7.51 1.14 -10
4 72 7.51 1.14 -10 9.16 1.05 -10 -9.16 1.05 -10 -7.51 1.14 -10
4 72 -11.12 .94 -10 -9.16 1.05 -10 9.16 1.05 -10 11.12 .94 -10

4 16 15.29 13.48 -10 7.63 13.2 -10 14.62 17.33 -10 14.88 16.7 -10
4 16 14.54 21.86 -10 9.9 22.91 -10 9.69 23.64 -10 13.36 25.36 -10
3 16 5.2 27.77 -10 3.18 27.64 -10 2.72 27.65 -10
3 16 15.29 13.48 -10 14.88 16.7 -10 15.39 15.75 -10
4 16 0 13.09 -10 -7.63 13.2 -10 -15.3 16.87 -10 -14.35 19.38 -10
4 16 -15.3 16.87 -10 -7.63 13.2 -10 -15.29 13.48 -10 -15.61 15.58 -10
3 16 -15.29 13.48 -10 -19 29 -10 -15.69 15.45 -10
4 16 7.63 13.2 -10 0 13.09 -10 -14.35 19.38 -10 14.56 17.71 -10
3 16 -15.29 13.48 -10 -15.69 15.45 -10 -15.61 15.58 -10
4 16 19 29 -10 15.29 13.48 -10 15.63 15.42 -10 15.74 15.89 -10
3 16 15.39 15.75 -10 15.63 15.42 -10 15.29 13.48 -10
3 16 14.56 17.71 -10 14.62 17.33 -10 7.63 13.2 -10
3 16 -15.72 17.1 -10 -15.82 16.48 -10 -17.7 26.98 -10
4 16 -15.69 15.45 -10 -19 29 -10 -17.7 26.98 -10 -15.82 16.48 -10
3 16 -17.7 26.98 -10 -12.93 26.95 -10 -13.49 25.48 -10
3 16 -15.43 17.86 -10 -15.72 17.1 -10 -17.7 26.98 -10
3 16 -17.7 26.98 -10 -13.49 25.48 -10 -13.67 24.26 -10
3 16 -15.09 18.54 -10 -15.43 17.86 -10 -17.7 26.98 -10
3 16 -14.65 19.16 -10 -15.09 18.54 -10 -17.7 26.98 -10
4 16 -13.67 24.26 -10 -13.68 22.44 -10 -14.65 19.16 -10 -17.7 26.98 -10
4 16 -13.68 22.44 -10 -13.6 21.67 -10 -14.35 19.38 -10 -14.65 19.16 -10
3 16 -14.35 19.38 -10 -13.6 21.67 -10 -13.43 21.18 -10
3 16 14.56 17.71 -10 -14.35 19.38 -10 -3.5 20.87 -10
4 16 -13.43 21.18 -10 -9.42 22.41 -10 -3.5 20.87 -10 -14.35 19.38 -10
4 16 -13.13 24.99 -10 -9.54 24.08 -10 -9.64 23.55 -10 -13.23 24.25 -10
4 16 -12.96 25.71 -10 -12.72 26.38 -10 -12.37 26.96 -10 -10.49 27.06 -10
4 16 -8.13 27 -10 -8.42 26.34 -10 -9.15 25.06 -10 -10.49 27.06 -10
3 16 -10.49 27.06 -10 -9.15 25.06 -10 -9.54 24.08 -10
4 16 -13.13 24.99 -10 -12.96 25.71 -10 -10.49 27.06 -10 -9.54 24.08 -10
3 16 -13.23 24.25 -10 -9.64 23.55 -10 -9.63 23.02 -10
4 16 -13.23 24.25 -10 -9.63 23.02 -10 -9.55 22.61 -10 -13.36 21.61 -10
4 16 -13.43 21.18 -10 -13.36 21.61 -10 -9.55 22.61 -10 -9.42 22.41 -10
3 16 -9.13 23.1 -10 -9.3 22.99 -10 -9.26 23.47 -10
4 16 -9.13 23.1 -10 -9.26 23.47 -10 -9.14 23.94 -10 -8.68 23.54 -10
4 16 -8.76 24.86 -10 -8.56 23.61 -10 -8.68 23.54 -10 -9.14 23.94 -10
3 16 -5.03 27.11 -10 -2.91 27 -10 -3.55 25.11 -10
3 16 -5.03 27.11 -10 -3.55 25.11 -10 -3.76 23.86 -10
4 16 -7.61 26.97 -10 -5.03 27.11 -10 -3.76 23.86 -10 -8.76 24.86 -10
4 16 -8.76 24.86 -10 -3.76 23.86 -10 -3.83 22.65 -10 -8.56 23.61 -10
3 16 -8.56 23.61 -10 -3.83 22.65 -10 -8.61 23.49 -10
4 16 -8.99 22.89 -10 -8.61 23.49 -10 -3.83 22.65 -10 -3.78 21.8 -10
4 16 3.89 22.61 -10 -3.5 20.87 -10 -3.46 22.84 -10 3.7 22.93 -10
4 16 2.79 25.89 -10 3.7 22.93 -10 -3.46 22.84 -10 -3.28 24.2 -10
4 16 -3.78 21.8 -10 -3.63 21.11 -10 -9.42 22.41 -10 -8.99 22.89 -10
3 16 -3.63 21.11 -10 -3.5 20.87 -10 -9.42 22.41 -10
4 16 -2.88 25.85 -10 -2.64 26.49 -10 -2.36 26.97 -10 .73 27.05 -10
3 16 .73 27.05 -10 2.33 26.98 -10 2.79 25.89 -10
4 16 -2.88 25.85 -10 .73 27.05 -10 2.79 25.89 -10 -3.28 24.2 -10
3 16 -3.5 20.87 -10 3.89 22.61 -10 4.08 22.49 -10
4 16 9.92 22.13 -10 14.56 17.71 -10 -3.5 20.87 -10 4.08 22.49 -10
4 16 4.21 22.8 -10 8.19 23.92 -10 9.92 22.13 -10 4.08 22.49 -10
3 16 4.21 22.8 -10 4.28 23.19 -10 8.19 23.92 -10
4 16 8.19 23.92 -10 4.28 23.19 -10 4.29 23.59 -10 8.08 24.1 -10
3 16 4.22 24.15 -10 4 23.29 -10 3.3 25.77 -10
4 16 4.22 24.15 -10 3.3 25.77 -10 2.89 26.96 -10 5.29 27.13 -10
4 16 7.21 27.12 -10 7.45 26.5 -10 4.22 24.15 -10 5.29 27.13 -10
3 16 7.45 26.5 -10 7.86 24.76 -10 4.22 24.15 -10
4 16 19 29 -10 15.74 15.89 -10 15.62 16.29 -10 17.7 26.98 -10
4 16 15.01 21.98 -10 17.7 26.98 -10 15.62 16.29 -10 14.95 21.56 -10
3 16 15.62 16.29 -10 14.97 17.33 -10 14.95 21.56 -10
3 16 14.56 24.26 -10 14.56 23.3 -10 13.65 25.82 -10
4 16 13.01 27.05 -10 17.7 26.98 -10 14.56 24.26 -10 13.65 25.82 -10
4 16 14.71 21.63 -10 14.95 21.56 -10 14.97 17.33 -10 14.56 17.71 -10
4 16 4.22 24.15 -10 7.86 24.76 -10 8.08 24.1 -10 4.29 23.59 -10
3 16 14.63 24.1 -10 14.56 24.26 -10 17.7 26.98 -10
3 16 14.94 22.71 -10 14.63 24.1 -10 17.7 26.98 -10
3 16 8.23 24.38 -10 8.09 25.91 -10 9.09 24.11 -10
4 16 9.92 22.13 -10 8.19 23.92 -10 8.23 24.38 -10 9.09 24.11 -10
3 16 15.01 21.98 -10 14.94 22.71 -10 17.7 26.98 -10
3 16 9.92 22.13 -10 9.97 22.31 -10 14.54 21.86 -10
4 16 14.56 17.71 -10 9.92 22.13 -10 14.54 21.86 -10 14.71 21.63 -10
3 16 9.97 22.31 -10 9.9 22.91 -10 14.54 21.86 -10
4 16 12.91 26.35 -10 13.36 25.36 -10 9.69 23.64 -10 9.32 24.62 -10
3 16 7.82 27.13 -10 12.39 27.1 -10 8.88 25.5 -10
4 16 12.91 26.35 -10 9.32 24.62 -10 8.88 25.5 -10 12.39 27.1 -10
4 72 -3.55 25.11 -10 -2.91 27 -10 -2.64 26.49 -10 -2.88 25.85 -10
4 72 -12.93 26.95 -10 -12.72 26.38 -10 -12.96 25.71 -10 -13.49 25.48 -10
4 72 15.62 16.29 -10 15.74 15.89 -10 15.63 15.42 -10 15.39 15.75 -10
4 72 14.97 17.33 -10 15.62 16.29 -10 15.39 15.75 -10 14.88 16.7 -10
4 72 14.88 16.7 -10 14.62 17.33 -10 14.56 17.71 -10 14.97 17.33 -10
4 72 16.96 27.66 -10 17.7 26.98 -10 13.01 27.05 -10 14.88 27.81 -10
4 72 13.36 25.36 -10 12.91 26.35 -10 13.01 27.05 -10 13.65 25.82 -10
4 72 14.54 21.86 -10 13.36 25.36 -10 13.65 25.82 -10 14.56 23.3 -10
4 72 14.94 22.71 -10 14.56 23.3 -10 14.56 24.26 -10 14.63 24.1 -10
4 72 15.01 21.98 -10 14.54 21.86 -10 14.56 23.3 -10 14.94 22.71 -10
4 72 14.95 21.56 -10 14.71 21.63 -10 14.54 21.86 -10 15.01 21.98 -10
4 72 7.77 27.81 -10 10.02 27.9 -10 12.39 27.1 -10 7.82 27.13 -10
4 72 10.02 27.9 -10 12.35 27.77 -10 12.87 27.74 -10 12.39 27.1 -10
4 72 14.88 27.81 -10 13.01 27.05 -10 12.39 27.1 -10 12.87 27.74 -10
3 72 13.01 27.05 -10 12.91 26.35 -10 12.39 27.1 -10
4 72 7.45 26.5 -10 7.82 27.13 -10 8.88 25.5 -10 8.09 25.91 -10
4 72 9.32 24.62 -10 9.09 24.11 -10 8.09 25.91 -10 8.88 25.5 -10
4 72 2.89 26.96 -10 3.18 27.64 -10 5.2 27.77 -10 5.29 27.13 -10
4 72 7.77 27.81 -10 7.82 27.13 -10 7.21 27.12 -10 7.3 27.82 -10
4 72 2.89 26.96 -10 2.33 26.98 -10 2.25 27.68 -10 2.72 27.65 -10
4 72 0 27.74 -10 2.25 27.68 -10 2.33 26.98 -10 .73 27.05 -10
3 72 2.72 27.65 -10 3.18 27.64 -10 2.89 26.96 -10
4 72 -2.91 27 -10 -2.72 27.65 -10 -2.25 27.68 -10 -2.36 26.97 -10
4 72 .73 27.05 -10 -2.36 26.97 -10 -2.25 27.68 -10 0 27.74 -10
4 72 -7.61 26.97 -10 -7.3 27.82 -10 -5.2 27.77 -10 -5.03 27.11 -10
4 72 -10.49 27.06 -10 -10.02 27.9 -10 -7.77 27.81 -10 -8.13 27 -10
4 72 -8.13 27 -10 -7.77 27.81 -10 -7.3 27.82 -10 -7.61 26.97 -10
4 72 9.32 24.62 -10 9.69 23.64 -10 9.9 22.91 -10 9.09 24.11 -10
4 72 9.09 24.11 -10 9.9 22.91 -10 9.97 22.31 -10 9.92 22.13 -10
4 72 7.3 27.82 -10 7.21 27.12 -10 5.29 27.13 -10 5.2 27.77 -10
3 72 -12.87 27.74 -10 -12.37 26.96 -10 -12.93 26.95 -10
3 72 -17.7 26.98 -10 -16.96 27.66 -10 -14.88 27.81 -10
3 72 -12.93 26.95 -10 -14.88 27.81 -10 -12.87 27.74 -10
3 72 -12.87 27.74 -10 -12.35 27.77 -10 -12.37 26.96 -10
4 72 7.45 26.5 -10 8.09 25.91 -10 8.23 24.38 -10 7.86 24.76 -10
4 72 8.19 23.92 -10 8.08 24.1 -10 7.86 24.76 -10 8.23 24.38 -10
4 72 -10.02 27.9 -10 -10.49 27.06 -10 -12.37 26.96 -10 -12.35 27.77 -10
4 72 -9.15 25.06 -10 -8.76 24.86 -10 -9.14 23.94 -10 -9.54 24.08 -10
4 72 -9.26 23.47 -10 -9.64 23.55 -10 -9.54 24.08 -10 -9.14 23.94 -10
4 72 -9.63 23.02 -10 -9.3 22.99 -10 -9.42 22.41 -10 -9.55 22.61 -10
3 72 -8.56 23.61 -10 -8.61 23.49 -10 -8.68 23.54 -10
4 72 -8.99 22.89 -10 -9.13 23.1 -10 -8.68 23.54 -10 -8.61 23.49 -10
4 72 -9.64 23.55 -10 -9.26 23.47 -10 -9.3 22.99 -10 -9.63 23.02 -10
4 72 -9.42 22.41 -10 -9.3 22.99 -10 -9.13 23.1 -10 -8.99 22.89 -10
3 72 7.82 27.13 -10 7.45 26.5 -10 7.21 27.12 -10
4 72 4.22 24.15 -10 4.29 23.59 -10 4.28 23.19 -10 4 23.29 -10
4 72 4.08 22.49 -10 3.89 22.61 -10 3.7 22.93 -10 4.21 22.8 -10
4 72 3.3 25.77 -10 4 23.29 -10 3.7 22.93 -10 2.79 25.89 -10
4 72 4.28 23.19 -10 4.21 22.8 -10 3.7 22.93 -10 4 23.29 -10
4 72 -9.15 25.06 -10 -8.42 26.34 -10 -7.61 26.97 -10 -8.76 24.86 -10
3 72 -8.42 26.34 -10 -8.13 27 -10 -7.61 26.97 -10
4 72 3.3 25.77 -10 2.79 25.89 -10 2.33 26.98 -10 2.89 26.96 -10
4 72 -5.2 27.77 -10 -2.72 27.65 -10 -2.91 27 -10 -5.03 27.11 -10
4 72 -3.76 23.86 -10 -3.55 25.11 -10 -2.88 25.85 -10 -3.28 24.2 -10
3 72 -3.5 20.87 -10 -3.63 21.11 -10 -3.78 21.8 -10
4 72 -3.83 22.65 -10 -3.46 22.84 -10 -3.5 20.87 -10 -3.78 21.8 -10
3 72 -2.91 27 -10 -2.36 26.97 -10 -2.64 26.49 -10
4 72 -3.83 22.65 -10 -3.76 23.86 -10 -3.28 24.2 -10 -3.46 22.84 -10
4 72 -13.43 21.18 -10 -13.6 21.67 -10 -13.68 22.44 -10 -13.36 21.61 -10
4 72 -13.36 21.61 -10 -13.68 22.44 -10 -13.67 24.26 -10 -13.23 24.25 -10
4 72 -13.49 25.48 -10 -13.13 24.99 -10 -13.23 24.25 -10 -13.67 24.26 -10
3 72 -13.13 24.99 -10 -13.49 25.48 -10 -12.96 25.71 -10
3 72 -12.93 26.95 -10 -12.37 26.96 -10 -12.72 26.38 -10
3 72 -15.82 16.48 -10 -15.72 17.1 -10 -15.3 16.87 -10
4 72 -15.72 17.1 -10 -15.43 17.86 -10 -15.09 18.54 -10 -15.3 16.87 -10
4 72 -14.65 19.16 -10 -14.35 19.38 -10 -15.3 16.87 -10 -15.09 18.54 -10
4 72 -15.69 15.45 -10 -15.82 16.48 -10 -15.3 16.87 -10 -15.61 15.58 -10

0 // Back
1 16 0 0 0 -1 0 0 0 1 0 0 0 -1 s\973pv6s01.dat
1 16 0 0 0 1 0 0 0 1 0 0 0 -1 s\973pv6s01.dat
4 16 -12 0 10 12 0 10 11.12 .94 10 -11.12 .94 10
3 16 -2.26 31.28 10 0 27.74 10 2.26 31.28 10
4 16 -19 32 10 -2.26 31.28 10 2.26 31.28 10 19 32 10
4 72 11.12 .94 10 0 6.11 10 -7 6.19 10 -11.12 .94 10
3 72 0 6.11 10 11.12 .94 10 7 6.19 10

4 72 -14.26 24.65 10 -12.46 26.8 10 -12.98 26.95 10 -13.99 25.6 10
4 72 5.2 27.77 10 2.72 27.65 10 2.66 26.98 10 4.76 27.03 10
4 72 14.86 17.22 10 14.16 17.47 10 15.63 15.29 10 15.44 16.41 10
4 72 7.18 18.18 10 5.22 18.77 10 3.08 18.93 10 7.13 17.91 10
4 72 -.28 23.79 10 -2.72 23.52 10 -2.9 23.1 10 -.35 23.36 10
4 72 -14.65 19.6 10 -15.68 18.6 10 -15.97 17.54 10 -14.31 19.41 10
4 72 -16.1 17.76 10 -15.97 17.54 10 -15.68 18.6 10 -16.08 17.98 10
4 72 -13.77 20.16 10 -14 20.06 10 -14.65 19.6 10 -14.31 19.41 10
3 72 -12.46 26.8 10 -12.19 26.98 10 -12.98 26.95 10
4 72 -14.26 24.65 10 -14.76 24.68 10 -15.01 24.52 10 -14.92 24.01 10
3 72 -14.77 25.22 10 -14.86 25.12 10 -14.76 24.68 10
4 72 -15.01 24.52 10 -14.76 24.68 10 -14.86 25.12 10 -14.97 24.84 10
3 72 -14.26 24.65 10 -13.99 25.6 10 -14.76 24.68 10
3 72 -16.96 27.66 10 -17.7 26.98 10 -14.88 27.81 10
4 72 -12.98 26.95 10 -12.19 26.98 10 -14.88 27.81 10 -17.7 26.98 10
4 72 -11.79 27.06 10 -12.35 27.77 10 -12.87 27.74 10 -12.19 26.98 10
3 72 -12.87 27.74 10 -14.88 27.81 10 -12.19 26.98 10
4 72 -11.15 27.08 10 -8.16 26.98 10 -7.77 27.81 10 -10.02 27.9 10
4 72 -10.02 27.9 10 -12.35 27.77 10 -11.79 27.06 10 -11.15 27.08 10
4 72 -8.16 26.98 10 -7.4 26.97 10 -7.3 27.82 10 -7.77 27.81 10
4 72 -5.2 27.77 10 -7.3 27.82 10 -7.4 26.97 10 -5.12 27.17 10
4 72 0 27.74 10 -2.25 27.68 10 -2.5 26.94 10 -.47 27.02 10
4 72 2.25 27.68 10 0 27.74 10 -.47 27.02 10 2.1 26.96 10
4 72 -2.72 27.65 10 -5.2 27.77 10 -5.12 27.17 10 -3.06 27 10
4 72 -7.4 26.97 10 -8.16 26.98 10 -8.71 26.07 10 -7.7 26.74 10
4 72 -7.7 26.74 10 -8.71 26.07 10 -8.93 25.44 10 -8.61 25.69 10
4 72 4.76 27.03 10 6.85 26.99 10 7.3 27.82 10 5.2 27.77 10
4 72 10.02 27.9 10 9.98 27.09 10 12.48 26.98 10 12.35 27.77 10
4 72 6.85 26.99 10 7.38 26.96 10 7.77 27.81 10 7.3 27.82 10
3 72 7.77 27.81 10 7.38 26.96 10 7.94 26.99 10
4 72 13.1 26.97 10 17.7 26.98 10 16.96 27.66 10 14.88 27.81 10
3 72 14.88 27.81 10 12.87 27.74 10 13.1 26.97 10
4 72 7.77 27.81 10 7.94 26.99 10 9.98 27.09 10 10.02 27.9 10
4 72 12.35 27.77 10 12.48 26.98 10 13.1 26.97 10 12.87 27.74 10
4 72 13.1 26.97 10 12.83 26.5 10 13.4 25.33 10 13.7 25.75 10
3 72 14.69 22.57 10 14.17 24.39 10 14.35 22.68 10
4 72 14.69 22.57 10 14.35 22.68 10 14.86 21.48 10 14.87 21.69 10
4 72 13.7 25.75 10 13.4 25.33 10 14.35 22.68 10 14.17 24.39 10
4 72 -3.06 27 10 -3.62 25.66 10 -3.38 25.39 10 -2.77 26.58 10
4 72 2.72 27.65 10 2.25 27.68 10 2.1 26.96 10 2.66 26.98 10
4 72 -2.25 27.68 10 -2.72 27.65 10 -3.06 27 10 -2.5 26.94 10
4 72 -3.62 25.66 10 -3.69 25.22 10 -3.64 25.06 10 -3.38 25.39 10
3 72 12.48 26.98 10 12.83 26.5 10 13.1 26.97 10
3 72 -3.06 27 10 -2.77 26.58 10 -2.5 26.94 10
4 72 10 24.29 10 9.96 24.14 10 9.99 23.47 10 10.21 23.6 10
4 72 9.89 23.01 10 10.14 23.06 10 10.22 23.33 10 9.89 23.34 10
4 72 9.45 23.31 10 9.64 23.12 10 9.89 23.01 10 9.89 23.34 10
4 72 7.94 26.99 10 7.38 26.96 10 9.45 23.31 10 9.26 24.43 10
4 72 10.21 23.6 10 9.99 23.47 10 9.89 23.34 10 10.22 23.33 10
4 72 2.99 25.66 10 2.71 25.37 10 2.93 25.03 10 2.99 25.22 10
4 72 2.66 26.98 10 2.31 26.56 10 2.71 25.37 10 2.99 25.66 10
3 72 2.1 26.96 10 2.31 26.56 10 2.66 26.98 10
3 72 9.45 23.31 10 9.89 23.34 10 9.26 24.43 10
3 72 15.66 15.88 10 15.44 16.41 10 15.63 15.29 10
3 72 14.86 17.22 10 14.44 17.72 10 14.16 17.47 10
4 72 14.44 17.72 10 13.97 18.16 10 13.66 18.35 10 14.16 17.47 10
4 72 8.33 17.68 10 7.89 17.91 10 7.18 18.18 10 7.13 17.91 10
3 72 5.22 18.77 10 3.01 19.35 10 3.08 18.93 10
4 72 .12 19.54 10 3.08 18.93 10 3.01 19.35 10 .44 19.93 10
3 72 .44 19.93 10 -2.56 20.45 10 .12 19.54 10
4 72 .12 19.54 10 -2.56 20.45 10 -4.71 20.74 10 -3.87 20.21 10
3 72 -4.71 20.74 10 -6.88 20.93 10 -3.87 20.21 10
3 72 -8.99 21 10 -9.63 20.99 10 -8.99 20.84 10
4 72 -8.99 21 10 -8.99 20.84 10 -3.87 20.21 10 -6.88 20.93 10
4 72 -6.73 22.53 10 -5.74 22.64 10 -6.14 22.81 10 -6.49 22.69 10
4 72 -2.9 23.1 10 -4.12 23.29 10 -6.14 22.81 10 -5.74 22.64 10
3 72 -2.72 23.52 10 -4.12 23.29 10 -2.9 23.1 10
4 72 -.28 23.79 10 -.35 23.36 10 2.8 23.51 10 2.34 23.93 10
4 72 2.34 23.93 10 2.8 23.51 10 4.82 23.87 10 3.62 23.93 10
3 72 5.9 23.46 10 6.85 23.55 10 5.91 23.74 10
4 72 5.91 23.74 10 4.82 23.87 10 2.8 23.51 10 5.9 23.46 10
3 16 -17.74 26.97 10 -17.7 26.98 10 -19 29 10
3 16 -16.1 17.76 10 -19 29 10 -15.29 13.48 10
4 16 -14.31 19.41 10 -15.97 17.54 10 -15.29 13.48 10 -7.63 13.2 10
4 16 -3.87 20.21 10 -13.77 20.16 10 -14.31 19.41 10 -7.63 13.2 10
4 16 .12 19.54 10 -3.87 20.21 10 -7.63 13.2 10 0 13.09 10
3 16 .12 19.54 10 0 13.09 10 3.08 18.93 10
4 16 10.14 23.06 10 8.33 17.68 10 14.16 17.47 10 13.66 18.35 10
3 16 15.29 13.48 10 19 29 10 15.63 15.29 10
3 16 15.63 15.29 10 14.16 17.47 10 15.29 13.48 10
4 16 15.29 13.48 10 14.16 17.47 10 8.33 17.68 10 7.63 13.2 10
4 16 0 13.09 10 7.63 13.2 10 7.13 17.91 10 3.08 18.93 10
3 16 8.33 17.68 10 7.13 17.91 10 7.63 13.2 10
3 16 -15.97 17.54 10 -16.1 17.76 10 -15.29 13.48 10
4 16 -6.49 22.69 10 -8.61 25.69 10 -8.93 25.44 10 -6.73 22.53 10
4 16 -7.7 26.74 10 -8.61 25.69 10 -6.49 22.69 10 -6.14 22.81 10
4 16 -3.69 25.22 10 -5.12 27.17 10 -7.4 26.97 10 -6.14 22.81 10
3 16 6.85 23.55 10 9.45 23.31 10 7.38 26.96 10
4 16 5.91 23.74 10 6.85 23.55 10 7.38 26.96 10 6.85 26.99 10
3 16 4.76 27.03 10 2.66 26.98 10 2.99 25.66 10
4 16 6.85 26.99 10 4.76 27.03 10 4.82 23.87 10 5.91 23.74 10
4 16 2.99 25.66 10 2.99 25.22 10 4.82 23.87 10 4.76 27.03 10
4 16 2.93 25.03 10 3.62 23.93 10 4.82 23.87 10 2.99 25.22 10
4 16 3.62 23.93 10 2.93 25.03 10 2.71 25.37 10 2.34 23.93 10
4 16 2.34 23.93 10 2.71 25.37 10 2.31 26.56 10 -.28 23.79 10
4 16 2.1 26.96 10 -.47 27.02 10 -.28 23.79 10 2.31 26.56 10
4 16 -2.5 26.94 10 -2.77 26.58 10 -.28 23.79 10 -.47 27.02 10
4 16 -2.72 23.52 10 -.28 23.79 10 -2.77 26.58 10 -3.38 25.39 10
4 16 -4.12 23.29 10 -2.72 23.52 10 -3.38 25.39 10 -3.64 25.06 10
4 16 -6.14 22.81 10 -4.12 23.29 10 -3.64 25.06 10 -3.69 25.22 10
3 16 -6.14 22.81 10 -7.4 26.97 10 -7.7 26.74 10
3 16 -5.12 27.17 10 -3.69 25.22 10 -3.62 25.66 10
3 16 -3.62 25.66 10 -3.06 27 10 -5.12 27.17 10
4 16 -6.73 22.53 10 -8.93 25.44 10 -14.26 24.65 10 -13.77 20.16 10
3 16 -14.65 19.6 10 -14 20.06 10 -14.92 24.01 10
4 16 -14 20.06 10 -13.77 20.16 10 -14.26 24.65 10 -14.92 24.01 10
3 16 -8.71 26.07 10 -8.16 26.98 10 -11.15 27.08 10
3 16 -8.93 25.44 10 -8.71 26.07 10 -11.15 27.08 10
4 16 -12.19 26.98 10 -12.46 26.8 10 -11.15 27.08 10 -11.79 27.06 10
4 16 -14.26 24.65 10 -8.93 25.44 10 -11.15 27.08 10 -12.46 26.8 10
3 16 -16.08 17.98 10 -15.68 18.6 10 -17.74 26.97 10
4 16 -16.1 17.76 10 -16.08 17.98 10 -17.74 26.97 10 -19 29 10
4 16 -14.97 24.84 10 -17.7 26.98 10 -17.74 26.97 10 -15.01 24.52 10
4 16 -12.98 26.95 10 -17.7 26.98 10 -14.77 25.22 10 -13.99 25.6 10
3 16 -14.76 24.68 10 -13.99 25.6 10 -14.77 25.22 10
3 16 -14.77 25.22 10 -17.7 26.98 10 -14.86 25.12 10
4 16 -14.65 19.6 10 -14.92 24.01 10 -17.74 26.97 10 -15.68 18.6 10
3 16 -14.92 24.01 10 -15.01 24.52 10 -17.74 26.97 10
3 16 -14.86 25.12 10 -17.7 26.98 10 -14.97 24.84 10
3 16 17.7 26.98 10 13.1 26.97 10 13.7 25.75 10
3 16 17.7 26.98 10 13.7 25.75 10 14.17 24.39 10
4 16 15.63 15.29 10 19 29 10 17.7 26.98 10 15.66 15.88 10
3 16 17.7 26.98 10 14.17 24.39 10 14.69 22.57 10
3 16 17.7 26.98 10 14.69 22.57 10 14.87 21.69 10
3 16 14.86 17.22 10 15.44 16.41 10 14.86 21.48 10
4 16 15.66 15.88 10 17.7 26.98 10 14.86 21.48 10 15.44 16.41 10
3 16 14.44 17.72 10 14.86 17.22 10 14.86 21.48 10
3 16 17.7 26.98 10 14.87 21.69 10 14.86 21.48 10
4 16 10.14 23.06 10 14.35 22.68 10 13.4 25.33 10 10.22 23.33 10
4 16 12.83 26.5 10 10 24.29 10 10.21 23.6 10 13.4 25.33 10
4 16 9.98 27.09 10 10 24.29 10 12.83 26.5 10 12.48 26.98 10
3 16 14.44 17.72 10 14.86 21.48 10 13.97 18.16 10
3 16 13.97 18.16 10 14.86 21.48 10 13.66 18.35 10
4 16 14.35 22.68 10 10.14 23.06 10 13.66 18.35 10 14.86 21.48 10
4 16 9.26 24.43 10 9.89 23.34 10 9.99 23.47 10 9.96 24.14 10
4 16 7.94 26.99 10 9.26 24.43 10 10 24.29 10 9.98 27.09 10
3 16 9.26 24.43 10 9.96 24.14 10 10 24.29 10
4 16 9.89 23.01 10 9.64 23.12 10 7.18 18.18 10 7.89 17.91 10
3 16 13.4 25.33 10 10.21 23.6 10 10.22 23.33 10
4 16 2.8 23.51 10 3.01 19.35 10 5.22 18.77 10 5.9 23.46 10
4 16 9.45 23.31 10 6.85 23.55 10 7.18 18.18 10 9.64 23.12 10
4 16 -.35 23.36 10 .44 19.93 10 3.01 19.35 10 2.8 23.51 10
4 16 7.18 18.18 10 6.85 23.55 10 5.9 23.46 10 5.22 18.77 10
4 16 7.89 17.91 10 8.33 17.68 10 10.14 23.06 10 9.89 23.01 10
4 16 .44 19.93 10 -.35 23.36 10 -2.9 23.1 10 -2.56 20.45 10
4 16 -2.56 20.45 10 -2.9 23.1 10 -5.74 22.64 10 -4.71 20.74 10
4 16 -8.99 21 10 -6.88 20.93 10 -5.74 22.64 10 -6.73 22.53 10
3 16 -6.73 22.53 10 -13.77 20.16 10 -9.63 20.99 10
3 16 -13.77 20.16 10 -3.87 20.21 10 -8.99 20.84 10
3 16 -13.77 20.16 10 -8.99 20.84 10 -9.63 20.99 10
3 16 -6.73 22.53 10 -9.63 20.99 10 -8.99 21 10
3 16 -6.88 20.93 10 -4.71 20.74 10 -5.74 22.64 10
3 72 -12.93 26.95 -10 -17.7 26.98 -10 -14.88 27.81 -10