0 ~Duplo Train Movable Hitch (Return to Zero)
0 Name: u9094.dat
0 Author: Gerald Lasser [GeraldLasser]
0 !LDRAW_ORG Unofficial_Part
0 !LICENSE Licensed under CC BY 4.0 : see CAreadme.txt

0 BFC CERTIFY CCW

0 !CATEGORY Duplo

1 16 0 0 0 1 0 0 0 1 0 0 0 1 s\u9094s01.dat
1 16 0 0 0 -1 0 0 0 1 0 0 0 1 s\u9094s01.dat
1 16 0 0 0 1 0 0 0 1 0 0 0 1 s\u9094s03.dat
1 16 0 0 0 -1 0 0 0 1 0 0 0 1 s\u9094s03.dat
1 16 0 0 -13 12 0 0 0 0 -12 0 -.5 0 4-4cylc.dat

4 16 -7 -2.5 -60 -7 -2.5 -55 -7 2.5 -55 -7 2.5 -60
4 16 7 2.5 -55 7 -2.5 -55 7 -2.5 -60 7 2.5 -60
2 24 7 -2.5 -55 7 -2.5 -60
2 24 7 2.5 -55 7 2.5 -60
2 24 -7 -2.5 -60 -7 -2.5 -55
2 24 -7 2.5 -60 -7 2.5 -55

1 16 0 0 0 1 0 0 0 1 0 0 0 -1 s\u9094s04.dat
1 16 0 0 0 -1 0 0 0 -1 0 0 0 -1 s\u9094s04.dat
1 16 0 0 0 1 0 0 0 1 0 0 0 1 s\u9094s04.dat
1 16 0 0 0 -1 0 0 0 -1 0 0 0 1 s\u9094s04.dat

1 16 0 0 13 10 0 0 0 0 -10 0 2.5 0 4-4cylc.dat
1 16 0 0 18.5 7.5 0 0 0 0 -7.5 0 -1 0 4-4disc.dat
1 16 0 0 15.5 2.5 0 0 0 0 -2.5 0 3 0 4-4con3.dat
1 16 0 0 18.5 7.5 0 0 0 0 -7.5 0 -1 0 4-4edge.dat

0 // RTZ Spring
0 // 1 16 0 0 18.5 .5 0 0 0 0 -5 0 67 0 box4o4a.dat
1 16 0 0 18.5 1.5 0 0 0 0 -1.5 0 71.5 0 8\4-4cyli.dat
1 16 0 0 18.5 1.5 0 0 0 0 -1.5 0 1 0 8\4-4edge.dat

1 16 0 5 49 0 0 -.5 0 -1 0 -30.5 0 0 rect.dat
4 16 .5 1.2929 18.5 .5 5 18.5 .5 5 79.5 .5 1.2929 85.5
4 16 -.5 1.2929 85.5 -.5 5 79.5 -.5 5 18.5 -.5 1.2929 18.5
4 16 -.5 5 79.5 -.5 1.2929 85.5 .5 1.2929 85.5 .5 5 79.5
2 24 -.5 5 18.5 -.5 1.2929 18.5
2 24 .5 5 18.5 .5 1.2929 18.5
2 24 .5 5 79.5 .5 1.2929 85.5
2 24 -.5 5 79.5 -.5 1.2929 85.5
2 24 .5 1.2929 85.5 .5 1.2929 18.5
2 24 -.5 1.2929 85.5 -.5 1.2929 18.5
2 24 0 1.5 85.1648 -.5 1.2929 85.5
2 24 .5 1.2929 85.5 0 1.5 85.1648

1 16 0 -5 49 0 0 -.5 0 1 0 -30.5 0 0 rect.dat
4 16 .5 -5 79.5 .5 -5 18.5 .5 -1.2929 18.5 .5 -1.2929 85.5
4 16 -.5 -5 18.5 -.5 -5 79.5 -.5 -1.2929 85.5 -.5 -1.2929 18.5
4 16 .5 -1.2929 85.5 -.5 -1.2929 85.5 -.5 -5 79.5 .5 -5 79.5
2 24 -.5 -1.2929 18.5 -.5 -5 18.5
2 24 .5 -1.2929 18.5 .5 -5 18.5
2 24 .5 -1.2929 85.5 .5 -5 79.5
2 24 -.5 -1.2929 85.5 -.5 -5 79.5
2 24 .5 -1.2929 18.5 .5 -1.2929 85.5
2 24 -.5 -1.2929 18.5 -.5 -1.2929 85.5
2 24 -.5 -1.2929 85.5 0 -1.5 85.1648
2 24 0 -1.5 85.1648 .5 -1.2929 85.5

1 16 0 0 90 0 0 1.5 1.5 0 0 0 .8 0 8\4-4cyls.dat
1 16 0 -.7963 125.9 0 0 1.5 1.29904 -.75 0 .75 1.29904 0 8\4-8sphe.dat

0 // Bent Section
3 16 -1.0607 -1.0607 91.3657 0 -1.5 91.6 -1.0607 1.7556 99.0088
3 16 0 1.3313 99.1225 -1.0607 1.7556 99.0088 0 -1.5 91.6
3 16 -1.0607 -1.0607 91.3657 -1.0607 1.7556 99.0088 -1.5 0 90.8
3 16 -1.5 2.7801 98.7343 -1.5 0 90.8 -1.0607 1.7556 99.0088
3 16 -1.5 0 90.8 -1.5 2.7801 98.7343 -1.0607 1.0607 90.2343
3 16 -1.0607 3.8047 98.4598 -1.0607 1.0607 90.2343 -1.5 2.7801 98.7343
3 16 -1.0607 3.8047 98.4598 0 4.229 98.346 -1.0607 1.0607 90.2343
3 16 0 1.5 90 -1.0607 1.0607 90.2343 0 4.229 98.346
3 16 0 4.229 98.346 1.0607 3.8047 98.4598 0 1.5 90
3 16 1.0607 1.0607 90.2343 0 1.5 90 1.0607 3.8047 98.4598
3 16 1.0607 3.8047 98.4598 1.5 2.7801 98.7343 1.0607 1.0607 90.2343
3 16 1.5 0 90.8 1.0607 1.0607 90.2343 1.5 2.7801 98.7343
3 16 1.5 0 90.8 1.5 2.7801 98.7343 1.0607 -1.0607 91.3657
3 16 1.0607 1.7556 99.0088 1.0607 -1.0607 91.3657 1.5 2.7801 98.7343
3 16 1.0607 -1.0607 91.3657 1.0607 1.7556 99.0088 0 -1.5 91.6
3 16 0 1.3313 99.1225 0 -1.5 91.6 1.0607 1.7556 99.0088
4 16 1.0607 3.8047 98.4598 0 4.229 98.346 0 5.5 108 1.0607 5.0607 108
4 16 1.5 2.7801 98.7343 1.0607 3.8047 98.4598 1.0607 5.0607 108 1.5 4 108
4 16 1.0607 3.8047 117.5402 1.0607 5.0607 108 0 5.5 108 0 4.229 117.654
4 16 1.5 4 108 1.0607 5.0607 108 1.0607 3.8047 117.5402 1.5 2.7801 117.2657
4 16 1.5 2.7801 117.2657 1.0607 1.7556 116.9912 1.0607 2.9394 108 1.5 4 108
4 16 1.5 4 108 1.0607 2.9394 108 1.0607 1.7556 99.0088 1.5 2.7801 98.7343
4 16 0 2.5 108 0 1.3313 99.1225 1.0607 1.7556 99.0088 1.0607 2.9394 108
4 16 0 4.229 98.346 -1.0607 3.8047 98.4598 -1.0607 5.0607 108 0 5.5 108
4 16 -1.5 2.7801 98.7343 -1.5 4 108 -1.0607 5.0607 108 -1.0607 3.8047 98.4598
4 16 -1.5 4 108 -1.5 2.7801 98.7343 -1.0607 1.7556 99.0088 -1.0607 2.9394 108
4 16 0 2.5 108 -1.0607 2.9394 108 -1.0607 1.7556 99.0088 0 1.3313 99.1225
4 16 0 5.5 108 -1.0607 5.0607 108 -1.0607 3.8047 117.5402 0 4.229 117.654
4 16 -1.5 2.7801 117.2657 -1.0607 3.8047 117.5402 -1.0607 5.0607 108 -1.5 4 108
4 16 -1.5 2.7801 117.2657 -1.5 4 108 -1.0607 2.9394 108 -1.0607 1.7556 116.9912
4 16 0 1.3313 116.8775 -1.0607 1.7556 116.9912 -1.0607 2.9394 108 0 2.5 108
4 16 0 1.3313 116.8775 0 2.5 108 1.0607 2.9394 108 1.0607 1.7556 116.9912
4 16 -1.0607 3.8047 117.5402 -1.5 2.7801 117.2657 -1.5 -.7963 125.9 -1.0607 .1223 126.4303
4 16 -1.0607 3.8047 117.5402 -1.0607 .1223 126.4303 0 .5027 126.65 0 4.229 117.654
4 16 1.0607 3.8047 117.5402 0 4.229 117.654 0 .5027 126.65 1.0607 .1223 126.4303
4 16 1.0607 3.8047 117.5402 1.0607 .1223 126.4303 1.5 -.7963 125.9 1.5 2.7801 117.2657
4 16 1.0607 1.7556 116.9912 1.5 2.7801 117.2657 1.5 -.7963 125.9 1.0607 -1.7148 125.3697
4 16 1.0607 1.7556 116.9912 1.0607 -1.7148 125.3697 0 -2.0953 125.15 0 1.3313 116.8775
4 16 -1.0607 1.7556 116.9912 0 1.3313 116.8775 0 -2.0953 125.15 -1.0607 -1.7148 125.3697
4 16 -1.0607 -1.7148 125.3697 -1.5 -.7963 125.9 -1.5 2.7801 117.2657 -1.0607 1.7556 116.9912

5 24 1.06065 -1.06065 91.36568 1.5 2.7801 98.7343 1.5 0 90.8 1.0607 1.7556 99.0088
5 24 1.0607 3.8047 98.4598 1.06065 1.06065 90.23432 0 1.5 90 1.5 2.7801 98.7343
5 24 1.0607 1.7556 116.9912 1.5 2.7801 117.2657 1.0607 2.9394 108 1.5 -.7963 125.9
5 24 0 1.3313 116.8775 0 2.5 108 -1.0607 1.7556 116.9912 1.0607 2.9394 108
5 24 -1.0607 1.0607 90.2343 0 1.5 90 -1.06065 1.06065 90 0 4.229 98.346
5 24 -1.5 2.7801 98.7343 -1.0607 3.8047 98.4598 -1.0607 1.0607 90.2343 -1.5 4 108
5 24 1.0607 3.8047 98.4598 1.5 2.7801 98.7343 1.0607 1.0607 90.2343 1.0607 5.0607 108
5 24 1.5 0 90.8 1.06065 1.06065 90.23432 1.5 2.7801 98.7343 1.5 0 90
5 24 1.0607 3.8047 117.5402 1.06065 .122251184 126.430325 1.5 -.7963 125.9 0 4.229 117.654
5 24 0 .5027 126.65 0 4.229 117.654 -1.0607 3.8047 117.5402 1.0607 .1223 126.4303
5 24 1.0607 5.0607 108 1.0607 3.8047 117.5402 0 5.5 108 1.5 2.7801 117.2657
5 24 0 2.5 108 1.0607 2.9394 108 0 1.3313 99.1225 1.0607 1.7556 116.9912
5 24 0 -2.09534 125.15 0 1.3313 116.8775 1.0607 1.7556 116.9912 -1.0607 -1.7148 125.3697
5 24 0 5.5 108 1.0607 5.0607 108 1.0607 3.8047 98.4598 0 4.229 117.654
5 24 -1.0607 3.8047 98.4598 0 4.229 98.346 -1.0607 1.0607 90.2343 -1.0607 5.0607 108
5 24 1.0607 2.9394 108 1.0607 1.7556 99.0088 0 2.5 108 1.5 2.7801 98.7343
5 24 1.5 2.7801 98.7343 1.5 4 108 1.0607 3.8047 98.4598 1.0607 2.9394 108
5 24 -1.0607 1.0607 90.2343 0 4.229 98.346 -1.0607 3.8047 98.4598 0 1.5 90
5 24 -1.5 2.7801 98.7343 -1.5 0 90.8 -1.0607 1.7556 99.0088 -1.0607 1.0607 90.2343
5 24 1.0607 2.9394 108 1.0607 1.7556 116.9912 0 1.3313 116.8775 1.5 4 108
5 24 -1.5 4 108 -1.0607 2.9394 108 -1.5 2.7801 98.7343 -1.0607 1.7556 116.9912
5 24 1.5 2.7801 98.7343 1.0607 1.7556 99.0088 1.0607 -1.0607 91.3657 1.5 4 108
5 24 -1.5 0 90.8 -1.0607 1.7556 99.0088 -1.0607 -1.0607 91.3657 -1.5 2.7801 98.7343
5 24 -1.0607 2.9394 108 -1.0607 1.7556 116.9912 -1.5 2.7801 117.2657 0 2.5 108
5 24 -1.0607 .1223 126.4303 -1.0607 3.8047 117.5402 -1.5 2.7801 117.2657 0 .5027 126.65
5 24 1.5 2.7801 98.7343 1.5 0 90.8 1.0607 -1.0607 91.3657 1.0607 1.0607 90.2343
5 24 1.5 4 108 1.0607 5.0607 108 1.0607 3.8047 117.5402 1.5 2.7801 98.7343
5 24 0 1.3313 99.1225 -1.0607 1.7556 99.0088 0 2.5 108 0 -1.5 91.6
5 24 0 -1.5 91.6 0 1.3313 99.1225 1.0607 1.7556 99.0088 -1.0607 1.7556 99.0088
5 24 1.0607 3.8047 117.5402 0 4.229 117.654 1.0607 5.0607 108 0 .5027 126.65
5 24 0 4.229 98.346 0 1.5 90 -1.0607 1.0607 90.2343 1.0607 3.8047 98.4598
5 24 -1.0607 3.8047 98.4598 -1.0607 1.0607 90.2343 -1.5 2.7801 98.7343 0 4.229 98.346
5 24 1.5 2.7801 117.2657 1.5 4 108 1.0607 1.7556 116.9912 1.0607 5.0607 108
5 24 -1.0607 2.9394 108 0 2.5 108 -1.0607 1.7556 99.0088 0 1.3313 116.8775
5 24 1.0607 1.7556 99.0088 0 1.3313 99.1225 1.0607 2.9394 108 0 -1.5 91.6
5 24 1.06065 -1.06065 91.36568 1.5 0 90.8 1.5 2.7801 98.7343 1.06065 -1.06065 90
5 24 -1.0607 3.8047 117.5402 -1.5 2.7801 117.2657 -1.0607 5.0607 108 -1.5 -.7963 125.9
5 24 -1.0607 1.0607 90.2343 -1.5 2.7801 98.7343 -1.0607 3.8047 98.4598 -1.5 0 90.8
5 24 -1.0607 5.0607 108 -1.5 4 108 -1.0607 3.8047 98.4598 -1.5 2.7801 117.2657
5 24 -1.0607 -1.0607 91.3657 0 -1.5 91.6 -1.06065 -1.06065 90 -1.0607 1.7556 99.0088
5 24 0 -1.5 91.6 1.06065 -1.06065 91.36568 0 -1.5 90 1.0607 1.7556 99.0088
5 24 0 4.229 98.346 0 5.5 108 -1.0607 3.8047 98.4598 1.0607 5.0607 108
5 24 -1.0607 -1.7148 125.3697 -1.0607 1.7556 116.9912 0 1.3313 116.8775 -1.5 -.7963 125.9
5 24 -1.5 4 108 -1.5 2.7801 98.7343 -1.0607 5.0607 108 -1.0607 1.7556 99.0088
5 24 0 5.5 108 -1.0607 5.0607 108 0 4.229 98.346 -1.0607 3.8047 117.5402
5 24 1.06065 1.06065 90.23432 1.5 2.7801 98.7343 1.0607 3.8047 98.4598 1.5 0 90.8
5 24 1.0607 1.7556 99.0088 1.06065 -1.06065 91.36568 1.5 2.7801 98.7343 0 -1.5 91.6
5 24 -1.0607 5.0607 108 -1.0607 3.8047 117.5402 0 4.229 117.654 -1.5 4 108
5 24 0 4.229 98.346 1.0607 3.8047 98.4598 0 1.5 90 0 5.5 108
5 24 -1.0607 1.7556 116.9912 -1.5 2.7801 117.2657 -1.0607 -1.7148 125.3697 -1.5 4 108
5 24 0 -1.5 91.6 1.0607 1.7556 99.0088 1.0607 -1.0607 91.3657 0 1.3313 99.1225
5 24 0 -1.5 91.6 -1.0607 1.7556 99.0088 -1.0607 -1.0607 91.3657 0 1.3313 99.1225
5 24 -1.5 0 90.8 -1.0607 -1.0607 91.3657 -1.5 0 90 -1.0607 1.7556 99.0088
5 24 1.0607 5.0607 108 1.0607 3.8047 98.4598 0 4.229 98.346 1.5 4 108
5 24 0 1.3313 99.1225 0 2.5 108 1.0607 1.7556 99.0088 -1.0607 2.9394 108
5 24 -1.0607 3.8047 98.4598 -1.0607 5.0607 108 -1.5 2.7801 98.7343 0 5.5 108
5 24 1.5 4 108 1.0607 2.9394 108 1.0607 1.7556 99.0088 1.5 2.7801 117.2657
5 24 0 4.229 117.654 0 5.5 108 -1.0607 5.0607 108 1.0607 3.8047 117.5402
5 24 1.5 -.7963 125.9 1.5 2.7801 117.2657 1.0607 3.8047 117.5402 1.0607 -1.7148 125.3697
5 24 -1.0607 1.7556 99.0088 -1.0607 -1.0607 91.3657 0 -1.5 91.6 -1.5 0 90.8
5 24 0 1.3313 116.8775 -1.0607 1.7556 116.9912 0 -2.0953 125.15 -1.0607 2.9394 108
5 24 1.0607 1.7556 116.9912 0 1.3313 116.8775 1.0607 -1.7148 125.3697 0 2.5 108
5 24 0 1.5 90 1.06065 1.06065 90.23432 1.0607 3.8047 98.4598 1.06065 1.06065 90
5 24 -1.0607 3.8047 117.5402 0 4.229 117.654 0 5.5 108 -1.0607 .1223 126.4303
5 24 1.0607 1.7556 116.9912 1.06065 -1.714851184 125.369675 1.5 2.7801 117.2657 0 -2.0953 125.15
5 24 -1.0607 1.7556 99.0088 -1.0607 2.9394 108 -1.5 4 108 0 1.3313 99.1225
5 24 -1.0607 1.7556 99.0088 -1.5 2.7801 98.7343 -1.0607 2.9394 108 -1.5 0 90.8
5 24 -1.5 2.7801 117.2657 -1.5 -.7963 125.9 -1.0607 1.7556 116.9912 -1.0607 .1223 126.4303
5 24 -1.5 2.7801 117.2657 -1.5 4 108 -1.0607 3.8047 117.5402 -1.0607 2.9394 108
5 24 1.5 2.7801 117.2657 1.0607 3.8047 117.5402 1.5 4 108 1.0607 .1223 126.4303
5 24 1.0607 3.8047 98.4598 0 1.5 90 0 4.229 98.346 1.0607 1.0607 90.2343
5 24 -1.0607 1.0607 90.2343 -1.5 0 90.8 -1.06065 1.06065 90 -1.5 2.7801 98.7343