0 ~Electric Battery Contact Negative with Spring
0 Name: u9573.dat
0 Author: Gerald Lasser [GeraldLasser]
0 !LDRAW_ORG Unofficial_Part
0 !LICENSE Licensed under CC BY 4.0 : see CAreadme.txt

0 BFC CERTIFY CCW

0 !CATEGORY Electric

1 16 0 3 0 1 0 0 0 1 0 0 0 1 s\u9571s01.dat

1 16 -6.5 3.5 0 0 13 0 0 0 .5 11.5 0 0 box4o8a.dat
1 16 6.5 3 6.5 5 0 0 0 1 0 0 0 5 1-4cylo.dat
1 16 6.5 3 -6.5 5 0 0 0 1 0 0 0 -5 1-4cylo.dat
1 16 -6.5 3 6.5 -5 0 0 0 1 0 0 0 5 1-4cylo.dat
1 16 -6.5 3 -6.5 -5 0 0 0 1 0 0 0 -5 1-4cylo.dat
1 16 6.5 3 6.5 5 0 0 0 1 0 0 0 5 1-4chrd.dat
1 16 6.5 3 -6.5 5 0 0 0 1 0 0 0 -5 1-4chrd.dat
1 16 -6.5 3 6.5 -5 0 0 0 1 0 0 0 5 1-4chrd.dat
1 16 -6.5 3 -6.5 -5 0 0 0 1 0 0 0 -5 1-4chrd.dat
1 16 6.5 4 6.5 5 0 0 0 -1 0 0 0 5 1-4chrd.dat
1 16 6.5 4 -6.5 5 0 0 0 -1 0 0 0 -5 1-4chrd.dat
1 16 -6.5 4 6.5 -5 0 0 0 -1 0 0 0 5 1-4chrd.dat
1 16 -6.5 4 -6.5 -5 0 0 0 -1 0 0 0 -5 1-4chrd.dat
4 16 -11.5 3 -6.5 -11.5 3 6.5 -11.5 4 6.5 -11.5 4 -6.5
4 16 -6.5 3 -11.5 -6.5 3 11.5 -11.5 3 6.5 -11.5 3 -6.5
4 16 -6.5 4 -11.5 -11.5 4 -6.5 -11.5 4 6.5 -6.5 4 11.5
2 24 -11.5 3 6.5 -11.5 3 -6.5
2 24 -11.5 4 6.5 -11.5 4 -6.5
2 24 28.5 3 2.2097 11.5 3 2.2097
2 24 28.5 3 -2.2097 11.5 3 -2.2097
4 16 28.5 3 2.2097 11.5 3 2.2097 11.5 3 -2.2097 28.5 3 -2.2097
4 16 11.5 4 -2.2097 11.5 4 2.2097 28.5 4 2.2097 28.5 4 -2.2097
4 16 11.5 4 6.5 11.5 3 6.5 11.5 3 2.2097 11.5 4 2.2097
4 16 11.5 3 2.2097 28.5 3 2.2097 28.5 4 2.2097 11.5 4 2.2097
4 16 11.5 3 -2.2097 11.5 3 -6.5 11.5 4 -6.5 11.5 4 -2.2097
4 16 28.5 4 -2.2097 28.5 3 -2.2097 11.5 3 -2.2097 11.5 4 -2.2097
2 24 28.5 4 -2.2097 11.5 4 -2.2097
2 24 11.5 3 -2.2097 11.5 4 -2.2097
2 24 11.5 3 -6.5 11.5 3 -2.2097
2 24 11.5 4 -6.5 11.5 4 -2.2097
2 24 11.5 4 2.2097 11.5 4 6.5
2 24 11.5 3 2.2097 11.5 3 6.5
2 24 11.5 4 2.2097 28.5 4 2.2097
2 24 11.5 3 2.2097 11.5 4 2.2097
2 24 28.5 3 2.2097 28.5 4 2.2097
2 24 28.5 3 -2.2097 28.5 4 -2.2097
3 16 6.5 3 -11.5 11.5 3 -6.5 11.5 3 -2.2097
3 16 11.5 3 2.2097 11.5 3 6.5 6.5 3 11.5
3 16 11.5 4 6.5 11.5 4 2.2097 6.5 4 11.5
3 16 11.5 4 -2.2097 11.5 4 -6.5 6.5 4 -11.5
4 16 11.5 4 2.2097 11.5 4 -2.2097 6.5 4 -11.5 6.5 4 11.5
4 16 11.5 3 -2.2097 11.5 3 2.2097 6.5 3 11.5 6.5 3 -11.5
2 24 28.5 3 -2.2097 28.5 3 2.2097
2 24 28.5 4 -2.2097 28.5 4 2.2097
4 16 28.5 3 2.2097 28.5 3 -2.2097 28.5 4 -2.2097 28.5 4 2.2097
