0 Minifig Cape Cloth, Round Lobes with Green Dragon Pattern
0 Name: u9661p01.dat
0 Author: Chris Böhnke [KnightOfTarenta]
0 !LDRAW_ORG Unofficial_Part
0 !LICENSE Licensed under CC BY 4.0 : see CAreadme.txt

0 BFC CERTIFY CCW

0 !CATEGORY Minifig Neckwear
0 !KEYWORDS Bricklink x375px1, Castle, Cloak, Dragon Masters
0 !KEYWORDS Rebrickable upn0243pr0002, Set 6076, Set 6082, Set 6105

0 // Base Part
1 16 0 0 0 1 0 0 0 1 0 0 0 1 s\u9661s01.dat

0 // Top Surface
0 // Common Geometry
1 4 0 -.3 0 1 0 0 0 1 0 0 0 1 s\u9661p01s01.dat
1 4 0 -.3 0 1 0 0 0 1 0 0 0 1 s\u9661p01s02.dat
1 16 0 -.3 0 1 0 0 0 1 0 0 0 1 s\u9661p01s03.dat

0 // Colour 2 Green Dragon Body
4 2 -23.62 -.3 -46.28 -23.78 -.3 -47 -19.66 -.3 -46.65 -22.64 -.3 -45.34
4 2 -19.36 -.3 -42.98 -21.09 -.3 -43.63 -21.21 -.3 -44.35 -19.05 -.3 -43.45
4 2 -15.29 -.3 -44.42 -19.05 -.3 -43.45 -19.66 -.3 -46.65 -16.87 -.3 -47.4
4 2 -22.64 -.3 -45.34 -19.66 -.3 -46.65 -19.05 -.3 -43.45 -21.21 -.3 -44.35
4 2 -19.36 -.3 -42.98 -20.28 -.3 -42.27 -20.77 -.3 -42.93 -21.09 -.3 -43.63
4 2 -16.87 -.3 -47.4 -14.84 -.3 -48.69 -14.28 -.3 -44.41 -15.29 -.3 -44.42
4 2 -19.05 -.3 -43.45 -15.29 -.3 -44.42 -15.82 -.3 -42.58 -16.2 -.3 -41.92
4 2 -11.2 -.3 -46.31 -14.28 -.3 -44.41 -14.84 -.3 -48.69 -10.63 -.3 -46.81
3 2 -13.27 -.3 -44.17 -14.28 -.3 -44.41 -11.2 -.3 -46.31
4 2 -10.17 -.3 -46.83 -10.63 -.3 -46.81 -14.84 -.3 -48.69 -8.37 -.3 -54.08
3 2 -12.26 -.3 -43.69 -13.27 -.3 -44.17 -11.2 -.3 -46.31
4 2 -5.84 -.3 -47.72 -6.48 -.3 -47.41 -10.17 -.3 -46.83 -8.37 -.3 -54.08
3 2 -8.16 -.3 -45.5 -10.17 -.3 -46.83 -6.48 -.3 -47.41
4 2 -5.84 -.3 -47.72 -8.37 -.3 -54.08 -5.2 -.3 -55.04 -1.44 -.3 -51.63
4 2 -5.11 -.3 -47.56 -5.84 -.3 -47.72 -1.44 -.3 -51.63 -1.72 -.3 -49.31
4 2 -5.2 -.3 -55.04 -2.83 -.3 -55.1 0 -.3 -54.66 -1.44 -.3 -51.63
4 2 -1.35 -.3 -47.7 -4.47 -.3 -46.81 -5.11 -.3 -47.56 -1.72 -.3 -49.31
4 2 -4.47 -.3 -46.81 -1.35 -.3 -47.7 -.94 -.3 -46.97 -4.2 -.3 -45.83
4 2 -4.2 -.3 -45.83 -.94 -.3 -46.97 -.28 -.3 -46.3 -4.09 -.3 -44.35
4 2 -4.09 -.3 -44.35 -.28 -.3 -46.3 .48 -.3 -45.85 .84 -.3 -44.15
4 2 2.14 -.3 -43.64 .84 -.3 -44.15 .48 -.3 -45.85 1.31 -.3 -45.59
4 2 5.94 -.3 -43.37 2.75 -.3 -43.14 2.8 -.3 -45.47 4.05 -.3 -45.62
4 2 1.31 -.3 -45.59 2.8 -.3 -45.47 2.75 -.3 -43.14 2.14 -.3 -43.64
4 2 9.84 -.3 -49.63 8.42 -.3 -47.53 8.75 -.3 -50.22 9.41 -.3 -49.98
4 2 7.57 -.3 -50.23 8.75 -.3 -50.22 8.42 -.3 -47.53 7.16 -.3 -48.91
3 2 8.42 -.3 -47.53 9.84 -.3 -49.63 10.17 -.3 -49.09
4 2 7.16 -.3 -48.91 8.42 -.3 -47.53 7.52 -.3 -46.26 6.69 -.3 -47.88
4 2 5.94 -.3 -43.37 4.05 -.3 -45.62 4.93 -.3 -45.99 6.22 -.3 -43.81
4 2 6.22 -.3 -43.81 4.93 -.3 -45.99 5.82 -.3 -46.67 6.58 -.3 -44.16
4 2 6.69 -.3 -47.88 7.52 -.3 -46.26 6.58 -.3 -44.16 5.82 -.3 -46.67
4 2 5.74 -.3 -42.77 3.13 -.3 -42.52 2.75 -.3 -43.14 5.94 -.3 -43.37
3 2 6.58 -.3 -44.16 7.52 -.3 -46.26 8.02 -.3 -44.92
4 2 .81 -.3 -37.48 .73 -.3 -37.71 .87 -.3 -37.93 1.35 -.3 -36.89
4 2 5.74 -.3 -42.77 5.67 -.3 -42.15 3.39 -.3 -41.74 3.13 -.3 -42.52
4 2 3.37 -.3 -40.3 3.39 -.3 -41.74 5.67 -.3 -42.15 5.74 -.3 -41.68
4 2 5.71 -.3 -38.57 3.37 -.3 -40.3 5.74 -.3 -41.68 6.03 -.3 -41
4 2 1.35 -.3 -36.89 .87 -.3 -37.93 1.94 -.3 -38.33 4.05 -.3 -36.15
4 2 5.71 -.3 -38.57 5.54 -.3 -38.44 2.99 -.3 -39.27 3.37 -.3 -40.3
4 2 2.99 -.3 -39.27 5.54 -.3 -38.44 5.48 -.3 -38.31 2.5 -.3 -38.69
4 2 6.63 -.3 -40.22 5.91 -.3 -38.65 5.71 -.3 -38.57 6.03 -.3 -41
4 2 7.11 -.3 -39.79 6.15 -.3 -38.66 5.91 -.3 -38.65 6.63 -.3 -40.22
4 2 1.94 -.3 -38.33 2.5 -.3 -38.69 4.21 -.3 -36.33 4.05 -.3 -36.15
3 2 1.73 -.3 -36.05 1.35 -.3 -36.89 4.05 -.3 -36.15
4 2 4.21 -.3 -36.33 2.5 -.3 -38.69 5.48 -.3 -38.31 5.53 -.3 -38.12
4 2 9.14 -.3 -37.21 6.15 -.3 -38.66 7.11 -.3 -39.79 7.61 -.3 -39.51
4 2 4.49 -.3 -36.39 4.21 -.3 -36.33 5.53 -.3 -38.12 5.76 -.3 -37.89
4 2 1.72 -.3 -35.66 1.73 -.3 -36.05 4.05 -.3 -36.15 4.04 -.3 -35.89
4 2 4.04 -.3 -35.89 4.16 -.3 -35.66 1.6 -.3 -35.32 1.72 -.3 -35.66
4 2 5.4 -.3 -36.01 5 -.3 -36.24 5.76 -.3 -37.89 6.27 -.3 -37.53
3 2 5 -.3 -36.24 4.49 -.3 -36.39 5.76 -.3 -37.89
4 2 1.6 -.3 -35.32 4.16 -.3 -35.66 5.24 -.3 -34.59 1.11 -.3 -34.92
4 2 4.22 -.3 -34.16 -.15 -.3 -34.59 1.11 -.3 -34.92 5.24 -.3 -34.59
4 2 8.42 -.3 -39.31 10.17 -.3 -39.37 10.14 -.3 -38.43 9.83 -.3 -37.85
4 2 6.27 -.3 -37.53 7.39 -.3 -35.66 6.65 -.3 -35.06 5.4 -.3 -36.01
3 2 7.39 -.3 -35.66 6.27 -.3 -37.53 7.95 -.3 -36.36
4 2 7.61 -.3 -39.51 8.42 -.3 -39.31 9.83 -.3 -37.85 9.14 -.3 -37.21
4 2 11.51 -.3 -47.55 11.9 -.3 -46.94 12.08 -.3 -46.22 7.52 -.3 -46.26
4 2 12.04 -.3 -45.4 8.02 -.3 -44.92 7.52 -.3 -46.26 12.08 -.3 -46.22
3 2 -.39 -.3 -33.12 -1.06 -.3 -34.02 -.61 -.3 -34.36
4 2 -.61 -.3 -34.36 -.15 -.3 -34.59 -.08 -.3 -32.52 -.39 -.3 -33.12
3 2 -.58 -.3 -30.03 -1.35 -.3 -30.71 -.89 -.3 -30.99
4 2 -.15 -.3 -34.59 3.32 -.3 -33.47 3.02 -.3 -32.99 -.08 -.3 -32.52
3 2 3.32 -.3 -33.47 -.15 -.3 -34.59 4.22 -.3 -34.16
4 2 -.58 -.3 -30.03 -.89 -.3 -30.99 -.3 -.3 -31.52 3.48 -.3 -29.72
4 2 3.02 -.3 -32.99 3.02 -.3 -32.56 -.06 -.3 -31.99 -.08 -.3 -32.52
4 2 .02 -.3 -28.46 -.35 -.3 -27.03 -1.98 -.3 -28.41 -1.54 -.3 -28.68
4 2 -.01 -.3 -26.83 -.35 -.3 -27.03 .02 -.3 -28.46 .22 -.3 -28.59
4 2 -3.02 -.3 -24.16 -3.03 -.3 -24.44 -2.77 -.3 -24.97 -2.34 -.3 -25.38
4 2 -2.84 -.3 -23.7 -3.02 -.3 -24.16 -2.34 -.3 -25.38 -1.86 -.3 -25.69
4 2 3.14 -.3 -28.2 .28 -.3 -28.77 .12 -.3 -29.26 3.48 -.3 -29.72
3 2 .12 -.3 -29.26 -.58 -.3 -30.03 3.48 -.3 -29.72
4 2 -.06 -.3 -31.99 3.02 -.3 -32.56 3.99 -.3 -30.46 3.48 -.3 -29.72
3 2 3.48 -.3 -29.72 -.3 -.3 -31.52 -.06 -.3 -31.99
4 2 5.53 -.3 -31.54 5.2 -.3 -31.44 5.76 -.3 -33.79 6.65 -.3 -33.81
4 2 5.95 -.3 -31.52 5.53 -.3 -31.54 6.65 -.3 -33.81 7.91 -.3 -33.51
4 2 -.01 -.3 -26.83 .22 -.3 -28.59 3.14 -.3 -28.2 .9 -.3 -24.97
4 2 .04 -.3 -26.59 -.01 -.3 -26.83 .9 -.3 -24.97 .52 -.3 -25.09
3 2 3.14 -.3 -28.2 .22 -.3 -28.59 .28 -.3 -28.77
4 2 -1.37 -.3 -25.87 -.38 -.3 -26.04 .33 -.3 -25.01 -1.86 -.3 -25.69
4 2 .33 -.3 -25.01 -.38 -.3 -26.04 -.09 -.3 -26.21 .52 -.3 -25.09
4 2 -1.73 -.3 -22.79 -2.1 -.3 -22.82 -2.31 -.3 -22.96 -1.37 -.3 -22.95
4 2 -1.37 -.3 -22.95 -2.31 -.3 -22.96 -2.84 -.3 -23.7 -1.86 -.3 -25.69
3 2 -1.37 -.3 -22.95 -1.86 -.3 -25.69 .33 -.3 -25.01
3 2 .52 -.3 -25.09 -.09 -.3 -26.21 .04 -.3 -26.59
4 2 7.19 -.3 -31.2 5.95 -.3 -31.52 7.91 -.3 -33.51 7.95 -.3 -31.29
4 2 3.14 -.3 -28.2 3.6 -.3 -28.91 4.24 -.3 -29.44 4.87 -.3 -27.88
4 2 9.74 -.3 -32.47 7.91 -.3 -33.51 8.62 -.3 -33.55 10.1 -.3 -32.66
4 2 10.1 -.3 -32.66 8.62 -.3 -33.55 10.14 -.3 -33.96 11.53 -.3 -33.87
3 2 7.95 -.3 -31.29 7.91 -.3 -33.51 9.74 -.3 -32.47
3 2 10.69 -.3 -32.61 10.1 -.3 -32.66 11.53 -.3 -33.87
4 2 2.96 -.3 -24.23 2.81 -.3 -23.93 1.04 -.3 -24.64 .9 -.3 -24.97
4 2 .9 -.3 -24.97 3.14 -.3 -28.2 3.33 -.3 -24.57 2.96 -.3 -24.23
4 2 8.45 -.3 -29.29 8.92 -.3 -30.23 9.44 -.3 -30.65 11.08 -.3 -30.81
3 2 9.44 -.3 -30.65 10 -.3 -30.87 11.08 -.3 -30.81
4 2 7.8 -.3 -29.16 8.24 -.3 -29.14 8.62 -.3 -26.86 7 -.3 -27
4 2 11.92 -.3 -32.12 11.65 -.3 -32.14 11.53 -.3 -33.87 12.13 -.3 -33.84
3 2 11.65 -.3 -32.14 10.69 -.3 -32.61 11.53 -.3 -33.87
4 2 12.27 -.3 -32.21 11.92 -.3 -32.12 12.13 -.3 -33.84 12.41 -.3 -33.89
3 2 12.27 -.3 -32.21 12.41 -.3 -33.89 13.07 -.3 -32.73
4 2 13.31 -.3 -32.78 13.07 -.3 -32.73 12.41 -.3 -33.89 12.9 -.3 -34.08
4 2 13.16 -.3 -34.12 13.62 -.3 -33.96 13.82 -.3 -33.68 13.31 -.3 -32.78
3 2 13.31 -.3 -32.78 12.9 -.3 -34.08 13.16 -.3 -34.12
4 2 2.3 -.3 -21.12 1.12 -.3 -20.69 .02 -.3 -21.2 -.35 -.3 -21.6
4 2 2.81 -.3 -23.93 2.3 -.3 -21.12 -.38 -.3 -21.93 1.04 -.3 -24.64
3 2 2.3 -.3 -21.12 -.35 -.3 -21.6 -.38 -.3 -21.93
4 2 13.82 -.3 -33.68 13.91 -.3 -33.44 13.79 -.3 -32.8 13.31 -.3 -32.78
3 2 13.79 -.3 -32.8 13.91 -.3 -33.44 13.93 -.3 -33.03
4 2 2.18 -.3 -20.9 1.8 -.3 -20.66 1.12 -.3 -20.69 2.3 -.3 -21.12
4 2 8.62 -.3 -26.86 8.24 -.3 -29.14 8.45 -.3 -29.29 12.02 -.3 -27.37
4 2 14.2 -.3 -30.43 14.56 -.3 -31.31 15.21 -.3 -30.62 15.37 -.3 -29.99
4 2 12.02 -.3 -27.37 8.45 -.3 -29.29 11.08 -.3 -30.81 12.41 -.3 -27.36
4 2 12.41 -.3 -27.36 11.08 -.3 -30.81 12.85 -.3 -29.63 13.99 -.3 -28.41
3 2 13.99 -.3 -28.41 12.85 -.3 -29.63 13.33 -.3 -29.59
4 2 13.99 -.3 -28.41 13.33 -.3 -29.59 13.86 -.3 -29.91 14.16 -.3 -28.64
4 2 15.24 -.3 -29.53 14.16 -.3 -28.64 13.86 -.3 -29.91 14.2 -.3 -30.43
3 2 15.24 -.3 -29.53 14.2 -.3 -30.43 15.37 -.3 -29.99
4 2 13.82 -.3 -27.87 12.87 -.3 -27.11 12.41 -.3 -27.36 13.99 -.3 -28.41
4 2 12.87 -.3 -27.11 13.82 -.3 -27.87 13.89 -.3 -27.42 13.67 -.3 -26.1
4 2 13.67 -.3 -26.1 13.89 -.3 -27.42 14.11 -.3 -27.07 14.03 -.3 -25.85
4 2 14.03 -.3 -25.85 14.11 -.3 -27.07 14.53 -.3 -26.71 14.36 -.3 -25.72
4 2 14.36 -.3 -25.72 14.53 -.3 -26.71 15.29 -.3 -26.21 14.93 -.3 -25.76
3 2 14.93 -.3 -25.76 15.29 -.3 -26.21 15.24 -.3 -25.97
4 2 3.99 -.3 -30.46 3.02 -.3 -32.56 5.76 -.3 -33.79 5.2 -.3 -31.44
4 2 6.87 -.3 -54.62 1.82 -.3 -55.59 1.44 -.3 -58.09 3.45 -.3 -58.08
3 2 6.87 -.3 -54.62 3.45 -.3 -58.08 4.27 -.3 -58.34
4 2 6.87 -.3 -54.62 4.27 -.3 -58.34 5.12 -.3 -58.94 9.58 -.3 -56.42
4 2 1.61 -.3 -54.55 1.82 -.3 -55.59 6.87 -.3 -54.62 6.7 -.3 -54.28
4 2 7.07 -.3 -54.7 6.87 -.3 -54.62 9.58 -.3 -56.42 10.02 -.3 -56.25
3 2 9.58 -.3 -56.42 5.12 -.3 -58.94 5.65 -.3 -59.59
4 2 7.59 -.3 -54.55 7.07 -.3 -54.7 10.02 -.3 -56.25 10.29 -.3 -56.25
4 2 1.55 -.3 -46.62 .76 -.3 -46.93 .07 -.3 -47.49 -.45 -.3 -48.33
4 2 10.68 -.3 -58.64 11.87 -.3 -58.55 12.41 -.3 -58.3 10.93 -.3 -57.86
4 2 10.93 -.3 -57.86 12.41 -.3 -58.3 13 -.3 -57.65 10.95 -.3 -57.32
4 2 2.44 -.3 -46.5 1.55 -.3 -46.62 -.45 -.3 -48.33 -.7 -.3 -49.38
4 2 6.7 -.3 -54.28 6.76 -.3 -51.83 1.12 -.3 -53.73 1.61 -.3 -54.55
4 2 1.12 -.3 -53.73 6.76 -.3 -51.83 6.62 -.3 -50.36 6.24 -.3 -49.13
4 2 10.95 -.3 -57.32 13 -.3 -57.65 13.3 -.3 -56.74 13.36 -.3 -56.1
4 2 2.44 -.3 -46.5 -.7 -.3 -49.38 -.66 -.3 -50.58 3.37 -.3 -46.58
4 2 5.62 -.3 -48.07 -.32 -.3 -51.79 .19 -.3 -52.68 6.24 -.3 -49.13
3 2 6.24 -.3 -49.13 .19 -.3 -52.68 1.12 -.3 -53.73
4 2 10.83 -.3 -56.79 10.95 -.3 -57.32 13.36 -.3 -56.1 13.26 -.3 -55.29
3 2 13.26 -.3 -55.29 10.65 -.3 -56.47 10.83 -.3 -56.79
4 2 5 -.3 -47.39 4.24 -.3 -46.87 3.37 -.3 -46.58 -.66 -.3 -50.58
4 2 -.32 -.3 -51.79 5.62 -.3 -48.07 5 -.3 -47.39 -.66 -.3 -50.58
4 2 14.6 -.3 -56.79 14.54 -.3 -57.35 15.26 -.3 -57.07 15.68 -.3 -56.48
4 2 10.29 -.3 -56.25 10.65 -.3 -56.47 13.26 -.3 -55.29 11.38 -.3 -51.32
3 2 14.51 -.3 -56.3 14.6 -.3 -56.79 15.68 -.3 -56.48
4 2 14.32 -.3 -55.9 14.51 -.3 -56.3 15.68 -.3 -56.48 15.9 -.3 -55.39
3 2 11.38 -.3 -51.32 7.59 -.3 -54.55 10.29 -.3 -56.25
4 2 15.65 -.3 -54.34 14.04 -.3 -55.58 14.32 -.3 -55.9 15.9 -.3 -55.39
4 2 12.25 -.3 -50.94 11.38 -.3 -51.32 13.26 -.3 -55.29 14.47 -.3 -53.12
4 2 13.26 -.3 -55.29 13.68 -.3 -55.38 15.21 -.3 -53.76 14.47 -.3 -53.12
4 2 13.68 -.3 -55.38 14.04 -.3 -55.58 15.65 -.3 -54.34 15.21 -.3 -53.76
4 2 12.25 -.3 -50.94 14.47 -.3 -53.12 14.37 -.3 -50.95 13.27 -.3 -50.81
4 2 16.31 -.3 -53.32 16.85 -.3 -53.71 16.88 -.3 -53.12 16.35 -.3 -52.04
4 2 15.22 -.3 -52.98 15.49 -.3 -51.39 14.37 -.3 -50.95 14.47 -.3 -53.12
4 2 15.79 -.3 -53.07 16.31 -.3 -53.32 16.35 -.3 -52.04 15.49 -.3 -51.39
3 2 15.49 -.3 -51.39 15.22 -.3 -52.98 15.79 -.3 -53.07
3 2 9.58 -.3 -56.42 5.65 -.3 -59.59 6.08 -.3 -60.43
4 2 7.07 -.3 -41.02 6.77 -.3 -41.59 7.07 -.3 -43.16 7.61 -.3 -43.62
4 2 6.79 -.3 -42.69 7.07 -.3 -43.16 6.77 -.3 -41.59 6.69 -.3 -42.16
4 2 8.68 -.3 -40.09 8.2 -.3 -40.21 7.61 -.3 -43.62 8.47 -.3 -43.98
4 2 7.07 -.3 -41.02 7.61 -.3 -43.62 8.2 -.3 -40.21 7.57 -.3 -40.54
4 2 8.68 -.3 -40.09 8.47 -.3 -43.98 9.74 -.3 -44.26 9.15 -.3 -40.06
4 2 11.49 -.3 -44.21 11.84 -.3 -40.34 9.15 -.3 -40.06 9.74 -.3 -44.26
4 2 11.84 -.3 -40.34 11.49 -.3 -44.21 12.59 -.3 -43.84 12.41 -.3 -40.07
4 2 12.41 -.3 -40.07 12.59 -.3 -43.84 13.81 -.3 -42.74 14.27 -.3 -41.78
4 2 15.34 -.3 -39.69 12.41 -.3 -40.07 14.27 -.3 -41.78 15.26 -.3 -41.92
4 2 15.74 -.3 -42.18 16.18 -.3 -42.5 16.42 -.3 -41.95 16.26 -.3 -41.28
4 2 16.26 -.3 -41.28 15.34 -.3 -39.69 15.26 -.3 -41.92 15.74 -.3 -42.18
3 2 12.67 -.3 -39.61 12.41 -.3 -40.07 15.34 -.3 -39.69
4 2 12.55 -.3 -38.66 12.67 -.3 -39.61 15.34 -.3 -39.69 15.32 -.3 -36.74
4 2 15.32 -.3 -36.74 15.2 -.3 -36.5 12.16 -.3 -37.76 12.55 -.3 -38.66
4 2 15.32 -.3 -36.74 15.34 -.3 -39.69 15.56 -.3 -39.39 16.76 -.3 -37.36
4 2 15.2 -.3 -36.5 12.28 -.3 -35.82 12.01 -.3 -36.84 12.16 -.3 -37.76
4 2 12.28 -.3 -35.82 15.2 -.3 -36.5 15.25 -.3 -36.25 12.64 -.3 -35.3
4 2 15.25 -.3 -36.25 14.7 -.3 -34.51 13.72 -.3 -34.6 12.64 -.3 -35.3
4 2 17.28 -.3 -37.72 16.76 -.3 -37.36 15.92 -.3 -39.25 16.55 -.3 -39.15
3 2 16.76 -.3 -37.36 15.56 -.3 -39.39 15.92 -.3 -39.25
4 2 17.28 -.3 -37.72 16.55 -.3 -39.15 17.22 -.3 -39.18 17.92 -.3 -38.67
3 2 17.92 -.3 -38.67 17.22 -.3 -39.18 18.02 -.3 -39.38
4 2 15.65 -.3 -34.74 14.7 -.3 -34.51 15.25 -.3 -36.25 15.46 -.3 -36.03
4 2 16.22 -.3 -35.07 15.65 -.3 -34.74 15.46 -.3 -36.03 15.82 -.3 -35.9
4 2 15.82 -.3 -35.9 16.46 -.3 -35.85 16.43 -.3 -35.31 16.22 -.3 -35.07
4 2 3.84 -.3 -24.69 3.33 -.3 -24.57 3.14 -.3 -28.2 4.5 -.3 -27
4 2 3.84 -.3 -24.69 4.5 -.3 -27 4.59 -.3 -26.52 4.91 -.3 -24.25
4 2 4.91 -.3 -24.25 4.59 -.3 -26.52 4.87 -.3 -26.12 5.76 -.3 -24.12
4 2 5.76 -.3 -24.12 4.87 -.3 -26.12 5.27 -.3 -25.84 6.62 -.3 -24.26
4 2 6.62 -.3 -24.26 5.27 -.3 -25.84 5.75 -.3 -25.75 7.4 -.3 -24.65
4 2 7.4 -.3 -24.65 5.75 -.3 -25.75 6.23 -.3 -25.84 8.03 -.3 -25.25
4 2 8.03 -.3 -25.25 6.23 -.3 -25.84 6.63 -.3 -26.12 8.45 -.3 -26.01
4 2 8.45 -.3 -26.01 6.63 -.3 -26.12 6.91 -.3 -26.52 8.62 -.3 -26.86
3 2 6.91 -.3 -26.52 7 -.3 -27 8.62 -.3 -26.86
4 2 7.8 -.3 -29.16 7 -.3 -27 6.91 -.3 -27.48 7.41 -.3 -29.34
4 2 7.41 -.3 -29.34 6.91 -.3 -27.48 6.63 -.3 -27.88 6.67 -.3 -29.73
4 2 6.67 -.3 -29.73 6.63 -.3 -27.88 6.23 -.3 -28.16 5.84 -.3 -29.87
4 2 5.84 -.3 -29.87 6.23 -.3 -28.16 5.75 -.3 -28.25 5.01 -.3 -29.78
4 2 5.01 -.3 -29.78 5.75 -.3 -28.25 5.27 -.3 -28.16 4.24 -.3 -29.44
3 2 4.87 -.3 -27.88 4.24 -.3 -29.44 5.27 -.3 -28.16
3 2 4.59 -.3 -27.48 3.14 -.3 -28.2 4.87 -.3 -27.88
3 2 4.5 -.3 -27 3.14 -.3 -28.2 4.59 -.3 -27.48
4 2 -2.1 -.3 -26.6 -2.4 -.3 -26.8 -2.28 -.3 -27.93 -.35 -.3 -27.03
3 2 -.35 -.3 -27.03 -2.28 -.3 -27.93 -1.98 -.3 -28.41

0 // Colour 4 Red Dragon Wing
4 4 -13.41 -.3 -41.25 -13.17 -.3 -41.49 -12.29 -.3 -41.57 -10.68 -.3 -39.56
3 4 -10.68 -.3 -39.56 -13.58 -.3 -39.83 -13.41 -.3 -41.25
4 4 -19.21 -.3 -34.08 -19.17 -.3 -34.64 -18.42 -.3 -35.24 -17.48 -.3 -35.48
4 4 -19.09 -.3 -33.49 -19.21 -.3 -34.08 -17.48 -.3 -35.48 -15.75 -.3 -33.9
4 4 -7.45 -.3 -44.28 -6.99 -.3 -44.52 -6.58 -.3 -44.5 -8.9 -.3 -42.49
3 4 -10.68 -.3 -39.56 -12.29 -.3 -41.57 -11.09 -.3 -41.53
4 4 -13.76 -.3 -38.8 -13.58 -.3 -39.83 -10.68 -.3 -39.56 -10.72 -.3 -39.31
4 4 -10.68 -.3 -39.56 -11.09 -.3 -41.53 -10.06 -.3 -41.79 -10.32 -.3 -39.5
4 4 -15.75 -.3 -33.9 -17.48 -.3 -35.48 -15.71 -.3 -36.23 -15.44 -.3 -34.01
4 4 -8.9 -.3 -42.49 -10.12 -.3 -39.39 -10.32 -.3 -39.5 -10.06 -.3 -41.79
4 4 -18.83 -.3 -31.67 -19.09 -.3 -33.49 -15.75 -.3 -33.9 -15.73 -.3 -33.72
4 4 -14.08 -.3 -37.99 -13.76 -.3 -38.8 -10.72 -.3 -39.31 -10.39 -.3 -38.95
4 4 -14.98 -.3 -36.84 -14.97 -.3 -33.98 -15.44 -.3 -34.01 -15.71 -.3 -36.23
4 4 -18.83 -.3 -31.67 -15.73 -.3 -33.72 -15.28 -.3 -33.28 -19.12 -.3 -29.85
4 4 -19.12 -.3 -29.85 -15.28 -.3 -33.28 -14.61 -.3 -32.94 -11.25 -.3 -28.15
4 4 -7.21 -.3 -37.74 -10.12 -.3 -39.39 -8.9 -.3 -42.49 -6.58 -.3 -44.5
4 4 -7.21 -.3 -37.74 -6.58 -.3 -44.5 -3.35 -.3 -43.18 -5.47 -.3 -37.19
4 4 -7.46 -.3 -36.82 -10.91 -.3 -33.47 -14.08 -.3 -37.99 -10.39 -.3 -38.95
4 4 -14.97 -.3 -33.98 -14.98 -.3 -36.84 -14.08 -.3 -37.99 -10.91 -.3 -33.47
4 4 -22.68 -.3 -25.05 -20.43 -.3 -27.55 -19.68 -.3 -23.37 -22.2 -.3 -24.49
3 4 -17.21 -.3 -25.53 -20.43 -.3 -27.55 -16.98 -.3 -25.69
4 4 -19.68 -.3 -23.37 -20.43 -.3 -27.55 -17.21 -.3 -25.53 -17.29 -.3 -23.12
4 4 -2.84 -.3 -39.09 -5.47 -.3 -37.19 -3.35 -.3 -43.18 .17 -.3 -43.06
4 4 -19.12 -.3 -29.85 -11.25 -.3 -28.15 -15.84 -.3 -26.07 -20.43 -.3 -27.55
3 4 -16.98 -.3 -25.69 -20.43 -.3 -27.55 -15.84 -.3 -26.07
3 4 -2.84 -.3 -39.09 .17 -.3 -43.06 -.67 -.3 -41.13
4 4 -3.99 -.3 -37.63 -4.41 -.3 -37.35 -4.91 -.3 -37.19 -5.47 -.3 -37.19
3 4 -5.47 -.3 -37.19 -2.84 -.3 -39.09 -3.99 -.3 -37.63
4 4 -.15 -.3 -41.29 -.67 -.3 -41.13 .17 -.3 -43.06 .96 -.3 -42.94
4 4 .08 -.3 -41.21 -.15 -.3 -41.29 .96 -.3 -42.94 1.48 -.3 -42.73
4 4 -16.6 -.3 -25.17 -15.13 -.3 -23.41 -17.29 -.3 -23.12 -17.11 -.3 -25.28
3 4 -17.29 -.3 -23.12 -17.21 -.3 -25.53 -17.11 -.3 -25.28
4 4 -10.91 -.3 -33.47 -7.46 -.3 -36.82 -5.62 -.3 -34.58 -6.06 -.3 -34.33
4 4 -5 -.3 -35.57 -5.28 -.3 -34.94 -5.62 -.3 -34.58 -7.46 -.3 -36.82
4 4 .08 -.3 -41.21 1.48 -.3 -42.73 2.04 -.3 -42.05 .16 -.3 -41.06
4 4 .16 -.3 -41.06 2.04 -.3 -42.05 2.17 -.3 -41.63 2.08 -.3 -40.7
3 4 -11.25 -.3 -28.15 -14.61 -.3 -32.94 -11.74 -.3 -32.53
4 4 -6.42 -.3 -32.7 -6.35 -.3 -32.6 -6.33 -.3 -32.35 -6.47 -.3 -32.01
4 4 1.2 -.3 -39.55 .03 -.3 -40.59 .16 -.3 -41.06 2.08 -.3 -40.7
4 4 -6.94 -.3 -31.41 -7.19 -.3 -32.99 -6.78 -.3 -32.9 -6.47 -.3 -32.01
3 4 -6.47 -.3 -32.01 -6.78 -.3 -32.9 -6.42 -.3 -32.7
4 4 .03 -.3 -40.59 1.2 -.3 -39.55 -.95 -.3 -36.99 -2.61 -.3 -37.69
4 4 -2.61 -.3 -37.69 -.95 -.3 -36.99 -2.41 -.3 -33.94 -3.99 -.3 -35.35
4 4 -6.51 -.3 -27.03 -9 -.3 -28.29 -6.54 -.3 -30.21 -3.25 -.3 -28.36
4 4 -6.27 -.3 -26.93 -6.51 -.3 -27.03 -3.25 -.3 -28.36 -3.28 -.3 -27.19
4 4 -2.41 -.3 -33.94 -3.25 -.3 -28.36 -6.54 -.3 -30.21 -5.39 -.3 -31.94
4 4 -6.27 -.3 -26.93 -3.28 -.3 -27.19 -3.41 -.3 -26.41 -3.65 -.3 -25.79
4 4 -5.63 -.3 -25.68 -6.27 -.3 -26.93 -3.65 -.3 -25.79 -5.37 -.3 -25.41
4 4 -4.45 -.3 -25.09 -4.94 -.3 -25.14 -5.37 -.3 -25.41 -3.96 -.3 -25.42
3 4 -5.37 -.3 -25.41 -3.65 -.3 -25.79 -3.96 -.3 -25.42
4 4 -9 -.3 -28.29 -6.51 -.3 -27.03 -15.13 -.3 -23.41 -12.59 -.3 -26.15
3 4 -5.39 -.3 -31.94 -3.99 -.3 -35.35 -2.41 -.3 -33.94
3 4 -15.13 -.3 -23.41 -16.6 -.3 -25.17 -12.59 -.3 -26.15
4 4 -7.19 -.3 -32.99 -6.94 -.3 -31.41 -11.25 -.3 -28.15 -8.82 -.3 -32.71
3 4 -11.25 -.3 -28.15 -11.74 -.3 -32.53 -8.82 -.3 -32.71

0 // Colour 4 Dragon Flame
4 4 14.58 -.3 -27.2 14.38 -.3 -27.6 14.43 -.3 -28.16 14.9 -.3 -26.88
4 4 14.9 -.3 -26.88 14.43 -.3 -28.16 14.6 -.3 -28.46 15 -.3 -28.86
4 4 15.19 -.3 -26.73 14.9 -.3 -26.88 15 -.3 -28.86 15.68 -.3 -29.26
4 4 15.6 -.3 -26.64 15.19 -.3 -26.73 15.68 -.3 -29.26 17.77 -.3 -28
4 4 18.19 -.3 -29.42 17.98 -.3 -28.34 17.84 -.3 -28.16 17.55 -.3 -29.61
4 4 17.77 -.3 -28 16.6 -.3 -29.55 17.55 -.3 -29.61 17.84 -.3 -28.16
4 4 18.56 -.3 -29.18 18.44 -.3 -28.67 17.98 -.3 -28.34 18.19 -.3 -29.42
3 4 18.44 -.3 -28.67 18.56 -.3 -29.18 18.67 -.3 -28.9
3 4 17.77 -.3 -28 15.68 -.3 -29.26 16.6 -.3 -29.55
4 4 15.85 -.3 -26.5 15.6 -.3 -26.64 17.77 -.3 -28 17.75 -.3 -27.74
4 4 17.75 -.3 -27.74 17.97 -.3 -27.54 15.97 -.3 -26.32 15.85 -.3 -26.5
4 4 20.33 -.3 -26.69 17.97 -.3 -27.54 20.59 -.3 -27.4 20.5 -.3 -26.79
3 4 20.22 -.3 -26.5 17.97 -.3 -27.54 20.33 -.3 -26.69
4 4 17.97 -.3 -27.54 20.22 -.3 -26.5 20.23 -.3 -26.26 18.39 -.3 -23.78
4 4 20.5 -.3 -26.79 20.59 -.3 -27.4 20.9 -.3 -27.25 20.87 -.3 -26.92
3 4 20.87 -.3 -26.92 20.9 -.3 -27.25 20.96 -.3 -27.06
4 4 15.97 -.3 -26.32 17.97 -.3 -27.54 18.39 -.3 -23.78 18.25 -.3 -23.72
4 4 18.25 -.3 -23.72 17.69 -.3 -22.95 17.57 -.3 -23.01 15.97 -.3 -26.32
4 4 20.36 -.3 -26.07 18.64 -.3 -23.72 18.39 -.3 -23.78 20.23 -.3 -26.26
4 4 18.97 -.3 -23.47 18.64 -.3 -23.72 20.36 -.3 -26.07 21.51 -.3 -23.65
4 4 21.51 -.3 -23.65 20.36 -.3 -26.07 20.72 -.3 -25.88 22.43 -.3 -23.77
4 4 19.58 -.3 -22.66 18.97 -.3 -23.47 21.51 -.3 -23.65 21.59 -.3 -21.31
4 4 22.43 -.3 -23.77 20.72 -.3 -25.88 21.21 -.3 -25.76 23.06 -.3 -24.02
4 4 20.25 -.3 -21.37 19.58 -.3 -22.66 21.59 -.3 -21.31 21.4 -.3 -20.39
4 4 23.06 -.3 -24.02 21.21 -.3 -25.76 23.11 -.3 -25.16 23.82 -.3 -24.77
4 4 20.64 -.3 -20.11 20.25 -.3 -21.37 21.4 -.3 -20.39 20.9 -.3 -19.98

0 // Colour 16 Main Colour
4 16 10.46 -.3 -65.3 -10.46 -.3 -65.3 -5.08 -.3 -69.48 5.08 -.3 -69.48
4 16 20.2 -.3 -12.5 3.75 -.3 -11.5 3.46 -.3 -12.94 7.4 -.3 -24.65
4 16 -3.46 -.3 -12.94 -3.75 -.3 -11.5 -20.2 -.3 -12.5 -15.13 -.3 -23.41
4 16 -17.11 -.3 -25.28 -17.21 -.3 -25.53 -16.98 -.3 -25.69 -16.6 -.3 -25.17
4 16 -16.6 -.3 -25.17 -16.98 -.3 -25.69 -15.84 -.3 -26.07 -12.59 -.3 -26.15
4 16 -12.59 -.3 -26.15 -15.84 -.3 -26.07 -11.25 -.3 -28.15 -9 -.3 -28.29
4 16 -9 -.3 -28.29 -11.25 -.3 -28.15 -6.94 -.3 -31.41 -6.54 -.3 -30.21
4 16 -5.39 -.3 -31.94 -6.54 -.3 -30.21 -6.94 -.3 -31.41 -6.47 -.3 -32.01
3 16 -5.39 -.3 -31.94 -6.47 -.3 -32.01 -6.33 -.3 -32.35
4 16 -5.39 -.3 -31.94 -6.33 -.3 -32.35 -6.35 -.3 -32.6 -5.62 -.3 -34.58
4 16 -6.35 -.3 -32.6 -6.42 -.3 -32.7 -6.06 -.3 -34.33 -5.62 -.3 -34.58
4 16 -5.39 -.3 -31.94 -5.62 -.3 -34.58 -5.28 -.3 -34.94 -3.99 -.3 -35.35
3 16 -5.28 -.3 -34.94 -5 -.3 -35.57 -3.99 -.3 -35.35
4 16 -5 -.3 -35.57 -4.91 -.3 -37.19 -4.41 -.3 -37.35 -3.99 -.3 -35.35
4 16 -3.99 -.3 -35.35 -4.41 -.3 -37.35 -3.99 -.3 -37.63 -2.61 -.3 -37.69
4 16 -5.47 -.3 -37.19 -4.91 -.3 -37.19 -5 -.3 -35.57 -7.46 -.3 -36.82
3 16 -7.46 -.3 -36.82 -7.21 -.3 -37.74 -5.47 -.3 -37.19
4 16 -7.21 -.3 -37.74 -7.46 -.3 -36.82 -10.39 -.3 -38.95 -10.12 -.3 -39.39
4 16 -10.12 -.3 -39.39 -10.39 -.3 -38.95 -10.72 -.3 -39.31 -10.32 -.3 -39.5
3 16 -10.72 -.3 -39.31 -10.68 -.3 -39.56 -10.32 -.3 -39.5
4 16 -2.61 -.3 -37.69 -3.99 -.3 -37.63 -2.84 -.3 -39.09 .03 -.3 -40.59
4 16 .03 -.3 -40.59 -2.84 -.3 -39.09 -.67 -.3 -41.13 .16 -.3 -41.06
4 16 .16 -.3 -41.06 -.67 -.3 -41.13 -.15 -.3 -41.29 .08 -.3 -41.21
3 16 -6.42 -.3 -32.7 -6.78 -.3 -32.9 -6.06 -.3 -34.33
3 16 -6.78 -.3 -32.9 -7.19 -.3 -32.99 -6.06 -.3 -34.33
4 16 -7.19 -.3 -32.99 -8.82 -.3 -32.71 -10.91 -.3 -33.47 -6.06 -.3 -34.33
4 16 -10.91 -.3 -33.47 -8.82 -.3 -32.71 -11.74 -.3 -32.53 -14.61 -.3 -32.94
4 16 -14.97 -.3 -33.98 -10.91 -.3 -33.47 -14.61 -.3 -32.94 -15.28 -.3 -33.28
4 16 -15.44 -.3 -34.01 -14.97 -.3 -33.98 -15.28 -.3 -33.28 -15.73 -.3 -33.72
3 16 -15.73 -.3 -33.72 -15.75 -.3 -33.9 -15.44 -.3 -34.01
4 16 -6.51 -.3 -27.03 -6.27 -.3 -26.93 -5.63 -.3 -25.68 -15.13 -.3 -23.41
3 16 -15.13 -.3 -23.41 -5.63 -.3 -25.68 -5.37 -.3 -25.41
4 16 -15.13 -.3 -23.41 -5.37 -.3 -25.41 -4.94 -.3 -25.14 -2.65 -.3 -14.15
3 16 -3.46 -.3 -12.94 -15.13 -.3 -23.41 -2.65 -.3 -14.15
3 16 -20.2 -.3 -12.5 -17.29 -.3 -23.12 -15.13 -.3 -23.41
3 16 -20.2 -.3 -12.5 -19.68 -.3 -23.37 -17.29 -.3 -23.12
3 16 -20.2 -.3 -12.5 -22.2 -.3 -24.49 -19.68 -.3 -23.37
4 16 -20.43 -.3 -27.55 -22.68 -.3 -25.05 -26.91 -.3 -28.75 -19.12 -.3 -29.85
4 16 -22.68 -.3 -25.05 -22.2 -.3 -24.49 -20.2 -.3 -12.5 -26.91 -.3 -28.75
4 16 -19.09 -.3 -33.49 -18.83 -.3 -31.67 -19.12 -.3 -29.85 -26.91 -.3 -28.75
3 16 -26.91 -.3 -28.75 -19.21 -.3 -34.08 -19.09 -.3 -33.49
4 16 -19.17 -.3 -34.64 -19.21 -.3 -34.08 -26.91 -.3 -28.75 -32.25 -.3 -45
4 16 -19.17 -.3 -34.64 -32.25 -.3 -45 -20.28 -.3 -42.27 -18.42 -.3 -35.24
4 16 -19.36 -.3 -42.98 -17.48 -.3 -35.48 -18.42 -.3 -35.24 -20.28 -.3 -42.27
4 16 -19.36 -.3 -42.98 -19.05 -.3 -43.45 -16.2 -.3 -41.92 -17.48 -.3 -35.48
4 16 -15.71 -.3 -36.23 -17.48 -.3 -35.48 -16.2 -.3 -41.92 -14.98 -.3 -36.84
4 16 -14.08 -.3 -37.99 -14.98 -.3 -36.84 -16.2 -.3 -41.92 -13.76 -.3 -38.8
4 16 -13.58 -.3 -39.83 -13.76 -.3 -38.8 -16.2 -.3 -41.92 -13.41 -.3 -41.25
4 16 -13.41 -.3 -41.25 -16.2 -.3 -41.92 -15.82 -.3 -42.58 -13.17 -.3 -41.49
4 16 -13.17 -.3 -41.49 -15.82 -.3 -42.58 -15.29 -.3 -44.42 -14.28 -.3 -44.41
4 16 -13.17 -.3 -41.49 -14.28 -.3 -44.41 -13.27 -.3 -44.17 -12.26 -.3 -43.69
3 16 -13.17 -.3 -41.49 -12.26 -.3 -43.69 -12.29 -.3 -41.57
4 16 -11.09 -.3 -41.53 -12.29 -.3 -41.57 -12.26 -.3 -43.69 -10.06 -.3 -41.79
4 16 -8.9 -.3 -42.49 -10.06 -.3 -41.79 -12.26 -.3 -43.69 -11.2 -.3 -46.31
4 16 -10.17 -.3 -46.83 -8.9 -.3 -42.49 -11.2 -.3 -46.31 -10.63 -.3 -46.81
4 16 -8.9 -.3 -42.49 -10.17 -.3 -46.83 -8.16 -.3 -45.5 -7.45 -.3 -44.28
4 16 -6.99 -.3 -44.52 -7.45 -.3 -44.28 -8.16 -.3 -45.5 -6.48 -.3 -47.41
4 16 -6.58 -.3 -44.5 -6.99 -.3 -44.52 -6.48 -.3 -47.41 -5.84 -.3 -47.72
4 16 -6.58 -.3 -44.5 -5.84 -.3 -47.72 -5.11 -.3 -47.56 -4.47 -.3 -46.81
4 16 -6.58 -.3 -44.5 -4.47 -.3 -46.81 -4.2 -.3 -45.83 -4.09 -.3 -44.35
3 16 -3.35 -.3 -43.18 -6.58 -.3 -44.5 -4.09 -.3 -44.35
4 16 -3.35 -.3 -43.18 -4.09 -.3 -44.35 .84 -.3 -44.15 .17 -.3 -43.06
4 16 .96 -.3 -42.94 .17 -.3 -43.06 .84 -.3 -44.15 2.14 -.3 -43.64
4 16 1.48 -.3 -42.73 .96 -.3 -42.94 2.14 -.3 -43.64 2.75 -.3 -43.14
4 16 2.04 -.3 -42.05 1.48 -.3 -42.73 2.75 -.3 -43.14 3.13 -.3 -42.52
4 16 2.17 -.3 -41.63 2.04 -.3 -42.05 3.13 -.3 -42.52 3.39 -.3 -41.74
4 16 2.08 -.3 -40.7 2.17 -.3 -41.63 3.39 -.3 -41.74 3.37 -.3 -40.3
4 16 2.08 -.3 -40.7 3.37 -.3 -40.3 2.99 -.3 -39.27 1.2 -.3 -39.55
4 16 1.2 -.3 -39.55 2.99 -.3 -39.27 2.5 -.3 -38.69 1.94 -.3 -38.33
4 16 .87 -.3 -37.93 .73 -.3 -37.71 -.95 -.3 -36.99 1.2 -.3 -39.55
3 16 .87 -.3 -37.93 1.2 -.3 -39.55 1.94 -.3 -38.33
4 16 .81 -.3 -37.48 -.15 -.3 -34.59 -.95 -.3 -36.99 .73 -.3 -37.71
4 16 1.11 -.3 -34.92 -.15 -.3 -34.59 .81 -.3 -37.48 1.35 -.3 -36.89
4 16 1.11 -.3 -34.92 1.35 -.3 -36.89 1.73 -.3 -36.05 1.6 -.3 -35.32
3 16 1.6 -.3 -35.32 1.73 -.3 -36.05 1.72 -.3 -35.66
4 16 -.95 -.3 -36.99 -.15 -.3 -34.59 -.61 -.3 -34.36 -2.41 -.3 -33.94
3 16 -2.41 -.3 -33.94 -.61 -.3 -34.36 -1.06 -.3 -34.02
4 16 -2.41 -.3 -33.94 -1.06 -.3 -34.02 -.39 -.3 -33.12 -1.35 -.3 -30.71
4 16 -.89 -.3 -30.99 -1.35 -.3 -30.71 -.39 -.3 -33.12 -.08 -.3 -32.52
4 16 -.3 -.3 -31.52 -.89 -.3 -30.99 -.08 -.3 -32.52 -.06 -.3 -31.99
4 16 .28 -.3 -28.77 .22 -.3 -28.59 .02 -.3 -28.46 .12 -.3 -29.26
4 16 .12 -.3 -29.26 .02 -.3 -28.46 -1.54 -.3 -28.68 -.58 -.3 -30.03
4 16 -1.35 -.3 -30.71 -.58 -.3 -30.03 -1.54 -.3 -28.68 -1.98 -.3 -28.41
4 16 -3.25 -.3 -28.36 -1.35 -.3 -30.71 -1.98 -.3 -28.41 -2.28 -.3 -27.93
4 16 -3.28 -.3 -27.19 -3.25 -.3 -28.36 -2.28 -.3 -27.93 -2.4 -.3 -26.8
3 16 -3.25 -.3 -28.36 -2.41 -.3 -33.94 -1.35 -.3 -30.71
4 16 -.38 -.3 -26.04 -1.37 -.3 -25.87 -.35 -.3 -27.03 -.09 -.3 -26.21
4 16 -.09 -.3 -26.21 -.35 -.3 -27.03 -.01 -.3 -26.83 .04 -.3 -26.59
4 16 -3.41 -.3 -26.41 -1.86 -.3 -25.69 -2.34 -.3 -25.38 -3.65 -.3 -25.79
4 16 -3.65 -.3 -25.79 -2.34 -.3 -25.38 -2.77 -.3 -24.97 -3.96 -.3 -25.42
4 16 -3.96 -.3 -25.42 -2.77 -.3 -24.97 -3.03 -.3 -24.44 -4.45 -.3 -25.09
4 16 -4.45 -.3 -25.09 -3.03 -.3 -24.44 -3.02 -.3 -24.16 -4.94 -.3 -25.14
4 16 -4.94 -.3 -25.14 -3.02 -.3 -24.16 -2.84 -.3 -23.7 -2.65 -.3 -14.15
3 16 -2.65 -.3 -14.15 -2.84 -.3 -23.7 -2.31 -.3 -22.96
4 16 -2.65 -.3 -14.15 -2.31 -.3 -22.96 -2.1 -.3 -22.82 -1.44 -.3 -14.96
4 16 -1.44 -.3 -14.96 -2.1 -.3 -22.82 -1.73 -.3 -22.79 -.35 -.3 -21.6
4 16 -.38 -.3 -21.93 -.35 -.3 -21.6 -1.73 -.3 -22.79 -1.37 -.3 -22.95
4 16 1.04 -.3 -24.64 -.38 -.3 -21.93 -1.37 -.3 -22.95 .33 -.3 -25.01
4 16 .9 -.3 -24.97 1.04 -.3 -24.64 .33 -.3 -25.01 .52 -.3 -25.09
4 16 -1.44 -.3 -14.96 -.35 -.3 -21.6 .02 -.3 -21.2 0 -.3 -15.25
4 16 0 -.3 -15.25 .02 -.3 -21.2 1.12 -.3 -20.69 1.44 -.3 -14.96
4 16 1.44 -.3 -14.96 1.12 -.3 -20.69 1.8 -.3 -20.66 2.65 -.3 -14.15
4 16 3.84 -.3 -24.69 2.81 -.3 -23.93 2.96 -.3 -24.23 3.33 -.3 -24.57
4 16 2.81 -.3 -23.93 3.84 -.3 -24.69 4.91 -.3 -24.25 2.3 -.3 -21.12
4 16 2.3 -.3 -21.12 4.91 -.3 -24.25 5.76 -.3 -24.12 2.18 -.3 -20.9
4 16 2.65 -.3 -14.15 2.18 -.3 -20.9 5.76 -.3 -24.12 3.46 -.3 -12.94
3 16 2.65 -.3 -14.15 1.8 -.3 -20.66 2.18 -.3 -20.9
3 16 3.46 -.3 -12.94 5.76 -.3 -24.12 6.62 -.3 -24.26
3 16 3.46 -.3 -12.94 6.62 -.3 -24.26 7.4 -.3 -24.65
4 16 12.02 -.3 -27.37 12.41 -.3 -27.36 12.87 -.3 -27.11 13.67 -.3 -26.1
4 16 12.02 -.3 -27.37 13.67 -.3 -26.1 8.45 -.3 -26.01 8.62 -.3 -26.86
4 16 8.03 -.3 -25.25 8.45 -.3 -26.01 13.67 -.3 -26.1 14.03 -.3 -25.85
4 16 7.4 -.3 -24.65 8.03 -.3 -25.25 14.03 -.3 -25.85 14.36 -.3 -25.72
4 16 7.4 -.3 -24.65 14.36 -.3 -25.72 17.57 -.3 -23.01 20.2 -.3 -12.5
4 16 20.2 -.3 -12.5 17.57 -.3 -23.01 17.69 -.3 -22.95 20.25 -.3 -21.37
3 16 17.57 -.3 -23.01 14.36 -.3 -25.72 14.93 -.3 -25.76
4 16 17.57 -.3 -23.01 14.93 -.3 -25.76 15.24 -.3 -25.97 15.97 -.3 -26.32
4 16 15.97 -.3 -26.32 15.24 -.3 -25.97 15.29 -.3 -26.21 15.85 -.3 -26.5
4 16 15.6 -.3 -26.64 15.85 -.3 -26.5 15.29 -.3 -26.21 15.19 -.3 -26.73
4 16 15.19 -.3 -26.73 15.29 -.3 -26.21 14.53 -.3 -26.71 14.9 -.3 -26.88
4 16 14.9 -.3 -26.88 14.53 -.3 -26.71 14.11 -.3 -27.07 14.58 -.3 -27.2
4 16 14.58 -.3 -27.2 14.11 -.3 -27.07 13.89 -.3 -27.42 14.38 -.3 -27.6
4 16 14.38 -.3 -27.6 13.89 -.3 -27.42 13.82 -.3 -27.87 14.43 -.3 -28.16
4 16 14.43 -.3 -28.16 13.82 -.3 -27.87 13.99 -.3 -28.41 14.6 -.3 -28.46
4 16 14.6 -.3 -28.46 13.99 -.3 -28.41 14.16 -.3 -28.64 15 -.3 -28.86
4 16 15 -.3 -28.86 14.16 -.3 -28.64 15.24 -.3 -29.53 15.68 -.3 -29.26
4 16 15.68 -.3 -29.26 15.24 -.3 -29.53 15.37 -.3 -29.99 16.6 -.3 -29.55
4 16 16.6 -.3 -29.55 15.37 -.3 -29.99 15.21 -.3 -30.62 17.55 -.3 -29.61
4 16 17.55 -.3 -29.61 15.21 -.3 -30.62 14.56 -.3 -31.31 18.19 -.3 -29.42
4 16 17.97 -.3 -27.54 17.75 -.3 -27.74 17.77 -.3 -28 17.84 -.3 -28.16
4 16 17.97 -.3 -27.54 17.84 -.3 -28.16 17.98 -.3 -28.34 18.44 -.3 -28.67
4 16 20.59 -.3 -27.4 17.97 -.3 -27.54 18.44 -.3 -28.67 18.67 -.3 -28.9
4 16 26.91 -.3 -28.75 20.9 -.3 -27.25 20.59 -.3 -27.4 18.56 -.3 -29.18
4 16 20.96 -.3 -27.06 20.9 -.3 -27.25 26.91 -.3 -28.75 23.11 -.3 -25.16
4 16 20.87 -.3 -26.92 20.96 -.3 -27.06 23.11 -.3 -25.16 21.21 -.3 -25.76
4 16 20.5 -.3 -26.79 20.87 -.3 -26.92 21.21 -.3 -25.76 20.72 -.3 -25.88
4 16 20.5 -.3 -26.79 20.72 -.3 -25.88 20.36 -.3 -26.07 20.33 -.3 -26.69
4 16 20.33 -.3 -26.69 20.36 -.3 -26.07 20.23 -.3 -26.26 20.22 -.3 -26.5
3 16 23.82 -.3 -24.77 23.11 -.3 -25.16 26.91 -.3 -28.75
4 16 23.82 -.3 -24.77 26.91 -.3 -28.75 20.2 -.3 -12.5 21.4 -.3 -20.39
3 16 20.2 -.3 -12.5 20.9 -.3 -19.98 21.4 -.3 -20.39
3 16 20.2 -.3 -12.5 20.64 -.3 -20.11 20.9 -.3 -19.98
3 16 20.2 -.3 -12.5 20.25 -.3 -21.37 20.64 -.3 -20.11
4 16 21.4 -.3 -20.39 21.59 -.3 -21.31 23.06 -.3 -24.02 23.82 -.3 -24.77
3 16 21.59 -.3 -21.31 22.43 -.3 -23.77 23.06 -.3 -24.02
3 16 21.59 -.3 -21.31 21.51 -.3 -23.65 22.43 -.3 -23.77
4 16 18.25 -.3 -23.72 18.39 -.3 -23.78 18.64 -.3 -23.72 18.97 -.3 -23.47
4 16 17.69 -.3 -22.95 18.25 -.3 -23.72 18.97 -.3 -23.47 19.58 -.3 -22.66
3 16 20.25 -.3 -21.37 17.69 -.3 -22.95 19.58 -.3 -22.66
3 16 20.59 -.3 -27.4 18.67 -.3 -28.9 18.56 -.3 -29.18
4 16 18.56 -.3 -29.18 18.19 -.3 -29.42 16.22 -.3 -35.07 16.43 -.3 -35.31
4 16 26.91 -.3 -28.75 18.56 -.3 -29.18 16.43 -.3 -35.31 16.46 -.3 -35.85
4 16 17.28 -.3 -37.72 26.91 -.3 -28.75 16.46 -.3 -35.85 16.76 -.3 -37.36
4 16 16.76 -.3 -37.36 16.46 -.3 -35.85 15.82 -.3 -35.9 15.32 -.3 -36.74
4 16 15.32 -.3 -36.74 15.82 -.3 -35.9 15.46 -.3 -36.03 15.25 -.3 -36.25
4 16 26.91 -.3 -28.75 17.28 -.3 -37.72 17.92 -.3 -38.67 32.25 -.3 -45
3 16 17.92 -.3 -38.67 18.02 -.3 -39.38 32.25 -.3 -45
4 16 15.65 -.3 -34.74 16.22 -.3 -35.07 18.19 -.3 -29.42 14.56 -.3 -31.31
4 16 14.7 -.3 -34.51 15.65 -.3 -34.74 14.56 -.3 -31.31 13.93 -.3 -33.03
3 16 13.93 -.3 -33.03 13.91 -.3 -33.44 14.7 -.3 -34.51
3 16 13.91 -.3 -33.44 13.82 -.3 -33.68 14.7 -.3 -34.51
4 16 14.7 -.3 -34.51 13.82 -.3 -33.68 13.62 -.3 -33.96 13.72 -.3 -34.6
4 16 13.72 -.3 -34.6 13.62 -.3 -33.96 13.16 -.3 -34.12 12.64 -.3 -35.3
3 16 12.9 -.3 -34.08 12.64 -.3 -35.3 13.16 -.3 -34.12
4 16 12.64 -.3 -35.3 12.9 -.3 -34.08 12.41 -.3 -33.89 12.13 -.3 -33.84
4 16 12.64 -.3 -35.3 12.13 -.3 -33.84 11.53 -.3 -33.87 12.28 -.3 -35.82
4 16 12.28 -.3 -35.82 11.53 -.3 -33.87 10.14 -.3 -33.96 12.01 -.3 -36.84
4 16 9.14 -.3 -37.21 12.01 -.3 -36.84 10.14 -.3 -33.96 8.62 -.3 -33.55
4 16 7.95 -.3 -36.36 9.14 -.3 -37.21 8.62 -.3 -33.55 7.39 -.3 -35.66
4 16 13.79 -.3 -32.8 13.93 -.3 -33.03 14.56 -.3 -31.31 14.2 -.3 -30.43
4 16 13.31 -.3 -32.78 13.79 -.3 -32.8 14.2 -.3 -30.43 13.86 -.3 -29.91
4 16 13.07 -.3 -32.73 13.31 -.3 -32.78 13.86 -.3 -29.91 13.33 -.3 -29.59
4 16 12.27 -.3 -32.21 13.07 -.3 -32.73 13.33 -.3 -29.59 12.85 -.3 -29.63
4 16 11.92 -.3 -32.12 12.27 -.3 -32.21 12.85 -.3 -29.63 11.08 -.3 -30.81
4 16 11.65 -.3 -32.14 11.92 -.3 -32.12 11.08 -.3 -30.81 10 -.3 -30.87
4 16 10.69 -.3 -32.61 11.65 -.3 -32.14 10 -.3 -30.87 10.1 -.3 -32.66
4 16 9.74 -.3 -32.47 10.1 -.3 -32.66 10 -.3 -30.87 9.44 -.3 -30.65
4 16 7.95 -.3 -31.29 9.74 -.3 -32.47 9.44 -.3 -30.65 8.92 -.3 -30.23
4 16 7.41 -.3 -29.34 7.95 -.3 -31.29 8.92 -.3 -30.23 7.8 -.3 -29.16
4 16 7.8 -.3 -29.16 8.92 -.3 -30.23 8.45 -.3 -29.29 8.24 -.3 -29.14
3 16 3.14 -.3 -28.2 3.48 -.3 -29.72 3.6 -.3 -28.91
4 16 4.24 -.3 -29.44 3.6 -.3 -28.91 3.48 -.3 -29.72 3.99 -.3 -30.46
4 16 5.01 -.3 -29.78 4.24 -.3 -29.44 3.99 -.3 -30.46 5.2 -.3 -31.44
4 16 5.84 -.3 -29.87 5.01 -.3 -29.78 5.2 -.3 -31.44 5.53 -.3 -31.54
4 16 5.84 -.3 -29.87 5.53 -.3 -31.54 5.95 -.3 -31.52 6.67 -.3 -29.73
4 16 6.67 -.3 -29.73 5.95 -.3 -31.52 7.19 -.3 -31.2 7.41 -.3 -29.34
3 16 7.41 -.3 -29.34 7.19 -.3 -31.2 7.95 -.3 -31.29
4 16 3.02 -.3 -32.56 3.02 -.3 -32.99 3.32 -.3 -33.47 5.76 -.3 -33.79
4 16 5.76 -.3 -33.79 3.32 -.3 -33.47 4.22 -.3 -34.16 5.24 -.3 -34.59
4 16 5.76 -.3 -33.79 5.24 -.3 -34.59 6.65 -.3 -35.06 6.65 -.3 -33.81
4 16 7.91 -.3 -33.51 6.65 -.3 -33.81 6.65 -.3 -35.06 7.39 -.3 -35.66
3 16 7.91 -.3 -33.51 7.39 -.3 -35.66 8.62 -.3 -33.55
4 16 5.4 -.3 -36.01 6.65 -.3 -35.06 5.24 -.3 -34.59 4.16 -.3 -35.66
4 16 5 -.3 -36.24 5.4 -.3 -36.01 4.16 -.3 -35.66 4.04 -.3 -35.89
4 16 5 -.3 -36.24 4.04 -.3 -35.89 4.05 -.3 -36.15 4.49 -.3 -36.39
3 16 4.05 -.3 -36.15 4.21 -.3 -36.33 4.49 -.3 -36.39
4 16 5.53 -.3 -38.12 5.48 -.3 -38.31 5.54 -.3 -38.44 5.71 -.3 -38.57
4 16 5.76 -.3 -37.89 5.53 -.3 -38.12 5.71 -.3 -38.57 5.91 -.3 -38.65
4 16 5.76 -.3 -37.89 5.91 -.3 -38.65 6.15 -.3 -38.66 6.27 -.3 -37.53
4 16 6.27 -.3 -37.53 6.15 -.3 -38.66 9.14 -.3 -37.21 7.95 -.3 -36.36
4 16 12.01 -.3 -36.84 9.14 -.3 -37.21 9.83 -.3 -37.85 12.16 -.3 -37.76
4 16 12.16 -.3 -37.76 9.83 -.3 -37.85 10.14 -.3 -38.43 12.55 -.3 -38.66
4 16 12.55 -.3 -38.66 10.14 -.3 -38.43 10.17 -.3 -39.37 12.67 -.3 -39.61
4 16 12.67 -.3 -39.61 10.17 -.3 -39.37 11.84 -.3 -40.34 12.41 -.3 -40.07
4 16 9.15 -.3 -40.06 11.84 -.3 -40.34 10.17 -.3 -39.37 8.42 -.3 -39.31
4 16 8.68 -.3 -40.09 9.15 -.3 -40.06 8.42 -.3 -39.31 7.61 -.3 -39.51
4 16 8.2 -.3 -40.21 8.68 -.3 -40.09 7.61 -.3 -39.51 7.11 -.3 -39.79
4 16 7.57 -.3 -40.54 8.2 -.3 -40.21 7.11 -.3 -39.79 6.63 -.3 -40.22
4 16 7.07 -.3 -41.02 7.57 -.3 -40.54 6.63 -.3 -40.22 6.03 -.3 -41
4 16 6.77 -.3 -41.59 7.07 -.3 -41.02 6.03 -.3 -41 5.74 -.3 -41.68
4 16 6.69 -.3 -42.16 6.77 -.3 -41.59 5.74 -.3 -41.68 5.67 -.3 -42.15
4 16 6.79 -.3 -42.69 6.69 -.3 -42.16 5.67 -.3 -42.15 5.74 -.3 -42.77
4 16 7.07 -.3 -43.16 6.79 -.3 -42.69 5.74 -.3 -42.77 5.94 -.3 -43.37
4 16 7.07 -.3 -43.16 5.94 -.3 -43.37 6.22 -.3 -43.81 6.58 -.3 -44.16
4 16 7.61 -.3 -43.62 7.07 -.3 -43.16 6.58 -.3 -44.16 8.02 -.3 -44.92
3 16 7.61 -.3 -43.62 8.02 -.3 -44.92 8.47 -.3 -43.98
4 16 9.74 -.3 -44.26 8.47 -.3 -43.98 8.02 -.3 -44.92 12.04 -.3 -45.4
3 16 11.49 -.3 -44.21 9.74 -.3 -44.26 12.04 -.3 -45.4
3 16 12.59 -.3 -43.84 11.49 -.3 -44.21 12.04 -.3 -45.4
4 16 13.81 -.3 -42.74 12.59 -.3 -43.84 12.04 -.3 -45.4 16.18 -.3 -42.5
4 16 13.81 -.3 -42.74 16.18 -.3 -42.5 15.74 -.3 -42.18 15.26 -.3 -41.92
3 16 14.27 -.3 -41.78 13.81 -.3 -42.74 15.26 -.3 -41.92
4 16 16.18 -.3 -42.5 12.04 -.3 -45.4 12.08 -.3 -46.22 15.49 -.3 -51.39
3 16 12.08 -.3 -46.22 14.37 -.3 -50.95 15.49 -.3 -51.39
4 16 12.08 -.3 -46.22 11.9 -.3 -46.94 13.27 -.3 -50.81 14.37 -.3 -50.95
4 16 13.27 -.3 -50.81 11.9 -.3 -46.94 11.51 -.3 -47.55 12.25 -.3 -50.94
4 16 12.25 -.3 -50.94 11.51 -.3 -47.55 10.17 -.3 -49.09 11.38 -.3 -51.32
3 16 10.17 -.3 -49.09 9.84 -.3 -49.63 11.38 -.3 -51.32
4 16 11.51 -.3 -47.55 7.52 -.3 -46.26 8.42 -.3 -47.53 10.17 -.3 -49.09
4 16 32.25 -.3 -45 16.35 -.3 -52.04 16.88 -.3 -53.12 36 -.3 -58.17
4 16 15.49 -.3 -51.39 16.35 -.3 -52.04 32.25 -.3 -45 16.18 -.3 -42.5
4 16 16.42 -.3 -41.95 16.18 -.3 -42.5 32.25 -.3 -45 18.02 -.3 -39.38
4 16 16.26 -.3 -41.28 16.42 -.3 -41.95 18.02 -.3 -39.38 17.22 -.3 -39.18
4 16 15.56 -.3 -39.39 15.34 -.3 -39.69 16.26 -.3 -41.28 15.92 -.3 -39.25
4 16 16.55 -.3 -39.15 15.92 -.3 -39.25 16.26 -.3 -41.28 17.22 -.3 -39.18
3 16 16.88 -.3 -53.12 16.85 -.3 -53.71 36 -.3 -58.17
4 16 15.22 -.3 -52.98 14.47 -.3 -53.12 15.21 -.3 -53.76 15.79 -.3 -53.07
4 16 15.79 -.3 -53.07 15.21 -.3 -53.76 15.65 -.3 -54.34 16.31 -.3 -53.32
4 16 16.85 -.3 -53.71 16.31 -.3 -53.32 15.65 -.3 -54.34 15.9 -.3 -55.39
4 16 36 -.3 -58.17 16.85 -.3 -53.71 15.9 -.3 -55.39 15.68 -.3 -56.48
4 16 15.68 -.3 -56.48 15.26 -.3 -57.07 17.5 -.3 -62.75 36 -.3 -58.17
4 16 15.26 -.3 -57.07 14.54 -.3 -57.35 13.76 -.3 -63.41 17.5 -.3 -62.75
4 16 13 -.3 -57.65 12.41 -.3 -58.3 14.54 -.3 -57.35 14.6 -.3 -56.79
4 16 13.3 -.3 -56.74 13 -.3 -57.65 14.6 -.3 -56.79 14.51 -.3 -56.3
4 16 13.3 -.3 -56.74 14.51 -.3 -56.3 14.32 -.3 -55.9 13.36 -.3 -56.1
4 16 13.36 -.3 -56.1 14.32 -.3 -55.9 14.04 -.3 -55.58 13.68 -.3 -55.38
3 16 13.26 -.3 -55.29 13.36 -.3 -56.1 13.68 -.3 -55.38
4 16 12.41 -.3 -58.3 11.87 -.3 -58.55 13.76 -.3 -63.41 14.54 -.3 -57.35
4 16 13.76 -.3 -63.41 11.87 -.3 -58.55 10.68 -.3 -58.64 10.46 -.3 -65.3
3 16 10.68 -.3 -58.64 6.08 -.3 -60.43 10.46 -.3 -65.3
4 16 6.08 -.3 -60.43 10.68 -.3 -58.64 10.93 -.3 -57.86 9.58 -.3 -56.42
4 16 9.58 -.3 -56.42 10.93 -.3 -57.86 10.95 -.3 -57.32 10.02 -.3 -56.25
4 16 -8.37 -.3 -54.08 -14.84 -.3 -48.69 -17.5 -.3 -62.75 -13.76 -.3 -63.41
4 16 -5.2 -.3 -55.04 -8.37 -.3 -54.08 -13.76 -.3 -63.41 -10.46 -.3 -65.3
4 16 -2.83 -.3 -55.1 -5.2 -.3 -55.04 -10.46 -.3 -65.3 1.44 -.3 -58.09
4 16 0 -.3 -54.66 -2.83 -.3 -55.1 1.44 -.3 -58.09 1.82 -.3 -55.59
4 16 0 -.3 -54.66 1.82 -.3 -55.59 1.61 -.3 -54.55 1.12 -.3 -53.73
4 16 0 -.3 -54.66 1.12 -.3 -53.73 .19 -.3 -52.68 -1.44 -.3 -51.63
3 16 -1.44 -.3 -51.63 .19 -.3 -52.68 -.32 -.3 -51.79
4 16 -1.44 -.3 -51.63 -.32 -.3 -51.79 -.66 -.3 -50.58 -1.72 -.3 -49.31
4 16 -1.72 -.3 -49.31 -.66 -.3 -50.58 -.7 -.3 -49.38 -1.35 -.3 -47.7
4 16 -1.35 -.3 -47.7 -.7 -.3 -49.38 -.45 -.3 -48.33 -.94 -.3 -46.97
4 16 -.94 -.3 -46.97 -.45 -.3 -48.33 .07 -.3 -47.49 -.28 -.3 -46.3
4 16 -.28 -.3 -46.3 .07 -.3 -47.49 .76 -.3 -46.93 .48 -.3 -45.85
4 16 .48 -.3 -45.85 .76 -.3 -46.93 1.55 -.3 -46.62 1.31 -.3 -45.59
4 16 -23.78 -.3 -47 -36 -.3 -58.17 -17.5 -.3 -62.75 -19.66 -.3 -46.65
4 16 -16.87 -.3 -47.4 -19.66 -.3 -46.65 -17.5 -.3 -62.75 -14.84 -.3 -48.69
4 16 -32.25 -.3 -45 -36 -.3 -58.17 -23.78 -.3 -47 -23.62 -.3 -46.28
4 16 -32.25 -.3 -45 -23.62 -.3 -46.28 -22.64 -.3 -45.34 -21.09 -.3 -43.63
3 16 -21.09 -.3 -43.63 -22.64 -.3 -45.34 -21.21 -.3 -44.35
3 16 -20.77 -.3 -42.93 -32.25 -.3 -45 -21.09 -.3 -43.63
3 16 -20.28 -.3 -42.27 -32.25 -.3 -45 -20.77 -.3 -42.93
4 16 1.44 -.3 -58.09 6.08 -.3 -60.43 5.65 -.3 -59.59 3.45 -.3 -58.08
4 16 3.45 -.3 -58.08 5.65 -.3 -59.59 5.12 -.3 -58.94 4.27 -.3 -58.34
4 16 10.46 -.3 -65.3 6.08 -.3 -60.43 1.44 -.3 -58.09 -10.46 -.3 -65.3
4 16 1.31 -.3 -45.59 1.55 -.3 -46.62 2.44 -.3 -46.5 2.8 -.3 -45.47
4 16 2.8 -.3 -45.47 2.44 -.3 -46.5 3.37 -.3 -46.58 4.05 -.3 -45.62
4 16 4.05 -.3 -45.62 3.37 -.3 -46.58 4.24 -.3 -46.87 4.93 -.3 -45.99
4 16 4.93 -.3 -45.99 4.24 -.3 -46.87 5 -.3 -47.39 5.82 -.3 -46.67
4 16 5.82 -.3 -46.67 5 -.3 -47.39 5.62 -.3 -48.07 6.69 -.3 -47.88
4 16 6.69 -.3 -47.88 5.62 -.3 -48.07 6.24 -.3 -49.13 7.16 -.3 -48.91
4 16 7.16 -.3 -48.91 6.24 -.3 -49.13 6.62 -.3 -50.36 7.57 -.3 -50.23
4 16 7.57 -.3 -50.23 6.62 -.3 -50.36 6.76 -.3 -51.83 8.75 -.3 -50.22
4 16 8.75 -.3 -50.22 6.76 -.3 -51.83 11.38 -.3 -51.32 9.41 -.3 -49.98
3 16 9.84 -.3 -49.63 9.41 -.3 -49.98 11.38 -.3 -51.32
4 16 6.76 -.3 -51.83 6.7 -.3 -54.28 7.59 -.3 -54.55 11.38 -.3 -51.32
4 16 6.7 -.3 -54.28 6.87 -.3 -54.62 7.07 -.3 -54.7 7.59 -.3 -54.55
4 16 10.02 -.3 -56.25 10.95 -.3 -57.32 10.83 -.3 -56.79 10.65 -.3 -56.47
3 16 10.29 -.3 -56.25 10.02 -.3 -56.25 10.65 -.3 -56.47
4 16 6.91 -.3 -26.52 4.59 -.3 -26.52 4.5 -.3 -27 7 -.3 -27
4 16 7 -.3 -27 4.5 -.3 -27 4.59 -.3 -27.48 6.91 -.3 -27.48
4 16 6.91 -.3 -27.48 4.59 -.3 -27.48 4.87 -.3 -27.88 6.63 -.3 -27.88
4 16 6.63 -.3 -27.88 4.87 -.3 -27.88 5.27 -.3 -28.16 6.23 -.3 -28.16
3 16 6.23 -.3 -28.16 5.27 -.3 -28.16 5.75 -.3 -28.25
4 16 4.59 -.3 -26.52 6.91 -.3 -26.52 6.63 -.3 -26.12 4.87 -.3 -26.12
4 16 4.87 -.3 -26.12 6.63 -.3 -26.12 6.23 -.3 -25.84 5.27 -.3 -25.84
3 16 5.75 -.3 -25.75 5.27 -.3 -25.84 6.23 -.3 -25.84
3 16 15.25 -.3 -36.25 15.2 -.3 -36.5 15.32 -.3 -36.74
4 16 -1.37 -.3 -25.87 -1.86 -.3 -25.69 -2.1 -.3 -26.6 -.35 -.3 -27.03
4 16 -1.86 -.3 -25.69 -3.41 -.3 -26.41 -2.4 -.3 -26.8 -2.1 -.3 -26.6
3 16 -3.41 -.3 -26.41 -3.28 -.3 -27.19 -2.4 -.3 -26.8
