0 Logo Porsche GT3RS Silhouette
0 Name: logo-porsche-gt3rs-silhouette.dat
0 Author: Jens Brühl [jb70]
0 !LDRAW_ORG Unofficial_Primitive
0 !LICENSE Licensed under CC BY 4.0 : see CAreadme.txt

0 !HELP Exact dimensions X = 65; Z = 21

0 BFC CERTIFY CCW

1 16 -15 0 -6 1.333333 0 0 0 1 0 0 0 1.333333 logo-porsche-gt3.dat
1 16 15 0 -6 1.333333 0 0 0 1 0 0 0 1.333333 logo-porsche-rs.dat
4 16 -31.614 0 1.11 -32.2 0 .7 -30.4 0 1.1 -30.465 0 1.72
4 16 -30.465 0 1.72 -30.4 0 1.1 -28.804 0 1.423 -29.247 0 2.207
4 16 -27.991 0 2.599 -29.247 0 2.207 -28.804 0 1.423 -27.111 0 1.758
4 16 -26.719 0 2.916 -27.991 0 2.599 -27.111 0 1.758 -25.422 0 2.071
4 16 -25.457 0 3.168 -26.719 0 2.916 -25.422 0 2.071 -24.154 0 3.374
4 16 -24.154 0 3.374 -25.422 0 2.071 -23.711 0 2.36 -22.84 0 3.537
4 16 -22.84 0 3.537 -23.711 0 2.36 -22.001 0 2.605 -21 0 3.7
4 16 -21 0 3.7 -22.001 0 2.605 -20.275 0 2.77 -19.27 0 3.796
4 16 -19.27 0 3.796 -20.275 0 2.77 -19.4 0 2.8 -18.9 0 3
3 16 -19.27 0 3.796 -18.9 0 3 -18.15 0 3.6
4 16 -17.532 0 3.867 -19.27 0 3.796 -18.15 0 3.6 -18 0 3.6
4 16 -17.68 0 3.3 -17.532 0 3.867 -18 0 3.6 -18.05 0 3.5
4 16 -18.1 0 2.95 -17.68 0 3.3 -18.05 0 3.5 -18.35 0 2.9
3 16 -18.05 0 3.5 -18.7 0 2.9 -18.35 0 2.9
4 16 -17.532 0 3.867 -17.68 0 3.3 -17.55 0 3.3 -16.45 0 3.65
4 16 -16.45 0 3.65 -17.55 0 3.3 -17.55 0 3.25 -17.25 0 2.95
3 16 -17.55 0 3.25 -17.8 0 2.95 -17.25 0 2.95
4 16 -16.3 0 3.66 -15.809 0 3.909 -17.532 0 3.867 -16.45 0 3.65
4 16 -15.809 0 3.909 -16.3 0 3.66 -16.37 0 3.5 -16.1 0 3.2
4 16 -16.3 0 3 -16.1 0 3.2 -16.37 0 3.5 -16.6 0 2.95
4 16 -16.6 0 2.95 -16.37 0 3.5 -16.86 0 3.05 -16.85 0 2.95
4 16 -15.809 0 3.909 -16.1 0 3.2 -15.95 0 3.2 -14.072 0 3.924
4 16 -14.072 0 3.924 -15.95 0 3.2 -16 0 3 -13.555 0 3.079
4 16 -12.341 0 3.912 -14.072 0 3.924 -13.555 0 3.079 -11.25 0 3.208
4 16 -10.592 0 3.873 -12.341 0 3.912 -11.25 0 3.208 -8.951 0 3.322
4 16 -8.857 0 3.808 -10.592 0 3.873 -8.951 0 3.322 -7.12 0 3.717
4 16 -7.12 0 3.717 -8.951 0 3.322 -6.831 0 3.429 -5.4 0 3.6
4 16 -12.552 0 5.166 -14.15 0 4.4 -11.65 0 4.35 -10.271 0 5.032
4 16 -10.62 0 6.059 -12.552 0 5.166 -10.271 0 5.032 -8.544 0 5.833
4 16 -8.693 0 6.917 -10.62 0 6.059 -8.544 0 5.833 -6.913 0 6.598
4 16 -6.538 0 7.84 -8.693 0 6.917 -6.913 0 6.598 -4.889 0 7.433
4 16 -4.75 0 8.6 -6.538 0 7.84 -4.889 0 7.433 -4.35 0 8.65
4 16 -3.95 0 8.6 -4.35 0 8.65 -4.889 0 7.433 -2.95 0 8.2
4 16 -8.764 0 4.543 -8.7 0 4.25 -8.5 0 4.25 -8.499 0 4.501
4 16 -8.651 0 4.89 -8.764 0 4.543 -8.499 0 4.501 -8.467 0 4.762
4 16 -8.399 0 5.16 -8.651 0 4.89 -8.467 0 4.762 -8.288 0 4.949
4 16 -8.399 0 5.16 -8.288 0 4.949 -8.05 0 5.05 -8.094 0 5.362
4 16 -7.7 0 5.55 -8.094 0 5.362 -8.05 0 5.05 -7.177 0 5.424
4 16 -7.228 0 5.7 -7.7 0 5.55 -7.177 0 5.424 -6.729 0 5.81
4 16 -6.729 0 5.81 -7.177 0 5.424 -6.601 0 5.624 -6.189 0 5.856
3 16 -6.189 0 5.856 -6.601 0 5.624 -6.012 0 5.765
3 16 -6.189 0 5.856 -6.012 0 5.765 -5.75 0 5.8
4 16 -2.399 0 9.237 -3.55 0 8.9 -2.4 0 8.4 -1.9 0 8.4
4 16 -.986 0 9.501 -2.399 0 9.237 -1.9 0 8.4 -.509 0 8.729
4 16 .448 0 9.691 -.986 0 9.501 -.509 0 8.729 .926 0 8.948
4 16 1.88 0 9.806 .448 0 9.691 .926 0 8.948 2.368 0 9.07
4 16 3.312 0 9.846 1.88 0 9.806 2.368 0 9.07 3.819 0 9.103
4 16 4.95 0 9.8 3.312 0 9.846 3.819 0 9.103 5.27 0 9.053
4 16 6.635 0 9.623 4.95 0 9.8 5.27 0 9.053 6.713 0 8.927
4 16 6.635 0 9.623 6.713 0 8.927 8.165 0 8.734 9.019 0 9.261
4 16 9.019 0 9.261 8.165 0 8.734 9.6 0 8.5 11.361 0 8.808
4 16 11.361 0 8.808 9.6 0 8.5 12.636 0 7.927 13.681 0 8.275
4 16 13.681 0 8.275 12.636 0 7.927 15.053 0 7.363 16.005 0 7.661
4 16 16.005 0 7.661 15.053 0 7.363 17.481 0 6.72 18.299 0 6.978
4 16 18.299 0 6.978 17.481 0 6.72 19.86 0 6.026 20.56 0 6.23
4 16 20.56 0 6.23 19.86 0 6.026 22.255 0 5.27 22.811 0 5.411
4 16 22.811 0 5.411 22.255 0 5.27 24.613 0 4.474 25.85 0 4.25
3 16 24.613 0 4.474 26.981 0 3.624 25.85 0 4.25
3 16 25.85 0 4.25 26.981 0 3.624 26.071 0 4.221
4 16 26.342 0 4.332 26.071 0 4.221 26.981 0 3.624 26.9 0 4.2
4 16 26.45 0 4.45 26.342 0 4.332 26.9 0 4.2 26.9 0 4.45
4 16 26.998 0 5.095 26.45 0 4.45 26.9 0 4.45 27.5 0 5.2
4 16 26.998 0 5.095 27.5 0 5.2 27.743 0 5.552 27.665 0 5.932
3 16 27.665 0 5.932 27.743 0 5.552 28.007 0 5.887
4 16 27.665 0 5.932 28.007 0 5.887 28.305 0 6.193 28.45 0 6.95
3 16 28.45 0 6.95 28.305 0 6.193 28.647 0 6.447
3 16 28.45 0 6.95 28.647 0 6.447 29.05 0 6.6
4 16 28.45 0 6.95 29.05 0 6.6 29.242 0 6.631 30.85 0 8.7
4 16 25.547 0 8.102 25 0 7.7 25.819 0 7.217 26.145 0 8.415
4 16 26.145 0 8.415 25.819 0 7.217 26.456 0 7.01 26.793 0 8.622
4 16 26.793 0 8.622 26.456 0 7.01 27.073 0 6.905 27.482 0 8.717
4 16 27.482 0 8.717 27.073 0 6.905 27.704 0 6.905 28.321 0 7.02
4 16 30.7 0 8.75 27.482 0 8.717 28.321 0 7.02 28.45 0 6.95
3 16 30.7 0 8.75 28.45 0 6.95 30.85 0 8.7
4 16 30.9 0 8.5 30.85 0 8.7 29.242 0 6.631 30.566 0 7.961
3 16 30.9 0 8.5 30.566 0 7.961 30.75 0 8.1
3 16 30.9 0 8.5 30.75 0 8.1 31.3 0 8.45
4 16 30.533 0 7.703 30.566 0 7.961 29.242 0 6.631 29.386 0 6.502
4 16 30.75 0 7.5 30.533 0 7.703 29.386 0 6.502 30.094 0 6.735
4 16 30.094 0 6.735 29.386 0 6.502 29.4 0 6.3 29.721 0 6.159
4 16 29.721 0 6.159 29.4 0 6.3 29.357 0 5.699 29.65 0 5.65
4 16 29.65 0 5.65 29.357 0 5.699 29.293 0 5.098 29.55 0 5.1
4 16 29.55 0 5.1 29.293 0 5.098 29.2 0 4.5 29.47 0 4.475
4 16 29.47 0 4.475 29.2 0 4.5 29.096 0 4.281 29.68 0 4.338
4 16 29.68 0 4.338 29.096 0 4.281 28.876 0 4.181 29.888 0 2.997
4 16 30.75 0 7.5 30.094 0 6.735 30.45 0 6.85 30.9 0 7.35
4 16 30.9 0 7.35 30.45 0 6.85 30.758 0 6.743 31.048 0 6.895
4 16 31.048 0 6.895 30.758 0 6.743 30.745 0 6.399 31.024 0 6.416
4 16 31.024 0 6.416 30.745 0 6.399 30.65 0 6.05 30.85 0 5.85
4 16 30.85 0 5.85 30.65 0 6.05 30.448 0 5.495 30.6 0 5.1
4 16 30.6 0 5.1 30.448 0 5.495 30.191 0 4.961 30.3 0 4.5
3 16 30.191 0 4.961 29.9 0 4.45 30.3 0 4.5
4 16 30.35 0 4.4 30.3 0 4.5 29.9 0 4.45 29.68 0 4.338
4 16 29.45 0 2.35 29.6 0 2.4 29.65 0 2.5 29.6 0 2.65
3 16 29.05 0 2.7 29.45 0 2.35 29.6 0 2.65
4 16 29.05 0 2.7 29.6 0 2.65 29.65 0 2.75 28.876 0 4.181
3 16 28.876 0 4.181 29.65 0 2.75 29.888 0 2.997
4 16 29.68 0 4.338 29.888 0 2.997 30.171 0 3.304 30.397 0 3.626
4 16 29.68 0 4.338 30.397 0 3.626 30.575 0 3.978 30.35 0 4.4
4 16 30.6 0 4.4 30.35 0 4.4 30.575 0 3.978 30.7 0 4.35
4 16 29.05 0 2.7 28.876 0 4.181 28.2 0 4.05 28.75 0 2.95
4 16 27.9 0 3.3 28.75 0 2.95 28.2 0 4.05 27.4 0 4
4 16 26.981 0 3.624 27.9 0 3.3 27.4 0 4 27.1 0 4.05
3 16 26.9 0 4.2 26.981 0 3.624 27.1 0 4.05
4 16 3.823 0 8.477 2.65 0 8.5 4 0 8.35 5.357 0 8.39
4 16 5.357 0 8.39 4 0 8.35 5.533 0 8.213 6.881 0 8.24
4 16 6.881 0 8.24 5.533 0 8.213 7.087 0 7.96 8.413 0 8.031
4 16 8.413 0 8.031 7.087 0 7.96 8.602 0 7.66 9.912 0 7.771
4 16 9.912 0 7.771 8.602 0 7.66 10.125 0 7.316 11.424 0 7.455
4 16 11.424 0 7.455 10.125 0 7.316 11.63 0 6.943 12.913 0 7.088
4 16 12.913 0 7.088 11.63 0 6.943 13.149 0 6.535 14.394 0 6.669
4 16 14.394 0 6.669 13.149 0 6.535 14.645 0 6.106 16.15 0 6.1
4 16 16.15 0 6.1 14.645 0 6.106 15.95 0 5.7 16.538 0 5.946
4 16 16.538 0 5.946 15.95 0 5.7 16.304 0 5.505 16.913 0 5.759
4 16 17.246 0 5.507 16.913 0 5.759 16.304 0 5.505 16.455 0 5.092
4 16 17.291 0 5.104 17.246 0 5.507 16.455 0 5.092 16.943 0 4.876
4 16 16.542 0 4.741 16.943 0 4.876 16.455 0 5.092 16.064 0 4.893
4 16 16.15 0 4.65 16.542 0 4.741 16.064 0 4.893 15.635 0 4.797
4 16 16.15 0 4.65 15.635 0 4.797 15.2 0 4.75 14.802 0 4.567
4 16 14.802 0 4.567 15.2 0 4.75 13.715 0 4.662 13.41 0 4.476
4 16 13.41 0 4.476 13.715 0 4.662 12.383 0 4.555 12.017 0 4.384
4 16 12.017 0 4.384 12.383 0 4.555 11.144 0 4.437 10.592 0 4.291
4 16 10.592 0 4.291 11.144 0 4.437 9.941 0 4.307 9.2 0 4.2
3 16 10.385 0 3.624 9 0 3.5 11.925 0 3.582
4 16 11.782 0 3.746 10.385 0 3.624 11.925 0 3.582 13.175 0 3.865
4 16 13.175 0 3.865 11.925 0 3.582 13.942 0 3.607 14.573 0 3.979
4 16 14.573 0 3.979 13.942 0 3.607 15.973 0 3.604 15.947 0 4.086
4 16 17.335 0 4.184 15.947 0 4.086 15.973 0 3.604 17.973 0 3.571
4 16 18.717 0 4.266 17.335 0 4.184 17.973 0 3.571 19.983 0 3.502
4 16 20.1 0 4.3 18.717 0 4.266 19.983 0 3.502 20.903 0 4.271
4 16 20.903 0 4.271 19.983 0 3.502 21.991 0 3.393 21.928 0 4.189
4 16 22.954 0 4.058 21.928 0 4.189 21.991 0 3.393 24.003 0 3.233
4 16 23.963 0 3.879 22.954 0 4.058 24.003 0 3.233 24.962 0 3.651
4 16 24.962 0 3.651 24.003 0 3.233 26 0 3.009 25.954 0 3.37
4 16 27.1 0 2.95 25.954 0 3.37 26 0 3.009 27.1 0 2.85
3 16 12.35 0 3.3 10.45 0 3.15 11.15 0 2.9
4 16 12.35 0 3.3 11.15 0 2.9 11.35 0 2.7 12.953 0 3.302
4 16 13.478 0 3.008 12.953 0 3.302 11.35 0 2.7 13.314 0 2.348
4 16 13 0 1.9 13.314 0 2.348 11.35 0 2.7 10.904 0 2.274
4 16 12.319 0 1.161 13 0 1.9 10.904 0 2.274 10.308 0 1.168
4 16 11.652 0 .409 12.319 0 1.161 10.308 0 1.168 9.95 0 .3
4 16 11.05 0 -.25 11.652 0 .409 9.95 0 .3 9.784 0 -.114
4 16 10.619 0 -.55 11.05 0 -.25 9.784 0 -.114 9.668 0 -.628
4 16 10.162 0 -.81 10.619 0 -.55 9.668 0 -.628 9.8 0 -.8
4 16 26.5 0 2.15 24.65 0 1.85 26 0 1.95 28.9 0 2.2
3 16 28.9 0 2.45 26.5 0 2.15 28.9 0 2.2
4 16 24.55 0 1.65 24.4 0 1.5 24.854 0 1.287 26.014 0 1.081
4 16 24.55 0 1.65 26.014 0 1.081 26.7 0 1.7 26.75 0 1.9
4 16 29.15 0 2.1 26.75 0 1.9 26.7 0 1.7 29.2 0 1.95
4 16 29.45 0 2 29.15 0 2.1 29.2 0 1.95 29.55 0 1.6
4 16 29.95 0 1.65 29.45 0 2 29.55 0 1.6 29.7 0 1.45
3 16 29.55 0 1.6 27.7 0 1.45 29.7 0 1.45
4 16 29.95 0 1.65 29.7 0 1.45 30 0 1.15 30.35 0 1.05
4 16 30.15 0 .9 30.35 0 1.05 30 0 1.15 28.442 0 .933
4 16 28.442 0 .933 30 0 1.15 27.75 0 1.1 27.256 0 .983
4 16 27.256 0 .983 27.75 0 1.1 26.7 0 1.7 26.014 0 1.081
4 16 29.95 0 2.15 29.85 0 2 30.331 0 1.546 30.41 0 1.767
4 16 30.849 0 1.363 30.41 0 1.767 30.331 0 1.546 30.794 0 1.075
4 16 31.251 0 .923 30.849 0 1.363 30.794 0 1.075 31.221 0 .577
4 16 31.62 0 .447 31.251 0 .923 31.221 0 .577 31.59 0 .032
4 16 31.9 0 0 31.62 0 .447 31.59 0 .032 31.8 0 -.55
3 16 31.9 0 0 31.8 0 -.55 31.9 0 -.55