0 ~Minifig Tool Magnifying Glass Holder with Thick Frame Half
0 Name: s\10830s04.dat
0 Author: Philippe Hurbain [Philo]
0 !LDRAW_ORG Unofficial_Subpart
0 !LICENSE Licensed under CC BY 4.0 : see CAreadme.txt

0 BFC CERTIFY CCW

0 !HISTORY 2025-04-16 [Philo] Subparted from [GeraldLasser] 10830s02

4 16 3 -47.9034 -3 4.5 -47.6052 -4 7.2713 -47.0541 -4 7.2713 -47.0541 4
4 16 7.2713 -47.0541 4 0 -48.5 4 0 -48.5 -3 3 -47.9034 -3
2 24 4.5 -47.6052 -4 3 -47.9034 -3
2 24 3 -47.9034 -3 0 -48.5 -3
2 24 7.2713 -47.0541 -4 4.5 -47.6052 -4
5 24 7.2713 -47.0541 -4 7.2713 -47.0541 4 0 -48.5 4 13.4349 -42.9349 4
4 16 3 -42.7035 -3 0 -43.3 -3 0 -43 -1.5 5.1665 -41.9727 -1.5
4 16 3 -42.7035 -3 5.1665 -41.9727 -1.5 5.3578 -42.4346 -4 4.5 -42.6052 -4
2 24 4.5 -42.6052 -4 5.3578 -42.4346 -4
2 24 3 -42.7035 -3 4.5 -42.6052 -4
2 24 3 -42.7035 -3 0 -43.3 -3
4 16 4.5 -47.6052 -4 4.5 -42.6052 -4 5.3578 -42.4346 -4 7.2713 -47.0541 -4
4 16 3 -47.9034 -3 3 -42.7035 -3 4.5 -42.6052 -4 4.5 -47.6052 -4
4 16 0 -43.3 -3 3 -42.7035 -3 3 -47.9034 -3 0 -48.5 -3
2 24 3 -47.9034 -3 3 -42.7035 -3
2 24 4.5 -42.6052 -4 4.5 -47.6052 -4
1 16 0 -10.5 0 0 0 4 0 1 -0.78 -4 0 0 2-4edge.dat
1 16 0 -10.5 0 -4 0 0 0 -0.78 0 0 0 4 1-4cyls2.dat
1 16 0 -10.5 0 -4 0 0 0 -0.78 0 0 0 -4 1-4cyls2.dat
5 24 0 -48.5 -3 0 -48.5 4 -7.2713 -47.0541 4 7.2713 -47.0541 4
1 16 0 -29.5 4 0 0 14 14 0 0 0 1 0 2-4edge.dat
0 BFC INVERTNEXT
1 16 0 -29.5 4 0.5 0 0 0 0 -0.5 0 -2.5 0 1-4con27.dat
0 BFC INVERTNEXT
1 16 0 -29.5 4 0.5 0 0 0 0 0.5 0 -2.5 0 1-4con27.dat
0 BFC INVERTNEXT
1 16 0 -29.5 -1.5 0 0 13.5 -13.5 0 0 0 3 0 2-4cylo.dat
5 24 0 -43.3 -3 0 -43 -1.5 5.1665 -41.9727 -1.5 -5.1665 -41.9727 -1.5
0 BFC INVERTNEXT
1 16 0 -29.5 -4 0.5 0 0 0 0 0.5 0 2.5 0 1-4con27.dat
0 BFC INVERTNEXT
1 16 0 -29.5 -4 0.5 0 0 0 0 -0.5 0 2.5 0 3-16con27.dat
1 16 0 -29.5 -4 0 0 19 19 0 0 0 8 0 7-16cylo.dat
1 16 0 -29.5 -4 0 0 14 14 0 0 0 1 0 7-16edge.dat
1 16 0 -29.5 -4 0 0 19 19 0 0 0 1 0 1-8chrd.dat
1 16 0 -29.5 -4 19 0 0 0 0 19 0 1 0 1-8chrd.dat
1 16 0 -29.5 -4 0 0 14 14 0 0 0 1 0 1-8tndis.dat
1 16 0 -29.5 -4 14 0 0 0 0 14 0 1 0 1-8tndis.dat
1 16 0 -29.5 -4 14 0 0 0 0 -14 0 1 0 3-16tang.dat
1 16 0 -29.5 -4 19 0 0 0 0 -19 0 1 0 3-16chrd.dat
3 16 7.931 -41.3692 -4 7.2713 -47.0541 -4 5.3578 -42.4346 -4
3 16 7.2713 -47.0541 -4 7.931 -41.3692 -4 9.8994 -39.3994 -4
3 16 7.2713 -47.0541 -4 9.8994 -39.3994 -4 11.8692 -37.431 -4
3 16 7.2713 -47.0541 -4 11.8692 -37.431 -4 19 -29.5 -4
3 16 19 -29.5 -4 11.8692 -37.431 -4 12.9346 -34.8578 -4
3 16 19 -29.5 -4 12.9346 -34.8578 -4 14 -32.2846 -4
3 16 19 -29.5 -4 14 -32.2846 -4 14 -29.5 -4
3 16 19 -29.5 -4 14 -29.5 -4 14 -19.6006 -4
3 16 19 -29.5 -4 14 -19.6006 -4 13.4349 -16.0651 -4
3 16 0 -15.5 -4 0 -10.5 -4 9.8994 -15.5 -4
3 16 9.8994 -15.5 -4 0 -10.5 -4 13.4349 -16.0651 -4
4 16 9.8994 -19.6006 -4 9.8994 -15.5 -4 13.4349 -16.0651 -4 14 -19.6006 -4
1 16 0 -29.5 4 0 0 19 19 0 0 0 -1 0 1-8chrd.dat
1 16 0 -29.5 4 19 0 0 0 0 19 0 -1 0 1-8chrd.dat
1 16 0 -29.5 4 0 0 14 14 0 0 0 -1 0 1-8tndis.dat
1 16 0 -29.5 4 14 0 0 0 0 14 0 -1 0 1-8tndis.dat
3 16 14 -29.5 4 19 -29.5 4 14 -19.6006 4
3 16 14 -19.6006 4 19 -29.5 4 13.4349 -16.0651 4
3 16 0 -10.5 4 0 -15.5 4 9.8994 -15.5 4
3 16 0 -10.5 4 9.8994 -15.5 4 13.4349 -16.0651 4
4 16 13.4349 -16.0651 4 9.8994 -15.5 4 9.8994 -19.6006 4 14 -19.6006 4
1 16 0 -29.5 4 0 0 19 -19 0 0 0 -1 0 1-8chrd.dat
1 16 0 -29.5 4 19 0 0 0 0 -19 0 -1 0 1-8chrd.dat
1 16 0 -29.5 4 0 0 14 -14 0 0 0 -1 0 1-8tndis.dat
1 16 0 -29.5 4 14 0 0 0 0 -14 0 -1 0 1-8tndis.dat
3 16 19 -29.5 4 14 -29.5 4 14 -39.3994 4
3 16 19 -29.5 4 14 -39.3994 4 13.4349 -42.9349 4
3 16 0 -43.5 4 0 -48.5 4 9.8994 -43.5 4
3 16 9.8994 -43.5 4 0 -48.5 4 13.4349 -42.9349 4
4 16 9.8994 -39.3994 4 9.8994 -43.5 4 13.4349 -42.9349 4 14 -39.3994 4
1 16 0 -29.5 4 0 0 19 -19 0 0 0 1 0 1-16edge.dat
5 24 5.1665 -41.9727 -1.5 5.3578 -42.4346 -4 3 -42.7035 -3 9.5459 -39.0459 -1.5