0 ~Technic Brick  2 x  4 with  4 Holes and  2 Pins, Hole
0 Name: s\112174s01.dat
0 Author: Philippe Hurbain [Philo]
0 !LDRAW_ORG Unofficial_Subpart
0 !LICENSE Licensed under CC BY 4.0 : see CAreadme.txt

0 BFC CERTIFY CCW

1 16 0 10 -2 0 0 -6 -6 0 0 0 1 0 4-4edge.dat
0 BFC INVERTNEXT
1 16 0 10 -2 -6 0 0 0 0 -6 0 -16 0 4-4cyli.dat
1 16 0 10 -20 -1 0 0 0 0 -1 0 1 0 peghole.dat
1 16 0 10 -20 8 0 0 0 0 8 0 1 0 4-4ndis.dat
1 16 0 10 -16 9 0 0 0 0 9 0 12 0 2-4cyli.dat
1 16 0 10 -16 9 0 0 0 0 9 0 1 0 2-4edge.dat
1 16 0 10 -16 9 0 0 0 0 9 0 -1 0 2-4ndis.dat
0 BFC INVERTNEXT
1 16 0 24 0 0 0 6 0 -4.8 0 -6 0 0 3-16cylo.dat
1 16 0 19.2 0 0 0 6 0 -1 0 -6 0 0 3-16chrd.dat
1 16 0 24 0 0 0 8 0 -1 0 -8 0 0 1-8edge.dat
1 16 0 24 0 0 0 8 0 -7.2 0 -8 0 0 1-8cyli.dat
1 16 0 24 0 0 0 2 0 -1 0 -2 0 0 1-8ring3.dat
1 16 8 17 -1 0 1 0 7 0 0 0 0 -1 rect2a.dat
1 16 9.5 13.5 -2 0 -1 0 -10.5 0 0 0 0 -2 rect3.dat
1 16 9 6.5 -10 0 -1 0 0 0 -3.5 6 0 0 rect3.dat
1 16 0 10 -4 9 0 0 0 0 9 0 1 0 1-8edge.dat
2 24 3.4443 18.3151 -7.1354 5.6568 16.8365 -5.6568
2 24 6.7641 15.7651 -4 6.7641 24 -4
4 16 6.7641 15.7651 -4 5.6568 16.8 -5.6568 5.6568 24 -5.6568 6.7641 24 -4
2 24 5.6568 24 -5.6568 6.7641 24 -4
2 24 6.3639 16.3639 -4.5988 5.6568 16.8365 -5.6568
2 24 6.7641 15.7651 -4 6.3639 16.3639 -4.5988
2 24 9 3 -4 9.5 3 -4
4 16 6.7641 15.7651 -4 6.7641 24 -4 9.5 24 -4 9.5 3 -4
3 16 9.5 3 -4 9 3 -4 6.7641 15.7651 -4
2 24 3.0616 18.3912 -7.3912 3.4443 18.3151 -7.1354
2 24 0 19 -8 3.0616 18.3912 -7.3912
2 24 5.6023 19.2 -2 5.6023 24 -2
2 24 5.5434 19.2 -2.2962 5.6023 19.2 -2
2 24 5.5434 24 -2.2962 5.6023 24 -2
4 16 5.5434 24 -2.2962 5.5434 19.2 -2.2962 5.6023 19.2 -2 5.6023 24 -2
2 24 6.7641 24 -4 9.5 24 -4
2 24 5.6023 24 -2 8 24 -2
1 16 0 24 0 4.24264 0 4.24264 0 -1 0 -4.24264 0 4.24264 1-16tang.dat
4 16 5.6568 24 -5.6568 4.2426 24 -4.2426 5.0865 24 -3.3988 6.7641 24 -4
4 16 6.7641 24 -4 5.0865 24 -3.3988 5.5434 24 -2.2962 9.5 24 -4
4 16 5.5434 24 -2.2962 5.6023 24 -2 8 24 -2 9.5 24 -4
4 16 9.5 24 -4 8 24 -2 8 24 0 9.5 24 0
0 BFC INVERTNEXT
1 16 0 24 0 0 0 -6 0 -4.8 0 -6 0 0 3-16cylo.dat
1 16 0 19.2 0 0 0 -6 0 -1 0 -6 0 0 3-16chrd.dat
1 16 0 24 0 0 0 -8 0 -1 0 -8 0 0 1-8edge.dat
1 16 0 24 0 0 0 -8 0 -7.2 0 -8 0 0 1-8cyli.dat
1 16 0 24 0 0 0 -2 0 -1 0 -2 0 0 1-8ring3.dat
1 16 -8 17 -1 0 -1 0 0 0 7 -1 0 0 rect2a.dat
1 16 -9.5 13.5 -2 0 1 0 10.5 0 0 0 0 -2 rect3.dat
1 16 -9 6.5 -10 0 1 0 0 0 -3.5 -6 0 0 rect3.dat
1 16 0 10 -4 -9 0 0 0 0 9 0 1 0 1-8edge.dat
2 24 -5.6568 16.8365 -5.6568 -3.4443 18.3151 -7.1354
2 24 -6.7641 24 -4 -6.7641 15.7651 -4
4 16 -5.6568 24 -5.6568 -5.6568 16.8 -5.6568 -6.7641 15.7651 -4 -6.7641 24 -4
2 24 -6.7641 24 -4 -5.6568 24 -5.6568
2 24 -5.6568 16.8365 -5.6568 -6.3639 16.3639 -4.5988
2 24 -6.3639 16.3639 -4.5988 -6.7641 15.7651 -4
2 24 -9.5 3 -4 -9 3 -4
4 16 -9.5 24 -4 -6.7641 24 -4 -6.7641 15.7651 -4 -9.5 3 -4
3 16 -9 3 -4 -9.5 3 -4 -6.7641 15.7651 -4
2 24 -3.4443 18.3151 -7.1354 -3.0616 18.3912 -7.3912
2 24 -3.0616 18.3912 -7.3912 0 19 -8
2 24 -5.6023 24 -2 -5.6023 19.2 -2
2 24 -5.6023 19.2 -2 -5.5434 19.2 -2.2962
2 24 -5.6023 24 -2 -5.5434 24 -2.2962
4 16 -5.6023 19.2 -2 -5.5434 19.2 -2.2962 -5.5434 24 -2.2962 -5.6023 24 -2
2 24 -9.5 24 -4 -6.7641 24 -4
2 24 -8 24 -2 -5.6023 24 -2
1 16 0 24 0 -4.24264 0 -4.24264 0 -1 0 -4.24264 0 4.24264 1-16tang.dat
4 16 -5.0865 24 -3.3988 -4.2426 24 -4.2426 -5.6568 24 -5.6568 -6.7641 24 -4
4 16 -5.5434 24 -2.2962 -5.0865 24 -3.3988 -6.7641 24 -4 -9.5 24 -4
4 16 -8 24 -2 -5.6023 24 -2 -5.5434 24 -2.2962 -9.5 24 -4
4 16 -8 24 0 -8 24 -2 -9.5 24 -4 -9.5 24 0
4 16 -5.6023 19.2 -2 5.6023 19.2 -2 5.5434 19.2 -2.2962 -5.5434 19.2 -2.2962
2 24 -5.6023 19.2 -2 5.6023 19.2 -2
3 16 0 19.2 -6 -5.5434 19.2 -2.2962 5.5434 19.2 -2.2962
1 16 0 10 -2 6 0 0 0 0 6 0 -1 0 2-4ndis.dat
4 16 5.6023 19.2 -2 -5.6023 19.2 -2 -6 16 -2 6 16 -2
4 16 5.6023 24 -2 5.6023 19.2 -2 6 16 -2 8 24 -2
4 16 8 24 -2 6 16 -2 6 10 -2 8 10 -2
4 16 -6 16 -2 -5.6023 19.2 -2 -5.6023 24 -2 -8 24 -2
4 16 -6 10 -2 -6 16 -2 -8 24 -2 -8 10 -2
0 BFC INVERTNEXT
1 16 0 10 -2 8 0 0 0 0 -8 0 2 0 2-4cyli.dat
1 16 0 10 -2 8 0 0 0 0 -8 0 1 0 2-4edge.dat
1 16 0 10 -2 2 0 0 0 0 -2 0 -1 0 2-4ring3.dat
5 24 5.6568 24 -5.6568 5.6568 16.8 -5.6568 3.0614 24 -7.391 6.7641 24 -4
5 24 -5.6568 16.8 -5.6568 -5.6568 24 -5.6568 -3.0614 24 -7.391 -6.7641 24 -4