0 ~Animal Piglet with Black Eyes and White Pupil Pattern - Half
0 Name: s\1410p01s01.dat
0 Author: Gerald Lasser [GeraldLasser]
0 !LDRAW_ORG Unofficial_Subpart
0 !LICENSE Licensed under CC BY 4.0 : see CAreadme.txt

0 BFC CERTIFY CCW

3 15 3.646 -21.167 -24.121 3.65855 -20.89993 -24.35097 3.80167 -21.01167 -24.07962
4 15 3.646 -21.167 -24.121 3.80167 -21.01167 -24.07962 3.9 -21.24 -23.79442 3.92 -21.45 -23.60661
3 15 3.87711 -21.58161 -23.54753 3.646 -21.167 -24.121 3.92 -21.45 -23.60661
4 15 3.646 -21.167 -24.121 3.87711 -21.58161 -23.54753 3.73 -21.85 -23.42148 3.47 -22.05 -23.4518
4 15 3.646 -21.167 -24.121 3.47 -22.05 -23.4518 3.24 -22.13 -23.56804 3.03917 -22.09946 -23.76216
4 15 3.646 -21.167 -24.121 3.03917 -22.09946 -23.76216 2.86 -21.99 -23.93183 2.74 -21.7 -24.20069
3 15 2.74 -21.7 -24.20069 2.74048 -21.46148 -24.37131 3.646 -21.167 -24.121
4 15 3.646 -21.167 -24.121 2.74048 -21.46148 -24.37131 2.86 -21.18 -24.60754 3.17 -20.93 -24.68744
3 15 3.646 -21.167 -24.121 3.17 -20.93 -24.68744 3.48337 -20.85823 -24.56737
3 15 3.646 -21.167 -24.121 3.48337 -20.85823 -24.56737 3.65855 -20.89993 -24.35097
4 0 3.03917 -22.09946 -23.76216 2.54296 -22.86193 -23.46874 2.18 -22.54 -23.88423 2.86 -21.99 -23.93183
4 0 2.86 -21.99 -23.93183 2.18 -22.54 -23.88423 1.98 -22.21 -24.22249 2.74 -21.7 -24.20069
4 0 2.74 -21.7 -24.20069 1.98 -22.21 -24.22249 1.91046 -21.7314 -24.60074 2.74048 -21.46148 -24.37131
4 0 2.74048 -21.46148 -24.37131 1.91046 -21.7314 -24.60074 1.93828 -21.48915 -24.85189 2.86 -21.18 -24.60754
4 0 2.86 -21.18 -24.60754 1.93828 -21.48915 -24.85189 2.42167 -20.51083 -25.62965 3.17 -20.93 -24.68744
4 0 3.17 -20.93 -24.68744 2.42167 -20.51083 -25.62965 2.75 -20.17 -25.79867 3.48337 -20.85823 -24.56737
3 0 3.48337 -20.85823 -24.56737 2.75 -20.17 -25.79867 3.02476 -19.98749 -25.82611
4 0 3.48337 -20.85823 -24.56737 3.02476 -19.98749 -25.82611 3.35 -19.79 -25.67424 3.65855 -20.89993 -24.35097
3 0 3.65855 -20.89993 -24.35097 3.35 -19.79 -25.67424 3.71776 -19.63989 -25.43597
4 0 3.65855 -20.89993 -24.35097 3.71776 -19.63989 -25.43597 4.26 -19.56 -24.86916 3.80167 -21.01167 -24.07962
4 0 3.80167 -21.01167 -24.07962 4.26 -19.56 -24.86916 4.69 -19.6 -24.32494 5.004 -19.812 -23.76
3 0 3.9 -21.24 -23.79442 3.80167 -21.01167 -24.07962 5.004 -19.812 -23.76
4 0 3.92 -21.45 -23.60661 3.9 -21.24 -23.79442 5.004 -19.812 -23.76 4.209 -22.177 -22.724
3 0 4.209 -22.177 -22.724 3.87711 -21.58161 -23.54753 3.92 -21.45 -23.60661
3 0 4.209 -22.177 -22.724 3.73 -21.85 -23.42148 3.87711 -21.58161 -23.54753
3 0 4.209 -22.177 -22.724 3.47 -22.05 -23.4518 3.73 -21.85 -23.42148
4 0 3.24 -22.13 -23.56804 3.47 -22.05 -23.4518 4.209 -22.177 -22.724 2.90853 -22.93748 -23.09698
4 0 3.03917 -22.09946 -23.76216 3.24 -22.13 -23.56804 2.90853 -22.93748 -23.09698 2.54296 -22.86193 -23.46874
4 0 3.91618 -22.67777 -22.56157 3.42 -22.88 -22.76962 2.90853 -22.93748 -23.09698 4.209 -22.177 -22.724
3 0 3.91618 -22.67777 -22.56157 4.209 -22.177 -22.724 4.31731 -22.39136 -22.41124
3 0 4.209 -22.177 -22.724 4.6086975 -21.99493 -22.25531 4.31731 -22.39136 -22.41124
3 0 4.6086975 -21.99493 -22.25531 4.209 -22.177 -22.724 5.05344 -21.23413 -22.40471
4 0 5.19 -20.61 -22.7798 5.05344 -21.23413 -22.40471 4.209 -22.177 -22.724 5.13 -20.06 -23.3607
3 0 4.209 -22.177 -22.724 5.004 -19.812 -23.76 5.13 -20.06 -23.3607
3 0 1.93828 -21.48915 -24.85189 2.06 -20.99 -25.31599 2.42167 -20.51083 -25.62965
3 16 1.801 -21.767 -24.631 1.93828 -21.48915 -24.85189 1.91046 -21.7314 -24.60074
3 16 1.98 -22.21 -24.22249 1.801 -21.767 -24.631 1.91046 -21.7314 -24.60074
3 16 2.239 -23.329 -23.289 1.801 -21.767 -24.631 1.98 -22.21 -24.22249
3 16 2.239 -23.329 -23.289 1.98 -22.21 -24.22249 2.18 -22.54 -23.88423
3 16 2.239 -23.329 -23.289 2.18 -22.54 -23.88423 2.54296 -22.86193 -23.46874
3 16 2.239 -23.329 -23.289 2.54296 -22.86193 -23.46874 2.90853 -22.93748 -23.09698
4 16 2.646 -24.85 -21.857 2.239 -23.329 -23.289 2.90853 -22.93748 -23.09698 3.42 -22.88 -22.76962
3 16 2.646 -24.85 -21.857 3.42 -22.88 -22.76962 3.91618 -22.67777 -22.56157
4 16 4.69 -23.129 -21.335 2.646 -24.85 -21.857 3.91618 -22.67777 -22.56157 4.31731 -22.39136 -22.41124
4 16 4.69 -23.129 -21.335 4.31731 -22.39136 -22.41124 4.6086975 -21.99493 -22.25531 6.086 -21.322 -20.523
3 16 4.69 -23.129 -21.335 6.086 -21.322 -20.523 6.567 -22.598 -18.805
3 16 5.287 -24.302 -19.602 4.69 -23.129 -21.335 6.567 -22.598 -18.805
4 16 2.646 -24.85 -21.857 4.69 -23.129 -21.335 5.287 -24.302 -19.602 3.369 -26.016 -20.038
3 16 6.567 -22.598 -18.805 6.086 -21.322 -20.523 7.266 -20.855 -17.545
3 16 6.086 -21.322 -20.523 7.303 -19.077 -19.03 7.266 -20.855 -17.545
3 16 6.086 -21.322 -20.523 6.743 -18.542 -21.551 7.303 -19.077 -19.03
3 16 6.086 -21.322 -20.523 5.616 -20.606 -22.192 6.743 -18.542 -21.551
4 16 5.05344 -21.23413 -22.40471 5.616 -20.606 -22.192 6.086 -21.322 -20.523 4.6086975 -21.99493 -22.25531
3 16 5.05344 -21.23413 -22.40471 5.19 -20.61 -22.7798 5.616 -20.606 -22.192
3 16 5.19 -20.61 -22.7798 5.13 -20.06 -23.3607 5.616 -20.606 -22.192
3 16 5.616 -20.606 -22.192 5.13 -20.06 -23.3607 5.004 -19.812 -23.76
4 16 6.743 -18.542 -21.551 5.616 -20.606 -22.192 5.004 -19.812 -23.76 5.921 -18.045 -23.33
3 16 5.004 -19.812 -23.76 4.404 -17.516 -25.986 5.921 -18.045 -23.33
3 16 5.004 -19.812 -23.76 3.76 -18.741 -26.21 4.404 -17.516 -25.986
3 16 5.004 -19.812 -23.76 4.69 -19.6 -24.32494 3.76 -18.741 -26.21
3 16 4.69 -19.6 -24.32494 4.26 -19.56 -24.86916 3.76 -18.741 -26.21
3 16 3.71776 -19.63989 -25.43597 3.76 -18.741 -26.21 4.26 -19.56 -24.86916
3 16 3.02476 -19.98749 -25.82611 2.847 -19.65 -26.314 3.35 -19.79 -25.67424
4 16 3.71776 -19.63989 -25.43597 3.35 -19.79 -25.67424 2.847 -19.65 -26.314 3.76 -18.741 -26.21
3 16 2.75 -20.17 -25.79867 2.847 -19.65 -26.314 3.02476 -19.98749 -25.82611
3 16 2.42167 -20.51083 -25.62965 2.847 -19.65 -26.314 2.75 -20.17 -25.79867
4 16 1.492 -20.187 -26.474 2.847 -19.65 -26.314 2.42167 -20.51083 -25.62965 2.06 -20.99 -25.31599
4 16 1.492 -20.187 -26.474 2.06 -20.99 -25.31599 1.93828 -21.48915 -24.85189 1.801 -21.767 -24.631
