0 ~Plant Vine with Bar and Bar Hole Stem Half
0 Name: s\1578s01.dat
0 Author: Philippe Hurbain [Philo]
0 !LDRAW_ORG Unofficial_Subpart
0 !LICENSE Licensed under CC BY 4.0 : see CAreadme.txt

0 BFC CERTIFY CCW

4 16 0 -0.2391 25.5127 0.9185 -0.0674 25.4502 0.9185 1.8481 30.3975 0 1.6813 30.4719
4 16 0.9185 -0.0674 25.4502 1.697 0.4215 25.2723 1.697 2.3232 30.1855 0.9185 1.8481 30.3975
4 16 1.697 0.4215 25.2723 2.2174 1.1531 25.006 2.2174 3.0342 29.8683 1.697 2.3232 30.1855
4 16 2.2174 1.1531 25.006 2.4 2.0162 24.6918 2.4 3.873 29.494 2.2174 3.0342 29.8683
4 16 2.4 2.0162 24.6918 2.2174 2.8793 24.3777 2.2174 4.7118 29.1198 2.4 3.873 29.494
4 16 2.2174 2.8793 24.3777 1.697 3.6109 24.1114 1.697 5.4228 28.8025 2.2174 4.7118 29.1198
4 16 1.697 3.6109 24.1114 0.9185 4.0998 23.9335 0.9185 5.8979 28.5905 1.697 5.4228 28.8025
4 16 0.9185 4.0998 23.9335 0 4.2715 23.871 0 6.0647 28.5161 0.9185 5.8979 28.5905
4 16 0 1.6813 30.4719 0.9185 1.8481 30.3975 0.9185 6.4804 39.5074 0 6.3221 39.5985
4 16 0.9185 1.8481 30.3975 1.697 2.3232 30.1855 1.697 6.9313 39.2478 0.9185 6.4804 39.5074
4 16 1.697 2.3232 30.1855 2.2174 3.0342 29.8683 2.2174 7.606 38.8593 1.697 6.9313 39.2478
4 16 2.2174 3.0342 29.8683 2.4 3.873 29.494 2.4 8.402 38.401 2.2174 7.606 38.8593
4 16 2.4 3.873 29.494 2.2174 4.7118 29.1198 2.2174 9.198 37.9427 2.4 8.402 38.401
4 16 2.2174 4.7118 29.1198 1.697 5.4228 28.8025 1.697 9.8727 37.5543 2.2174 9.198 37.9427
4 16 1.697 5.4228 28.8025 0.9185 5.8979 28.5905 0.9185 10.3236 37.2946 1.697 9.8727 37.5543
4 16 0.9185 5.8979 28.5905 0 6.0647 28.5161 0 10.4819 37.2035 0.9185 10.3236 37.2946
4 16 0 6.3221 39.5985 0.9185 6.4804 39.5074 0.9185 11.942 47.9506 0 11.7861 48.0457
4 16 0.9185 6.4804 39.5074 1.697 6.9313 39.2478 1.697 12.3862 47.6797 0.9185 11.942 47.9506
4 16 1.697 6.9313 39.2478 2.2174 7.606 38.8593 2.2174 13.0509 47.2743 1.697 12.3862 47.6797
4 16 2.2174 7.606 38.8593 2.4 8.402 38.401 2.4 13.835 46.796 2.2174 13.0509 47.2743
4 16 2.4 8.402 38.401 2.2174 9.198 37.9427 2.2174 14.6191 46.3177 2.4 13.835 46.796
4 16 2.2174 9.198 37.9427 1.697 9.8727 37.5543 1.697 15.2838 45.9123 2.2174 14.6191 46.3177
4 16 1.697 9.8727 37.5543 0.9185 10.3236 37.2946 0.9185 15.728 45.6414 1.697 15.2838 45.9123
4 16 0.9185 10.3236 37.2946 0 10.4819 37.2035 0 15.8839 45.5463 0.9185 15.728 45.6414
4 16 0 11.7861 48.0457 0.9185 11.942 47.9506 0.9185 14.299 52.0363 0 14.1322 52.1107
4 16 0.9185 11.942 47.9506 1.697 12.3862 47.6797 1.697 14.7742 51.8243 0.9185 14.299 52.0363
4 16 1.697 12.3862 47.6797 2.2174 13.0509 47.2743 2.2174 15.4852 51.5072 1.697 14.7742 51.8243
4 16 2.2174 13.0509 47.2743 2.4 13.835 46.796 2.4 16.324 51.133 2.2174 15.4852 51.5072
4 16 2.4 13.835 46.796 2.2174 14.6191 46.3177 2.2174 17.1628 50.7588 2.4 16.324 51.133
4 16 2.2174 14.6191 46.3177 1.697 15.2838 45.9123 1.697 17.8738 50.4417 2.2174 17.1628 50.7588
4 16 1.697 15.2838 45.9123 0.9185 15.728 45.6414 0.9185 18.349 50.2297 1.697 17.8738 50.4417
4 16 0.9185 15.728 45.6414 0 15.8839 45.5463 0 18.5158 50.1553 0.9185 18.349 50.2297
4 16 0 14.1322 52.1107 0.9185 14.299 52.0363 0.9185 15.6841 56.1261 0 15.5026 56.1462
4 16 0.9185 14.299 52.0363 1.697 14.7742 51.8243 1.697 16.2013 56.0688 0.9185 15.6841 56.1261
4 16 1.697 14.7742 51.8243 2.2174 15.4852 51.5072 2.2174 16.9751 55.9831 1.697 16.2013 56.0688
4 16 2.2174 15.4852 51.5072 2.4 16.324 51.133 2.4 17.888 55.882 2.2174 16.9751 55.9831
4 16 2.4 16.324 51.133 2.2174 17.1628 50.7588 2.2174 18.8009 55.7809 2.4 17.888 55.882
4 16 2.2174 17.1628 50.7588 1.697 17.8738 50.4417 1.697 19.5747 55.6952 2.2174 18.8009 55.7809
4 16 1.697 17.8738 50.4417 0.9185 18.349 50.2297 0.9185 20.0919 55.6379 1.697 19.5747 55.6952
4 16 0.9185 18.349 50.2297 0 18.5158 50.1553 0 20.2734 55.6178 0.9185 20.0919 55.6379
4 16 0 15.5026 56.1462 0.9185 15.6841 56.1261 0.9185 15.2619 60.2743 0 15.0857 60.2262
4 16 0.9185 15.6841 56.1261 1.697 16.2013 56.0688 1.697 15.7638 60.4113 0.9185 15.2619 60.2743
4 16 1.697 16.2013 56.0688 2.2174 16.9751 55.9831 2.2174 16.5149 60.6162 1.697 15.7638 60.4113
4 16 2.2174 16.9751 55.9831 2.4 17.888 55.882 2.4 17.401 60.858 2.2174 16.5149 60.6162
4 16 2.4 17.888 55.882 2.2174 18.8009 55.7809 2.2174 18.2871 61.0998 2.4 17.401 60.858
4 16 2.2174 18.8009 55.7809 1.697 19.5747 55.6952 1.697 19.0382 61.3047 2.2174 18.2871 61.0998
4 16 1.697 19.5747 55.6952 0.9185 20.0919 55.6379 0.9185 19.5402 61.4417 1.697 19.0382 61.3047
4 16 0.9185 20.0919 55.6379 0 20.2734 55.6178 0 19.7164 61.4898 0.9185 19.5402 61.4417
4 16 0 15.0857 60.2262 0.9185 15.2619 60.2743 0.9185 13.3634 64.2995 0 13.2045 64.2095
4 16 0.9185 15.2619 60.2743 1.697 15.7638 60.4113 1.697 13.8162 64.5559 0.9185 13.3634 64.2995
4 16 1.697 15.7638 60.4113 2.2174 16.5149 60.6162 2.2174 14.4937 64.9395 1.697 13.8162 64.5559
4 16 2.2174 16.5149 60.6162 2.4 17.401 60.858 2.4 15.293 65.392 2.2174 14.4937 64.9395
4 16 2.4 17.401 60.858 2.2174 18.2871 61.0998 2.2174 16.0923 65.8445 2.4 15.293 65.392
4 16 2.2174 18.2871 61.0998 1.697 19.0382 61.3047 1.697 16.7698 66.2281 2.2174 16.0923 65.8445
4 16 1.697 19.0382 61.3047 0.9185 19.5402 61.4417 0.9185 17.2226 66.4845 1.697 16.7698 66.2281
4 16 0.9185 19.5402 61.4417 0 19.7164 61.4898 0 17.3815 66.5745 0.9185 17.2226 66.4845
4 16 0 13.2045 64.2095 0.9185 13.3634 64.2995 0.9185 10.7555 68.1507 0 10.6126 68.0369
4 16 0.9185 13.3634 64.2995 1.697 13.8162 64.5559 1.697 11.1625 68.4748 0.9185 10.7555 68.1507
4 16 1.697 13.8162 64.5559 2.2174 14.4937 64.9395 2.2174 11.7715 68.9598 1.697 11.1625 68.4748
4 16 2.2174 14.4937 64.9395 2.4 15.293 65.392 2.4 12.49 69.532 2.2174 11.7715 68.9598
4 16 2.4 15.293 65.392 2.2174 16.0923 65.8445 2.2174 13.2085 70.1042 2.4 12.49 69.532
4 16 2.2174 16.0923 65.8445 1.697 16.7698 66.2281 1.697 13.8175 70.5892 2.2174 13.2085 70.1042
4 16 1.697 16.7698 66.2281 0.9185 17.2226 66.4845 0.9185 14.2245 70.9133 1.697 13.8175 70.5892
4 16 0.9185 17.2226 66.4845 0 17.3815 66.5745 0 14.3674 71.0271 0.9185 14.2245 70.9133
4 16 0 10.6126 68.0369 0.9185 10.7555 68.1507 0.9185 4.0774 75.3114 0 3.9457 75.1848
4 16 0.9185 10.7555 68.1507 1.697 11.1625 68.4748 1.697 4.4525 75.672 0.9185 4.0774 75.3114
4 16 1.697 11.1625 68.4748 2.2174 11.7715 68.9598 2.2174 5.0138 76.2115 1.697 4.4525 75.672
4 16 2.2174 11.7715 68.9598 2.4 12.49 69.532 2.4 5.676 76.848 2.2174 5.0138 76.2115
4 16 2.4 12.49 69.532 2.2174 13.2085 70.1042 2.2174 6.3382 77.4845 2.4 5.676 76.848
4 16 2.2174 13.2085 70.1042 1.697 13.8175 70.5892 1.697 6.8995 78.024 2.2174 6.3382 77.4845
4 16 1.697 13.8175 70.5892 0.9185 14.2245 70.9133 0.9185 7.2746 78.3846 1.697 6.8995 78.024
4 16 0.9185 14.2245 70.9133 0 14.3674 71.0271 0 7.4063 78.5112 0.9185 7.2746 78.3846
4 16 0 3.9457 75.1848 0.9185 4.0774 75.3114 0.9185 -2.9689 82.4149 0 -3.1009 82.2887
4 16 0.9185 4.0774 75.3114 1.697 4.4525 75.672 1.697 -2.5928 82.7744 0.9185 -2.9689 82.4149
4 16 1.697 4.4525 75.672 2.2174 5.0138 76.2115 2.2174 -2.03 83.3124 1.697 -2.5928 82.7744
4 16 2.2174 5.0138 76.2115 2.4 5.676 76.848 2.4 -1.366 83.947 2.2174 -2.03 83.3124
4 16 2.4 5.676 76.848 2.2174 6.3382 77.4845 2.2174 -0.702 84.5816 2.4 -1.366 83.947
4 16 2.2174 6.3382 77.4845 1.697 6.8995 78.024 1.697 -0.1392 85.1196 2.2174 -0.702 84.5816
4 16 1.697 6.8995 78.024 0.9185 7.2746 78.3846 0.9185 0.2369 85.4791 1.697 -0.1392 85.1196
4 16 0.9185 7.2746 78.3846 0 7.4063 78.5112 0 0.3689 85.6053 0.9185 0.2369 85.4791
4 16 0 -3.1009 82.2887 0.9185 -2.9689 82.4149 0.9185 -9.8831 89.9331 0 -10.0271 89.8209
4 16 0.9185 -2.9689 82.4149 1.697 -2.5928 82.7744 1.697 -9.4726 90.2529 0.9185 -9.8831 89.9331
4 16 1.697 -2.5928 82.7744 2.2174 -2.03 83.3124 2.2174 -8.8585 90.7315 1.697 -9.4726 90.2529
4 16 2.2174 -2.03 83.3124 2.4 -1.366 83.947 2.4 -8.134 91.296 2.2174 -8.8585 90.7315
4 16 2.4 -1.366 83.947 2.2174 -0.702 84.5816 2.2174 -7.4095 91.8605 2.4 -8.134 91.296
4 16 2.2174 -0.702 84.5816 1.697 -0.1392 85.1196 1.697 -6.7954 92.3391 2.2174 -7.4095 91.8605
4 16 1.697 -0.1392 85.1196 0.9185 0.2369 85.4791 0.9185 -6.3849 92.6589 1.697 -6.7954 92.3391
4 16 0.9185 0.2369 85.4791 0 0.3689 85.6053 0 -6.2409 92.7711 0.9185 -6.3849 92.6589
4 16 0 -10.0271 89.8209 0.9185 -9.8831 89.9331 0.9185 -16.9721 100.7977 0 -17.1385 100.7225
4 16 0.9185 -9.8831 89.9331 1.697 -9.4726 90.2529 1.697 -16.4979 101.012 0.9185 -16.9721 100.7977
4 16 1.697 -9.4726 90.2529 2.2174 -8.8585 90.7315 2.2174 -15.7885 101.3327 1.697 -16.4979 101.012
4 16 2.2174 -8.8585 90.7315 2.4 -8.134 91.296 2.4 -14.9515 101.711 2.2174 -15.7885 101.3327
4 16 2.4 -8.134 91.296 2.2174 -7.4095 91.8605 2.2174 -14.1145 102.0893 2.4 -14.9515 101.711
4 16 2.2174 -7.4095 91.8605 1.697 -6.7954 92.3391 1.697 -13.4051 102.41 2.2174 -14.1145 102.0893
4 16 1.697 -6.7954 92.3391 0.9185 -6.3849 92.6589 0.9185 -12.9309 102.6243 1.697 -13.4051 102.41
4 16 0.9185 -6.3849 92.6589 0 -6.2409 92.7711 0 -12.7645 102.6995 0.9185 -12.9309 102.6243
4 16 0 -17.1385 100.7225 0.9185 -16.9721 100.7977 0.9185 -19.7932 110.9935 0 -19.9742 110.9695
4 16 0.9185 -16.9721 100.7977 1.697 -16.4979 101.012 1.697 -19.2774 111.0618 0.9185 -19.7932 110.9935
4 16 1.697 -16.4979 101.012 2.2174 -15.7885 101.3327 2.2174 -18.5055 111.1639 1.697 -19.2774 111.0618
4 16 2.2174 -15.7885 101.3327 2.4 -14.9515 101.711 2.4 -17.595 111.2845 2.2174 -18.5055 111.1639
4 16 2.4 -14.9515 101.711 2.2174 -14.1145 102.0893 2.2174 -16.6845 111.4051 2.4 -17.595 111.2845
4 16 2.2174 -14.1145 102.0893 1.697 -13.4051 102.41 1.697 -15.9126 111.5072 2.2174 -16.6845 111.4051
4 16 1.697 -13.4051 102.41 0.9185 -12.9309 102.6243 0.9185 -15.3968 111.5755 1.697 -15.9126 111.5072
4 16 0.9185 -12.9309 102.6243 0 -12.7645 102.6995 0 -15.2158 111.5995 0.9185 -15.3968 111.5755
4 16 0 -19.9742 110.9695 0.9185 -19.7932 110.9935 0.9185 -19.7454 119.0673 0 -19.9263 119.0923
4 16 0.9185 -19.7932 110.9935 1.697 -19.2774 111.0618 1.697 -19.23 118.9959 0.9185 -19.7454 119.0673
4 16 1.697 -19.2774 111.0618 2.2174 -18.5055 111.1639 2.2174 -18.4588 118.889 1.697 -19.23 118.9959
4 16 2.2174 -18.5055 111.1639 2.4 -17.595 111.2845 2.4 -17.549 118.763 2.2174 -18.4588 118.889
4 16 2.4 -17.595 111.2845 2.2174 -16.6845 111.4051 2.2174 -16.6392 118.637 2.4 -17.549 118.763
4 16 2.2174 -16.6845 111.4051 1.697 -15.9126 111.5072 1.697 -15.868 118.5301 2.2174 -16.6392 118.637
4 16 1.697 -15.9126 111.5072 0.9185 -15.3968 111.5755 0.9185 -15.3526 118.4587 1.697 -15.868 118.5301
4 16 0.9185 -15.3968 111.5755 0 -15.2158 111.5995 0 -15.1717 118.4337 0.9185 -15.3526 118.4587
4 16 0 -19.9263 119.0923 0.9185 -19.7454 119.0673 0.9185 -16.4085 128.5563 0 -16.5696 128.6424
4 16 0.9185 -19.7454 119.0673 1.697 -19.23 118.9959 1.697 -15.9497 128.3109 0.9185 -16.4085 128.5563
4 16 1.697 -19.23 118.9959 2.2174 -18.4588 118.889 2.2174 -15.2631 127.9439 1.697 -15.9497 128.3109
4 16 2.2174 -18.4588 118.889 2.4 -17.549 118.763 2.4 -14.4532 127.5107 2.2174 -15.2631 127.9439
4 16 2.4 -17.549 118.763 2.2174 -16.6392 118.637 2.2174 -13.6432 127.0776 2.4 -14.4532 127.5107
4 16 2.2174 -16.6392 118.637 1.697 -15.868 118.5301 1.697 -12.9566 126.7106 2.2174 -13.6432 127.0776
4 16 1.697 -15.868 118.5301 0.9185 -15.3526 118.4587 0.9185 -12.4978 126.4651 1.697 -12.9566 126.7106
4 16 0.9185 -15.3526 118.4587 0 -15.1717 118.4337 0 -12.3367 126.3791 0.9185 -12.4978 126.4651
4 16 0 -16.5696 128.6424 0.9185 -16.4085 128.5563 0.9185 -10.8173 136.3074 0 -10.9465 136.4365
4 16 0.9185 -16.4085 128.5563 1.697 -15.9497 128.3109 1.697 -10.4494 135.9394 0.9185 -10.8173 136.3074
4 16 1.697 -15.9497 128.3109 2.2174 -15.2631 127.9439 2.2174 -9.8989 135.3889 1.697 -10.4494 135.9394
4 16 2.2174 -15.2631 127.9439 2.4 -14.4532 127.5107 2.4 -9.2494 134.7394 2.2174 -9.8989 135.3889
4 16 2.4 -14.4532 127.5107 2.2174 -13.6432 127.0776 2.2174 -8.6 134.09 2.4 -9.2494 134.7394
4 16 2.2174 -13.6432 127.0776 1.697 -12.9566 126.7106 1.697 -8.0494 133.5395 2.2174 -8.6 134.09
4 16 1.697 -12.9566 126.7106 0.9185 -12.4978 126.4651 0.9185 -7.6815 133.1715 1.697 -8.0494 133.5395
4 16 0.9185 -12.4978 126.4651 0 -12.3367 126.3791 0 -7.5524 133.0424 0.9185 -7.6815 133.1715

5 24 2.2174 4.7118 29.1198 2.2174 2.8793 24.3777 2.4 3.873 29.494 1.697 3.6109 24.1114
5 24 2.2174 16.0923 65.8445 2.2174 18.2871 61.0998 2.4 15.293 65.392 1.697 19.0382 61.3047
5 24 0.9185 4.0774 75.3114 0.9185 10.7555 68.1507 0 3.9457 75.1848 1.697 11.1625 68.4748
5 24 1.697 15.7638 60.4113 0.9185 15.2619 60.2743 0.9185 15.6841 56.1261 1.697 13.8162 64.5559
5 24 2.4 -8.134 91.296 2.2174 -8.8585 90.7315 2.4 -14.9515 101.711 2.2174 -2.03 83.3124
5 24 0.9185 -16.9721 100.7977 0.9185 -9.8831 89.9331 0 -17.1385 100.7225 1.697 -9.4726 90.2529
5 24 1.697 15.2838 45.9123 1.697 17.8738 50.4417 2.2174 17.1628 50.7588 0.9185 15.728 45.6414
5 24 0.9185 -0.0674 25.4502 1.697 0.4215 25.2723 1.3395 -2.6954 17.3826 1.697 2.3232 30.1855
5 24 1.697 14.7742 51.8243 0.9185 14.299 52.0363 0.9185 11.942 47.9506 1.697 16.2013 56.0688
5 24 0.9185 0.2369 85.4791 1.697 -0.1392 85.1196 1.697 6.8995 78.024 0.9185 -6.3849 92.6589
5 24 2.4 2.0162 24.6918 2.4 3.873 29.494 2.2174 3.0342 29.8683 2.2174 2.8793 24.3777
5 24 0.9185 -19.7932 110.9935 0 -19.9742 110.9695 0.9185 -19.7454 119.0673 0 -17.1385 100.7225
5 24 0.9185 6.4804 39.5074 0.9185 1.8481 30.3975 0 6.3221 39.5985 1.697 2.3232 30.1855
5 24 0.9185 10.3236 37.2946 1.697 9.8727 37.5543 1.697 5.4228 28.8025 0.9185 15.728 45.6414
5 24 0.9185 13.3634 64.2995 0.9185 15.2619 60.2743 0 13.2045 64.2095 1.697 15.7638 60.4113
5 24 2.4 5.676 76.848 2.2174 5.0138 76.2115 2.4 -1.366 83.947 2.2174 11.7715 68.9598
5 24 2.4 3.873 29.494 2.4 8.402 38.401 2.2174 7.606 38.8593 2.2174 4.7118 29.1198
5 24 2.2174 -13.6432 127.0776 2.4 -14.4532 127.5107 2.2174 -8.6 134.09 2.4 -17.549 118.763
5 24 2.2174 -8.8585 90.7315 1.697 -9.4726 90.2529 2.2174 -15.7885 101.3327 1.697 -2.5928 82.7744
5 24 1.697 -2.5928 82.7744 1.697 -9.4726 90.2529 2.2174 -2.03 83.3124 0.9185 -9.8831 89.9331
5 24 2.2174 14.6191 46.3177 2.4 13.835 46.796 2.2174 17.1628 50.7588 2.4 8.402 38.401
5 24 2.2174 11.7715 68.9598 2.2174 14.4937 64.9395 1.697 11.1625 68.4748 2.4 15.293 65.392
5 24 2.2174 4.7118 29.1198 2.4 3.873 29.494 2.2174 9.198 37.9427 2.4 2.0162 24.6918
5 24 2.4 -17.549 118.763 2.4 -14.4532 127.5107 2.2174 -15.2631 127.9439 2.2174 -16.6392 118.637
5 24 0 -10.9465 136.4365 0.9185 -10.8173 136.3074 1.1481 -6.4303 140.065 0 -16.5696 128.6424
5 24 2.2174 -16.6392 118.637 2.4 -17.549 118.763 2.4 -17.595 111.2845 2.2174 -13.6432 127.0776
5 24 2.2174 -2.03 83.3124 1.697 -2.5928 82.7744 1.697 4.4525 75.672 2.2174 -8.8585 90.7315
5 24 0.9185 -15.3968 111.5755 1.697 -15.9126 111.5072 0.9185 -15.3526 118.4587 1.697 -13.4051 102.41
5 24 1.697 0.4215 25.2723 2.2174 1.1531 25.006 2.4749 -1.9395 17.3164 2.2174 3.0342 29.8683
5 24 1.697 12.3862 47.6797 1.697 14.7742 51.8243 2.2174 13.0509 47.2743 0.9185 14.299 52.0363
5 24 0.9185 10.7555 68.1507 0 10.6126 68.0369 0 13.2045 64.2095 0.9185 4.0774 75.3114
5 24 1.697 13.8162 64.5559 1.697 11.1625 68.4748 2.2174 14.4937 64.9395 0.9185 10.7555 68.1507
5 24 1.697 -19.23 118.9959 1.697 -15.9497 128.3109 2.2174 -18.4588 118.889 0.9185 -16.4085 128.5563
5 24 2.4 -17.549 118.763 2.2174 -18.4588 118.889 2.2174 -18.5055 111.1639 2.4 -14.4532 127.5107
5 24 0.9185 5.8979 28.5905 1.697 5.4228 28.8025 0.9185 10.3236 37.2946 1.697 3.6109 24.1114
5 24 2.4 -9.2494 134.7394 2.2174 -8.6 134.09 2.4 -14.4532 127.5107 2.7717 -4.7737 136.5124
5 24 2.2174 -14.1145 102.0893 2.2174 -7.4095 91.8605 2.4 -14.9515 101.711 1.697 -6.7954 92.3391
5 24 2.2174 -0.702 84.5816 2.2174 6.3382 77.4845 2.4 -1.366 83.947 1.697 6.8995 78.024
5 24 0.9185 14.2245 70.9133 1.697 13.8175 70.5892 1.697 16.7698 66.2281 0.9185 7.2746 78.3846
5 24 2.4 -1.366 83.947 2.2174 -2.03 83.3124 2.2174 5.0138 76.2115 2.4 -8.134 91.296
5 24 2.2174 5.0138 76.2115 2.2174 11.7715 68.9598 1.697 4.4525 75.672 2.4 12.49 69.532
5 24 2.2174 13.0509 47.2743 2.2174 7.606 38.8593 1.697 12.3862 47.6797 2.4 8.402 38.401
5 24 2.4 13.835 46.796 2.4 16.324 51.133 2.2174 15.4852 51.5072 2.2174 14.6191 46.3177
5 24 0.9185 -15.3526 118.4587 1.697 -15.868 118.5301 1.697 -15.9126 111.5072 0.9185 -12.4978 126.4651
5 24 1.697 -12.9566 126.7106 1.697 -8.0494 133.5395 2.2174 -8.6 134.09 0.9185 -12.4978 126.4651
5 24 0.9185 1.8481 30.3975 0 1.6813 30.4719 0.9185 6.4804 39.5074 0 -0.2391 25.5127
5 24 0.9185 -2.9689 82.4149 0.9185 4.0774 75.3114 0 -3.1009 82.2887 1.697 4.4525 75.672
5 24 2.2174 -7.4095 91.8605 2.2174 -0.702 84.5816 2.4 -8.134 91.296 1.697 -0.1392 85.1196
5 24 2.2174 5.0138 76.2115 1.697 4.4525 75.672 2.2174 -2.03 83.3124 1.697 11.1625 68.4748
5 24 0.9185 -9.8831 89.9331 0.9185 -2.9689 82.4149 0 -10.0271 89.8209 1.697 -2.5928 82.7744
5 24 0.9185 6.4804 39.5074 0 6.3221 39.5985 0 1.6813 30.4719 0.9185 11.942 47.9506
5 24 1.697 6.9313 39.2478 1.697 12.3862 47.6797 2.2174 7.606 38.8593 0.9185 11.942 47.9506
5 24 2.2174 -8.6 134.09 2.2174 -13.6432 127.0776 2.4 -9.2494 134.7394 1.697 -12.9566 126.7106
5 24 1.697 2.3232 30.1855 1.697 6.9313 39.2478 2.2174 3.0342 29.8683 0.9185 6.4804 39.5074
5 24 0.9185 18.349 50.2297 0.9185 15.728 45.6414 1.697 17.8738 50.4417 0 15.8839 45.5463
5 24 2.2174 18.8009 55.7809 2.4 17.888 55.882 2.2174 18.2871 61.0998 2.4 16.324 51.133
5 24 1.697 16.2013 56.0688 0.9185 15.6841 56.1261 1.697 15.7638 60.4113 0.9185 14.299 52.0363
5 24 0.9185 -16.9721 100.7977 0 -17.1385 100.7225 0 -10.0271 89.8209 0.9185 -19.7932 110.9935
5 24 0 18.5158 50.1553 0.9185 18.349 50.2297 0.9185 15.728 45.6414 0 20.2734 55.6178
5 24 2.2174 6.3382 77.4845 2.2174 13.2085 70.1042 2.4 5.676 76.848 1.697 13.8175 70.5892
5 24 1.697 -13.4051 102.41 2.2174 -14.1145 102.0893 2.2174 -7.4095 91.8605 1.697 -15.9126 111.5072
5 24 1.697 -15.9126 111.5072 1.697 -15.868 118.5301 2.2174 -16.6392 118.637 0.9185 -15.3968 111.5755
5 24 0.9185 -15.3526 118.4587 0.9185 -15.3968 111.5755 1.697 -15.868 118.5301 0 -15.2158 111.5995
5 24 1.697 -15.9497 128.3109 0.9185 -16.4085 128.5563 1.697 -10.4494 135.9394 0.9185 -19.7454 119.0673
5 24 2.4 -8.134 91.296 2.4 -14.9515 101.711 2.2174 -15.7885 101.3327 2.2174 -7.4095 91.8605
5 24 0.9185 -15.3968 111.5755 0.9185 -12.9309 102.6243 1.697 -15.9126 111.5072 0 -12.7645 102.6995
5 24 0.9185 11.942 47.9506 0 11.7861 48.0457 0.9185 14.299 52.0363 0 6.3221 39.5985
5 24 1.697 19.0382 61.3047 1.697 16.7698 66.2281 0.9185 19.5402 61.4417 2.2174 16.0923 65.8445
5 24 2.4 17.888 55.882 2.2174 16.9751 55.9831 2.4 17.401 60.858 2.2174 15.4852 51.5072
5 24 0.9185 11.942 47.9506 0.9185 6.4804 39.5074 0 11.7861 48.0457 1.697 6.9313 39.2478
5 24 0 15.8839 45.5463 0.9185 15.728 45.6414 0.9185 10.3236 37.2946 0 18.5158 50.1553
5 24 0 -12.7645 102.6995 0.9185 -12.9309 102.6243 0.9185 -6.3849 92.6589 0 -15.2158 111.5995
5 24 2.2174 16.9751 55.9831 2.2174 15.4852 51.5072 1.697 16.2013 56.0688 2.4 16.324 51.133
5 24 1.697 -2.5928 82.7744 0.9185 -2.9689 82.4149 0.9185 4.0774 75.3114 1.697 -9.4726 90.2529
5 24 1.697 6.9313 39.2478 0.9185 6.4804 39.5074 0.9185 1.8481 30.3975 1.697 12.3862 47.6797
5 24 2.4 17.401 60.858 2.4 15.293 65.392 2.2174 14.4937 64.9395 2.2174 18.2871 61.0998
5 24 0.9185 17.2226 66.4845 1.697 16.7698 66.2281 0.9185 14.2245 70.9133 1.697 19.0382 61.3047
5 24 2.4 12.49 69.532 2.4 5.676 76.848 2.2174 5.0138 76.2115 2.2174 13.2085 70.1042
5 24 2.2174 14.4937 64.9395 1.697 13.8162 64.5559 2.2174 11.7715 68.9598 1.697 15.7638 60.4113
5 24 2.4 -14.4532 127.5107 2.4 -9.2494 134.7394 2.2174 -9.8989 135.3889 2.2174 -13.6432 127.0776
5 24 1.697 -9.4726 90.2529 1.697 -16.4979 101.012 2.2174 -8.8585 90.7315 0.9185 -16.9721 100.7977
5 24 2.4 -17.595 111.2845 2.4 -17.549 118.763 2.2174 -18.4588 118.889 2.2174 -16.6845 111.4051
5 24 0.9185 -12.4978 126.4651 0.9185 -15.3526 118.4587 1.697 -12.9566 126.7106 0 -15.1717 118.4337
5 24 2.2174 -13.6432 127.0776 2.2174 -16.6392 118.637 2.4 -14.4532 127.5107 1.697 -15.868 118.5301
5 24 1.697 15.2838 45.9123 2.2174 14.6191 46.3177 1.697 17.8738 50.4417 2.2174 9.198 37.9427
5 24 0 19.7164 61.4898 0.9185 19.5402 61.4417 0.9185 20.0919 55.6379 0 17.3815 66.5745
5 24 2.4 -1.366 83.947 2.4 -8.134 91.296 2.2174 -8.8585 90.7315 2.2174 -0.702 84.5816
5 24 0.9185 -16.4085 128.5563 0 -16.5696 128.6424 0.9185 -10.8173 136.3074 0 -19.9263 119.0923
5 24 0.9185 15.2619 60.2743 0 15.0857 60.2262 0 15.5026 56.1462 0.9185 13.3634 64.2995
5 24 2.2174 -7.4095 91.8605 2.4 -8.134 91.296 2.2174 -14.1145 102.0893 2.4 -1.366 83.947
5 24 2.2174 13.0509 47.2743 1.697 12.3862 47.6797 2.2174 15.4852 51.5072 1.697 6.9313 39.2478
5 24 0 20.2734 55.6178 0.9185 20.0919 55.6379 0.9185 18.349 50.2297 0 19.7164 61.4898
5 24 2.2174 -15.2631 127.9439 1.697 -15.9497 128.3109 2.2174 -9.8989 135.3889 1.697 -19.23 118.9959
5 24 2.4 16.324 51.133 2.2174 15.4852 51.5072 2.2174 13.0509 47.2743 2.4 17.888 55.882
5 24 2.2174 -18.5055 111.1639 1.697 -19.2774 111.0618 2.2174 -18.4588 118.889 1.697 -16.4979 101.012
5 24 2.2174 7.606 38.8593 2.2174 3.0342 29.8683 1.697 6.9313 39.2478 2.4 3.873 29.494
5 24 1.697 -19.2774 111.0618 1.697 -19.23 118.9959 2.2174 -18.5055 111.1639 0.9185 -19.7454 119.0673
5 24 2.2174 -15.7885 101.3327 1.697 -16.4979 101.012 1.697 -9.4726 90.2529 2.2174 -18.5055 111.1639
5 24 0.9185 -10.8173 136.3074 1.697 -10.4494 135.9394 0.9185 -16.4085 128.5563 2.1213 -6.1554 139.4755
5 24 0.9185 14.299 52.0363 0.9185 11.942 47.9506 0 14.1322 52.1107 1.697 12.3862 47.6797
5 24 2.4 13.835 46.796 2.2174 13.0509 47.2743 2.4 16.324 51.133 2.2174 7.606 38.8593
5 24 2.2174 9.198 37.9427 2.4 8.402 38.401 2.4 3.873 29.494 2.2174 14.6191 46.3177
5 24 0.9185 19.5402 61.4417 0.9185 20.0919 55.6379 1.697 19.0382 61.3047 0 20.2734 55.6178
5 24 2.2174 6.3382 77.4845 2.4 5.676 76.848 2.2174 -0.702 84.5816 2.4 12.49 69.532
5 24 1.697 -15.868 118.5301 2.2174 -16.6392 118.637 2.2174 -16.6845 111.4051 1.697 -12.9566 126.7106
5 24 0.9185 15.6841 56.1261 0 15.5026 56.1462 0.9185 15.2619 60.2743 0 14.1322 52.1107
5 24 2.2174 -16.6392 118.637 2.2174 -16.6845 111.4051 2.4 -17.549 118.763 1.697 -15.9126 111.5072
5 24 1.697 9.8727 37.5543 2.2174 9.198 37.9427 2.2174 4.7118 29.1198 1.697 15.2838 45.9123
5 24 0.9185 4.0774 75.3114 0 3.9457 75.1848 0.9185 -2.9689 82.4149 0 10.6126 68.0369
5 24 1.697 17.8738 50.4417 1.697 19.5747 55.6952 0.9185 18.349 50.2297 2.2174 18.8009 55.7809
5 24 2.2174 1.1531 25.006 2.4 2.0162 24.6918 3.2337 -0.8084 17.2175 2.4 3.873 29.494
5 24 1.697 13.8162 64.5559 0.9185 13.3634 64.2995 1.697 11.1625 68.4748 0.9185 15.2619 60.2743
5 24 1.697 -15.9497 128.3109 1.697 -10.4494 135.9394 2.2174 -15.2631 127.9439 0.9185 -10.8173 136.3074
5 24 1.697 15.7638 60.4113 1.697 13.8162 64.5559 2.2174 16.5149 60.6162 0.9185 13.3634 64.2995
5 24 2.2174 11.7715 68.9598 1.697 11.1625 68.4748 1.697 13.8162 64.5559 2.2174 5.0138 76.2115
5 24 0.9185 1.8481 30.3975 0.9185 -0.0674 25.4502 0 1.6813 30.4719 1.697 0.4215 25.2723
5 24 0 7.4063 78.5112 0.9185 7.2746 78.3846 0.9185 14.2245 70.9133 0 0.3689 85.6053
5 24 2.2174 14.6191 46.3177 2.2174 9.198 37.9427 2.4 13.835 46.796 1.697 9.8727 37.5543
5 24 2.2174 16.0923 65.8445 2.4 15.293 65.392 2.2174 13.2085 70.1042 2.4 17.401 60.858
5 24 1.697 19.0382 61.3047 2.2174 18.2871 61.0998 2.2174 18.8009 55.7809 1.697 16.7698 66.2281
5 24 0.9185 -7.6815 133.1715 0 -7.5524 133.0424 0.9185 -12.4978 126.4651 0 -3.9911 134.834
5 24 2.4 -14.9515 101.711 2.4 -17.595 111.2845 2.2174 -18.5055 111.1639 2.2174 -14.1145 102.0893
5 24 2.2174 -15.7885 101.3327 2.2174 -8.8585 90.7315 1.697 -16.4979 101.012 2.4 -8.134 91.296
5 24 1.697 -19.2774 111.0618 0.9185 -19.7932 110.9935 1.697 -19.23 118.9959 0.9185 -16.9721 100.7977
5 24 2.2174 -18.4588 118.889 2.2174 -18.5055 111.1639 1.697 -19.23 118.9959 2.4 -17.595 111.2845
5 24 2.2174 7.606 38.8593 1.697 6.9313 39.2478 1.697 2.3232 30.1855 2.2174 13.0509 47.2743
5 24 1.697 0.4215 25.2723 1.697 2.3232 30.1855 2.2174 1.1531 25.006 0.9185 1.8481 30.3975
5 24 1.697 5.4228 28.8025 1.697 9.8727 37.5543 2.2174 9.198 37.9427 0.9185 5.8979 28.5905
5 24 2.4 5.676 76.848 2.4 -1.366 83.947 2.2174 -2.03 83.3124 2.2174 6.3382 77.4845
5 24 2.2174 -18.5055 111.1639 2.2174 -15.7885 101.3327 1.697 -19.2774 111.0618 2.4 -14.9515 101.711
5 24 2.4 -14.4532 127.5107 2.2174 -15.2631 127.9439 2.4 -9.2494 134.7394 2.2174 -18.4588 118.889
5 24 0.9185 18.349 50.2297 1.697 17.8738 50.4417 1.697 15.2838 45.9123 0.9185 20.0919 55.6379
5 24 0.9185 20.0919 55.6379 0.9185 18.349 50.2297 1.697 19.5747 55.6952 0 18.5158 50.1553
5 24 2.2174 15.4852 51.5072 2.2174 13.0509 47.2743 1.697 14.7742 51.8243 2.4 13.835 46.796
5 24 2.2174 13.2085 70.1042 2.4 12.49 69.532 2.4 15.293 65.392 2.2174 6.3382 77.4845
5 24 1.697 19.5747 55.6952 2.2174 18.8009 55.7809 1.697 19.0382 61.3047 2.2174 17.1628 50.7588
5 24 2.4 -17.595 111.2845 2.2174 -18.5055 111.1639 2.4 -17.549 118.763 2.2174 -15.7885 101.3327
5 24 1.697 13.8175 70.5892 1.697 6.8995 78.024 0.9185 14.2245 70.9133 2.2174 6.3382 77.4845
5 24 1.697 4.4525 75.672 1.697 -2.5928 82.7744 2.2174 5.0138 76.2115 0.9185 -2.9689 82.4149
5 24 0.9185 4.0998 23.9335 0 4.2715 23.871 0 6.0647 28.5161 1.3395 3.7473 16.8189
5 24 2.2174 -18.4588 118.889 1.697 -19.23 118.9959 1.697 -19.2774 111.0618 2.2174 -15.2631 127.9439
5 24 0.9185 -6.3849 92.6589 0.9185 0.2369 85.4791 1.697 -6.7954 92.3391 0 0.3689 85.6053
5 24 2.4 15.293 65.392 2.4 12.49 69.532 2.2174 11.7715 68.9598 2.2174 16.0923 65.8445
5 24 2.2174 -8.8585 90.7315 2.2174 -2.03 83.3124 1.697 -9.4726 90.2529 2.4 -1.366 83.947
5 24 0 -0.2391 25.5127 0.9185 -0.0674 25.4502 0 -2.9608 17.4058 0.9185 1.8481 30.3975
5 24 0.9185 -10.8173 136.3074 0.9185 -16.4085 128.5563 0 -10.9465 136.4365 1.697 -15.9497 128.3109
5 24 1.697 -16.4979 101.012 0.9185 -16.9721 100.7977 0.9185 -9.8831 89.9331 1.697 -19.2774 111.0618
5 24 0 10.4819 37.2035 0.9185 10.3236 37.2946 0.9185 5.8979 28.5905 0 15.8839 45.5463
5 24 0 -6.2409 92.7711 0.9185 -6.3849 92.6589 0.9185 0.2369 85.4791 0 -12.7645 102.6995
5 24 0.9185 20.0919 55.6379 1.697 19.5747 55.6952 0.9185 19.5402 61.4417 1.697 17.8738 50.4417
5 24 1.697 -10.4494 135.9394 2.2174 -9.8989 135.3889 1.697 -15.9497 128.3109 2.7717 -5.7441 138.5935
5 24 0 -15.2158 111.5995 0.9185 -15.3968 111.5755 0.9185 -12.9309 102.6243 0 -15.1717 118.4337
5 24 0.9185 -19.7454 119.0673 0 -19.9263 119.0923 0 -19.9742 110.9695 0.9185 -16.4085 128.5563
5 24 1.697 -19.23 118.9959 0.9185 -19.7454 119.0673 0.9185 -19.7932 110.9935 1.697 -15.9497 128.3109
5 24 2.2174 16.5149 60.6162 2.2174 16.9751 55.9831 1.697 15.7638 60.4113 2.4 17.888 55.882
5 24 2.4 3.873 29.494 2.2174 3.0342 29.8683 2.4 8.402 38.401 2.2174 1.1531 25.006
5 24 0.9185 7.2746 78.3846 0.9185 14.2245 70.9133 1.697 6.8995 78.024 0 14.3674 71.0271
5 24 2.4 -14.9515 101.711 2.2174 -15.7885 101.3327 2.2174 -8.8585 90.7315 2.4 -17.595 111.2845
5 24 1.697 16.7698 66.2281 2.2174 16.0923 65.8445 1.697 13.8175 70.5892 2.2174 18.2871 61.0998
5 24 1.697 16.7698 66.2281 1.697 13.8175 70.5892 2.2174 13.2085 70.1042 0.9185 17.2226 66.4845
5 24 1.697 -15.9126 111.5072 2.2174 -16.6845 111.4051 1.697 -15.868 118.5301 2.2174 -14.1145 102.0893
5 24 0.9185 -12.9309 102.6243 1.697 -13.4051 102.41 1.697 -6.7954 92.3391 0.9185 -15.3968 111.5755
5 24 2.2174 3.0342 29.8683 1.697 2.3232 30.1855 2.2174 7.606 38.8593 1.697 0.4215 25.2723
5 24 0.9185 -9.8831 89.9331 0 -10.0271 89.8209 0.9185 -16.9721 100.7977 0 -3.1009 82.2887
5 24 2.2174 16.5149 60.6162 1.697 15.7638 60.4113 1.697 16.2013 56.0688 2.2174 14.4937 64.9395
5 24 2.2174 18.2871 61.0998 2.4 17.401 60.858 2.4 17.888 55.882 2.2174 16.0923 65.8445
5 24 2.2174 16.9751 55.9831 1.697 16.2013 56.0688 2.2174 16.5149 60.6162 1.697 14.7742 51.8243
5 24 2.2174 -16.6845 111.4051 2.2174 -14.1145 102.0893 2.4 -17.595 111.2845 1.697 -13.4051 102.41
5 24 0.9185 -19.7454 119.0673 0.9185 -19.7932 110.9935 0 -19.9263 119.0923 1.697 -19.2774 111.0618
5 24 2.2174 -9.8989 135.3889 2.4 -9.2494 134.7394 2.2174 -15.2631 127.9439 3 -5.2589 137.553
5 24 1.697 5.4228 28.8025 2.2174 4.7118 29.1198 1.697 9.8727 37.5543 2.2174 2.8793 24.3777
5 24 0.9185 -16.4085 128.5563 0.9185 -19.7454 119.0673 0 -16.5696 128.6424 1.697 -19.23 118.9959
5 24 1.697 11.1625 68.4748 1.697 4.4525 75.672 2.2174 11.7715 68.9598 0.9185 4.0774 75.3114
5 24 0.9185 -12.4978 126.4651 1.697 -12.9566 126.7106 0.9185 -7.6815 133.1715 1.697 -15.868 118.5301
5 24 0 6.0647 28.5161 0.9185 5.8979 28.5905 0.9185 4.0998 23.9335 0 10.4819 37.2035
5 24 2.4 16.324 51.133 2.4 17.888 55.882 2.2174 16.9751 55.9831 2.2174 17.1628 50.7588
5 24 0.9185 15.728 45.6414 0.9185 10.3236 37.2946 1.697 15.2838 45.9123 0 10.4819 37.2035
5 24 0.9185 13.3634 64.2995 0 13.2045 64.2095 0.9185 10.7555 68.1507 0 15.0857 60.2262
5 24 0.9185 -7.6815 133.1715 0.9185 -12.4978 126.4651 1.697 -8.0494 133.5395 0 -12.3367 126.3791
5 24 1.697 -15.868 118.5301 1.697 -12.9566 126.7106 0.9185 -15.3526 118.4587 2.2174 -13.6432 127.0776
5 24 0.9185 10.3236 37.2946 0.9185 5.8979 28.5905 1.697 9.8727 37.5543 0 6.0647 28.5161
5 24 0.9185 -19.7932 110.9935 0.9185 -16.9721 100.7977 0 -19.9742 110.9695 1.697 -16.4979 101.012
5 24 2.2174 9.198 37.9427 2.2174 4.7118 29.1198 2.4 8.402 38.401 1.697 5.4228 28.8025
5 24 0.9185 5.8979 28.5905 0.9185 4.0998 23.9335 1.697 5.4228 28.8025 0 4.2715 23.871
5 24 1.697 3.6109 24.1114 0.9185 4.0998 23.9335 0.9185 5.8979 28.5905 2.4749 2.9914 16.885
5 24 2.2174 -16.6845 111.4051 2.4 -17.595 111.2845 2.2174 -16.6392 118.637 2.4 -14.9515 101.711
5 24 2.4 17.888 55.882 2.4 17.401 60.858 2.2174 16.5149 60.6162 2.2174 18.8009 55.7809
5 24 1.697 -13.4051 102.41 1.697 -15.9126 111.5072 0.9185 -12.9309 102.6243 2.2174 -16.6845 111.4051
5 24 0 0.3689 85.6053 0.9185 0.2369 85.4791 0.9185 7.2746 78.3846 0 -6.2409 92.7711
5 24 2.2174 -0.702 84.5816 2.4 -1.366 83.947 2.4 5.676 76.848 2.2174 -7.4095 91.8605
5 24 1.697 9.8727 37.5543 1.697 15.2838 45.9123 0.9185 10.3236 37.2946 2.2174 14.6191 46.3177
5 24 1.697 3.6109 24.1114 1.697 5.4228 28.8025 0.9185 4.0998 23.9335 2.2174 4.7118 29.1198
5 24 0.9185 15.2619 60.2743 0.9185 15.6841 56.1261 0 15.0857 60.2262 1.697 16.2013 56.0688
5 24 2.2174 18.2871 61.0998 2.2174 18.8009 55.7809 2.4 17.401 60.858 1.697 19.5747 55.6952
5 24 2.2174 -9.8989 135.3889 2.2174 -15.2631 127.9439 1.697 -10.4494 135.9394 2.4 -14.4532 127.5107
5 24 0.9185 10.7555 68.1507 0.9185 13.3634 64.2995 0 10.6126 68.0369 1.697 13.8162 64.5559
5 24 2.2174 -15.2631 127.9439 2.2174 -18.4588 118.889 1.697 -15.9497 128.3109 2.4 -17.549 118.763
5 24 2.2174 15.4852 51.5072 1.697 14.7742 51.8243 1.697 12.3862 47.6797 2.2174 16.9751 55.9831
5 24 2.4 12.49 69.532 2.2174 11.7715 68.9598 2.2174 14.4937 64.9395 2.4 5.676 76.848
5 24 1.697 14.7742 51.8243 1.697 16.2013 56.0688 2.2174 15.4852 51.5072 0.9185 15.6841 56.1261
5 24 1.697 11.1625 68.4748 0.9185 10.7555 68.1507 0.9185 13.3634 64.2995 1.697 4.4525 75.672
5 24 0.9185 -12.9309 102.6243 0.9185 -6.3849 92.6589 1.697 -13.4051 102.41 0 -6.2409 92.7711
5 24 0 14.3674 71.0271 0.9185 14.2245 70.9133 0.9185 17.2226 66.4845 0 7.4063 78.5112
5 24 2.4 15.293 65.392 2.2174 14.4937 64.9395 2.4 12.49 69.532 2.2174 16.5149 60.6162
5 24 1.697 2.3232 30.1855 0.9185 1.8481 30.3975 1.697 6.9313 39.2478 0.9185 -0.0674 25.4502
5 24 1.697 -12.9566 126.7106 2.2174 -13.6432 127.0776 1.697 -8.0494 133.5395 2.2174 -16.6392 118.637
5 24 2.4 8.402 38.401 2.2174 7.606 38.8593 2.2174 3.0342 29.8683 2.4 13.835 46.796
5 24 0.9185 -6.3849 92.6589 1.697 -6.7954 92.3391 0.9185 -12.9309 102.6243 1.697 -0.1392 85.1196
5 24 2.2174 14.4937 64.9395 2.2174 16.5149 60.6162 1.697 13.8162 64.5559 2.4 17.401 60.858
5 24 0.9185 0.2369 85.4791 0.9185 7.2746 78.3846 1.697 -0.1392 85.1196 0 7.4063 78.5112
5 24 2.4 2.0162 24.6918 2.2174 2.8793 24.3777 3.5 0.5259 17.1007 2.2174 4.7118 29.1198
5 24 2.2174 2.8793 24.3777 1.697 3.6109 24.1114 1.697 5.4228 28.8025 3.2337 1.8603 16.984
5 24 1.697 6.8995 78.024 1.697 -0.1392 85.1196 2.2174 -0.702 84.5816 0.9185 7.2746 78.3846
5 24 0.9185 14.2245 70.9133 0.9185 17.2226 66.4845 1.697 13.8175 70.5892 0 17.3815 66.5745
5 24 0 -15.1717 118.4337 0.9185 -15.3526 118.4587 0.9185 -15.3968 111.5755 0 -12.3367 126.3791
5 24 0.9185 15.728 45.6414 1.697 15.2838 45.9123 0.9185 18.349 50.2297 1.697 9.8727 37.5543
5 24 0.9185 14.299 52.0363 0 14.1322 52.1107 0 11.7861 48.0457 0.9185 15.6841 56.1261
5 24 1.697 -0.1392 85.1196 1.697 -6.7954 92.3391 0.9185 0.2369 85.4791 2.2174 -7.4095 91.8605
5 24 1.697 6.8995 78.024 2.2174 6.3382 77.4845 1.697 -0.1392 85.1196 2.2174 13.2085 70.1042
5 24 1.697 -6.7954 92.3391 2.2174 -7.4095 91.8605 1.697 -13.4051 102.41 2.2174 -0.702 84.5816
5 24 1.697 -8.0494 133.5395 0.9185 -7.6815 133.1715 1.697 -12.9566 126.7106 1.1481 -4.0876 135.041
5 24 2.4 8.402 38.401 2.4 13.835 46.796 2.2174 13.0509 47.2743 2.2174 9.198 37.9427
5 24 0.9185 15.6841 56.1261 0.9185 14.299 52.0363 0 15.5026 56.1462 1.697 14.7742 51.8243
5 24 2.2174 18.8009 55.7809 2.2174 17.1628 50.7588 2.4 17.888 55.882 1.697 17.8738 50.4417
5 24 0.9185 7.2746 78.3846 1.697 6.8995 78.024 0.9185 0.2369 85.4791 1.697 13.8175 70.5892
5 24 2.2174 -2.03 83.3124 2.2174 5.0138 76.2115 1.697 -2.5928 82.7744 2.4 5.676 76.848
5 24 1.697 -0.1392 85.1196 2.2174 -0.702 84.5816 2.2174 6.3382 77.4845 1.697 -6.7954 92.3391
5 24 1.697 -9.4726 90.2529 0.9185 -9.8831 89.9331 1.697 -16.4979 101.012 0.9185 -2.9689 82.4149
5 24 2.2174 -8.6 134.09 1.697 -8.0494 133.5395 2.2174 -13.6432 127.0776 2.1213 -4.3624 135.6304
5 24 0.9185 -2.9689 82.4149 0 -3.1009 82.2887 0 3.9457 75.1848 0.9185 -9.8831 89.9331
5 24 1.697 17.8738 50.4417 2.2174 17.1628 50.7588 2.2174 14.6191 46.3177 1.697 19.5747 55.6952
5 24 0 -12.3367 126.3791 0.9185 -12.4978 126.4651 0.9185 -15.3526 118.4587 0 -7.5524 133.0424
5 24 2.4 17.401 60.858 2.2174 16.5149 60.6162 2.2174 16.9751 55.9831 2.4 15.293 65.392
5 24 0.9185 17.2226 66.4845 0.9185 19.5402 61.4417 1.697 16.7698 66.2281 0 19.7164 61.4898
5 24 2.2174 13.2085 70.1042 2.2174 16.0923 65.8445 2.4 12.49 69.532 1.697 16.7698 66.2281
5 24 1.697 -16.4979 101.012 1.697 -19.2774 111.0618 2.2174 -15.7885 101.3327 0.9185 -19.7932 110.9935
5 24 0 17.3815 66.5745 0.9185 17.2226 66.4845 0.9185 19.5402 61.4417 0 14.3674 71.0271
5 24 1.697 -6.7954 92.3391 1.697 -13.4051 102.41 2.2174 -14.1145 102.0893 0.9185 -6.3849 92.6589
5 24 1.697 13.8175 70.5892 2.2174 13.2085 70.1042 2.2174 16.0923 65.8445 1.697 6.8995 78.024
5 24 2.2174 3.0342 29.8683 2.2174 1.1531 25.006 1.697 2.3232 30.1855 2.4 2.0162 24.6918
5 24 1.697 16.2013 56.0688 1.697 15.7638 60.4113 2.2174 16.9751 55.9831 0.9185 15.2619 60.2743
5 24 2.2174 17.1628 50.7588 2.2174 14.6191 46.3177 2.4 16.324 51.133 1.697 15.2838 45.9123
5 24 1.697 19.5747 55.6952 1.697 19.0382 61.3047 2.2174 18.2871 61.0998 0.9185 20.0919 55.6379
5 24 2.2174 17.1628 50.7588 2.4 16.324 51.133 2.4 13.835 46.796 2.2174 18.8009 55.7809
5 24 1.697 12.3862 47.6797 0.9185 11.942 47.9506 1.697 14.7742 51.8243 0.9185 6.4804 39.5074
5 24 1.697 4.4525 75.672 0.9185 4.0774 75.3114 1.697 -2.5928 82.7744 0.9185 10.7555 68.1507
5 24 0.9185 19.5402 61.4417 1.697 19.0382 61.3047 1.697 19.5747 55.6952 0.9185 17.2226 66.4845
5 24 2.2174 -14.1145 102.0893 2.4 -14.9515 101.711 2.4 -8.134 91.296 2.2174 -16.6845 111.4051
