0 ~Sticker  1.5 x 23.9 with Red and Blue Stripes and "4011" - Main
0 Name: s\163165as01.dat
0 Author: Takeshi Takahashi [RainbowDolphin]
0 !LDRAW_ORG Unofficial_Subpart
0 !LICENSE Licensed under CC BY 4.0 : see CAreadme.txt

0 BFC CERTIFY CCW

4 1 219 -.25 -1 221 -.25 -3 235 -.25 14 219 -.25 10
3 1 235 -.25 14 195 -.25 10 219 -.25 10
3 1 235 -.25 14 -235 -.25 -8 195 -.25 10
4 1 195 -.25 -1 195 -.25 10 -235 -.25 -8 -235 -.25 -11
4 1 195 -.25 -1 -235 -.25 -11 221 -.25 -3 219 -.25 -1
4 4 -235 -.25 -14 213 -.25 -13 219 -.25 -6 -235 -.25 -12
4 16 214 -.25 -16 239 -.25 16 235 -.25 14 221 -.25 -3
3 16 221 -.25 -3 219 -.25 -6 214 -.25 -16
3 16 219 -.25 -6 213 -.25 -13 214 -.25 -16
4 16 -239 -.25 -16 214 -.25 -16 213 -.25 -13 -235 -.25 -14
3 16 -235 -.25 -12 -239 -.25 -16 -235 -.25 -14
3 16 -235 -.25 -11 -239 -.25 -16 -235 -.25 -12
4 16 -239 -.25 -16 -235 -.25 -11 -235 -.25 -8 -239 -.25 -6
4 16 -239 -.25 -6 -235 -.25 -8 235 -.25 14 239 -.25 16
4 16 -235 -.25 -11 -235 -.25 -12 219 -.25 -6 221 -.25 -3
4 16 -239 0 -16 -239 0 -6 239 0 16 214 0 -16
4 16 239 -.25 16 239 0 16 -239 0 -6 -239 -.25 -6
4 16 214 -.25 -16 214 0 -16 239 0 16 239 -.25 16
4 16 -239 -.25 -16 -239 0 -16 214 0 -16 214 -.25 -16
4 16 -239 -.25 -6 -239 0 -6 -239 0 -16 -239 -.25 -16
