0 ~Electric Brick  4 x  4 x  0.667 Round - Top with  2 Studs with Gold Lotus on White Background Pattern - Half
0 Name: s\18605p1bs01.dat
0 Author: Evert-Jan Boer [ejboer]
0 !LDRAW_ORG Unofficial_Subpart
0 !LICENSE Licensed under CC BY 4.0 : see CAreadme.txt

0 BFC CERTIFY CCW

4 82 0 0 18 -20.8 0 18 -21.65 0 16.75 0 0 16.75
4 82 -21.65 0 16.75 -20.8 0 18 -24.93 0 22.329 -26.95 0 22.3
4 82 -24.78 0 24.78 -26.95 0 22.3 -24.93 0 22.329 -23.715 0 23.715
4 82 -21.33 0 27.8 -24.78 0 24.78 -23.715 0 23.715 -20.417 0 26.607
4 82 -17.52 0 30.35 -21.33 0 27.8 -20.417 0 26.607 -16.769 0 29.045
4 82 -13.41 0 32.38 -17.52 0 30.35 -16.769 0 29.045 -12.834 0 30.985
4 82 -13.41 0 32.38 -12.834 0 30.985 -8.68 0 32.395 -9.07 0 33.85
4 82 -9.07 0 33.85 -8.68 0 32.395 -4.378 0 33.251 -4.57 0 34.74
4 82 -4.57 0 34.74 -4.378 0 33.251 0 0 33.538 0 0 35.04
4 82 -13.41 0 -32.38 -12.834 0 -30.985 -16.769 0 -29.045 -17.52 0 -30.35
4 82 -17.52 0 -30.35 -16.769 0 -29.045 -20.417 0 -26.607 -21.33 0 -27.8
4 82 -21.33 0 -27.8 -20.417 0 -26.607 -23.715 0 -23.715 -24.78 0 -24.78
4 82 -24.78 0 -24.78 -23.715 0 -23.715 -24.93 0 -22.329 -26.95 0 -22.3
4 82 -21.65 0 -16.75 -26.95 0 -22.3 -24.93 0 -22.329 -20.8 0 -18
4 82 -9.85 0 -24.35 -5.5 0 -16.75 -7.9 0 -18 -11.45 0 -24.4
4 82 -9.85 0 -24.35 -11.45 0 -24.4 -11.6 0 -24.9 -10.05 0 -24.75
4 82 -10.05 0 -24.75 -11.6 0 -24.9 -11.7 0 -25.4 -10.15 0 -25.225
4 82 -11.6 0 -26.65 -11.45 0 -27.15 -9.85 0 -27.2 -10.05 0 -26.8
4 82 -11.7 0 -26.15 -11.6 0 -26.65 -10.05 0 -26.8 -10.15 0 -26.325
4 82 -11.7 0 -25.4 -11.725 0 -25.775 -10.2 0 -25.775 -10.15 0 -25.225
4 82 -10.2 0 -25.775 -11.725 0 -25.775 -11.7 0 -26.15 -10.15 0 -26.325
4 82 -21.65 0 -16.75 -20.8 0 -18 -7.9 0 -18 -5.5 0 -16.75
4 82 -12.834 0 -30.985 -13.41 0 -32.38 -9.07 0 -33.85 -8.523 0 -32.426
3 82 -8.523 0 -32.426 -9.07 0 -33.85 -5.657 0 -34.525
4 82 -9.85 0 -27.2 -11.45 0 -27.15 -8.523 0 -32.426 -5.657 0 -34.525
4 82 -35.04 0 0 -34.74 0 -4.57 -33.251 0 -4.378 -33.538 0 0
4 82 -34.74 0 -4.57 -33.85 0 -9.07 -32.395 0 -8.68 -33.251 0 -4.378
4 82 -33.85 0 -9.07 -32.37 0 -13.41 -30.985 0 -12.834 -32.395 0 -8.68
4 82 -30.985 0 -12.834 -32.37 0 -13.41 -30.65 0 -16.9 -30.144 0 -14.54
4 82 -30.985 0 12.834 -30.65 0 16.9 -32.37 0 13.41 -33.85 0 9.07
4 82 -32.395 0 8.68 -30.985 0 12.834 -33.85 0 9.07 -34.74 0 4.57
4 82 -33.251 0 4.378 -32.395 0 8.68 -34.74 0 4.57 -35.04 0 0
3 82 -33.251 0 4.378 -35.04 0 0 -33.538 0 0
4 82 -27.2 0 11.55 -27.2 0 -11.55 -25.95 0 -12.4 -25.95 0 12.4
4 72 -27.2 0 11.55 -30.144 0 14.54 -30.985 0 12.834 -32.395 0 8.68
4 72 -27.2 0 11.55 -32.395 0 8.68 -33.251 0 4.378 -33.538 0 0
4 72 -27.2 0 -11.55 -27.2 0 11.55 -33.538 0 0 -33.251 0 -4.378
4 72 -27.2 0 -11.55 -33.251 0 -4.378 -32.395 0 -8.68 -30.985 0 -12.834
3 72 -27.2 0 -11.55 -30.985 0 -12.834 -30.144 0 -14.54
3 82 -30.65 0 16.9 -30.985 0 12.834 -30.144 0 14.54
4 82 -30.144 0 14.54 -27.2 0 11.55 -25.95 0 12.4 -30.65 0 16.9
4 82 -27.2 0 -11.55 -30.144 0 -14.54 -30.65 0 -16.9 -25.95 0 -12.4
4 15 -20.8 0 -18 -24.93 0 -22.329 -23.715 0 -23.715 -20.417 0 -26.607
4 15 -20.8 0 -18 -20.417 0 -26.607 -11.725 0 -25.775 -11.7 0 -25.4
3 15 -20.8 0 -18 -11.7 0 -25.4 -11.6 0 -24.9
3 15 -20.8 0 -18 -11.6 0 -24.9 -11.45 0 -24.4
3 15 -7.9 0 -18 -20.8 0 -18 -11.45 0 -24.4
4 15 -11.725 0 -25.775 -20.417 0 -26.607 -16.769 0 -29.045 -11.7 0 -26.15
3 15 -11.7 0 -26.15 -16.769 0 -29.045 -11.6 0 -26.65
4 15 -11.45 0 -27.15 -11.6 0 -26.65 -16.769 0 -29.045 -12.834 0 -30.985
3 15 -11.45 0 -27.15 -12.834 0 -30.985 -8.523 0 -32.426
3 0 -5.5 0 -16.75 -4.75 0 -17.6 -4.35 0 -17.35
3 0 -5.5 0 -16.75 -4.35 0 -17.35 -3.75 0 -17.25
4 0 0 0 -16.75 -5.5 0 -16.75 -3.75 0 -17.25 0 0 -17.25
4 0 -4.75 0 -17.6 -5.5 0 -16.75 -9.85 0 -24.35 -9.1 0 -25.25
4 0 -10.15 0 -25.225 -10.2 0 -25.775 -9.2 0 -25.775 -9.1 0 -25.25
4 0 -10.05 0 -24.75 -10.15 0 -25.225 -9.1 0 -25.25 -9.85 0 -24.35
4 0 -9.2 0 -25.775 -10.2 0 -25.775 -10.15 0 -26.325 -9.1 0 -26.3
4 0 -10.05 0 -26.8 -9.85 0 -27.2 -9.1 0 -26.3 -10.15 0 -26.325
4 0 -4.6 0 -34.35 -9.1 0 -26.3 -9.85 0 -27.2 -5.657 0 -34.525
4 0 -4.6 0 -34.35 -5.657 0 -34.525 -4.57 0 -34.74 -4.35 0 -34.5
4 0 -4.35 0 -34.5 -4.57 0 -34.74 0 0 -35.04 0 0 -34.5
4 0 -6.84 0 -26 -6.807 0 -25.33 -7.434 0 -25.268 -7.47 0 -26
4 0 -6.807 0 -26.67 -6.84 0 -26 -7.47 0 -26 -7.434 0 -26.732
4 0 -6.708 0 -27.334 -6.807 0 -26.67 -7.434 0 -26.732 -7.326 0 -27.457
4 0 -6.545 0 -27.986 -6.708 0 -27.334 -7.326 0 -27.457 -7.148 0 -28.168
4 0 -6.319 0 -28.617 -6.545 0 -27.986 -7.148 0 -28.168 -6.901 0 -28.859
4 0 -6.032 0 -29.224 -6.319 0 -28.617 -6.901 0 -28.859 -6.588 0 -29.521
4 0 -5.687 0 -29.8 -6.032 0 -29.224 -6.588 0 -29.521 -6.211 0 -30.15
4 0 -5.287 0 -30.339 -5.687 0 -29.8 -6.211 0 -30.15 -5.774 0 -30.739
4 0 -4.837 0 -30.837 -5.287 0 -30.339 -5.774 0 -30.739 -5.282 0 -31.282
4 0 -4.339 0 -31.287 -4.837 0 -30.837 -5.282 0 -31.282 -4.739 0 -31.774
4 0 -3.8 0 -31.687 -4.339 0 -31.287 -4.739 0 -31.774 -4.15 0 -32.211
4 0 -3.224 0 -32.032 -3.8 0 -31.687 -4.15 0 -32.211 -3.521 0 -32.588
4 0 -2.617 0 -32.319 -3.224 0 -32.032 -3.521 0 -32.588 -2.859 0 -32.901
4 0 -1.986 0 -32.545 -2.617 0 -32.319 -2.859 0 -32.901 -2.168 0 -33.148
4 0 -1.334 0 -32.708 -1.986 0 -32.545 -2.168 0 -33.148 -1.457 0 -33.326
4 0 -.67 0 -32.807 -1.334 0 -32.708 -1.457 0 -33.326 -.732 0 -33.434
4 0 0 0 -32.84 -.67 0 -32.807 -.732 0 -33.434 0 0 -33.47
4 0 -.67 0 -19.193 0 0 -19.16 0 0 -18.53 -.732 0 -18.566
4 0 -1.334 0 -19.292 -.67 0 -19.193 -.732 0 -18.566 -1.457 0 -18.674
4 0 -1.986 0 -19.455 -1.334 0 -19.292 -1.457 0 -18.674 -2.168 0 -18.852
4 0 -2.617 0 -19.681 -1.986 0 -19.455 -2.168 0 -18.852 -2.859 0 -19.099
4 0 -3.224 0 -19.968 -2.617 0 -19.681 -2.859 0 -19.099 -3.521 0 -19.412
4 0 -3.8 0 -20.313 -3.224 0 -19.968 -3.521 0 -19.412 -4.15 0 -19.789
4 0 -4.339 0 -20.713 -3.8 0 -20.313 -4.15 0 -19.789 -4.739 0 -20.226
4 0 -4.837 0 -21.164 -4.339 0 -20.713 -4.739 0 -20.226 -5.282 0 -20.718
4 0 -5.287 0 -21.661 -4.837 0 -21.164 -5.282 0 -20.718 -5.774 0 -21.261
4 0 -5.687 0 -22.2 -5.287 0 -21.661 -5.774 0 -21.261 -6.211 0 -21.85
4 0 -6.032 0 -22.776 -5.687 0 -22.2 -6.211 0 -21.85 -6.588 0 -22.479
4 0 -6.319 0 -23.383 -6.032 0 -22.776 -6.588 0 -22.479 -6.901 0 -23.141
4 0 -6.545 0 -24.015 -6.319 0 -23.383 -6.901 0 -23.141 -7.148 0 -23.832
4 0 -6.708 0 -24.666 -6.545 0 -24.015 -7.148 0 -23.832 -7.326 0 -24.543
4 0 -6.807 0 -25.33 -6.708 0 -24.666 -7.326 0 -24.543 -7.434 0 -25.268
4 0 -5.532 0 -26 -5.505 0 -25.458 -5.833 0 -25.426 -5.861 0 -26
4 0 -5.505 0 -26.542 -5.532 0 -26 -5.861 0 -26 -5.833 0 -26.574
4 0 -5.425 0 -27.079 -5.505 0 -26.542 -5.833 0 -26.574 -5.748 0 -27.143
4 0 -5.294 0 -27.606 -5.425 0 -27.079 -5.748 0 -27.143 -5.609 0 -27.701
4 0 -5.111 0 -28.117 -5.294 0 -27.606 -5.609 0 -27.701 -5.415 0 -28.243
4 0 -4.879 0 -28.608 -5.111 0 -28.117 -5.415 0 -28.243 -5.169 0 -28.763
4 0 -4.599 0 -29.073 -4.879 0 -28.608 -5.169 0 -28.763 -4.873 0 -29.256
4 0 -4.276 0 -29.509 -4.599 0 -29.073 -4.873 0 -29.256 -4.531 0 -29.718
4 0 -3.912 0 -29.912 -4.276 0 -29.509 -4.531 0 -29.718 -4.144 0 -30.144
4 0 -3.509 0 -30.276 -3.912 0 -29.912 -4.144 0 -30.144 -3.718 0 -30.531
4 0 -3.073 0 -30.599 -3.509 0 -30.276 -3.718 0 -30.531 -3.256 0 -30.873
4 0 -2.608 0 -30.879 -3.073 0 -30.599 -3.256 0 -30.873 -2.763 0 -31.169
4 0 -2.117 0 -31.111 -2.608 0 -30.879 -2.763 0 -31.169 -2.243 0 -31.415
4 0 -1.606 0 -31.294 -2.117 0 -31.111 -2.243 0 -31.415 -1.701 0 -31.609
4 0 -1.079 0 -31.425 -1.606 0 -31.294 -1.701 0 -31.609 -1.143 0 -31.748
4 0 -.542 0 -31.505 -1.079 0 -31.425 -1.143 0 -31.748 -.574 0 -31.833
4 0 0 0 -31.532 -.542 0 -31.505 -.574 0 -31.833 0 0 -31.861
4 0 -.542 0 -20.495 0 0 -20.468 0 0 -20.139 -.574 0 -20.167
4 0 -1.079 0 -20.575 -.542 0 -20.495 -.574 0 -20.167 -1.143 0 -20.252
4 0 -1.606 0 -20.707 -1.079 0 -20.575 -1.143 0 -20.252 -1.701 0 -20.391
4 0 -2.117 0 -20.889 -1.606 0 -20.707 -1.701 0 -20.391 -2.243 0 -20.585
4 0 -2.608 0 -21.121 -2.117 0 -20.889 -2.243 0 -20.585 -2.763 0 -20.831
4 0 -3.073 0 -21.401 -2.608 0 -21.121 -2.763 0 -20.831 -3.256 0 -21.127
4 0 -3.509 0 -21.724 -3.073 0 -21.401 -3.256 0 -21.127 -3.718 0 -21.469
4 0 -3.912 0 -22.089 -3.509 0 -21.724 -3.718 0 -21.469 -4.144 0 -21.856
4 0 -4.276 0 -22.491 -3.912 0 -22.089 -4.144 0 -21.856 -4.531 0 -22.282
4 0 -4.599 0 -22.927 -4.276 0 -22.491 -4.531 0 -22.282 -4.873 0 -22.744
4 0 -4.879 0 -23.392 -4.599 0 -22.927 -4.873 0 -22.744 -5.169 0 -23.237
4 0 -5.111 0 -23.883 -4.879 0 -23.392 -5.169 0 -23.237 -5.415 0 -23.757
4 0 -5.294 0 -24.394 -5.111 0 -23.883 -5.415 0 -23.757 -5.609 0 -24.299
4 0 -5.425 0 -24.921 -5.294 0 -24.394 -5.609 0 -24.299 -5.748 0 -24.857
4 0 -5.505 0 -25.458 -5.425 0 -24.921 -5.748 0 -24.857 -5.833 0 -25.426
4 82 -6.807 0 -25.33 -6.84 0 -26 -5.861 0 -26 -5.833 0 -25.426
4 82 -6.708 0 -24.666 -6.807 0 -25.33 -5.833 0 -25.426 -5.748 0 -24.857
4 82 -6.545 0 -24.015 -6.708 0 -24.666 -5.748 0 -24.857 -5.609 0 -24.299
4 82 -6.319 0 -23.383 -6.545 0 -24.015 -5.609 0 -24.299 -5.415 0 -23.757
4 82 -6.032 0 -22.776 -6.319 0 -23.383 -5.415 0 -23.757 -5.169 0 -23.237
4 82 -5.687 0 -22.2 -6.032 0 -22.776 -5.169 0 -23.237 -4.873 0 -22.744
4 82 -5.287 0 -21.661 -5.687 0 -22.2 -4.873 0 -22.744 -4.531 0 -22.282
4 82 -4.837 0 -21.164 -5.287 0 -21.661 -4.531 0 -22.282 -4.144 0 -21.856
4 82 -4.339 0 -20.713 -4.837 0 -21.164 -4.144 0 -21.856 -3.718 0 -21.469
4 82 -3.8 0 -20.313 -4.339 0 -20.713 -3.718 0 -21.469 -3.256 0 -21.127
4 82 -3.224 0 -19.968 -3.8 0 -20.313 -3.256 0 -21.127 -2.763 0 -20.831
4 82 -2.617 0 -19.681 -3.224 0 -19.968 -2.763 0 -20.831 -2.243 0 -20.585
4 82 -1.986 0 -19.455 -2.617 0 -19.681 -2.243 0 -20.585 -1.701 0 -20.391
4 82 -1.334 0 -19.292 -1.986 0 -19.455 -1.701 0 -20.391 -1.143 0 -20.252
4 82 -.67 0 -19.193 -1.334 0 -19.292 -1.143 0 -20.252 -.574 0 -20.167
4 82 0 0 -19.16 -.67 0 -19.193 -.574 0 -20.167 0 0 -20.139
4 82 -5.861 0 -26 -6.84 0 -26 -6.807 0 -26.67 -5.833 0 -26.574
4 82 -5.833 0 -26.574 -6.807 0 -26.67 -6.708 0 -27.334 -5.748 0 -27.143
4 82 -5.748 0 -27.143 -6.708 0 -27.334 -6.545 0 -27.986 -5.609 0 -27.701
4 82 -5.609 0 -27.701 -6.545 0 -27.986 -6.319 0 -28.617 -5.415 0 -28.243
4 82 -5.415 0 -28.243 -6.319 0 -28.617 -6.032 0 -29.224 -5.169 0 -28.763
4 82 -5.169 0 -28.763 -6.032 0 -29.224 -5.687 0 -29.8 -4.873 0 -29.256
4 82 -4.873 0 -29.256 -5.687 0 -29.8 -5.287 0 -30.339 -4.531 0 -29.718
4 82 -4.531 0 -29.718 -5.287 0 -30.339 -4.837 0 -30.837 -4.144 0 -30.144
4 82 -4.144 0 -30.144 -4.837 0 -30.837 -4.339 0 -31.287 -3.718 0 -30.531
4 82 -3.718 0 -30.531 -4.339 0 -31.287 -3.8 0 -31.687 -3.256 0 -30.873
4 82 -3.256 0 -30.873 -3.8 0 -31.687 -3.224 0 -32.032 -2.763 0 -31.169
4 82 -2.763 0 -31.169 -3.224 0 -32.032 -2.617 0 -32.319 -2.243 0 -31.415
4 82 -2.243 0 -31.415 -2.617 0 -32.319 -1.986 0 -32.545 -1.701 0 -31.609
4 82 -1.701 0 -31.609 -1.986 0 -32.545 -1.334 0 -32.708 -1.143 0 -31.748
4 82 -1.143 0 -31.748 -1.334 0 -32.708 -.67 0 -32.807 -.574 0 -31.833
4 82 -.574 0 -31.833 -.67 0 -32.807 0 0 -32.84 0 0 -31.861
4 72 -3.75 0 -17.25 -4.35 0 -17.35 -3.521 0 -19.412 -2.859 0 -19.099
3 72 -3.75 0 -17.25 -2.859 0 -19.099 -2.168 0 -18.852
4 72 -3.75 0 -17.25 -2.168 0 -18.852 -1.457 0 -18.674 0 0 -17.25
3 72 0 0 -17.25 -1.457 0 -18.674 -.732 0 -18.566
3 72 0 0 -17.25 -.732 0 -18.566 0 0 -18.53
4 72 -4.35 0 -17.35 -4.75 0 -17.6 -4.15 0 -19.789 -3.521 0 -19.412
3 72 -4.75 0 -17.6 -4.739 0 -20.226 -4.15 0 -19.789
3 72 -4.75 0 -17.6 -5.282 0 -20.718 -4.739 0 -20.226
4 72 -9.1 0 -25.25 -9.2 0 -25.775 -7.47 0 -26 -7.434 0 -25.268
3 72 -7.326 0 -24.543 -9.1 0 -25.25 -7.434 0 -25.268
3 72 -7.148 0 -23.832 -9.1 0 -25.25 -7.326 0 -24.543
3 72 -6.901 0 -23.141 -9.1 0 -25.25 -7.148 0 -23.832
3 72 -4.75 0 -17.6 -5.774 0 -21.261 -5.282 0 -20.718
4 72 -6.211 0 -21.85 -5.774 0 -21.261 -4.75 0 -17.6 -9.1 0 -25.25
3 72 -6.588 0 -22.479 -9.1 0 -25.25 -6.901 0 -23.141
3 72 -6.211 0 -21.85 -9.1 0 -25.25 -6.588 0 -22.479
4 72 -7.47 0 -26 -9.2 0 -25.775 -9.1 0 -26.3 -7.434 0 -26.732
3 72 -9.1 0 -26.3 -7.326 0 -27.457 -7.434 0 -26.732
3 72 -9.1 0 -26.3 -7.148 0 -28.168 -7.326 0 -27.457
3 72 -9.1 0 -26.3 -6.901 0 -28.859 -7.148 0 -28.168
4 72 -4.15 0 -32.211 -4.739 0 -31.774 -4.6 0 -34.35 -4.35 0 -34.5
3 72 -4.15 0 -32.211 -4.35 0 -34.5 -3.521 0 -32.588
3 72 -3.521 0 -32.588 -4.35 0 -34.5 -2.859 0 -32.901
3 72 -2.859 0 -32.901 -4.35 0 -34.5 -2.168 0 -33.148
3 72 -2.168 0 -33.148 -4.35 0 -34.5 -1.457 0 -33.326
4 72 -.732 0 -33.434 -1.457 0 -33.326 -4.35 0 -34.5 0 0 -34.5
3 72 -.732 0 -33.434 0 0 -34.5 0 0 -33.47
3 72 -5.282 0 -31.282 -4.6 0 -34.35 -4.739 0 -31.774
3 72 -5.774 0 -30.739 -4.6 0 -34.35 -5.282 0 -31.282
4 72 -4.6 0 -34.35 -5.774 0 -30.739 -6.211 0 -30.15 -9.1 0 -26.3
3 72 -9.1 0 -26.3 -6.588 0 -29.521 -6.901 0 -28.859
3 72 -9.1 0 -26.3 -6.211 0 -30.15 -6.588 0 -29.521
4 0 -.4 0 -22.35 -.37 0 -22.197 -.539 0 -22.127 -.583 0 -22.35
4 0 -.37 0 -22.503 -.4 0 -22.35 -.583 0 -22.35 -.539 0 -22.573
4 0 -.283 0 -22.633 -.37 0 -22.503 -.539 0 -22.573 -.412 0 -22.762
4 0 -.153 0 -22.72 -.283 0 -22.633 -.412 0 -22.762 -.223 0 -22.889
4 0 0 0 -22.75 -.153 0 -22.72 -.223 0 -22.889 0 0 -22.933
4 0 -.153 0 -21.98 0 0 -21.95 0 0 -21.767 -.223 0 -21.811
4 0 -.283 0 -22.067 -.153 0 -21.98 -.223 0 -21.811 -.412 0 -21.938
4 0 -.37 0 -22.197 -.283 0 -22.067 -.412 0 -21.938 -.539 0 -22.127
4 0 -1.36 0 -22.3 -1.163 0 -22.3 -1.074 0 -21.944 -1.256 0 -21.857
4 0 -.962 0 -21.481 -1.256 0 -21.857 -1.074 0 -21.944 -.822 0 -21.642
4 0 -.52 0 -21.23 -.962 0 -21.481 -.822 0 -21.642 -.445 0 -21.44
4 0 -.52 0 -21.23 -.445 0 -21.44 0 0 -21.369 0 0 -21.142
4 82 -.445 0 -21.44 -.223 0 -21.811 0 0 -21.767 0 0 -21.369
4 82 -.822 0 -21.642 -.412 0 -21.938 -.223 0 -21.811 -.445 0 -21.44
4 82 -.539 0 -22.127 -.412 0 -21.938 -.822 0 -21.642 -1.074 0 -21.944
4 82 -.539 0 -22.127 -1.074 0 -21.944 -1.163 0 -22.3 -.583 0 -22.35
4 82 -.583 0 -22.35 -1.163 0 -22.3 -1.15 0 -22.642 -.539 0 -22.573
4 82 -.539 0 -22.573 -1.15 0 -22.642 -1.084 0 -23.068 -.412 0 -22.762
4 82 -.412 0 -22.762 -1.084 0 -23.068 -.975 0 -23.46 -.223 0 -22.889
4 82 -.223 0 -22.889 -.975 0 -23.46 -.829 0 -23.854 0 0 -22.933
4 82 0 0 -22.933 -.829 0 -23.854 -.652 0 -24.186 -.449 0 -24.445
4 82 0 0 -22.933 -.449 0 -24.445 -.229 0 -24.624 0 0 -24.668
4 0 -1.15 0 -22.642 -1.163 0 -22.3 -1.36 0 -22.3 -1.357 0 -22.725
4 0 -.539 0 -29.873 -.37 0 -29.803 -.4 0 -29.65 -.583 0 -29.65
4 0 -.583 0 -29.65 -.4 0 -29.65 -.37 0 -29.497 -.539 0 -29.427
4 0 -.539 0 -29.427 -.37 0 -29.497 -.283 0 -29.367 -.412 0 -29.238
4 0 -.412 0 -29.238 -.283 0 -29.367 -.153 0 -29.28 -.223 0 -29.111
4 0 -.223 0 -29.111 -.153 0 -29.28 0 0 -29.25 0 0 -29.067
4 0 0 0 -30.233 0 0 -30.05 -.153 0 -30.02 -.223 0 -30.189
4 0 -.223 0 -30.189 -.153 0 -30.02 -.283 0 -29.933 -.412 0 -30.062
4 0 -.412 0 -30.062 -.283 0 -29.933 -.37 0 -29.803 -.539 0 -29.873
4 0 -1.074 0 -30.056 -1.163 0 -29.7 -1.36 0 -29.7 -1.256 0 -30.143
4 0 -1.074 0 -30.056 -1.256 0 -30.143 -.962 0 -30.519 -.822 0 -30.358
4 0 -.822 0 -30.358 -.962 0 -30.519 -.52 0 -30.77 -.445 0 -30.56
4 0 0 0 -30.631 -.445 0 -30.56 -.52 0 -30.77 0 0 -30.858
4 82 0 0 -30.233 -.223 0 -30.189 -.445 0 -30.56 0 0 -30.631
4 82 -.223 0 -30.189 -.412 0 -30.062 -.822 0 -30.358 -.445 0 -30.56
4 82 -.822 0 -30.358 -.412 0 -30.062 -.539 0 -29.873 -1.074 0 -30.056
4 82 -1.163 0 -29.7 -1.074 0 -30.056 -.539 0 -29.873 -.583 0 -29.65
4 82 -1.15 0 -29.358 -1.163 0 -29.7 -.583 0 -29.65 -.539 0 -29.427
4 82 -1.084 0 -28.932 -1.15 0 -29.358 -.539 0 -29.427 -.412 0 -29.238
4 82 -.975 0 -28.54 -1.084 0 -28.932 -.412 0 -29.238 -.223 0 -29.111
4 82 -.829 0 -28.146 -.975 0 -28.54 -.223 0 -29.111 0 0 -29.067
4 82 -.652 0 -27.814 -.829 0 -28.146 0 0 -29.067 -.449 0 -27.555
4 82 -.229 0 -27.376 -.449 0 -27.555 0 0 -29.067 0 0 -27.332
4 0 -1.36 0 -29.7 -1.163 0 -29.7 -1.15 0 -29.358 -1.357 0 -29.275
4 0 -3.873 0 -25.461 -3.803 0 -25.63 -3.65 0 -25.6 -3.65 0 -25.417
4 0 -3.65 0 -25.417 -3.65 0 -25.6 -3.497 0 -25.63 -3.427 0 -25.461
4 0 -3.427 0 -25.461 -3.497 0 -25.63 -3.367 0 -25.717 -3.238 0 -25.588
4 0 -3.238 0 -25.588 -3.367 0 -25.717 -3.28 0 -25.847 -3.111 0 -25.777
4 0 -3.111 0 -25.777 -3.28 0 -25.847 -3.25 0 -26 -3.067 0 -26
4 0 -3.067 0 -26 -3.25 0 -26 -3.28 0 -26.153 -3.111 0 -26.223
4 0 -3.111 0 -26.223 -3.28 0 -26.153 -3.367 0 -26.283 -3.238 0 -26.412
4 0 -3.238 0 -26.412 -3.367 0 -26.283 -3.497 0 -26.37 -3.427 0 -26.539
4 0 -3.427 0 -26.539 -3.497 0 -26.37 -3.65 0 -26.4 -3.65 0 -26.583
4 0 -3.65 0 -26.583 -3.65 0 -26.4 -3.803 0 -26.37 -3.873 0 -26.539
4 0 -3.873 0 -26.539 -3.803 0 -26.37 -3.933 0 -26.283 -4.062 0 -26.412
4 0 -4.062 0 -26.412 -3.933 0 -26.283 -4.02 0 -26.153 -4.189 0 -26.223
4 0 -4.189 0 -26.223 -4.02 0 -26.153 -4.05 0 -26 -4.233 0 -26
4 0 -4.233 0 -26 -4.05 0 -26 -4.02 0 -25.847 -4.189 0 -25.777
4 0 -4.189 0 -25.777 -4.02 0 -25.847 -3.933 0 -25.717 -4.062 0 -25.588
4 0 -4.062 0 -25.588 -3.933 0 -25.717 -3.803 0 -25.63 -3.873 0 -25.461
4 82 -3.65 0 -26.4 -3.65 0 -25.6 -3.803 0 -25.63 -3.803 0 -26.37
4 82 -3.933 0 -26.283 -3.803 0 -26.37 -3.803 0 -25.63 -3.933 0 -25.717
4 82 -3.933 0 -26.283 -3.933 0 -25.717 -4.02 0 -25.847 -4.02 0 -26.153
3 82 -4.02 0 -25.847 -4.05 0 -26 -4.02 0 -26.153
4 82 -3.497 0 -25.63 -3.65 0 -25.6 -3.65 0 -26.4 -3.497 0 -26.37
4 82 -3.497 0 -25.63 -3.497 0 -26.37 -3.367 0 -26.283 -3.367 0 -25.717
4 82 -3.28 0 -25.847 -3.367 0 -25.717 -3.367 0 -26.283 -3.28 0 -26.153
3 82 -3.28 0 -25.847 -3.28 0 -26.153 -3.25 0 -26
4 0 -4.056 0 -24.926 -3.7 0 -24.837 -3.7 0 -24.64 -4.143 0 -24.744
4 0 -4.056 0 -24.926 -4.143 0 -24.744 -4.519 0 -25.038 -4.358 0 -25.178
4 0 -4.358 0 -25.178 -4.519 0 -25.038 -4.77 0 -25.48 -4.56 0 -25.555
4 0 -4.631 0 -26 -4.56 0 -25.555 -4.77 0 -25.48 -4.858 0 -26
4 0 -4.56 0 -26.445 -4.631 0 -26 -4.858 0 -26 -4.77 0 -26.52
4 0 -4.519 0 -26.962 -4.358 0 -26.822 -4.56 0 -26.445 -4.77 0 -26.52
4 0 -4.143 0 -27.256 -4.056 0 -27.074 -4.358 0 -26.822 -4.519 0 -26.962
4 0 -3.7 0 -27.36 -3.7 0 -27.163 -4.056 0 -27.074 -4.143 0 -27.256
4 82 -4.233 0 -26 -4.189 0 -25.777 -4.56 0 -25.555 -4.631 0 -26
4 82 -4.189 0 -25.777 -4.062 0 -25.588 -4.358 0 -25.178 -4.56 0 -25.555
4 82 -4.358 0 -25.178 -4.062 0 -25.588 -3.873 0 -25.461 -4.056 0 -24.926
4 82 -3.7 0 -24.837 -4.056 0 -24.926 -3.873 0 -25.461 -3.65 0 -25.417
4 82 -3.358 0 -24.85 -3.7 0 -24.837 -3.65 0 -25.417 -3.427 0 -25.461
4 82 -2.932 0 -24.916 -3.358 0 -24.85 -3.427 0 -25.461 -3.238 0 -25.588
4 82 -2.54 0 -25.025 -2.932 0 -24.916 -3.238 0 -25.588 -3.111 0 -25.777
4 82 -2.146 0 -25.171 -2.54 0 -25.025 -3.111 0 -25.777 -3.067 0 -26
4 82 -1.814 0 -25.348 -2.146 0 -25.171 -3.067 0 -26 -1.555 0 -25.551
4 82 -1.376 0 -25.771 -1.555 0 -25.551 -3.067 0 -26 -1.332 0 -26
4 82 -4.56 0 -26.445 -4.189 0 -26.223 -4.233 0 -26 -4.631 0 -26
4 82 -4.358 0 -26.822 -4.062 0 -26.412 -4.189 0 -26.223 -4.56 0 -26.445
4 82 -3.873 0 -26.539 -4.062 0 -26.412 -4.358 0 -26.822 -4.056 0 -27.074
4 82 -3.873 0 -26.539 -4.056 0 -27.074 -3.7 0 -27.163 -3.65 0 -26.583
4 82 -3.65 0 -26.583 -3.7 0 -27.163 -3.358 0 -27.15 -3.427 0 -26.539
4 82 -3.427 0 -26.539 -3.358 0 -27.15 -2.932 0 -27.084 -3.238 0 -26.412
4 82 -3.238 0 -26.412 -2.932 0 -27.084 -2.54 0 -26.975 -3.111 0 -26.223
4 82 -3.111 0 -26.223 -2.54 0 -26.975 -2.146 0 -26.829 -3.067 0 -26
4 82 -3.067 0 -26 -2.146 0 -26.829 -1.814 0 -26.652 -1.555 0 -26.449
4 82 -3.067 0 -26 -1.555 0 -26.449 -1.376 0 -26.229 -1.332 0 -26
4 0 -3.7 0 -24.64 -3.7 0 -24.837 -3.358 0 -24.85 -3.275 0 -24.643
4 0 -2.358 0 -22.88 -2.428 0 -23.049 -2.298 0 -23.136 -2.169 0 -23.007
4 0 -2.169 0 -23.007 -2.298 0 -23.136 -2.211 0 -23.266 -2.042 0 -23.196
4 0 -2.042 0 -23.196 -2.211 0 -23.266 -2.181 0 -23.419 -1.998 0 -23.419
4 0 -1.998 0 -23.419 -2.181 0 -23.419 -2.211 0 -23.572 -2.042 0 -23.642
4 0 -2.042 0 -23.642 -2.211 0 -23.572 -2.298 0 -23.702 -2.169 0 -23.831
4 0 -2.169 0 -23.831 -2.298 0 -23.702 -2.428 0 -23.789 -2.358 0 -23.958
4 0 -2.358 0 -23.958 -2.428 0 -23.789 -2.581 0 -23.819 -2.581 0 -24.002
4 0 -2.581 0 -24.002 -2.581 0 -23.819 -2.734 0 -23.789 -2.804 0 -23.958
4 0 -2.804 0 -23.958 -2.734 0 -23.789 -2.864 0 -23.702 -2.993 0 -23.831
4 0 -2.993 0 -23.831 -2.864 0 -23.702 -2.951 0 -23.572 -3.12 0 -23.642
4 0 -3.12 0 -23.642 -2.951 0 -23.572 -2.981 0 -23.419 -3.164 0 -23.419
4 0 -3.164 0 -23.419 -2.981 0 -23.419 -2.951 0 -23.266 -3.12 0 -23.196
4 0 -3.12 0 -23.196 -2.951 0 -23.266 -2.864 0 -23.136 -2.993 0 -23.007
4 0 -2.993 0 -23.007 -2.864 0 -23.136 -2.734 0 -23.049 -2.804 0 -22.88
4 0 -2.804 0 -22.88 -2.734 0 -23.049 -2.581 0 -23.019 -2.581 0 -22.836
4 0 -2.581 0 -22.836 -2.581 0 -23.019 -2.428 0 -23.049 -2.358 0 -22.88
4 82 -2.864 0 -23.702 -2.298 0 -23.136 -2.428 0 -23.049 -2.951 0 -23.572
4 82 -2.981 0 -23.419 -2.951 0 -23.572 -2.428 0 -23.049 -2.581 0 -23.019
4 82 -2.981 0 -23.419 -2.581 0 -23.019 -2.734 0 -23.049 -2.951 0 -23.266
3 82 -2.734 0 -23.049 -2.864 0 -23.136 -2.951 0 -23.266
4 82 -2.211 0 -23.266 -2.298 0 -23.136 -2.864 0 -23.702 -2.734 0 -23.789
4 82 -2.211 0 -23.266 -2.734 0 -23.789 -2.581 0 -23.819 -2.181 0 -23.419
4 82 -2.211 0 -23.572 -2.181 0 -23.419 -2.581 0 -23.819 -2.428 0 -23.789
3 82 -2.211 0 -23.572 -2.428 0 -23.789 -2.298 0 -23.702
4 0 -2.108 0 -22.372 -1.794 0 -22.561 -1.655 0 -22.422 -2.041 0 -22.182
4 0 -2.108 0 -22.372 -2.041 0 -22.182 -2.515 0 -22.125 -2.5 0 -22.337
4 0 -2.5 0 -22.337 -2.515 0 -22.125 -3.005 0 -22.259 -2.91 0 -22.461
4 0 -3.275 0 -22.725 -2.91 0 -22.461 -3.005 0 -22.259 -3.435 0 -22.565
4 0 -3.539 0 -23.09 -3.275 0 -22.725 -3.435 0 -22.565 -3.741 0 -22.995
4 0 -3.875 0 -23.485 -3.663 0 -23.5 -3.539 0 -23.09 -3.741 0 -22.995
4 0 -3.818 0 -23.959 -3.628 0 -23.892 -3.663 0 -23.5 -3.875 0 -23.485
4 0 -3.578 0 -24.345 -3.439 0 -24.206 -3.628 0 -23.892 -3.818 0 -23.959
4 82 -2.993 0 -23.007 -2.804 0 -22.88 -2.91 0 -22.461 -3.275 0 -22.725
4 82 -2.804 0 -22.88 -2.581 0 -22.836 -2.5 0 -22.337 -2.91 0 -22.461
4 82 -2.5 0 -22.337 -2.581 0 -22.836 -2.358 0 -22.88 -2.108 0 -22.372
4 82 -1.794 0 -22.561 -2.108 0 -22.372 -2.358 0 -22.88 -2.169 0 -23.007
4 82 -1.561 0 -22.812 -1.794 0 -22.561 -2.169 0 -23.007 -2.042 0 -23.196
4 82 -1.307 0 -23.16 -1.561 0 -22.812 -2.042 0 -23.196 -1.998 0 -23.419
4 82 -1.106 0 -23.514 -1.307 0 -23.16 -1.998 0 -23.419 -2.042 0 -23.642
4 82 -.931 0 -23.896 -1.106 0 -23.514 -2.042 0 -23.642 -2.169 0 -23.831
4 82 -.822 0 -24.256 -.931 0 -23.896 -2.169 0 -23.831 -.782 0 -24.583
4 82 -.811 0 -24.866 -.782 0 -24.583 -2.169 0 -23.831 -.942 0 -25.058
4 82 -3.539 0 -23.09 -3.12 0 -23.196 -2.993 0 -23.007 -3.275 0 -22.725
4 82 -3.663 0 -23.5 -3.164 0 -23.419 -3.12 0 -23.196 -3.539 0 -23.09
4 82 -3.12 0 -23.642 -3.164 0 -23.419 -3.663 0 -23.5 -3.628 0 -23.892
4 82 -3.12 0 -23.642 -3.628 0 -23.892 -3.439 0 -24.206 -2.993 0 -23.831
4 82 -2.993 0 -23.831 -3.439 0 -24.206 -3.188 0 -24.439 -2.804 0 -23.958
4 82 -2.804 0 -23.958 -3.188 0 -24.439 -2.84 0 -24.693 -2.581 0 -24.002
4 82 -2.581 0 -24.002 -2.84 0 -24.693 -2.486 0 -24.894 -2.358 0 -23.958
4 82 -2.358 0 -23.958 -2.486 0 -24.894 -2.104 0 -25.069 -2.169 0 -23.831
4 82 -2.169 0 -23.831 -2.104 0 -25.069 -1.744 0 -25.178 -1.417 0 -25.218
4 82 -2.169 0 -23.831 -1.417 0 -25.218 -1.134 0 -25.189 -.942 0 -25.058
4 0 -1.655 0 -22.422 -1.794 0 -22.561 -1.561 0 -22.812 -1.357 0 -22.725
4 0 -3.12 0 -28.358 -2.951 0 -28.428 -2.864 0 -28.298 -2.993 0 -28.169
4 0 -2.993 0 -28.169 -2.864 0 -28.298 -2.734 0 -28.211 -2.804 0 -28.042
4 0 -2.804 0 -28.042 -2.734 0 -28.211 -2.581 0 -28.181 -2.581 0 -27.998
4 0 -2.581 0 -27.998 -2.581 0 -28.181 -2.428 0 -28.211 -2.358 0 -28.042
4 0 -2.358 0 -28.042 -2.428 0 -28.211 -2.298 0 -28.298 -2.169 0 -28.169
4 0 -2.169 0 -28.169 -2.298 0 -28.298 -2.211 0 -28.428 -2.042 0 -28.358
4 0 -2.042 0 -28.358 -2.211 0 -28.428 -2.181 0 -28.581 -1.998 0 -28.581
4 0 -1.998 0 -28.581 -2.181 0 -28.581 -2.211 0 -28.734 -2.042 0 -28.804
4 0 -2.042 0 -28.804 -2.211 0 -28.734 -2.298 0 -28.864 -2.169 0 -28.993
4 0 -2.169 0 -28.993 -2.298 0 -28.864 -2.428 0 -28.951 -2.358 0 -29.12
4 0 -2.358 0 -29.12 -2.428 0 -28.951 -2.581 0 -28.981 -2.581 0 -29.164
4 0 -2.581 0 -29.164 -2.581 0 -28.981 -2.734 0 -28.951 -2.804 0 -29.12
4 0 -2.804 0 -29.12 -2.734 0 -28.951 -2.864 0 -28.864 -2.993 0 -28.993
4 0 -2.993 0 -28.993 -2.864 0 -28.864 -2.951 0 -28.734 -3.12 0 -28.804
4 0 -3.12 0 -28.804 -2.951 0 -28.734 -2.981 0 -28.581 -3.164 0 -28.581
4 0 -3.164 0 -28.581 -2.981 0 -28.581 -2.951 0 -28.428 -3.12 0 -28.358
4 82 -2.298 0 -28.864 -2.864 0 -28.298 -2.951 0 -28.428 -2.428 0 -28.951
4 82 -2.581 0 -28.981 -2.428 0 -28.951 -2.951 0 -28.428 -2.981 0 -28.581
4 82 -2.581 0 -28.981 -2.981 0 -28.581 -2.951 0 -28.734 -2.734 0 -28.951
3 82 -2.951 0 -28.734 -2.864 0 -28.864 -2.734 0 -28.951
4 82 -2.734 0 -28.211 -2.864 0 -28.298 -2.298 0 -28.864 -2.211 0 -28.734
4 82 -2.734 0 -28.211 -2.211 0 -28.734 -2.181 0 -28.581 -2.581 0 -28.181
4 82 -2.428 0 -28.211 -2.581 0 -28.181 -2.181 0 -28.581 -2.211 0 -28.428
3 82 -2.428 0 -28.211 -2.211 0 -28.428 -2.298 0 -28.298
4 0 -3.628 0 -28.108 -3.439 0 -27.794 -3.578 0 -27.655 -3.818 0 -28.041
4 0 -3.628 0 -28.108 -3.818 0 -28.041 -3.875 0 -28.515 -3.663 0 -28.5
4 0 -3.663 0 -28.5 -3.875 0 -28.515 -3.741 0 -29.005 -3.539 0 -28.91
4 0 -3.275 0 -29.275 -3.539 0 -28.91 -3.741 0 -29.005 -3.435 0 -29.435
4 0 -2.91 0 -29.539 -3.275 0 -29.275 -3.435 0 -29.435 -3.005 0 -29.741
4 0 -2.515 0 -29.875 -2.5 0 -29.663 -2.91 0 -29.539 -3.005 0 -29.741
4 0 -2.041 0 -29.818 -2.108 0 -29.628 -2.5 0 -29.663 -2.515 0 -29.875
4 0 -1.655 0 -29.578 -1.794 0 -29.439 -2.108 0 -29.628 -2.041 0 -29.818
4 82 -2.993 0 -28.993 -3.12 0 -28.804 -3.539 0 -28.91 -3.275 0 -29.275
4 82 -3.12 0 -28.804 -3.164 0 -28.581 -3.663 0 -28.5 -3.539 0 -28.91
4 82 -3.663 0 -28.5 -3.164 0 -28.581 -3.12 0 -28.358 -3.628 0 -28.108
4 82 -3.439 0 -27.794 -3.628 0 -28.108 -3.12 0 -28.358 -2.993 0 -28.169
4 82 -3.188 0 -27.561 -3.439 0 -27.794 -2.993 0 -28.169 -2.804 0 -28.042
4 82 -2.84 0 -27.307 -3.188 0 -27.561 -2.804 0 -28.042 -2.581 0 -27.998
4 82 -2.486 0 -27.106 -2.84 0 -27.307 -2.581 0 -27.998 -2.358 0 -28.042
4 82 -2.104 0 -26.931 -2.486 0 -27.106 -2.358 0 -28.042 -2.169 0 -28.169
4 82 -1.744 0 -26.822 -2.104 0 -26.931 -2.169 0 -28.169 -1.417 0 -26.782
4 82 -1.134 0 -26.811 -1.417 0 -26.782 -2.169 0 -28.169 -.942 0 -26.942
4 82 -2.91 0 -29.539 -2.804 0 -29.12 -2.993 0 -28.993 -3.275 0 -29.275
4 82 -2.5 0 -29.663 -2.581 0 -29.164 -2.804 0 -29.12 -2.91 0 -29.539
4 82 -2.358 0 -29.12 -2.581 0 -29.164 -2.5 0 -29.663 -2.108 0 -29.628
4 82 -2.358 0 -29.12 -2.108 0 -29.628 -1.794 0 -29.439 -2.169 0 -28.993
4 82 -2.169 0 -28.993 -1.794 0 -29.439 -1.561 0 -29.188 -2.042 0 -28.804
4 82 -2.042 0 -28.804 -1.561 0 -29.188 -1.307 0 -28.84 -1.998 0 -28.581
4 82 -1.998 0 -28.581 -1.307 0 -28.84 -1.106 0 -28.486 -2.042 0 -28.358
4 82 -2.042 0 -28.358 -1.106 0 -28.486 -.931 0 -28.104 -2.169 0 -28.169
4 82 -2.169 0 -28.169 -.931 0 -28.104 -.822 0 -27.744 -.782 0 -27.417
4 82 -2.169 0 -28.169 -.782 0 -27.417 -.811 0 -27.135 -.942 0 -26.942
4 0 -3.578 0 -27.655 -3.439 0 -27.794 -3.188 0 -27.561 -3.275 0 -27.357
4 0 -3.578 0 -24.345 -3.275 0 -24.643 -3.188 0 -24.439 -3.439 0 -24.206
4 0 -3.7 0 -27.163 -3.7 0 -27.36 -3.275 0 -27.357 -3.358 0 -27.15
4 0 -1.561 0 -29.188 -1.794 0 -29.439 -1.655 0 -29.578 -1.357 0 -29.275
4 82 -.37 0 -22.197 -.4 0 -22.35 -.37 0 -22.503 -.283 0 -22.633
4 82 -.283 0 -22.067 -.37 0 -22.197 -.283 0 -22.633 -.153 0 -21.98
4 82 -.153 0 -21.98 -.283 0 -22.633 -.153 0 -22.72 0 0 -22.75
3 82 0 0 -21.95 -.153 0 -21.98 0 0 -22.75
4 82 -.37 0 -29.497 -.4 0 -29.65 -.37 0 -29.803 -.283 0 -29.933
4 82 -.283 0 -29.367 -.37 0 -29.497 -.283 0 -29.933 -.153 0 -30.02
4 82 -.153 0 -29.28 -.283 0 -29.367 -.153 0 -30.02 0 0 -30.05
3 82 0 0 -29.25 -.153 0 -29.28 0 0 -30.05
4 82 0 0 -26 -.924 0 -25.617 -1 0 -26 -.924 0 -26.383
4 82 0 0 -26 -.924 0 -26.383 -.707 0 -26.707 -.383 0 -26.924
3 82 0 0 -26 -.383 0 -26.924 0 0 -27
4 82 0 0 -26 0 0 -25 -.383 0 -25.076 -.707 0 -25.293
3 82 -.707 0 -25.293 -.924 0 -25.617 0 0 -26
4 0 -1.357 0 -22.725 -1.561 0 -22.812 -1.307 0 -23.16 -1.15 0 -22.642
3 0 -1.15 0 -22.642 -1.307 0 -23.16 -1.084 0 -23.068
4 0 -1.307 0 -23.16 -1.106 0 -23.514 -.975 0 -23.46 -1.084 0 -23.068
4 0 -1.106 0 -23.514 -.931 0 -23.896 -.829 0 -23.854 -.975 0 -23.46
4 0 -.931 0 -23.896 -.822 0 -24.256 -.652 0 -24.186 -.829 0 -23.854
4 0 -.822 0 -24.256 -.782 0 -24.583 -.449 0 -24.445 -.652 0 -24.186
4 0 -.449 0 -24.445 -.782 0 -24.583 -.811 0 -24.866 -.229 0 -24.624
4 0 -.229 0 -24.624 -.811 0 -24.866 -.383 0 -25.076 0 0 -24.668
3 0 0 0 -24.668 -.383 0 -25.076 0 0 -25
4 0 -2.84 0 -24.693 -3.188 0 -24.439 -3.275 0 -24.643 -2.932 0 -24.916
3 0 -3.275 0 -24.643 -3.358 0 -24.85 -2.932 0 -24.916
4 0 -2.932 0 -24.916 -2.54 0 -25.025 -2.486 0 -24.894 -2.84 0 -24.693
4 0 -2.54 0 -25.025 -2.146 0 -25.171 -2.104 0 -25.069 -2.486 0 -24.894
4 0 -2.104 0 -25.069 -2.146 0 -25.171 -1.814 0 -25.348 -1.744 0 -25.178
4 0 -1.744 0 -25.178 -1.814 0 -25.348 -1.555 0 -25.551 -1.417 0 -25.218
4 0 -1.417 0 -25.218 -1.555 0 -25.551 -1.376 0 -25.771 -1.134 0 -25.189
4 0 -1.134 0 -25.189 -1.376 0 -25.771 -.924 0 -25.617 -.942 0 -25.058
4 0 -.942 0 -25.058 -.924 0 -25.617 -.707 0 -25.293 -.811 0 -24.866
3 0 -.811 0 -24.866 -.707 0 -25.293 -.383 0 -25.076
4 0 -1.376 0 -25.771 -1.332 0 -26 -1 0 -26 -.924 0 -25.617
4 0 -2.932 0 -27.084 -3.358 0 -27.15 -3.275 0 -27.357 -2.84 0 -27.307
3 0 -2.84 0 -27.307 -3.275 0 -27.357 -3.188 0 -27.561
4 0 -2.54 0 -26.975 -2.932 0 -27.084 -2.84 0 -27.307 -2.486 0 -27.106
4 0 -2.146 0 -26.829 -2.54 0 -26.975 -2.486 0 -27.106 -2.104 0 -26.931
4 0 -2.146 0 -26.829 -2.104 0 -26.931 -1.744 0 -26.822 -1.814 0 -26.652
4 0 -1.814 0 -26.652 -1.744 0 -26.822 -1.417 0 -26.782 -1.555 0 -26.449
4 0 -1.555 0 -26.449 -1.417 0 -26.782 -1.134 0 -26.811 -1.376 0 -26.229
4 0 -1.376 0 -26.229 -1.134 0 -26.811 -.924 0 -26.383 -1.332 0 -26
3 0 -1 0 -26 -1.332 0 -26 -.924 0 -26.383
4 0 -.924 0 -26.383 -1.134 0 -26.811 -.942 0 -26.942 -.707 0 -26.707
4 0 -1.307 0 -28.84 -1.561 0 -29.188 -1.357 0 -29.275 -1.084 0 -28.932
3 0 -1.084 0 -28.932 -1.357 0 -29.275 -1.15 0 -29.358
4 0 -1.106 0 -28.486 -1.307 0 -28.84 -1.084 0 -28.932 -.975 0 -28.54
4 0 -.931 0 -28.104 -1.106 0 -28.486 -.975 0 -28.54 -.829 0 -28.146
4 0 -.822 0 -27.744 -.931 0 -28.104 -.829 0 -28.146 -.652 0 -27.814
4 0 -.782 0 -27.417 -.822 0 -27.744 -.652 0 -27.814 -.449 0 -27.555
4 0 -.782 0 -27.417 -.449 0 -27.555 -.229 0 -27.376 -.811 0 -27.135
4 0 -.383 0 -26.924 -.811 0 -27.135 -.229 0 -27.376 0 0 -27.332
3 0 -.383 0 -26.924 0 0 -27.332 0 0 -27
4 0 -.707 0 -26.707 -.942 0 -26.942 -.811 0 -27.135 -.383 0 -26.924
4 82 0 0 -21.142 0 0 -20.468 -.542 0 -20.495 -.52 0 -21.23
4 82 -.52 0 -21.23 -.542 0 -20.495 -1.079 0 -20.575 -.962 0 -21.481
4 82 -.962 0 -21.481 -1.079 0 -20.575 -1.606 0 -20.707 -1.256 0 -21.857
4 82 -1.256 0 -21.857 -1.606 0 -20.707 -2.117 0 -20.889 -2.041 0 -22.182
4 82 -1.256 0 -21.857 -2.041 0 -22.182 -1.655 0 -22.422 -1.36 0 -22.3
3 82 -1.36 0 -22.3 -1.655 0 -22.422 -1.357 0 -22.725
4 82 -2.608 0 -21.121 -2.515 0 -22.125 -2.041 0 -22.182 -2.117 0 -20.889
4 82 -2.515 0 -22.125 -2.608 0 -21.121 -3.073 0 -21.401 -3.005 0 -22.259
4 82 -3.005 0 -22.259 -3.073 0 -21.401 -3.509 0 -21.724 -3.912 0 -22.089
4 82 -3.435 0 -22.565 -3.005 0 -22.259 -3.912 0 -22.089 -4.276 0 -22.491
4 82 -3.741 0 -22.995 -3.435 0 -22.565 -4.276 0 -22.491 -4.599 0 -22.927
4 82 -3.875 0 -23.485 -3.741 0 -22.995 -4.599 0 -22.927 -4.879 0 -23.392
4 82 -3.875 0 -23.485 -4.879 0 -23.392 -5.111 0 -23.883 -3.818 0 -23.959
4 82 -3.818 0 -23.959 -5.111 0 -23.883 -4.143 0 -24.744 -3.7 0 -24.64
3 82 -3.818 0 -23.959 -3.7 0 -24.64 -3.578 0 -24.345
3 82 -3.578 0 -24.345 -3.7 0 -24.64 -3.275 0 -24.643
4 82 -5.294 0 -24.394 -5.425 0 -24.921 -4.519 0 -25.038 -4.143 0 -24.744
3 82 -5.111 0 -23.883 -5.294 0 -24.394 -4.143 0 -24.744
4 82 -5.425 0 -24.921 -5.505 0 -25.458 -4.77 0 -25.48 -4.519 0 -25.038
4 82 -5.505 0 -25.458 -5.532 0 -26 -4.858 0 -26 -4.77 0 -25.48
4 82 -4.858 0 -26 -5.532 0 -26 -5.505 0 -26.542 -4.77 0 -26.52
4 82 -4.77 0 -26.52 -5.505 0 -26.542 -5.425 0 -27.079 -4.519 0 -26.962
4 82 -4.519 0 -26.962 -5.425 0 -27.079 -5.294 0 -27.606 -5.111 0 -28.117
4 82 -4.143 0 -27.256 -4.519 0 -26.962 -5.111 0 -28.117 -3.818 0 -28.041
4 82 -4.143 0 -27.256 -3.818 0 -28.041 -3.578 0 -27.655 -3.7 0 -27.36
3 82 -3.275 0 -27.357 -3.7 0 -27.36 -3.578 0 -27.655
4 82 -3.875 0 -28.515 -3.818 0 -28.041 -5.111 0 -28.117 -4.879 0 -28.608
4 82 -3.875 0 -28.515 -4.879 0 -28.608 -4.599 0 -29.073 -3.741 0 -29.005
4 82 -3.741 0 -29.005 -4.599 0 -29.073 -4.276 0 -29.509 -3.912 0 -29.912
4 82 -3.435 0 -29.435 -3.741 0 -29.005 -3.912 0 -29.912 -3.509 0 -30.276
4 82 -3.005 0 -29.741 -3.435 0 -29.435 -3.509 0 -30.276 -3.073 0 -30.599
4 82 -2.515 0 -29.875 -3.005 0 -29.741 -3.073 0 -30.599 -2.608 0 -30.879
4 82 -2.515 0 -29.875 -2.608 0 -30.879 -2.117 0 -31.111 -2.041 0 -29.818
4 82 -1.256 0 -30.143 -2.041 0 -29.818 -2.117 0 -31.111 -1.606 0 -31.294
4 82 -1.256 0 -30.143 -1.606 0 -31.294 -1.079 0 -31.425 -.962 0 -30.519
4 82 -.962 0 -30.519 -1.079 0 -31.425 -.542 0 -31.505 -.52 0 -30.77
4 82 -.52 0 -30.77 -.542 0 -31.505 0 0 -31.532 0 0 -30.858
4 82 -1.655 0 -29.578 -2.041 0 -29.818 -1.256 0 -30.143 -1.36 0 -29.7
3 82 -1.357 0 -29.275 -1.655 0 -29.578 -1.36 0 -29.7
