0 ~Minifig Bow Blocky Side Half
0 Name: s\18792s01.dat
0 Author: Philippe Hurbain [Philo]
0 !LDRAW_ORG Unofficial_Subpart
0 !LICENSE Licensed under CC BY 4.0 : see CAreadme.txt

0 BFC CERTIFY CCW

1 16 2.4 -9 -9 0 -4.8 0 51.4 0 0 0 0 51.4 48\1-8cylo.dat
0 BFC INVERTNEXT
1 16 2.4 -9 -9 0 -4.8 0 46.26 0 0 0 0 46.26 48\1-8cylo.dat
1 16 0 40.2 -3.75 2.8 0 0 0 0 2 0 6.05 0 box2-7.dat
1 16 0 40.1 -3.85 2.8 0 0 0 0 -2.1 0 -5.95 0 box2-7.dat
1 16 0 36.2 8.3 2.8 0 0 0 0 2 0 6 0 box2-5.dat
1 16 0 36 8.1 2.8 0 0 0 0 -2 0 -6 0 box2-5.dat
1 16 0 32.2 18.3 2.8 0 0 0 0 2 0 4 0 box2-7.dat
1 16 0 32 18.1 2.8 0 0 0 0 -2 0 -4 0 box2-7.dat
2 24 2.4 30 15.7203 -2.4 30 15.7203
2 24 2.4 31.076 14.1 -2.4 31.076 14.1
2 24 2.4 36.6971 14.3 -2.4 36.6971 14.3
2 24 -2.4 34.2 18.6668 2.4 34.2 18.6668
2 24 -2.4 34 7.9356 2.4 34 7.9356
2 24 2.4 38.2 11.2552 -2.4 38.2 11.2552
2 24 2.4 35.8559 2.1 -2.4 35.8559 2.1
2 24 -2.4 41.0452 2.3 2.4 41.0452 2.3
2 24 -2.4 42.2 -5.9651 2.4 42.2 -5.9651
1 16 0 34.2 -15.9 2 0 0 0 4 0 0 0 -1.9 box4-3p.dat
1 16 0 30 -7.7 2 0 0 0 -3.8 0 0 0 1.9 box4-3p.dat
4 16 2.4 42.4 -9.8 -2.4 42.4 -9.8 -2.4 42.4 -9 2.4 42.4 -9
2 24 -2.4 42.4 -9.8 2.4 42.4 -9.8
4 16 -2 46.1 -9.8 -2 42.4 -9.8 2 42.4 -9.8 2 46.1 -9.8
4 16 2.4 42.2 -9.8 -2.4 42.2 -9.8 -2.4 42.4 -9.8 2.4 42.4 -9.8
1 16 0 42.3 -11.9 2 0 0 0 3.8 0 0 0 -2.1 box2-9p.dat
1 16 0 26.1 -16.4 2 0 0 0 -3.9 0 0 0 -1.4 box2-7.dat
4 16 2 22.2 -9.6 -2 22.2 -9.6 -2 14.3829 -9.6 2 14.3829 -9.6
4 16 2 11.163 -15 -2 11.163 -15 -2 22.2 -15 2 22.2 -15
2 24 -2 11.163 -15 2 11.163 -15
2 24 2 22.2 -15 -2 22.2 -15
2 24 -2.4 37.26 -9.6 2.4 37.26 -9.6
4 16 -2.4 37.26 -9 -2.4 37.26 -9.6 2.4 37.26 -9.6 2.4 37.26 -9
4 16 2 34.2 -17.8 2 30 -17.8 -2 30 -17.8 -2 34.2 -17.8
4 16 2.4 22.2 -9.6 2.4 30 -9.6 -2.4 30 -9.6 -2.4 22.2 -9.6
4 16 2.4 34.2 -14 -2.4 34.2 -14 -2.41 38.5 -14 2.4 38.5 -14
2 24 2 37.0491 -5.8 -2 37.0491 -5.8
4 16 2 37.0491 -5.8 -2 37.0491 -5.8 -2 34.2 -5.8 2 34.2 -5.8
2 24 -2 26.2 -9.6 2 26.2 -9.6
4 16 -2 34.2 -5.8 -2 30 -5.8 2 30 -5.8 2 34.2 -5.8
1 16 0 28.25 24.3 2.8 0 0 0 0 1.95 0 2 0 box2-7.dat
2 24 2.8 30.2 22.3 -2.8 30.2 22.3
2 24 -2.4 28.2623 26.3 2.4 28.2623 26.3
2 24 -2.4 30.2 24.0929 2.4 30.2 24.0929
2 24 -2.4 31.774 22.3 2.4 31.774 22.3
2 24 -2.8 30 22.1 2.8 30 22.1
4 16 -2.8 30 22.1 2.8 30 22.1 2.8 22.1 22.1 -2.8 22.1 22.1
2 24 2.8 30 22.1 2.8 22.1 22.1
2 24 -2.8 30 22.1 -2.8 22.1 22.1
2 24 2.4 25.1243 22.1 -2.4 25.1243 22.1