0 ~Minifig Hair Short Layered Mop Top with Streaks Pattern - Streak Large
0 Name: s\2003p01s03.dat
0 Author: Lisa Winter [LisaWinter]
0 !LDRAW_ORG Unofficial_Subpart
0 !LICENSE Licensed under CC BY 4.0 : see CAreadme.txt

0 BFC CERTIFY CCW

3 16 -12.065 -2.654 -13.271 -11.1 -2.169 -13.031 -10.037 -3.343 -12.526
3 16 -12.065 -2.654 -13.271 -12.508 -3.892 -12.021 -12.814 -2.676 -12.656
4 16 -5.841 -7.922 -9.661 -7.134 -8.59 -9.513 -9.051 -6.887 -11.096 -6.36 -7.312 -10.189
4 16 -9.051 -6.887 -11.096 -7.134 -8.59 -9.513 -8.297 -8.923 -8.754 -9.032 -8.446 -9.139
4 16 -7.886 -5.822 -11.18 -9.051 -6.887 -11.096 -10.723 -4.892 -12.337 -8.33 -5.382 -11.474
3 16 -12.167 -1.097 -13.582 -11.1 -2.169 -13.031 -12.065 -2.654 -13.271
3 16 -12.065 -2.654 -13.271 -12.814 -2.676 -12.656 -12.87 -1.711 -13.361
4 16 -6.36 -7.312 -10.189 -9.051 -6.887 -11.096 -7.886 -5.822 -11.18 -7.156 -6.484 -10.725
4 16 -6.111 -9.433 -8.561 -7.134 -8.59 -9.513 -5.558 -8.927 -8.977 -5.642 -9.276 -8.651
3 16 -10.723 -4.892 -12.337 -11.019 -6.311 -10.813 -11.928 -5.064 -11.455
4 16 -12.167 -1.097 -13.582 -12.065 -2.654 -13.271 -12.799 -1.123 -13.493 -12.476 -.936 -13.575
3 16 -12.065 -2.654 -13.271 -12.87 -1.711 -13.361 -12.799 -1.123 -13.493
4 16 -9.427 -4.04 -12.18 -10.723 -4.892 -12.337 -12.065 -2.654 -13.271 -10.037 -3.343 -12.526
4 16 -8.297 -8.923 -8.754 -7.134 -8.59 -9.513 -6.111 -9.433 -8.561 -7.273 -9.328 -8.427
4 16 -10.723 -4.892 -12.337 -9.051 -6.887 -11.096 -10.315 -7.194 -10.248 -11.019 -6.311 -10.813
3 16 -9.427 -4.04 -12.18 -8.33 -5.382 -11.474 -10.723 -4.892 -12.337
3 16 -10.315 -7.194 -10.248 -9.051 -6.887 -11.096 -9.032 -8.446 -9.139
3 16 -5.592 -8.412 -9.304 -5.558 -8.927 -8.977 -7.134 -8.59 -9.513
3 16 -7.134 -8.59 -9.513 -5.841 -7.922 -9.661 -5.592 -8.412 -9.304
4 16 -11.928 -5.064 -11.455 -12.508 -3.892 -12.021 -12.065 -2.654 -13.271 -10.723 -4.892 -12.337