0 ~Minifig Book Cover without Main Faces
0 Name: s\24093s01.dat
0 Author: Gerald Lasser [GeraldLasser]
0 !LDRAW_ORG Subpart UPDATE 2026-08
0 !LICENSE Licensed under CC BY 4.0 : see CAreadme.txt

0 BFC CERTIFY CCW

0 !HISTORY 2019-06-28 [PTadmin] Official Update 2019-01
0 !HISTORY 2026-07-12 [MMR1988] Used for Version without Notches
0 !HISTORY 2026-08-31 [OrionP] Official Update 2026-08

1 16 0 0 0 1 0 0 0 1 0 0 0 1 s\24093s02.dat

0 // Bar
1 16 0 -15 0 -2.8284 0 -2.8284 0 10.5 0 2.8284 0 -2.8284 3-4cyli.dat
1 16 0 15 0 -2.8284 0 -2.8284 0 -10.5 0 2.8284 0 -2.8284 3-4cyli.dat
1 16 0 15 0 -2.8284 0 -2.8284 0 -1 0 2.8284 0 -2.8284 3-4disc.dat
1 16 0 -15 0 -2.8284 0 -2.8284 0 1 0 2.8284 0 -2.8284 3-4disc.dat
1 16 0 15 0 -2.8284 0 -2.8284 0 -1 0 2.8284 0 -2.8284 3-4edge.dat
1 16 0 -15 0 -2.8284 0 -2.8284 0 1 0 2.8284 0 -2.8284 3-4edge.dat
1 16 0 4.5 0 -2.8284 0 2.8284 0 -9 0 -2.8284 0 -2.8284 1-4cyli.dat

3 16 -2.8284 -15 2.8284 -2 -15 3.382 -2.8284 -4.5 2.8284
3 16 -2 15 3.382 -2.8284 15 2.8284 -2.8284 4.5 2.8284
4 16 -2 15 3.382 -2.8284 4.5 2.8284 -2.8284 -4.5 2.8284 -2 -15 3.382
3 16 2.828 15 2.828 2 15 3.382 2.8284 4.5 2.8284
3 16 2 -15 3.382 2.828 -15 2.828 2.8284 -4.5 2.8284
4 16 2 -15 3.382 2.8284 -4.5 2.8284 2.8284 4.5 2.8284 2 15 3.382

0 // Cutout
4 16 -3.6956 4.1956 -1.5307 -3.6956 4.5 -1.5307 -2.8284 4.5 -2.8284 -3 3.5 -2.5716
4 16 -3.6956 4.5 1.5307 -3.6956 4.1956 1.5307 -3 3.5 2.5716 -2.8284 4.5 2.8284
3 16 -3.6956 4.5 -1.5307 -3.6956 4.1956 -1.5307 -4 4.5 0
3 16 -3.6956 4.1956 1.5307 -3.6956 4.5 1.5307 -4 4.5 0
4 16 -2.8284 -4.5 -2.8284 -3.6956 -4.5 -1.5307 -3.6956 -4.1956 -1.5307 -3 -3.5 -2.5716
4 16 -2.8284 -4.5 2.8284 -3 -3.5 2.5716 -3.6956 -4.1956 1.5307 -3.6956 -4.5 1.5307
3 16 -3.6956 -4.1956 1.5307 -4 -4.5 0 -3.6956 -4.5 1.5307
3 16 -3.6956 -4.5 -1.5307 -4 -4.5 0 -3.6956 -4.1956 -1.5307
4 16 -2.8284 -4.5 -2.8284 -3 -3.5 -2.5716 -3 3.5 -2.5716 -2.8284 4.5 -2.8284
4 16 -2.8284 4.5 2.8284 -3 3.5 2.5716 -3 -3.5 2.5716 -2.8284 -4.5 2.8284
2 24 -3.6956 4.1956 1.5307 -4 4.5 0
2 24 -4 -4.5 0 -3.6956 -4.1956 1.5307
2 24 -3 3.5 2.5716 -3.6956 4.1956 1.5307
2 24 -3 -3.5 2.5716 -3.6956 -4.1956 1.5307
2 24 -3.6956 4.1956 -1.5307 -3 3.5 -2.5716
2 24 -3 -3.5 -2.5716 -3.6956 -4.1956 -1.5307
2 24 -3.6956 4.1956 -1.5307 -4 4.5 0
2 24 -3.6956 -4.1956 -1.5307 -4 -4.5 0
4 16 -3 3.5 2.5716 -3.6956 4.1956 1.5307 -3.6956 4.1956 -1.5307 -3 3.5 -2.5716
4 16 -3 -3.5 -2.5716 -3.6956 -4.1956 -1.5307 -3.6956 -4.1956 1.5307 -3 -3.5 2.5716
3 16 -3.6956 -4.1956 -1.5307 -4 -4.5 0 -3.6956 -4.1956 1.5307
3 16 -4 4.5 0 -3.6956 4.1956 -1.5307 -3.6956 4.1956 1.5307
1 16 -3 0 0 0 1 0 -3.5 0 0 0 0 2.5716 rect.dat
5 24 -3.6956 4.1956 1.5307 -3.6956 4.5 1.5307 -4 4.5 0 -2.8284 4.5 2.8284
5 24 -3.6956 -4.5 1.5307 -3.6956 -4.1956 1.5307 -2.8284 -4.5 2.8284 -4 -4.5 0
5 24 -3.6956 -4.5 -1.5307 -3.6956 -4.1956 -1.5307 -2.8284 -4.5 -2.8284 -4 -4.5 0
5 24 -3.6956 4.1956 -1.5307 -3.6956 4.5 -1.5307 -2.8284 4.5 -2.8284 -4 4.5 0
5 24 -2.8284 4.5 -2.8284 -2.8284 -4.5 -2.8284 -1.5307 4.5 -3.6956 -3.6956 4.5 -1.5307
5 24 -2.8284 4.5 2.8284 -2.8284 -4.5 2.8284 -3.6956 -4.5 1.5307 -2 -15 3.382

4 16 2.8284 4.5 -2.8284 3.6956 4.5 -1.5307 3.6956 4.1956 -1.5307 3 3.5 -2.5716
4 16 3 3.5 2.5716 3.6956 4.1956 1.5307 3.6956 4.5 1.5307 2.8284 4.5 2.8284
3 16 3.6956 4.1956 -1.5307 3.6956 4.5 -1.5307 4 4.5 0
3 16 3.6956 4.5 1.5307 3.6956 4.1956 1.5307 4 4.5 0
4 16 3.6956 -4.1956 -1.5307 3.6956 -4.5 -1.5307 2.8284 -4.5 -2.8284 3 -3.5 -2.5716
4 16 3.6956 -4.1956 1.5307 3 -3.5 2.5716 2.8284 -4.5 2.8284 3.6956 -4.5 1.5307
3 16 4 -4.5 0 3.6956 -4.1956 1.5307 3.6956 -4.5 1.5307
3 16 4 -4.5 0 3.6956 -4.5 -1.5307 3.6956 -4.1956 -1.5307
4 16 3 3.5 -2.5716 3 -3.5 -2.5716 2.8284 -4.5 -2.8284 2.8284 4.5 -2.8284
4 16 3 -3.5 2.5716 3 3.5 2.5716 2.8284 4.5 2.8284 2.8284 -4.5 2.8284
4 16 3.6956 4.1956 -1.5307 3.6956 4.1956 1.5307 3 3.5 2.5716 3 3.5 -2.5716
4 16 3.6956 -4.1956 1.5307 3.6956 -4.1956 -1.5307 3 -3.5 -2.5716 3 -3.5 2.5716
3 16 4 -4.5 0 3.6956 -4.1956 -1.5307 3.6956 -4.1956 1.5307
3 16 3.6956 4.1956 -1.5307 4 4.5 0 3.6956 4.1956 1.5307
1 16 3 0 0 0 -1 0 0 0 3.5 -2.5716 0 0 rect.dat
2 24 4 -4.5 0 3.6956 -4.1956 -1.5307
2 24 3.6956 -4.1956 -1.5307 3 -3.5 -2.5716
2 24 3 -3.5 2.5716 3.6956 -4.1956 1.5307
2 24 3.6956 -4.1956 1.5307 4 -4.5 0
2 24 3.6956 4.1956 -1.5307 4 4.5 0
2 24 3.6956 4.1956 -1.5307 3 3.5 -2.5716
2 24 3 3.5 2.5716 3.6956 4.1956 1.5307
2 24 3.6956 4.1956 1.5307 4 4.5 0
5 24 2.8284 4.5 -2.8284 2.8284 -4.5 -2.8284 1.5307 4.5 -3.6956 3.6956 4.5 -1.5307
5 24 3.6956 4.1956 1.5307 3.6956 4.5 1.5307 4 4.5 0 2.8284 4.5 2.8284
5 24 3.6956 -4.5 1.5307 3.6956 -4.1956 1.5307 2.8284 -4.5 2.8284 4 -4.5 0
5 24 3.6956 -4.5 -1.5307 3.6956 -4.1956 -1.5307 2.8284 -4.5 -2.8284 4 -4.5 0
5 24 3.6956 4.1956 -1.5307 3.6956 4.5 -1.5307 2.8284 4.5 -2.8284 4 4.5 0
5 24 2.8284 4.5 2.8284 2.8284 -4.5 2.8284 3.6956 -4.5 1.5307 2 15 3.382