0 ~Constraction Helmet Half Patternable Surfaces
0 Name: s\24203s03.dat
0 Author: Fredrik Hareide [fhareide]
0 !LDRAW_ORG Unofficial_Subpart
0 !LICENSE Licensed under CC BY 4.0 : see CAreadme.txt

0 BFC CERTIFY CCW

0 // Main_Colour

3 16 34.21 -43.322 -7.817 33.627 -32.288 -10.02 35.138 -43.463 -4.232
3 16 35.138 -43.463 -4.232 33.627 -32.288 -10.02 35.92 -43.167 -0.46
3 16 35.92 -43.167 -0.46 33.627 -32.288 -10.02 36.812 -27.495 0.31
3 16 31.99 -43.182 -11.405 33.627 -32.288 -10.02 34.21 -43.322 -7.817
3 16 31.567 -33.998 -13.325 33.627 -32.288 -10.02 31.99 -43.182 -11.405
3 16 35.92 -43.167 -0.46 36.812 -27.495 0.31 35.932 -35.6 9.428
3 16 36.812 -27.495 0.31 37.708 -24.983 8.68 35.932 -35.6 9.428
3 16 36.812 -27.495 0.31 37.44 -16.155 -4.792 37.708 -24.983 8.68
3 16 37.708 -24.983 8.68 37.44 -16.155 -4.792 42.33 -7.215 8.805
3 16 36.782 -11.985 -9.525 42.33 -7.215 8.805 37.44 -16.155 -4.792
3 16 38.662 2.085 -12.427 42.33 -7.215 8.805 36.782 -11.985 -9.525
3 16 38.662 2.085 -12.427 36.782 -11.985 -9.525 33.695 -7.333 -19.333
3 16 38.662 2.085 -12.427 33.695 -7.333 -19.333 31.503 9.805 -30.418
3 16 31.503 9.805 -30.418 33.695 -7.333 -19.333 27.515 -2.58 -32.355
3 16 24.338 -2.7 -36.927 18.14 7.807 -46.297 26.33 10.852 -38.5
3 16 17.725 -4.823 -43.955 18.14 7.807 -46.297 24.338 -2.7 -36.927
3 16 17.725 -4.823 -43.955 5.275 0.91 -54.745 18.14 7.807 -46.297
3 16 5.012 -6.94 -52.26 5.275 0.91 -54.745 17.725 -4.823 -43.955
3 16 5.012 -6.94 -52.26 17.725 -4.823 -43.955 5.21 -11.685 -51.59
3 16 0 -13.208 -53.123 0 -8.513 -53.832 5.21 -11.685 -51.59
3 16 5.21 -11.685 -51.59 0 -8.513 -53.832 5.012 -6.94 -52.26
3 16 5.275 0.91 -54.745 5.012 -6.94 -52.26 0 -0.763 -56.528
3 16 0 -0.763 -56.528 5.012 -6.94 -52.26 0 -8.513 -53.832
3 16 35.932 -35.6 9.428 35.065 -43.127 9.415 35.92 -43.167 -0.46
3 16 35.065 -43.127 9.415 35.932 -35.6 9.428 34.408 -43.27 12.538
3 16 34.408 -43.27 12.538 35.932 -35.6 9.428 32.548 -35.775 21.31
3 16 35.932 -35.6 9.428 37.708 -24.983 8.68 32.548 -35.775 21.31
3 16 32.548 -35.775 21.31 37.708 -24.983 8.68 35.173 -23.63 22.732
4 16 26.048 -23.758 35.938 35.173 -23.63 22.732 39.705 -10.977 22.823 28.425 -12.335 38.435
3 16 35.173 -23.63 22.732 37.708 -24.983 8.68 39.705 -10.977 22.823
4 16 13.045 -24.07 44.118 26.048 -23.758 35.938 28.425 -12.335 38.435 14.745 -12.372 47.072
3 16 0 -23.467 46.833 13.045 -24.07 44.118 14.745 -12.372 47.072
3 16 0 -12.525 50.963 0 -23.467 46.833 14.745 -12.372 47.072
3 16 28.938 -63.918 16.295 34.435 -54.655 9.753 31.18 -47.863 20.11
3 16 34.435 -54.655 9.753 34.147 -44.927 13.32 31.18 -47.863 20.11
3 16 34.435 -54.655 9.753 28.938 -63.918 16.295 32.345 -64.29 -3.365
3 16 35.46 -54.795 -2.615 34.435 -54.655 9.753 32.345 -64.29 -3.365
4 16 27.738 -64.3 -22.61 19.43 -64.55 -34.11 20.479 -53.4 -37.685 29.96 -53.462 -24.492
3 16 8.423 -53.367 -45.422 20.479 -53.4 -37.685 19.43 -64.55 -34.11
3 16 6.717 -43.488 -46.885 20.479 -53.4 -37.685 8.423 -53.367 -45.422
3 16 6.717 -43.488 -46.885 19.677 -43.605 -39.227 20.479 -53.4 -37.685
3 16 0 -43.415 -47.755 6.717 -43.488 -46.885 8.423 -53.367 -45.422
3 16 0 -43.415 -47.755 8.423 -53.367 -45.422 0 -53.103 -46.745
4 16 0 -53.103 -46.745 8.423 -53.367 -45.422 8.695 -64.698 -41.105 0 -64.795 -42.442
3 16 8.695 -64.698 -41.105 8.423 -53.367 -45.422 19.43 -64.55 -34.11
4 16 29.96 -53.462 -24.492 20.479 -53.4 -37.685 19.677 -43.605 -39.227 29.478 -43.73 -25.735
3 16 32.345 -64.29 -3.365 27.738 -64.3 -22.61 29.96 -53.462 -24.492
3 16 35.333 -54.158 -4.307 29.96 -53.462 -24.492 29.478 -43.73 -25.735
3 16 34.8 -43.72 -8.042 35.333 -54.158 -4.307 29.478 -43.73 -25.735
3 16 29.96 -53.462 -24.492 35.333 -54.158 -4.307 32.345 -64.29 -3.365
3 16 32.345 -64.29 -3.365 35.333 -54.158 -4.307 35.46 -54.795 -2.615
3 16 34.147 -44.927 13.32 34.408 -43.27 12.538 32.548 -35.775 21.31
3 16 34.147 -44.927 13.32 32.548 -35.775 21.31 31.18 -47.863 20.11
3 16 37.708 -24.983 8.68 42.33 -7.215 8.805 39.705 -10.977 22.823
3 16 23.507 -35.667 33.86 32.548 -35.775 21.31 35.173 -23.63 22.732
3 16 32.548 -35.775 21.31 23.507 -35.667 33.86 21.822 -47.567 32.525
3 16 31.18 -47.863 20.11 32.548 -35.775 21.31 21.822 -47.567 32.525
3 16 26.048 -23.758 35.938 23.507 -35.667 33.86 35.173 -23.63 22.732
3 16 28.938 -63.918 16.295 31.18 -47.863 20.11 21.822 -47.567 32.525
3 16 32.345 -64.29 -3.365 28.938 -63.918 16.295 23.685 -75.46 -2.547

0 // Edge_Colour
2 24 33.695 -7.333 -19.333 27.515 -2.58 -32.355
2 24 38.662 2.085 -12.427 31.503 9.805 -30.418
2 24 36.782 -11.985 -9.525 37.44 -16.155 -4.792
2 24 36.782 -11.985 -9.525 33.695 -7.333 -19.333
2 24 26.33 10.852 -38.5 18.14 7.807 -46.297
2 24 34.147 -44.927 13.32 34.435 -54.655 9.753
2 24 37.44 -16.155 -4.792 36.812 -27.495 0.31
2 24 34.408 -43.27 12.538 35.065 -43.127 9.415
2 24 34.408 -43.27 12.538 34.147 -44.927 13.32
2 24 14.745 -12.372 47.072 0 -12.525 50.963
2 24 42.33 -7.215 8.805 38.662 2.085 -12.427
2 24 18.14 7.807 -46.297 5.275 0.91 -54.745
2 24 42.33 -7.215 8.805 39.705 -10.977 22.823
2 24 19.677 -43.605 -39.227 29.478 -43.73 -25.735
2 24 34.435 -54.655 9.753 35.46 -54.795 -2.615
2 24 28.425 -12.335 38.435 14.745 -12.372 47.072
2 24 35.92 -43.167 -0.46 35.065 -43.127 9.415
2 24 35.46 -54.795 -2.615 35.333 -54.158 -4.307
2 24 31.567 -33.998 -13.325 31.99 -43.182 -11.405
2 24 19.677 -43.605 -39.227 6.717 -43.488 -46.885
2 24 31.99 -43.182 -11.405 34.21 -43.322 -7.817
2 24 39.705 -10.977 22.823 28.425 -12.335 38.435
2 24 29.478 -43.73 -25.735 34.8 -43.72 -8.042
2 24 35.92 -43.167 -0.46 35.138 -43.463 -4.232
2 24 35.333 -54.158 -4.307 34.8 -43.72 -8.042
2 24 31.567 -33.998 -13.325 33.627 -32.288 -10.02
2 24 34.21 -43.322 -7.817 35.138 -43.463 -4.232
2 24 5.275 0.91 -54.745 0 -0.763 -56.528
2 24 33.627 -32.288 -10.02 36.812 -27.495 0.31
2 24 6.717 -43.488 -46.885 0 -43.415 -47.755

4 16 9.208 -79.725 -20.017 20.32 -74.378 -19.66 23.685 -75.46 -2.547 9.622 -82.095 -2.645
3 16 21.185 -73.435 15.453 9.622 -82.095 -2.645 23.685 -75.46 -2.547
3 16 9.785 -79.29 15.203 9.622 -82.095 -2.645 21.185 -73.435 15.453
5 24 9.622 -82.095 -2.645 21.185 -73.435 15.453 9.785 -79.29 15.203 23.685 -75.46 -2.547
5 24 9.622 -82.095 -2.645 23.685 -75.46 -2.547 21.185 -73.435 15.453 9.208 -79.725 -20.017

5 24 35.92 -43.167 -0.46 33.627 -32.288 -10.02 35.138 -43.463 -4.232 36.812 -27.495 0.31
5 24 35.138 -43.463 -4.232 33.627 -32.288 -10.02 34.21 -43.322 -7.817 35.92 -43.167 -0.46
5 24 33.627 -32.288 -10.02 34.21 -43.322 -7.817 35.138 -43.463 -4.232 31.99 -43.182 -11.405
5 24 39.705 -10.977 22.823 35.173 -23.63 22.732 37.708 -24.983 8.68 26.048 -23.758 35.938
5 24 26.048 -23.758 35.938 28.425 -12.335 38.435 13.045 -24.07 44.118 39.705 -10.977 22.823
5 24 17.725 -4.823 -43.955 18.14 7.807 -46.297 5.275 0.91 -54.745 24.338 -2.7 -36.927
5 24 5.21 -11.685 -51.59 5.012 -6.94 -52.26 17.725 -4.823 -43.955 0 -8.513 -53.832
5 24 35.333 -54.158 -4.307 29.478 -43.73 -25.735 29.96 -53.462 -24.492 34.8 -43.72 -8.042
5 24 8.423 -53.367 -45.422 0 -43.415 -47.755 6.717 -43.488 -46.885 0 -53.103 -46.745
5 24 31.99 -43.182 -11.405 33.627 -32.288 -10.02 34.21 -43.322 -7.817 31.567 -33.998 -13.325
5 24 36.812 -27.495 0.31 35.92 -43.167 -0.46 33.627 -32.288 -10.02 35.932 -35.6 9.428
5 24 42.33 -7.215 8.805 37.44 -16.155 -4.792 37.708 -24.983 8.68 36.782 -11.985 -9.525
5 24 34.435 -54.655 9.753 31.18 -47.863 20.11 28.938 -63.918 16.295 34.147 -44.927 13.32
5 24 34.435 -54.655 9.753 32.345 -64.29 -3.365 28.938 -63.918 16.295 35.46 -54.795 -2.615
5 24 34.147 -44.927 13.32 31.18 -47.863 20.11 34.435 -54.655 9.753 32.548 -35.775 21.31
5 24 27.738 -64.3 -22.61 29.96 -53.462 -24.492 20.479 -53.4 -37.685 32.345 -64.29 -3.365
5 24 13.045 -24.07 44.118 14.745 -12.372 47.072 0 -23.467 46.833 28.425 -12.335 38.435
5 24 32.548 -35.775 21.31 35.932 -35.6 9.428 37.708 -24.983 8.68 34.408 -43.27 12.538
5 24 20.479 -53.4 -37.685 8.423 -53.367 -45.422 19.43 -64.55 -34.11 6.717 -43.488 -46.885
5 24 29.478 -43.73 -25.735 29.96 -53.462 -24.492 19.677 -43.605 -39.227 35.333 -54.158 -4.307
5 24 5.012 -6.94 -52.26 0 -8.513 -53.832 5.21 -11.685 -51.59 0 -0.763 -56.528
5 24 38.662 2.085 -12.427 36.782 -11.985 -9.525 33.695 -7.333 -19.333 42.33 -7.215 8.805
5 24 5.012 -6.94 -52.26 17.725 -4.823 -43.955 5.275 0.91 -54.745 5.21 -11.685 -51.59
5 24 18.14 7.807 -46.297 24.338 -2.7 -36.927 17.725 -4.823 -43.955 26.33 10.852 -38.5
5 24 0 -8.513 -53.832 5.21 -11.685 -51.59 0 -13.208 -53.123 5.012 -6.94 -52.26
5 24 32.345 -64.29 -3.365 35.333 -54.158 -4.307 29.96 -53.462 -24.492 35.46 -54.795 -2.615
5 24 31.503 9.805 -30.418 33.695 -7.333 -19.333 38.662 2.085 -12.427 27.515 -2.58 -32.355
5 24 23.507 -35.667 33.86 32.548 -35.775 21.31 35.173 -23.63 22.732 21.822 -47.567 32.525
5 24 37.44 -16.155 -4.792 37.708 -24.983 8.68 36.812 -27.495 0.31 42.33 -7.215 8.805
5 24 37.708 -24.983 8.68 36.812 -27.495 0.31 35.932 -35.6 9.428 37.44 -16.155 -4.792
5 24 42.33 -7.215 8.805 36.782 -11.985 -9.525 37.44 -16.155 -4.792 38.662 2.085 -12.427
5 24 6.717 -43.488 -46.885 8.423 -53.367 -45.422 20.479 -53.4 -37.685 0 -43.415 -47.755
5 24 8.695 -64.698 -41.105 8.423 -53.367 -45.422 0 -53.103 -46.745 19.43 -64.55 -34.11
5 24 31.18 -47.863 20.11 21.822 -47.567 32.525 28.938 -63.918 16.295 32.548 -35.775 21.31
5 24 0 -53.103 -46.745 8.423 -53.367 -45.422 0 -43.415 -47.755 8.695 -64.698 -41.105
5 24 28.938 -63.918 16.295 32.345 -64.29 -3.365 23.685 -75.46 -2.547 34.435 -54.655 9.753
5 24 32.548 -35.775 21.31 21.822 -47.567 32.525 23.507 -35.667 33.86 31.18 -47.863 20.11
5 24 0 -0.763 -56.528 5.012 -6.94 -52.26 5.275 0.91 -54.745 0 -8.513 -53.832
5 24 20.479 -53.4 -37.685 6.717 -43.488 -46.885 8.423 -53.367 -45.422 19.677 -43.605 -39.227
5 24 32.548 -35.775 21.31 31.18 -47.863 20.11 34.147 -44.927 13.32 21.822 -47.567 32.525
5 24 34.408 -43.27 12.538 35.932 -35.6 9.428 35.065 -43.127 9.415 32.548 -35.775 21.31
5 24 29.96 -53.462 -24.492 35.333 -54.158 -4.307 29.478 -43.73 -25.735 32.345 -64.29 -3.365
5 24 32.548 -35.775 21.31 37.708 -24.983 8.68 35.932 -35.6 9.428 35.173 -23.63 22.732
5 24 35.932 -35.6 9.428 35.065 -43.127 9.415 35.92 -43.167 -0.46 34.408 -43.27 12.538
5 24 37.708 -24.983 8.68 35.932 -35.6 9.428 36.812 -27.495 0.31 32.548 -35.775 21.31
5 24 42.33 -7.215 8.805 37.708 -24.983 8.68 37.44 -16.155 -4.792 39.705 -10.977 22.823
5 24 35.173 -23.63 22.732 32.548 -35.775 21.31 23.507 -35.667 33.86 37.708 -24.983 8.68
5 24 28.938 -63.918 16.295 34.435 -54.655 9.753 32.345 -64.29 -3.365 31.18 -47.863 20.11
5 24 19.677 -43.605 -39.227 20.479 -53.4 -37.685 29.96 -53.462 -24.492 6.717 -43.488 -46.885
5 24 32.345 -64.29 -3.365 35.46 -54.795 -2.615 34.435 -54.655 9.753 35.333 -54.158 -4.307
5 24 5.275 0.91 -54.745 17.725 -4.823 -43.955 5.012 -6.94 -52.26 18.14 7.807 -46.297
5 24 0 -23.467 46.833 14.745 -12.372 47.072 13.045 -24.07 44.118 0 -12.525 50.963
5 24 34.147 -44.927 13.32 32.548 -35.775 21.31 34.408 -43.27 12.538 31.18 -47.863 20.11
5 24 32.548 -35.775 21.31 34.408 -43.27 12.538 35.932 -35.6 9.428 34.147 -44.927 13.32
5 24 26.048 -23.758 35.938 35.173 -23.63 22.732 39.705 -10.977 22.823 23.507 -35.667 33.86
5 24 35.932 -35.6 9.428 36.812 -27.495 0.31 37.708 -24.983 8.68 35.92 -43.167 -0.46
5 24 35.932 -35.6 9.428 35.92 -43.167 -0.46 36.812 -27.495 0.31 35.065 -43.127 9.415
5 24 31.18 -47.863 20.11 28.938 -63.918 16.295 34.435 -54.655 9.753 21.822 -47.567 32.525
5 24 29.96 -53.462 -24.492 32.345 -64.29 -3.365 27.738 -64.3 -22.61 35.333 -54.158 -4.307
5 24 33.695 -7.333 -19.333 38.662 2.085 -12.427 36.782 -11.985 -9.525 31.503 9.805 -30.418
5 24 19.43 -64.55 -34.11 20.479 -53.4 -37.685 27.738 -64.3 -22.61 8.423 -53.367 -45.422
5 24 37.708 -24.983 8.68 39.705 -10.977 22.823 42.33 -7.215 8.805 35.173 -23.63 22.732
5 24 5.012 -6.94 -52.26 5.275 0.91 -54.745 17.725 -4.823 -43.955 0 -0.763 -56.528
5 24 35.173 -23.63 22.732 23.507 -35.667 33.86 26.048 -23.758 35.938 32.548 -35.775 21.31
5 24 19.43 -64.55 -34.11 8.423 -53.367 -45.422 20.479 -53.4 -37.685 8.695 -64.698 -41.105
5 24 29.96 -53.462 -24.492 20.479 -53.4 -37.685 27.738 -64.3 -22.61 19.677 -43.605 -39.227
5 24 37.708 -24.983 8.68 35.173 -23.63 22.732 32.548 -35.775 21.31 39.705 -10.977 22.823
5 24 0 -53.103 -46.745 0 -43.415 -47.755 -8.423 -53.367 -45.422 8.423 -53.367 -45.422
5 24 0 -64.795 -42.442 0 -53.103 -46.745 -8.695 -64.698 -41.105 8.695 -64.698 -41.105
5 24 0 -8.513 -53.832 0 -0.763 -56.528 5.012 -6.94 -52.26 -5.012 -6.94 -52.26
5 24 0 -13.208 -53.123 0 -8.513 -53.832 5.21 -11.685 -51.59 -5.21 -11.685 -51.59
5 24 0 -12.525 50.963 0 -23.467 46.833 14.745 -12.372 47.072 -14.745 -12.372 47.072
