0 ~Slope Brick Curved  2 x  1 x  0.667 Inverted - Bottom Part
0 Name: s\24201s01.dat
0 Author: Massimo Maso [Sirio]
0 !LDRAW_ORG Unofficial_Subpart
0 !LICENSE Licensed under CC BY 4.0 : see CAreadme.txt

0 BFC CERTIFY CCW

0 // Primitives
1 16 0 1 -10 0 0 10 1 0 0 0 1 0 rect.dat
1 16 0 12 30 0 0 10 4 0 0 0 -1 0 rect.dat
1 16 0 10.5 27 7 0 0 0 0 -2.5 0 1 0 rect.dat
1 16 0 4.5 7 -7 0 0 0 0 4.5 0 1 0 rect.dat
1 16 0 1.5 -7 0 0 -7 1.5 0 0 0 -1 0 rect.dat
1 16 0 0 0 1 0 0 0 1 0 0 0 1 stud2a.dat
1 16 0 8 20 1 0 0 0 1 0 0 0 1 stud2a.dat
1 16 0 6 0 0 0 -7 3 1 0 7 0 0 rect2p.dat
1 16 0 11.5 18.5 -7 0 0 0 1 -1.5 0 0 -8.5 rect3.dat
1 16 0 3.4286 0 0 0 1 0 2.5714 0 -1 0 0 stud2s2.dat
1 16 0 10.7059 20 0 0 1 0 1.0588 0 -1 0 0 stud2s2.dat
1 16 0 0 0 1 0 0 0 3.4286 0 0 0 1 stud2s2e.dat
1 16 0 8 20 1 0 0 0 2.7059 0 0 0 1 stud2s2e.dat
1 16 -10 -24.9719 30 0 1 0 26.9719 0 30.9717 -40 0 40 48\1-8chrd.dat
1 16 10 -24.9719 30 0 -1 0 26.9719 0 30.9717 -40 0 40 48\1-8chrd.dat
1 16 -10 -24.9719 30 0 1 0 26.9719 0 30.9717 -40 0 40 48\1-8edge.dat
1 16 10 -24.9719 30 0 1 0 26.9719 0 30.9717 -40 0 40 48\1-8edge.dat
0 // Faces
3 16 -10 8 10 -10 0 10 -7 8 10
4 16 7 8 10 -7 8 10 -10 0 10 10 0 10
4 16 -7 10 10 -7 8 10 7 8 10 7 10 10
3 16 7 8 10 10 0 10 10 8 10
4 16 7 10 10 7 8 10 7 8 27 7 13 27
4 16 -7 10 10 -7 13 27 -7 8 27 -7 8 10
4 16 -10 8 10 -7 8 10 -7 8 27 -10 8 30
4 16 7 8 27 10 8 30 -10 8 30 -7 8 27
4 16 10 8 10 10 8 30 7 8 27 7 8 10
4 16 -7 3 -7 -7 9 7 -7 0 7 -7 0 -7
4 16 7 0 7 7 9 7 7 3 -7 7 0 -7
4 16 -7 0 -7 -7 0 7 -10 0 10 -10 0 -10
4 16 7 0 7 10 0 10 -10 0 10 -7 0 7
4 16 7 0 -7 10 0 -10 10 0 10 7 0 7
4 16 -7 0 -7 -10 0 -10 10 0 -10 7 0 -7
4 16 10 0 10 10 0 -10 10 2 -10 10 8 10
3 16 10 8 30 10 8 10 10 16 30
3 16 10 16 30 10 8 10 10 2 -10
3 16 -10 8 30 -10 16 30 -10 8 10
3 16 -10 8 10 -10 16 30 -10 2 -10
4 16 -10 2 -10 -10 0 -10 -10 0 10 -10 8 10
0 // Edges
2 24 -7 8 10 -10 8 10
2 24 -7 10 10 -7 8 10
2 24 7 8 10 7 10 10
2 24 -10 0 10 10 0 10
2 24 10 8 10 7 8 10
2 24 7 8 10 7 8 27
2 24 -7 8 27 -7 8 10
2 24 -7 0 7 -7 0 -7
2 24 7 0 -7 7 0 7
2 24 -10 8 30 -10 8 10
2 24 -10 8 10 -10 0 10
2 24 -10 0 10 -10 0 -10
2 24 10 0 -10 10 0 10
2 24 10 0 10 10 8 10
2 24 10 8 10 10 8 30