0 ~Technic Panel  5 x  3 x  2 Corner Dark Bluish Grey Fuel Tank Pattern
0 Name: s\2438p02s01.dat
0 Author: Philippe Hurbain [Philo]
0 !LDRAW_ORG Unofficial_Subpart
0 !LICENSE Licensed under CC BY 4.0 : see CAreadme.txt

0 BFC CERTIFY CCW

3 16 40.597 -12.3402 -5.658 46.3639 -6.3639 -8 40.1047 -12.8503 -4.6103
3 16 48.3151 -3.4443 -8 47.3006 -3.4785 -21.2846 49 0 -10
3 16 47.9687 -0.0247 -21.4437 49 0 -10 47.3006 -3.4785 -21.2846
3 16 30.3218 -10.6178 -50.7147 32.0935 -6.3074 -56.3451 32.6396 -10.6387 -46.7253
4 16 32.0935 -6.3074 -56.3451 38.2406 -6.5049 -45.1109 34.6211 -10.6941 -43.1206 32.6396 -10.6387 -46.7253
3 16 19.9612 -17.8307 -48.2478 20.6358 -17.4147 -48.698 20.394 -18.1584 -46.7952
4 16 21.4149 -10.8897 -63.5106 24.8966 -6.5337 -66.7177 27.0558 -10.7696 -55.7149 22.3815 -11.0177 -61.8965
4 16 24.8966 -6.5337 -66.7177 32.0935 -6.3074 -56.3451 28.3498 -10.7308 -53.8465 27.0558 -10.7696 -55.7149
3 16 21.3902 -11.0962 -63.0418 21.4149 -10.8897 -63.5106 22.3815 -11.0177 -61.8965
3 16 16.1736 -6.4384 -76.0121 21.4149 -10.8897 -63.5106 13.6213 -9.6585 -73.0961
3 16 24.8966 -6.5337 -66.7177 21.4149 -10.8897 -63.5106 16.1736 -6.4384 -76.0121
3 16 6.8214 -6.1883 -84.2903 13.6213 -9.6585 -73.0961 5.2178 -8.6493 -81.4252
3 16 16.1736 -6.4384 -76.0121 13.6213 -9.6585 -73.0961 6.8214 -6.1883 -84.2903
3 16 6.8214 -6.1883 -84.2903 4.6339 -6.3099 -85.5764 5.2291 -3.4004 -87.4273
3 16 6.8214 -6.1883 -84.2903 5.2291 -3.4004 -87.4273 7.7633 -3.3017 -85.9732
3 16 5.2178 -8.6493 -81.4252 3.6989 -8.4485 -82.6688 4.6339 -6.3099 -85.5764
3 16 5.2178 -8.6493 -81.4252 4.6339 -6.3099 -85.5764 6.8214 -6.1883 -84.2903
3 16 0.8166 -14.5754 -71.8548 3.6989 -8.4485 -82.6688 5.2178 -8.6493 -81.4252
3 16 4.6339 -6.3099 -85.5764 2.2675 -6.4406 -86.3639 2.4626 -3.5064 -88.3151
3 16 4.6339 -6.3099 -85.5764 2.4626 -3.5064 -88.3151 5.2291 -3.4004 -87.4273
3 16 0.8166 -14.5754 -71.8548 1.9715 -8.4559 -83.404 3.6989 -8.4485 -82.6688
3 16 0.8166 -14.5754 -71.8548 -10 -19.5369 -59.0046 -10 -14.4099 -71.844
3 16 0.8166 -14.5754 -71.8548 0 -19.5369 -59.0046 -10 -19.5369 -59.0046
3 16 0 -28.7 -13 0 -26.5919 -30.5408 6.5578 -27.7356 -19
3 16 49 0 -8 48.3151 -3.4443 -8 49 0 -10
3 16 49 6 -10 49 0 -10 48.8 9 -13
3 16 0 -28.9 -10 8.5578 -28.3356 -8 0 -29 -8
3 16 25.9956 -22.5978 8.7793 26.5844 -22.2553 8.9788 25.0962 -23.1208 10
3 16 3.2646 -26.5162 -29.2576 3.4055 -26.6011 -28.5926 0 -26.5919 -30.5408
3 16 7.691 -27.239 -21.808 8.7106 -27.2576 -20.2859 6.5578 -27.7356 -19
4 16 23.9431 -19.7803 -37.2489 24.503 -20.2664 -33.577 23.4204 -20.8027 -33.6589 22.8887 -20.4413 -36.6691
4 16 15.8857 -15.5858 -58.4175 14.2147 -14.7731 -61.6447 15.9466 -13.6386 -62.5213 17.2611 -14.4177 -59.6844
4 16 13.7103 -10.4256 -71.3785 13.6213 -9.6585 -73.0961 21.4149 -10.8897 -63.5106 17.8511 -10.684 -67.1309
3 72 25.0207 -23.1508 -8 25.0589 -23.124 -8.5746 25.0963 -23.1206 -8
4 16 25.1926 -22.9808 -10.5875 24.5836 -23.1678 -15.8737 25.3341 -22.7218 -16.0525 25.3511 -22.7641 -14.4294
3 16 4.0537 -25.2564 -36.7039 3.2968 -26.3442 -30.4295 0 -26.5919 -30.5408
3 16 20.7483 -16.4726 -50.8368 21.2465 -16.9085 -49.1056 20.6358 -17.4147 -48.698
4 16 32.7888 -18.6471 10 32.7887 -18.6472 4.1258 36.315 -15.875 0.4373 39.9233 -13.0383 10
3 16 21.3902 -11.0962 -63.0418 21.1754 -11.0931 -63.29 21.4149 -10.8897 -63.5106
3 16 40.905 -12.0209 -8 46.3639 -6.3639 -8 40.7964 -12.1336 -6.8058
3 16 40.7964 -12.1336 -6.8058 46.3639 -6.3639 -8 40.597 -12.3402 -5.658
3 16 39.9233 -13.0383 10 39.9233 -13.0383 -4.3376 46.3639 -6.3639 10
4 16 46.3639 -6.3639 -8 46.3639 -6.3639 10 39.9233 -13.0383 -4.3376 40.1047 -12.8503 -4.6103
4 16 41.1454 -11.5769 -10.6413 41.0987 -11.2106 -16.5387 45.4027 -6.413 -20.8325 46.3639 -6.3639 -8
3 16 40.9052 -11.1861 -19.7613 45.4027 -6.413 -20.8325 41.0987 -11.2106 -16.5387
3 16 40.905 -12.0209 -8 41.1454 -11.5769 -10.6413 46.3639 -6.3639 -8
3 16 24.5836 -23.1678 -15.8737 25.0589 -23.124 -8.5746 24.4159 -23.3418 -10.5247
4 16 25.0207 -23.1508 -8 24.2855 -23.4444 -8 24.4159 -23.3418 -10.5247 25.0589 -23.124 -8.5746
4 16 39.5953 -10.5003 -28.1748 42.4549 -6.4169 -33.2633 45.4027 -6.413 -20.8325 40.0631 -10.646 -25.5873
3 16 38.7179 -10.4768 -31.9776 42.4549 -6.4169 -33.2633 39.5953 -10.5003 -28.1748
3 16 40.9052 -11.1861 -19.7613 40.0631 -10.646 -25.5873 45.4027 -6.413 -20.8325
4 16 38.7179 -10.4768 -31.9776 36.4577 -10.4152 -38.6585 38.2406 -6.5049 -45.1109 42.4549 -6.4169 -33.2633
3 16 34.6211 -10.6941 -43.1206 38.2406 -6.5049 -45.1109 36.4577 -10.4152 -38.6585
3 16 28.3498 -10.7308 -53.8465 32.0935 -6.3074 -56.3451 30.3218 -10.6178 -50.7147
3 16 6.6213 -15.5246 -65.5708 0.8166 -14.5754 -71.8548 6.8331 -11.9175 -73.1969
4 16 5.2178 -8.6493 -81.4252 7.1878 -10.2678 -76.4959 6.8331 -11.9175 -73.1969 0.8166 -14.5754 -71.8548
3 16 13.6213 -9.6585 -73.0961 13.7103 -10.4256 -71.3785 12.4245 -10.2505 -72.6976
4 16 12.4245 -10.2505 -72.6976 9.0375 -9.9997 -75.7186 5.2178 -8.6493 -81.4252 13.6213 -9.6585 -73.0961
4 16 11.5224 -11.504 -70.6583 8.2827 -12.3657 -71.1722 6.8331 -11.9175 -73.1969 8.2389 -10.3955 -75.451
3 16 6.8331 -11.9175 -73.1969 7.1878 -10.2678 -76.4959 8.2389 -10.3955 -75.451
4 16 12.7486 -12.0183 -68.6522 13.9732 -12.6918 -66.3045 14.2147 -14.7731 -61.6447 11.4779 -13.5009 -66.3896
3 16 9.0375 -9.9997 -75.7186 7.1878 -10.2678 -76.4959 5.2178 -8.6493 -81.4252
4 16 12.7486 -12.0183 -68.6522 11.4779 -13.5009 -66.3896 8.2827 -12.3657 -71.1722 11.5224 -11.504 -70.6583
3 16 32.7887 -18.6472 4.1258 32.7888 -18.6471 10 30.7553 -19.8297 6.1035
3 16 30.7553 -19.8297 6.1035 32.7888 -18.6471 10 27.7641 -21.5692 8.7201
3 16 25.0962 -23.1208 7.9714 25.693 -22.7737 8.5507 25.0962 -23.1208 10
3 16 27.7641 -21.5692 8.7201 32.7888 -18.6471 10 27.1309 -21.9375 8.9769
3 16 25.693 -22.7737 8.5507 25.9956 -22.5978 8.7793 25.0962 -23.1208 10
4 16 32.7888 -18.6471 10 25.0962 -23.1208 10 26.5844 -22.2553 8.9788 27.1309 -21.9375 8.9769
4 16 24.1794 -21.781 -26.9755 23.9254 -21.2522 -30.2405 24.907 -20.7222 -30.2783 25.0909 -21.2321 -27.2891
4 16 23.9254 -21.2522 -30.2405 23.7597 -21.1123 -31.3623 24.503 -20.2664 -33.577 24.907 -20.7222 -30.2783
4 16 0 -26.5919 -30.5408 3.7849 -26.7086 -27.639 7.691 -27.239 -21.808 6.5578 -27.7356 -19
3 16 3.4055 -26.6011 -28.5926 3.7849 -26.7086 -27.639 0 -26.5919 -30.5408
3 16 3.2968 -26.3442 -30.4295 3.2646 -26.5162 -29.2576 0 -26.5919 -30.5408
4 16 25.0962 -23.1208 10 16.9712 -26.3652 10 23.8785 -23.607 5.8388 25.0962 -23.1208 7.9714
3 16 16.9712 -26.3652 10 16.9713 -26.3655 -6.9091 18.0323 -25.9417 -4.935
4 16 22.6972 -24.0787 3.5835 16.9712 -26.3652 10 18.0323 -25.9417 -4.935 20.9267 -24.7857 0.1117
3 16 23.5553 -23.7361 4.9202 23.8785 -23.607 5.8388 16.9712 -26.3652 10
4 16 16.9712 -26.3652 10 22.6972 -24.0787 3.5835 23.4551 -23.7761 3.8591 23.5553 -23.7361 4.9202
3 16 23.4551 -23.7761 3.8591 22.6972 -24.0787 3.5835 23.4809 -23.7657 2.7147
4 16 22.6972 -24.0787 3.5835 23.5815 -23.7256 -1.4053 24.2287 -23.4671 -1.3639 23.4809 -23.7657 2.7147
4 16 24.2186 -23.4711 -6.7065 24.641 -23.3024 -4.3114 24.2287 -23.4671 -1.3639 23.5815 -23.7256 -1.4053
4 16 24.641 -23.3024 -4.3114 24.2186 -23.4711 -6.7065 24.2855 -23.4444 -8 25.0207 -23.1508 -8
4 16 21.3347 -18.7983 -43.6371 23.0092 -18.5375 -42.2001 23.9431 -19.7803 -37.2489 22.8887 -20.4413 -36.6691
4 16 20.394 -18.1584 -46.7952 22.0817 -17.6741 -46.0085 23.0092 -18.5375 -42.2001 21.3347 -18.7983 -43.6371
3 16 20.6358 -17.4147 -48.698 22.0817 -17.6741 -46.0085 20.394 -18.1584 -46.7952
3 16 24.503 -20.2664 -33.577 23.7597 -21.1123 -31.3623 23.4204 -20.8027 -33.6589
3 16 14.2147 -14.7731 -61.6447 13.9732 -12.6918 -66.3045 15.9466 -13.6386 -62.5213
3 16 21.1754 -11.0931 -63.29 17.8511 -10.684 -67.1309 21.4149 -10.8897 -63.5106
4 16 8.5578 -28.3356 -8 16.9713 -26.3655 -6.9091 16.9712 -26.3652 10 8.5579 -28.3357 10
3 16 16.3849 -26.5028 -8 16.9713 -26.3655 -6.9091 8.5578 -28.3356 -8
3 16 25.3341 -22.7218 -16.0525 24.5836 -23.1678 -15.8737 24.5901 -22.693 -19.123
4 16 24.1794 -21.781 -26.9755 25.2423 -21.5052 -24.8299 25.3341 -22.7218 -16.0525 24.5901 -22.693 -19.123
3 16 25.0909 -21.2321 -27.2891 25.2423 -21.5052 -24.8299 24.1794 -21.781 -26.9755
4 16 6.5578 -27.7356 -19 10.8034 -27.1838 -16.8725 14.0191 -27.0415 -12.0575 8.5578 -28.3356 -8
3 16 8.7106 -27.2576 -20.2859 10.8034 -27.1838 -16.8725 6.5578 -27.7356 -19
3 16 25.0589 -23.124 -8.5746 24.5836 -23.1678 -15.8737 25.1926 -22.9808 -10.5875
4 16 5.8236 -20.4835 -53.6757 0.8166 -14.5754 -71.8548 6.6213 -15.5246 -65.5708 6.0776 -19.3415 -56.3679
3 16 39.9233 -13.0383 -4.3376 39.9233 -13.0383 10 39.4634 -13.3999 -3.6463
3 16 39.4634 -13.3999 -3.6463 39.9233 -13.0383 10 38.7754 -13.9407 -2.7165
3 16 38.7754 -13.9407 -2.7165 39.9233 -13.0383 10 36.315 -15.875 0.4373
4 16 17.857 -16.5055 -53.9975 15.8857 -15.5858 -58.4175 17.2611 -14.4177 -59.6844 19.2087 -15.4124 -55.1106
4 16 19.2087 -15.4124 -55.1106 20.7483 -16.4726 -50.8368 19.0247 -17.2559 -50.8853 17.857 -16.5055 -53.9975
3 16 20.6358 -17.4147 -48.698 19.0247 -17.2559 -50.8853 20.7483 -16.4726 -50.8368
4 16 0 -29 10 0 -29 -8 8.5578 -28.3356 -8 8.5579 -28.3357 10
4 16 49 0 -10 47.9687 -0.0247 -21.4437 47.9687 9 -21.4437 48.8 9 -13
4 16 46.3639 -6.3639 -8 45.4027 -6.413 -20.8325 47.3006 -3.4785 -21.2846 48.3151 -3.4443 -8
4 16 47.9687 -0.0247 -21.4437 44.9501 -0.0271 -34.1217 44.9501 9 -34.1217 47.9687 9 -21.4437
4 16 47.3006 -3.4785 -21.2846 44.3005 -3.4818 -33.8982 44.9501 -0.0271 -34.1217 47.9687 -0.0247 -21.4437
4 16 45.4027 -6.413 -20.8325 42.4549 -6.4169 -33.2633 44.3005 -3.4818 -33.8982 47.3006 -3.4785 -21.2846
4 16 44.9501 -0.0271 -34.1217 40.5664 -0.079 -46.3898 40.5664 9 -46.3898 44.9501 9 -34.1217
4 16 44.3005 -3.4818 -33.8982 39.961 -3.5535 -46.0569 40.5664 -0.079 -46.3898 44.9501 -0.0271 -34.1217
4 16 42.4549 -6.4169 -33.2633 38.2406 -6.5049 -45.1109 39.961 -3.5535 -46.0569 44.3005 -3.4818 -33.8982
4 16 40.5664 -0.079 -46.3898 34.2739 0.0361 -57.8004 34.2739 9 -57.8004 40.5664 9 -46.3898
4 16 39.961 -3.5535 -46.0569 33.7065 -3.3944 -57.4217 34.2739 0.0361 -57.8004 40.5664 -0.079 -46.3898
4 16 38.2406 -6.5049 -45.1109 32.0935 -6.3074 -56.3451 33.7065 -3.3944 -57.4217 39.961 -3.5535 -46.0569
4 16 34.2739 0.0361 -57.8004 26.8544 -0.0974 -68.5211 26.8544 9 -68.5211 34.2739 9 -57.8004
4 16 33.7065 -3.3944 -57.4217 26.3451 -3.579 -68.052 26.8544 -0.0974 -68.5211 34.2739 0.0361 -57.8004
4 16 32.0935 -6.3074 -56.3451 24.8966 -6.5337 -66.7177 26.3451 -3.579 -68.052 33.7065 -3.3944 -57.4217
4 16 4.8123 -23.7229 -42.9592 4.3766 -24.7095 -39.3667 0 -23.6258 -45.1621 5.3857 -22.0706 -49.0349
4 16 26.8544 -0.0974 -68.5211 17.917 -0.0426 -78.004 17.917 9 -78.004 26.8544 9 -68.5211
4 16 26.3451 -3.579 -68.052 17.4638 -3.5032 -77.4862 17.917 -0.0426 -78.004 26.8544 -0.0974 -68.5211
4 16 24.8966 -6.5337 -66.7177 16.1736 -6.4384 -76.0121 17.4638 -3.5032 -77.4862 26.3451 -3.579 -68.052
4 16 5.8236 -20.4835 -53.6757 5.6299 -21.2875 -51.6229 0 -19.5369 -59.0046 0.8166 -14.5754 -71.8548
4 16 5.6299 -21.2875 -51.6229 5.3857 -22.0706 -49.0349 0 -23.6258 -45.1621 0 -19.5369 -59.0046
4 16 17.917 -0.0426 -78.004 8.094 0.1031 -86.564 8.094 9 -86.564 17.917 9 -78.004
4 16 17.4638 -3.5032 -77.4862 7.7633 -3.3017 -85.9732 8.094 0.1031 -86.564 17.917 -0.0426 -78.004
4 16 16.1736 -6.4384 -76.0121 6.8214 -6.1883 -84.2903 7.7633 -3.3017 -85.9732 17.4638 -3.5032 -77.4862
4 16 8.094 0.1031 -86.564 5.438 0.0317 -88.077 5.438 9 -88.077 8.094 9 -86.564
4 16 7.7633 -3.3017 -85.9732 5.2291 -3.4004 -87.4273 5.438 0.0317 -88.077 8.094 0.1031 -86.564
4 16 5.438 0.0317 -88.077 2.5311 -0.0449 -89 2.5311 9 -89 5.438 9 -88.077
4 16 5.2291 -3.4004 -87.4273 2.4626 -3.5064 -88.3151 2.5311 -0.0449 -89 5.438 0.0317 -88.077
4 16 3.6989 -8.4485 -82.6688 1.9715 -8.4559 -83.404 2.2675 -6.4406 -86.3639 4.6339 -6.3099 -85.5764
4 16 2.5311 -0.0449 -89 -10 0 -89 -10 9 -89 2.5311 9 -89
4 16 2.4626 -3.5064 -88.3151 -10 -3.4443 -88.3151 -10 0 -89 2.5311 -0.0449 -89
4 16 2.2675 -6.4406 -86.3639 -10 -6.3639 -86.3639 -10 -3.4443 -88.3151 2.4626 -3.5064 -88.3151
4 16 1.9715 -8.4559 -83.404 -10 -8.3153 -83.4443 -10 -6.3639 -86.3639 2.2675 -6.4406 -86.3639
4 16 0.8166 -14.5754 -71.8548 -10 -14.4099 -71.844 -10 -8.3153 -83.4443 1.9715 -8.4559 -83.404
4 16 0 -19.5369 -59.0046 0 -23.6258 -45.1621 -10 -23.6258 -45.1621 -10 -19.5369 -59.0046
4 16 0 -23.6258 -45.1621 0 -26.5919 -30.5408 -10 -26.5919 -30.5408 -10 -23.6258 -45.1621
4 16 0 -26.5919 -30.5408 0 -28.7 -13 -10 -28.7 -13 -10 -26.5919 -30.5408
4 16 4.3766 -24.7095 -39.3667 4.0537 -25.2564 -36.7039 0 -26.5919 -30.5408 0 -23.6258 -45.1621
4 16 8.5578 -28.3356 -8 0 -28.9 -10 0 -28.7 -13 6.5578 -27.7356 -19
4 16 46.3639 -6.3639 -8 48.3151 -3.4443 -8 48.3151 -3.4443 10 46.3639 -6.3639 10
4 16 49 0 -8 49 0 10 48.3151 -3.4443 10 48.3151 -3.4443 -8
4 16 -10 -28.7 -13 0 -28.7 -13 0 -28.9 -10 -7 -28.9 -10
3 16 19.0247 -17.2559 -50.8853 20.6358 -17.4147 -48.698 19.9612 -17.8307 -48.2478
4 16 14.0191 -27.0415 -12.0575 15.2578 -26.7588 -10.0972 16.3849 -26.5028 -8 8.5578 -28.3356 -8
3 16 21.2465 -16.9085 -49.1056 22.0817 -17.6741 -46.0085 20.6358 -17.4147 -48.698
4 71 9.0375 -9.9997 -75.7186 12.4245 -10.2505 -72.6976 12.0608 -10.6658 -72.0693 9.8244 -10.5091 -74.045
4 71 28.3498 -10.7308 -53.8465 30.3218 -10.6178 -50.7147 31.3895 -11.4468 -47.233 27.5298 -11.6996 -53.2992
3 71 27.0558 -10.7696 -55.7149 28.3498 -10.7308 -53.8465 27.5298 -11.6996 -53.2992
4 71 20.5923 -11.5884 -62.7529 17.8494 -11.1838 -66.0651 17.8511 -10.684 -67.1309 21.1754 -11.0931 -63.29
3 71 22.3815 -11.0177 -61.8965 27.0558 -10.7696 -55.7149 27.5298 -11.6996 -53.2992
4 71 13.7662 -10.9071 -70.3004 12.0608 -10.6658 -72.0693 12.4245 -10.2505 -72.6976 13.7103 -10.4256 -71.3785
4 71 7.1878 -10.2678 -76.4959 9.0375 -9.9997 -75.7186 9.8244 -10.5091 -74.045 8.2389 -10.3955 -75.451
4 71 25.693 -22.7737 8.5507 26.3585 -22.3867 8.4964 26.5844 -22.2553 8.9788 25.9956 -22.5978 8.7793
4 71 26.3585 -22.3867 8.4964 27.0187 -22.0028 8.1694 27.1309 -21.9375 8.9769 26.5844 -22.2553 8.9788
3 71 27.7641 -21.5692 8.7201 27.1309 -21.9375 8.9769 27.0187 -22.0028 8.1694
4 71 27.0187 -22.0028 8.1694 30.1029 -20.2091 5.3678 30.7553 -19.8297 6.1035 27.7641 -21.5692 8.7201
4 71 30.7553 -19.8297 6.1035 30.1029 -20.2091 5.3678 32.7887 -18.6472 2.6943 32.7887 -18.6472 4.1258
4 71 32.7663 -11.6433 -44.4941 31.3895 -11.4468 -47.233 30.3218 -10.6178 -50.7147 32.6396 -10.6387 -46.7253
4 71 13.7103 -10.4256 -71.3785 17.8511 -10.684 -67.1309 17.8494 -11.1838 -66.0651 13.7662 -10.9071 -70.3004
4 71 37.8724 -11.3954 -31.6867 36.1082 -11.3575 -36.8728 36.4577 -10.4152 -38.6585 38.7179 -10.4768 -31.9776
4 71 36.1082 -11.3575 -36.8728 33.8318 -11.6076 -42.6866 34.6211 -10.6941 -43.1206 36.4577 -10.4152 -38.6585
4 71 39.9233 -13.0383 -4.3376 39.9233 -13.0383 -6.4787 40.597 -12.3402 -5.658 40.1047 -12.8503 -4.6103
3 71 40.7964 -12.1336 -6.8058 40.597 -12.3402 -5.658 39.9233 -13.0383 -6.4787
4 71 39.9233 -13.0383 -6.4787 40.2413 -12.7088 -8 40.905 -12.0209 -8 40.7964 -12.1336 -6.8058
4 71 40.195 -11.9399 -19.5921 39.4313 -11.5118 -24.6162 40.0631 -10.646 -25.5873 40.9052 -11.1861 -19.7613
4 71 39.5953 -10.5003 -28.1748 40.0631 -10.646 -25.5873 39.4313 -11.5118 -24.6162 38.8741 -11.3701 -27.5638
4 71 38.7179 -10.4768 -31.9776 39.5953 -10.5003 -28.1748 38.8741 -11.3701 -27.5638 37.8724 -11.3954 -31.6867
4 71 21.3902 -11.0962 -63.0418 22.3815 -11.0177 -61.8965 27.5298 -11.6996 -53.2992 21.3283 -11.615 -61.864
3 71 39.9233 -13.0383 -6.4787 39.9233 -13.0383 -4.3376 39.5878 -13.3021 -5.6808
3 71 39.5878 -13.3021 -5.6808 39.9233 -13.0383 -4.3376 39.0647 -13.7133 -4.7835
3 71 39.4634 -13.3999 -3.6463 38.7754 -13.9407 -2.7165 38.4858 -14.1684 -3.922
4 71 38.4858 -14.1684 -3.922 39.0647 -13.7133 -4.7835 39.9233 -13.0383 -4.3376 39.4634 -13.3999 -3.6463
4 71 38.4858 -14.1684 -3.922 38.7754 -13.9407 -2.7165 36.315 -15.875 0.4373 35.8908 -16.2085 -0.623
4 71 32.7887 -18.6472 4.1258 32.7887 -18.6472 2.6943 35.8908 -16.2085 -0.623 36.315 -15.875 0.4373
4 71 40.2413 -12.7088 -8 40.4705 -12.3015 -10.3524 41.1454 -11.5769 -10.6413 40.905 -12.0209 -8
4 71 40.4705 -12.3015 -10.3524 40.4777 -11.9599 -15.1045 41.0987 -11.2106 -16.5387 41.1454 -11.5769 -10.6413
4 71 40.4777 -11.9599 -15.1045 40.195 -11.9399 -19.5921 40.9052 -11.1861 -19.7613 41.0987 -11.2106 -16.5387
4 71 33.8318 -11.6076 -42.6866 32.7663 -11.6433 -44.4941 32.6396 -10.6387 -46.7253 34.6211 -10.6941 -43.1206
4 71 21.3902 -11.0962 -63.0418 21.3283 -11.615 -61.864 20.5923 -11.5884 -62.7529 21.1754 -11.0931 -63.29
3 72 16.3849 -26.5028 -8 16.9713 -26.3655 -8 16.9713 -26.3655 -6.9091
3 72 24.2287 -23.4671 -1.3639 24.641 -23.3024 -4.3114 25.0963 -23.1207 -1.7799
4 72 35.8908 -16.2085 -0.623 32.7885 -18.6473 -8 39.0647 -13.7133 -4.7835 38.4858 -14.1684 -3.922
3 72 23.9431 -19.7803 -37.2489 26.1411 -18.4024 -38.4575 24.503 -20.2664 -33.577
3 72 14.1102 -26.0585 -23.5111 18.8227 -22.9902 -34.4333 22.0402 -23.0689 -26.2395
3 72 18.8227 -22.9902 -34.4333 14.1102 -26.0585 -23.5111 11.0643 -25.7606 -30.1671
3 72 27.5298 -11.6996 -53.2992 32.898 -12.6883 -42.1731 26.1411 -18.4024 -38.4575
3 72 11.0643 -25.7606 -30.1671 13.13 -22.0431 -43.6884 18.8227 -22.9902 -34.4333
3 72 13.13 -22.0431 -43.6884 6.8181 -21.657 -50.0649 14.4504 -16.8049 -57.0954
4 72 14.4504 -16.8049 -57.0954 19.0247 -17.2559 -50.8853 19.9612 -17.8307 -48.2478 13.13 -22.0431 -43.6884
3 72 14.4504 -16.8049 -57.0954 14.2147 -14.7731 -61.6447 15.8857 -15.5858 -58.4175
3 72 6.6213 -15.5246 -65.5708 14.4504 -16.8049 -57.0954 6.0776 -19.3415 -56.3679
3 72 5.3857 -22.0706 -49.0349 5.6299 -21.2875 -51.6229 6.8181 -21.657 -50.0649
4 72 13.7662 -10.9071 -70.3004 11.5224 -11.504 -70.6583 9.8244 -10.5091 -74.045 12.0608 -10.6658 -72.0693
4 72 25.693 -22.7737 8.5507 25.0962 -23.1208 7.9714 27.0187 -22.0028 8.1694 26.3585 -22.3867 8.4964
4 72 32.7663 -11.6433 -44.4941 32.898 -12.6883 -42.1731 27.5298 -11.6996 -53.2992 31.3895 -11.4468 -47.233
3 72 5.6299 -21.2875 -51.6229 5.8236 -20.4835 -53.6757 6.8181 -21.657 -50.0649
4 72 23.5815 -23.7256 -1.4053 18.0323 -25.9417 -4.935 24.2855 -23.4444 -8 24.2186 -23.4711 -6.7065
4 72 23.7597 -21.1123 -31.3623 18.8227 -22.9902 -34.4333 22.8887 -20.4413 -36.6691 23.4204 -20.8027 -33.6589
4 72 17.2611 -14.4177 -59.6844 15.9466 -13.6386 -62.5213 17.8494 -11.1838 -66.0651 20.5923 -11.5884 -62.7529
4 72 24.2855 -23.4444 -8 16.9713 -26.3655 -8 16.5941 -26.4313 -13.9707 24.4159 -23.3418 -10.5247
3 72 4.0537 -25.2564 -36.7039 4.3766 -24.7095 -39.3667 5.1401 -24.8985 -38.3557
3 72 32.7663 -11.6433 -44.4941 33.8318 -11.6076 -42.6866 32.898 -12.6883 -42.1731
3 72 21.3283 -11.615 -61.864 20.7483 -16.4726 -50.8368 19.2087 -15.4124 -55.1106
3 72 23.8785 -23.607 5.8388 23.5553 -23.7361 4.9202 23.4551 -23.7761 3.8591
4 72 23.4551 -23.7761 3.8591 23.4809 -23.7657 2.7147 25.0962 -23.1208 7.9714 23.8785 -23.607 5.8388
4 72 25.0962 -23.1208 7.9714 23.4809 -23.7657 2.7147 24.2287 -23.4671 -1.3639 25.0963 -23.1207 -1.7799
4 72 25.0963 -23.1206 -8 25.0963 -23.1207 -1.7799 24.641 -23.3024 -4.3114 25.0207 -23.1508 -8
4 72 39.0647 -13.7133 -4.7835 39.9233 -13.0383 -8 39.9233 -13.0383 -6.4787 39.5878 -13.3021 -5.6808
3 72 32.7885 -18.6473 -8 39.9233 -13.0383 -8 39.0647 -13.7133 -4.7835
3 72 35.8908 -16.2085 -0.623 32.7887 -18.6472 2.6943 32.7885 -18.6473 -8
4 72 26.1411 -18.4024 -38.4575 22.0817 -17.6741 -46.0085 21.2465 -16.9085 -49.1056 27.5298 -11.6996 -53.2992
4 72 14.4504 -16.8049 -57.0954 6.6213 -15.5246 -65.5708 11.4779 -13.5009 -66.3896 14.2147 -14.7731 -61.6447
4 72 6.8331 -11.9175 -73.1969 8.2827 -12.3657 -71.1722 11.4779 -13.5009 -66.3896 6.6213 -15.5246 -65.5708
4 72 6.8181 -21.657 -50.0649 5.8236 -20.4835 -53.6757 6.0776 -19.3415 -56.3679 14.4504 -16.8049 -57.0954
4 72 16.3849 -26.5028 -8 15.2578 -26.7588 -10.0972 16.5941 -26.4313 -13.9707 16.9713 -26.3655 -8
3 72 14.0191 -27.0415 -12.0575 16.5941 -26.4313 -13.9707 15.2578 -26.7588 -10.0972
3 72 16.5941 -26.4313 -13.9707 14.0191 -27.0415 -12.0575 10.8034 -27.1838 -16.8725
4 72 8.7106 -27.2576 -20.2859 14.1102 -26.0585 -23.5111 16.5941 -26.4313 -13.9707 10.8034 -27.1838 -16.8725
4 72 3.4055 -26.6011 -28.5926 11.0643 -25.7606 -30.1671 7.691 -27.239 -21.808 3.7849 -26.7086 -27.639
4 72 3.4055 -26.6011 -28.5926 3.2646 -26.5162 -29.2576 3.2968 -26.3442 -30.4295 11.0643 -25.7606 -30.1671
3 72 13.7662 -10.9071 -70.3004 13.9732 -12.6918 -66.3045 12.7486 -12.0183 -68.6522
3 72 13.7662 -10.9071 -70.3004 12.7486 -12.0183 -68.6522 11.5224 -11.504 -70.6583
3 72 8.2389 -10.3955 -75.451 9.8244 -10.5091 -74.045 11.5224 -11.504 -70.6583
3 72 30.1029 -20.2091 5.3678 27.0187 -22.0028 8.1694 25.0962 -23.1208 7.9714
3 72 22.6972 -24.0787 3.5835 20.9267 -24.7857 0.1117 23.5815 -23.7256 -1.4053
4 72 16.9713 -26.3655 -6.9091 16.9713 -26.3655 -8 24.2855 -23.4444 -8 18.0323 -25.9417 -4.935
3 72 20.9267 -24.7857 0.1117 18.0323 -25.9417 -4.935 23.5815 -23.7256 -1.4053
4 72 20.394 -18.1584 -46.7952 21.3347 -18.7983 -43.6371 22.8887 -20.4413 -36.6691 18.8227 -22.9902 -34.4333
3 72 23.7597 -21.1123 -31.3623 22.0402 -23.0689 -26.2395 18.8227 -22.9902 -34.4333
4 72 5.1401 -24.8985 -38.3557 4.8123 -23.7229 -42.9592 5.3857 -22.0706 -49.0349 6.8181 -21.657 -50.0649
3 72 4.3766 -24.7095 -39.3667 4.8123 -23.7229 -42.9592 5.1401 -24.8985 -38.3557
4 72 13.7662 -10.9071 -70.3004 17.8494 -11.1838 -66.0651 15.9466 -13.6386 -62.5213 13.9732 -12.6918 -66.3045
3 72 24.5836 -23.1678 -15.8737 24.4159 -23.3418 -10.5247 16.5941 -26.4313 -13.9707
3 72 36.1082 -11.3575 -36.8728 37.8724 -11.3954 -31.6867 36.4791 -12.9091 -31.2073
3 72 33.8318 -11.6076 -42.6866 36.1082 -11.3575 -36.8728 32.898 -12.6883 -42.1731
3 72 40.2413 -12.7088 -8 39.9233 -13.0383 -6.4787 39.9233 -13.0383 -8
3 72 39.4313 -11.5118 -24.6162 40.195 -11.9399 -19.5921 39.154 -13.0447 -19.3442
4 72 39.154 -13.0447 -19.3442 36.4791 -12.9091 -31.2073 38.8741 -11.3701 -27.5638 39.4313 -11.5118 -24.6162
3 72 37.8724 -11.3954 -31.6867 38.8741 -11.3701 -27.5638 36.4791 -12.9091 -31.2073
4 72 21.2465 -16.9085 -49.1056 20.7483 -16.4726 -50.8368 21.3283 -11.615 -61.864 27.5298 -11.6996 -53.2992
3 72 40.2413 -12.7088 -8 39.9233 -13.0383 -8 40.4705 -12.3015 -10.3524
4 72 39.9233 -13.0383 -8 39.154 -13.0447 -19.3442 40.4777 -11.9599 -15.1045 40.4705 -12.3015 -10.3524
3 72 40.195 -11.9399 -19.5921 40.4777 -11.9599 -15.1045 39.154 -13.0447 -19.3442
4 72 20.5923 -11.5884 -62.7529 21.3283 -11.615 -61.864 19.2087 -15.4124 -55.1106 17.2611 -14.4177 -59.6844
4 72 32.7885 -18.6473 -8 32.1445 -18.6747 -17.6746 39.154 -13.0447 -19.3442 39.9233 -13.0383 -8
4 72 16.5941 -26.4313 -13.9707 14.1102 -26.0585 -23.5111 22.0402 -23.0689 -26.2395 24.5836 -23.1678 -15.8737
3 72 22.0817 -17.6741 -46.0085 26.1411 -18.4024 -38.4575 23.0092 -18.5375 -42.2001
3 72 23.9431 -19.7803 -37.2489 23.0092 -18.5375 -42.2001 26.1411 -18.4024 -38.4575
3 72 5.1401 -24.8985 -38.3557 6.8181 -21.657 -50.0649 13.13 -22.0431 -43.6884
3 72 13.13 -22.0431 -43.6884 11.0643 -25.7606 -30.1671 5.1401 -24.8985 -38.3557
4 72 17.857 -16.5055 -53.9975 19.0247 -17.2559 -50.8853 14.4504 -16.8049 -57.0954 15.8857 -15.5858 -58.4175
4 72 4.0537 -25.2564 -36.7039 5.1401 -24.8985 -38.3557 11.0643 -25.7606 -30.1671 3.2968 -26.3442 -30.4295
4 72 7.691 -27.239 -21.808 11.0643 -25.7606 -30.1671 14.1102 -26.0585 -23.5111 8.7106 -27.2576 -20.2859
4 72 23.7597 -21.1123 -31.3623 23.9254 -21.2522 -30.2405 24.1794 -21.781 -26.9755 22.0402 -23.0689 -26.2395
4 72 24.1794 -21.781 -26.9755 24.5901 -22.693 -19.123 24.5836 -23.1678 -15.8737 22.0402 -23.0689 -26.2395
4 72 13.13 -22.0431 -43.6884 19.9612 -17.8307 -48.2478 20.394 -18.1584 -46.7952 18.8227 -22.9902 -34.4333
