0 ~Slope Brick 75  2 x  1 x  3 Inverted - without Side Surfaces
0 Name: s\2449s01.dat
0 Author: Rene Rechthaler [Blechtaler]
0 !LDRAW_ORG Unofficial_Subpart
0 !LICENSE Licensed under CC BY 4.0 : see CAreadme.txt

0 BFC CERTIFY CCW

1 16 0 2 -10 10 0 0 0 -2 0 0 0 -20 box2-5.dat
1 16 0 38 -20 0 0 10 34 0 0 10 1 0 rect2p.dat
1 16 0 4 -8 6 0 0 0 -1 0 0 0 18 rect.dat
1 16 0 30 -17.765 0 0 6 26 0 0 8.235 -1 0 rect2p.dat
1 16 0 56 0.235 6 0 0 0 1 0 0 0 9.765 rect.dat
0 BFC INVERTNEXT
1 16 0 72 0 6 0 0 0 -12 0 0 0 6 box5.dat
4 16 10 72 10 6 72 6 -6 72 6 -10 72 10
4 16 -10 72 10 -6 72 6 -6 72 -6 -10 72 -10
4 16 -10 72 -10 -6 72 -6 6 72 -6 10 72 -10
4 16 10 72 -10 6 72 -6 6 72 6 10 72 10
1 16 0 72 0 10 0 0 0 1 0 0 0 10 recte4.dat
2 24 6 56 10 6 4 10
2 24 -6 56 10 -6 4 10
2 24 10 72 10 10 0 10
2 24 -10 72 10 -10 0 10
4 16 10 72 10 -10 72 10 -6 56 10 6 56 10
4 16 10 72 10 6 56 10 6 4 10 10 0 10
4 16 -10 72 10 -10 0 10 -6 4 10 -6 56 10
4 16 10 0 10 6 4 10 -6 4 10 -10 0 10
4 16 6 56 10 6 56 -9.53 6 4 -26 6 4 10
4 16 -6 56 10 -6 4 10 -6 4 -26 -6 56 -9.53
1 16 0 0 -10 1 0 0 0 1 0 0 0 1 stug2-2x1.dat
1 16 0 40 -13.331 0 0 4 4 0 0 0 -1.267 0 4-4cylse.dat
1 16 0 20 -19.665 0 0 4 4 0 0 0 -1.267 0 4-4cylse.dat
1 16 0 20 -19.665 1 0 0 0 0 1 0 -7.41625 0 stud3a.dat
1 16 0 40 -13.331 1 0 0 0 0 1 0 -5.83275 0 stud3a.dat