0 ~Animal Dragon Baby Body Spine Tail
0 Name: s\26090s06.dat
0 Author: Javier Orquera [kuramapika1]
0 !LDRAW_ORG Unofficial_Subpart
0 !LICENSE Licensed under CC BY 4.0 : see CAreadme.txt

0 BFC CERTIFY CCW

3 16 2.3906 -24.232 12.9906 0 -26.1837 14.4354 1.7067 -25.7022 11.1369
3 16 1.7067 -25.7022 11.1369 0 -26.1837 14.4354 0 -27.0344 12.0574
3 16 0 -26.1837 14.4354 2.3906 -24.232 12.9906 -.1033 -22.9549 15.7437
3 16 -.1033 -22.9549 15.7437 2.3906 -24.232 12.9906 1.764 -21.7825 14.5838
3 16 1.764 -21.7825 14.5838 2.2493 -19.5997 16.8042 -.1033 -22.9549 15.7437
3 16 -.1033 -22.9549 15.7437 2.2493 -19.5997 16.8042 .0134 -20.985 18.4419
3 16 2.1194 -18.4728 17.7327 2.7368 -17.2093 19.4302 .3916 -19.2206 19.5311
3 16 .3916 -19.2206 19.5311 2.7368 -17.2093 19.4302 1.0335 -18.5943 21.1217
3 16 4.5286 -14.693 16.9681 4.496 -14.3421 19.5321 2.7368 -17.2093 19.4302
3 16 4.496 -14.3421 19.5321 2.2456 -16.6711 22.1696 2.7368 -17.2093 19.4302
3 16 2.2456 -16.6711 22.1696 1.0335 -18.5943 21.1217 2.7368 -17.2093 19.4302
3 16 2.2456 -16.6711 22.1696 4.1215 -13.6985 24.4835 .5568 -13.5842 21.8091
3 16 -1.9712 -14.0878 19.1989 -.4974 -16.5768 20.3255 .5568 -13.5842 21.8091
3 16 .5568 -13.5842 21.8091 -.4974 -16.5768 20.3255 2.2456 -16.6711 22.1696
3 16 -.4974 -16.5768 20.3255 1.0335 -18.5943 21.1217 2.2456 -16.6711 22.1696
3 16 1.0335 -18.5943 21.1217 -.4974 -16.5768 20.3255 .3916 -19.2206 19.5311
3 16 .3916 -19.2206 19.5311 -.4974 -16.5768 20.3255 -.9434 -17.2244 18.8868
3 16 .0134 -20.985 18.4419 .3916 -19.2206 19.5311 -1.7632 -19.1643 16.7419
3 16 -1.7632 -19.1643 16.7419 .3916 -19.2206 19.5311 -.9434 -17.2244 18.8868
3 16 -1.7938 -21.5757 14.6751 .0134 -20.985 18.4419 -1.7632 -19.1643 16.7419
3 16 .0134 -20.985 18.4419 -1.7938 -21.5757 14.6751 -.1033 -22.9549 15.7437
4 16 -1.7938 -21.5757 14.6751 -2.531 -24.1161 12.8266 0 -26.1837 14.4354 -.1033 -22.9549 15.7437
3 16 6.6082 -14.5811 23.1288 4.4552 -15.2461 23.7762 4.496 -14.3421 19.5321
3 16 4.496 -14.3421 19.5321 4.4552 -15.2461 23.7762 2.2456 -16.6711 22.1696
3 16 5.0074 -21.1073 10.776 2.3906 -24.232 12.9906 3.1278 -24.1571 9.7344
3 16 3.1278 -24.1571 9.7344 2.3906 -24.232 12.9906 1.7067 -25.7022 11.1369
3 16 5.0074 -21.1073 10.776 3.0368 -19.9216 13.2313 2.3906 -24.232 12.9906
3 16 2.3906 -24.232 12.9906 3.0368 -19.9216 13.2313 1.764 -21.7825 14.5838
3 16 1.764 -21.7825 14.5838 3.0368 -19.9216 13.2313 2.2493 -19.5997 16.8042
3 16 2.2493 -19.5997 16.8042 3.0368 -19.9216 13.2313 4.0683 -17.1965 14.1423
3 16 4.5286 -14.693 16.9681 2.7368 -17.2093 19.4302 3.5421 -16.16 15.3611
3 16 3.5421 -16.16 15.3611 2.7368 -17.2093 19.4302 2.1194 -18.4728 17.7327
3 16 -.4974 -16.5768 20.3255 -1.9712 -14.0878 19.1989 -.9434 -17.2244 18.8868
3 16 -.9434 -17.2244 18.8868 -1.9712 -14.0878 19.1989 -2.1678 -15.3136 17.6773
4 16 -.9434 -17.2244 18.8868 -2.1678 -15.3136 17.6773 -3.2513 -17.3961 15.1014 -1.7632 -19.1643 16.7419
3 16 -1.7938 -21.5757 14.6751 -1.7632 -19.1643 16.7419 -2.9722 -19.9577 13.2728
3 16 -2.9722 -19.9577 13.2728 -1.7632 -19.1643 16.7419 -3.2513 -17.3961 15.1014
3 16 -1.7938 -21.5757 14.6751 -2.9722 -19.9577 13.2728 -2.531 -24.1161 12.8266
3 16 -2.531 -24.1161 12.8266 -2.9722 -19.9577 13.2728 -5.0074 -21.1073 10.776
3 16 4.4552 -15.2461 23.7762 6.6082 -14.5811 23.1288 5.9558 -14.3189 24.701
4 16 2.2456 -16.6711 22.1696 4.4552 -15.2461 23.7762 5.4093 -14.088 24.7567 4.1215 -13.6985 24.4835
3 16 5.4093 -14.088 24.7567 4.4552 -15.2461 23.7762 5.9558 -14.3189 24.701
3 16 4.0683 -17.1965 14.1423 3.5421 -16.16 15.3611 2.2493 -19.5997 16.8042
3 16 2.2493 -19.5997 16.8042 3.5421 -16.16 15.3611 2.1194 -18.4728 17.7327
3 16 2.1194 -18.4728 17.7327 .3916 -19.2206 19.5311 2.2493 -19.5997 16.8042
3 16 2.2493 -19.5997 16.8042 .3916 -19.2206 19.5311 .0134 -20.985 18.4419
3 16 -2.531 -24.1161 12.8266 -1.7067 -25.7022 11.1369 0 -26.1837 14.4354
3 16 0 -26.1837 14.4354 -1.7067 -25.7022 11.1369 0 -27.0344 12.0574
3 16 -5.0074 -21.1073 10.776 -3.1278 -24.1571 9.7344 -2.531 -24.1161 12.8266
3 16 -2.531 -24.1161 12.8266 -3.1278 -24.1571 9.7344 -1.7067 -25.7022 11.1369

5 24 .3916 -19.2206 19.5311 2.1194 -18.4728 17.7327 2.2493 -19.5997 16.8042 2.7368 -17.2093 19.4302
5 24 .5568 -13.5842 21.8091 -.4974 -16.5768 20.3255 2.2456 -16.6711 22.1696 -1.9712 -14.0878 19.1989
5 24 -2.531 -24.1161 12.8266 -1.7067 -25.7022 11.1369 0 -26.1837 14.4354 -3.1278 -24.1571 9.7344
2 24 4.5286 -14.693 16.9681 3.5421 -16.16 15.3611
5 24 0 -26.1837 14.4354 -1.7067 -25.7022 11.1369 0 -27.0344 12.0574 -2.531 -24.1161 12.8266
2 24 5.0074 -21.1073 10.776 3.1278 -24.1571 9.7344
5 24 2.1194 -18.4728 17.7327 3.5421 -16.16 15.3611 2.2493 -19.5997 16.8042 2.7368 -17.2093 19.4302
2 24 5.9558 -14.3189 24.701 4.4552 -15.2461 23.7762
2 24 0 -26.1837 14.4354 0 -27.0344 12.0574
5 24 -.9434 -17.2244 18.8868 -1.7632 -19.1643 16.7419 .3916 -19.2206 19.5311 -2.1678 -15.3136 17.6773
5 24 -2.1678 -15.3136 17.6773 -.9434 -17.2244 18.8868 -1.9712 -14.0878 19.1989 -3.2513 -17.3961 15.1014
2 24 4.0683 -17.1965 14.1423 3.0368 -19.9216 13.2313
2 24 2.2456 -16.6711 22.1696 1.0335 -18.5943 21.1217
2 24 5.4093 -14.088 24.7567 5.9558 -14.3189 24.701
5 24 5.4093 -14.088 24.7567 4.4552 -15.2461 23.7762 5.9558 -14.3189 24.701 4.1215 -13.6985 24.4835
5 24 6.6082 -14.5811 23.1288 4.4552 -15.2461 23.7762 5.9558 -14.3189 24.701 4.496 -14.3421 19.5321
5 24 -.1033 -22.9549 15.7437 2.3906 -24.232 12.9906 0 -26.1837 14.4354 1.764 -21.7825 14.5838
2 24 .0134 -20.985 18.4419 .3916 -19.2206 19.5311
2 24 -1.9712 -14.0878 19.1989 .5568 -13.5842 21.8091
5 24 -1.7938 -21.5757 14.6751 -.1033 -22.9549 15.7437 -2.531 -24.1161 12.8266 .0134 -20.985 18.4419
5 24 -1.7632 -19.1643 16.7419 -3.2513 -17.3961 15.1014 -.9434 -17.2244 18.8868 -2.9722 -19.9577 13.2728
2 24 -2.9722 -19.9577 13.2728 -3.2513 -17.3961 15.1014
5 24 4.496 -14.3421 19.5321 4.4552 -15.2461 23.7762 6.6082 -14.5811 23.1288 2.2456 -16.6711 22.1696
5 24 2.3906 -24.232 12.9906 0 -26.1837 14.4354 -.1033 -22.9549 15.7437 1.7067 -25.7022 11.1369
5 24 -.1033 -22.9549 15.7437 2.2493 -19.5997 16.8042 .0134 -20.985 18.4419 1.764 -21.7825 14.5838
2 24 -3.1278 -24.1571 9.7344 -5.0074 -21.1073 10.776
5 24 2.2493 -19.5997 16.8042 3.0368 -19.9216 13.2313 1.764 -21.7825 14.5838 4.0683 -17.1965 14.1423
5 24 -1.7632 -19.1643 16.7419 -2.9722 -19.9577 13.2728 -3.2513 -17.3961 15.1014 -1.7938 -21.5757 14.6751
5 24 2.2493 -19.5997 16.8042 .3916 -19.2206 19.5311 2.1194 -18.4728 17.7327 .0134 -20.985 18.4419
2 24 -.1033 -22.9549 15.7437 0 -26.1837 14.4354
5 24 -.4974 -16.5768 20.3255 -.9434 -17.2244 18.8868 .3916 -19.2206 19.5311 -1.9712 -14.0878 19.1989
5 24 1.7067 -25.7022 11.1369 0 -26.1837 14.4354 0 -27.0344 12.0574 2.3906 -24.232 12.9906
5 24 .3916 -19.2206 19.5311 2.7368 -17.2093 19.4302 2.1194 -18.4728 17.7327 1.0335 -18.5943 21.1217
2 24 -3.2513 -17.3961 15.1014 -2.1678 -15.3136 17.6773
5 24 5.0074 -21.1073 10.776 2.3906 -24.232 12.9906 3.0368 -19.9216 13.2313 3.1278 -24.1571 9.7344
5 24 2.3906 -24.232 12.9906 1.764 -21.7825 14.5838 3.0368 -19.9216 13.2313 -.1033 -22.9549 15.7437
5 24 -.4974 -16.5768 20.3255 .3916 -19.2206 19.5311 -.9434 -17.2244 18.8868 1.0335 -18.5943 21.1217
5 24 3.0368 -19.9216 13.2313 1.764 -21.7825 14.5838 2.2493 -19.5997 16.8042 2.3906 -24.232 12.9906
5 24 4.496 -14.3421 19.5321 2.2456 -16.6711 22.1696 2.7368 -17.2093 19.4302 4.4552 -15.2461 23.7762
5 24 3.1278 -24.1571 9.7344 2.3906 -24.232 12.9906 1.7067 -25.7022 11.1369 5.0074 -21.1073 10.776
5 24 1.0335 -18.5943 21.1217 -.4974 -16.5768 20.3255 2.2456 -16.6711 22.1696 .3916 -19.2206 19.5311
5 24 -1.7938 -21.5757 14.6751 .0134 -20.985 18.4419 -1.7632 -19.1643 16.7419 -.1033 -22.9549 15.7437
5 24 -2.531 -24.1161 12.8266 -1.7938 -21.5757 14.6751 -2.9722 -19.9577 13.2728 0 -26.1837 14.4354
5 24 -2.531 -24.1161 12.8266 -3.1278 -24.1571 9.7344 -5.0074 -21.1073 10.776 -1.7067 -25.7022 11.1369
2 24 6.6082 -14.5811 23.1288 4.496 -14.3421 19.5321
5 24 2.7368 -17.2093 19.4302 1.0335 -18.5943 21.1217 2.2456 -16.6711 22.1696 .3916 -19.2206 19.5311
5 24 2.2493 -19.5997 16.8042 3.5421 -16.16 15.3611 2.1194 -18.4728 17.7327 4.0683 -17.1965 14.1423
5 24 2.3906 -24.232 12.9906 3.0368 -19.9216 13.2313 1.764 -21.7825 14.5838 5.0074 -21.1073 10.776
5 24 -1.9712 -14.0878 19.1989 -.4974 -16.5768 20.3255 -.9434 -17.2244 18.8868 .5568 -13.5842 21.8091
2 24 4.4552 -15.2461 23.7762 2.2456 -16.6711 22.1696
5 24 .5568 -13.5842 21.8091 2.2456 -16.6711 22.1696 4.1215 -13.6985 24.4835 -.4974 -16.5768 20.3255
2 24 3.5421 -16.16 15.3611 4.0683 -17.1965 14.1423
5 24 2.1194 -18.4728 17.7327 2.2493 -19.5997 16.8042 3.5421 -16.16 15.3611 .3916 -19.2206 19.5311
5 24 -.4974 -16.5768 20.3255 2.2456 -16.6711 22.1696 .5568 -13.5842 21.8091 1.0335 -18.5943 21.1217
5 24 2.2493 -19.5997 16.8042 .0134 -20.985 18.4419 -.1033 -22.9549 15.7437 .3916 -19.2206 19.5311
5 24 -5.0074 -21.1073 10.776 -2.531 -24.1161 12.8266 -2.9722 -19.9577 13.2728 -3.1278 -24.1571 9.7344
5 24 1.7067 -25.7022 11.1369 2.3906 -24.232 12.9906 0 -26.1837 14.4354 3.1278 -24.1571 9.7344
5 24 -.9434 -17.2244 18.8868 -1.9712 -14.0878 19.1989 -.4974 -16.5768 20.3255 -2.1678 -15.3136 17.6773
2 24 3.0368 -19.9216 13.2313 5.0074 -21.1073 10.776
5 24 2.7368 -17.2093 19.4302 4.496 -14.3421 19.5321 2.2456 -16.6711 22.1696 4.5286 -14.693 16.9681
5 24 -2.9722 -19.9577 13.2728 -2.531 -24.1161 12.8266 -5.0074 -21.1073 10.776 -1.7938 -21.5757 14.6751
2 24 -2.1678 -15.3136 17.6773 -1.9712 -14.0878 19.1989
5 24 -2.9722 -19.9577 13.2728 -1.7938 -21.5757 14.6751 -1.7632 -19.1643 16.7419 -2.531 -24.1161 12.8266
2 24 1.0335 -18.5943 21.1217 .3916 -19.2206 19.5311
5 24 2.2456 -16.6711 22.1696 2.7368 -17.2093 19.4302 4.496 -14.3421 19.5321 1.0335 -18.5943 21.1217
2 24 -5.0074 -21.1073 10.776 -2.9722 -19.9577 13.2728
5 24 2.7368 -17.2093 19.4302 4.5286 -14.693 16.9681 3.5421 -16.16 15.3611 4.496 -14.3421 19.5321
5 24 -1.7632 -19.1643 16.7419 -1.7938 -21.5757 14.6751 -2.9722 -19.9577 13.2728 .0134 -20.985 18.4419
2 24 4.496 -14.3421 19.5321 4.5286 -14.693 16.9681
5 24 1.764 -21.7825 14.5838 2.2493 -19.5997 16.8042 3.0368 -19.9216 13.2313 -.1033 -22.9549 15.7437
2 24 5.9558 -14.3189 24.701 6.6082 -14.5811 23.1288
2 24 4.1215 -13.6985 24.4835 5.4093 -14.088 24.7567
5 24 0 -26.1837 14.4354 -2.531 -24.1161 12.8266 -.1033 -22.9549 15.7437 -1.7067 -25.7022 11.1369
5 24 2.1194 -18.4728 17.7327 2.7368 -17.2093 19.4302 3.5421 -16.16 15.3611 .3916 -19.2206 19.5311
5 24 1.764 -21.7825 14.5838 -.1033 -22.9549 15.7437 2.3906 -24.232 12.9906 2.2493 -19.5997 16.8042
5 24 2.2456 -16.6711 22.1696 4.1215 -13.6985 24.4835 .5568 -13.5842 21.8091 4.4552 -15.2461 23.7762
5 24 3.5421 -16.16 15.3611 2.7368 -17.2093 19.4302 2.1194 -18.4728 17.7327 4.5286 -14.693 16.9681
5 24 -1.7632 -19.1643 16.7419 .0134 -20.985 18.4419 -1.7938 -21.5757 14.6751 .3916 -19.2206 19.5311
5 24 -.9434 -17.2244 18.8868 .3916 -19.2206 19.5311 -1.7632 -19.1643 16.7419 -.4974 -16.5768 20.3255
5 24 4.0683 -17.1965 14.1423 2.2493 -19.5997 16.8042 3.0368 -19.9216 13.2313 3.5421 -16.16 15.3611
2 24 .0134 -20.985 18.4419 -.1033 -22.9549 15.7437
2 24 .5568 -13.5842 21.8091 4.1215 -13.6985 24.4835
5 24 .3916 -19.2206 19.5311 -1.7632 -19.1643 16.7419 -.9434 -17.2244 18.8868 .0134 -20.985 18.4419