0 ~Keychain - Key Ring - Half
0 Name: s\27055k04s01.dat
0 Author: Rene Rechthaler [Blechtaler]
0 !LDRAW_ORG Unofficial_Subpart
0 !LICENSE Licensed under CC BY 4.0 : see CAreadme.txt

0 BFC CERTIFY CCW

1 16 0 0 2.2 0 0 6.25 6.25 0 0 0 -1 0 7-16ring4.dat
1 16 0 0 .8 0 0 31.25 31.25 0 0 0 1.4 0 7-16cylo.dat
0 BFC INVERTNEXT
1 16 0 0 .8 0 0 25 25 0 0 0 1.4 0 7-16cylo.dat
1 16 0 0 .8 0 0 6.25 6.25 0 0 0 1 0 7-16ring4.dat
1 16 0 0 -.8 0 0 6.25 6.25 0 0 0 -1 0 7-16ring4.dat
1 16 0 0 -.8 0 0 31.25 31.25 0 0 0 -1.4 0 7-16cylo.dat
0 BFC INVERTNEXT
1 16 0 0 -.8 0 0 25 25 0 0 0 -1.4 0 7-16cylo.dat
1 16 0 0 -2.2 0 0 6.25 6.25 0 0 0 1 0 7-16ring4.dat
1 16 10.7634 -25.9847 -1.5 0 0 -1.1959 0 1 2.8872 .7 0 0 rect.dat
4 16 0 -31.25 .7 0 -31.25 -.7 11.9594 -28.8719 .8 11.9594 -28.8719 2.2
4 16 9.5675 -23.0975 2.2 9.5675 -23.0975 .8 0 -25 -.7 0 -25 .7
3 16 11.9594 -28.8719 .8 0 -31.25 -.7 9.5675 -23.0975 .8
3 16 9.5675 -23.0975 .8 0 -31.25 -.7 0 -25 -.7
3 16 11.9594 -28.8719 2.2 9.5675 -23.0975 2.2 0 -31.25 .7
3 16 0 -31.25 .7 9.5675 -23.0975 2.2 0 -25 .7
2 24 0 -31.25 -.7 11.9594 -28.8719 .8
2 24 0 -25 -.7 9.5675 -23.0975 .8
2 24 0 -25 .7 9.5675 -23.0975 2.2
2 24 0 -31.25 .7 11.9594 -28.8719 2.2

5 24 9.5675 -23.0975 2.2 0 -31.25 .7 11.9594 -28.8719 2.2 0 -25 .7
5 24 11.9594 -28.8719 2.2 9.5675 -23.0975 2.2 0 -31.25 .7 17.6775 -17.6775 2.2
5 24 0 -31.25 -.7 9.5675 -23.0975 .8 11.9594 -28.8719 .8 0 -25 -.7
5 24 9.5675 -23.0975 .8 11.9594 -28.8719 .8 0 -31.25 -.7 17.6775 -17.6775 .8
5 24 11.9594 -28.8719 .8 11.9594 -28.8719 2.2 0 -31.25 .7 22.0969 -22.0969 .8
5 24 9.5675 -23.0975 .8 9.5675 -23.0975 2.2 0 -25 .7 17.6775 -17.6775 .8