0 ~Minifig Head with Gold Mesh Veil Half Pattern
0 Name: s\28621p07s01.dat
0 Author: Philippe Hurbain [Philo]
0 !LDRAW_ORG Unofficial_Subpart
0 !LICENSE Licensed under CC BY 4.0 : see CAreadme.txt

0 BFC CERTIFY CCW

4 0 5.2439 8.0178 -11.831 5.5657 8.6558 -11.616 5.7457 8.2425 -11.4956 5.4148 7.9912 -11.7168
4 0 4.9751 7.9854 -12.0107 3.8522 7.8502 -12.234 3.8564 8.4061 -12.2332 4.1099 8.5004 -12.1827
4 0 4.8679 10.6447 -12.032 4.9751 10.4731 -12.0107 4.2897 9.3223 -12.147 4.1255 9.4904 -12.1797
4 0 5.1858 9.9727 -11.8699 5.2251 9.6006 -11.8436 4.9751 8.7233 -12.0107 4.9751 10.4731 -12.0107
3 0 4.9751 10.4731 -12.0107 5.0662 10.3273 -11.9498 5.1858 9.9727 -11.8699
4 0 5.0699 8.8718 -11.9473 4.9751 8.7233 -12.0107 5.2251 9.6006 -11.8436 5.1857 9.2281 -11.87
4 0 5.5657 8.6558 -11.616 5.2439 8.0178 -11.831 4.9751 7.9854 -12.0107 4.9751 8.5716 -12.0107
4 0 5.5657 8.6558 -11.616 5.8995 8.6299 -11.3928 5.9387 8.2535 -11.3666 5.7457 8.2425 -11.4956
4 0 5.8995 8.6299 -11.3928 6.2361 8.4634 -11.1678 6.3515 8.3299 -11.0907 5.9387 8.2535 -11.3666
3 0 6.3515 8.3299 -11.0907 6.4009 8.1675 -11.0577 5.9387 8.2535 -11.3666
3 0 5.7457 8.2425 -11.4956 5.835 7.7978 -11.4359 5.4148 7.9912 -11.7168
4 0 0.883 15.567 -12.8244 0 15.5709 -13 0 16.4176 -13 0.8188 16.3799 -12.8372
3 0 0.8188 16.3799 -12.8372 1.5995 16.2922 -12.6819 0.883 15.567 -12.8244
3 0 4.9751 8.5716 -12.0107 4.9751 7.9854 -12.0107 4.8685 8.5564 -12.0319
4 0 4.286 8.6561 -12.1477 4.8685 8.5564 -12.0319 4.9751 7.9854 -12.0107 4.1099 8.5004 -12.1827
4 0 3.3953 8.461 -12.3249 3.6212 8.3962 -12.2799 3.8522 7.8502 -12.234 3.102 7.9425 -12.3832
4 0 2.5444 8.5629 -12.4941 3.2015 8.5973 -12.3634 3.102 7.9425 -12.3832 2.6977 8.087 -12.4636
3 0 2.6977 8.087 -12.4636 2.2435 8.3549 -12.5539 2.5444 8.5629 -12.4941
4 0 2.2435 8.3549 -12.5539 2.0927 8.5012 -12.5839 2.0368 8.6479 -12.595 2.5444 8.5629 -12.4941
4 0 2.2264 9.2376 -12.5573 3.0328 9.0254 -12.3969 2.5444 8.5629 -12.4941 2.3545 8.8862 -12.5318
3 0 2.5444 8.5629 -12.4941 3.0328 9.0254 -12.3969 3.0723 8.7932 -12.3891
3 0 3.8564 8.4061 -12.2332 3.8522 7.8502 -12.234 3.6212 8.3962 -12.2799
3 0 2.5444 8.5629 -12.4941 3.0723 8.7932 -12.3891 3.2015 8.5973 -12.3634
4 0 4.9751 8.7233 -12.0107 4.8685 8.5564 -12.0319 4.286 8.6561 -12.1477 4.3815 8.8709 -12.1287
3 0 3.2015 8.5973 -12.3634 3.3953 8.461 -12.3249 3.102 7.9425 -12.3832
4 0 4.3804 9.1055 -12.129 4.2897 9.3223 -12.147 4.9751 10.4731 -12.0107 4.9751 8.7233 -12.0107
3 0 4.9751 8.7233 -12.0107 4.3815 8.8709 -12.1287 4.3804 9.1055 -12.129
4 0 4.1255 9.4904 -12.1797 3.9111 9.5862 -12.2223 4.5975 10.9032 -12.0858 4.8679 10.6447 -12.032
3 0 4.2692 11.0828 -12.1511 4.5975 10.9032 -12.0858 3.9111 9.5862 -12.2223
3 0 3.5314 11.1725 -12.2978 3.9058 11.172 -12.2233 3.6754 9.6061 -12.2692
4 0 4.2692 11.0828 -12.1511 3.9111 9.5862 -12.2223 3.6754 9.6061 -12.2692 3.9058 11.172 -12.2233
4 0 2.5657 10.6502 -12.4898 2.8393 10.9054 -12.4354 3.1681 11.0836 -12.37 3.4447 9.5546 -12.315
4 0 3.5314 11.1725 -12.2978 3.6754 9.6061 -12.2692 3.4447 9.5546 -12.315 3.1681 11.0836 -12.37
3 0 2.3604 10.3356 -12.5306 2.5657 10.6502 -12.4898 3.4447 9.5546 -12.315
4 0 2.2329 9.982 -12.556 2.3604 10.3356 -12.5306 3.4447 9.5546 -12.315 3.2425 9.4346 -12.3552
4 0 3.0328 9.0254 -12.3969 2.2264 9.2376 -12.5573 2.187 9.6097 -12.5651 3.0941 9.2524 -12.3847
4 0 2.2329 9.982 -12.556 3.2425 9.4346 -12.3552 3.0941 9.2524 -12.3847 2.187 9.6097 -12.5651
4 0 3.142 15.3559 -12.3752 2.5104 15.2933 -12.5008 1.476 15.4877 -12.7065 2.1335 16.1497 -12.5757
4 16 11.6592 2.4691 -4.8296 11.0481 3.4725 -6.1837 11.2502 4 -6.1126 12.0104 4 -4.9752
4 16 1.7617 2.4691 -12.269 4.8296 2.4691 -11.6592 4.4144 1.1718 -10.6576 1.6804 1.3429 -11.3441
4 16 1.7617 2.4691 -12.269 2.6757 3.0713 -12.2371 3.5921 3.2722 -12.1048 4.8296 2.4691 -11.6592
4 16 4.4144 19.8282 -10.6576 8.1568 19.8282 -8.1568 7.8596 18.8845 -9.2855 7.5844 18.9287 -9.4258
3 16 11.6592 18.5309 -4.8296 9.8703 18.4096 -7.5593 9.5862 18.5159 -7.9378
4 16 9.192 15.1954 -9.192 9.2892 15.3047 -9.0466 9.3061 13.2818 -9.0213 9.192 13.4788 -9.192
4 16 1.377 3.2714 -12.5451 0.5293 3.6181 -12.7998 0.454 3.6509 -12.8229 0.2648 4 -12.9473
3 16 9.0746 17.6688 -9.0746 9.7286 17 -8.3891 9.192 17 -9.192
4 16 7.5113 13.4901 -10.3155 8.0502 13.2193 -9.9552 7.7603 12.3077 -10.149 7.2756 12.5881 -10.473
4 16 8.4498 11.2908 -9.6881 9.192 10.5019 -9.192 6.4009 8.1675 -11.0577 6.3515 8.3299 -11.0907
4 16 8.0197 4.8279 -9.9756 9.192 4 -9.192 4.9751 4 -12.0107 6.2075 4.489 -11.1869
3 16 7.9159 13.8212 -10.045 8.2521 14.189 -9.8202 8.8566 13.1968 -9.4162
3 16 9.192 13.4788 -9.192 8.5901 14.5181 -9.5943 9.192 15.1954 -9.192
4 16 9.192 15.8243 -9.192 7.1218 16.5316 -10.5758 7.0481 17 -10.6251 9.192 17 -9.192
4 16 0 2.3498 -12.5195 0.4366 2.4691 -12.5324 0.713 2.3011 -12.3371 0 1.8976 -12.1417
4 16 3.2853 13.3612 -12.3467 2.6718 12.9034 -12.4687 1.4662 14.728 -12.7084 1.9739 14.9545 -12.6075
3 16 4.5597 4 -12.0933 4.9751 4.1233 -12.0107 4.9751 4 -12.0107
3 16 4.9751 8.5716 -12.0107 4.8685 8.5564 -12.0319 4.9751 8.7233 -12.0107
3 16 4.9751 14.1486 -12.0107 4.8428 14.2901 -12.037 4.9751 14.452 -12.0107
3 16 0 18.5309 -12.6192 1.4085 17.1618 -12.6797 0.455 17.3764 -12.8159
4 16 2.181 17.1138 -12.538 2.0308 17.144 -12.5603 1.7481 17.3705 -12.5602 2.4307 17.17 -12.4744
4 16 7.8953 18.5059 -9.6175 9.0746 17.6688 -9.0746 9.192 17 -9.192 7.0481 17 -10.6251
3 16 8.9904 18.148 -8.9904 8.4547 18.5309 -9.2363 8.9232 18.5309 -8.9232
4 16 6.622 17.2704 -10.8306 6.2337 17.3665 -11.062 4.9006 18.5309 -11.6117 7.3924 18.5309 -9.9463
4 16 6.1273 17 -11.2405 5.9583 16.3169 -11.3535 4.9751 15.1421 -12.0107 4.9751 17 -12.0107
4 16 5.9583 16.3169 -11.3535 6.1273 17 -11.2405 6.1909 16.7996 -11.1981 6.1671 16.601 -11.2139
4 16 9.7132 16.5477 -8.4123 9.2372 15.8716 -9.1243 9.192 15.8243 -9.192 9.192 17 -9.192
4 16 9.8674 16.8582 -8.1815 9.7132 16.5477 -8.4123 9.192 17 -9.192 9.7286 17 -8.3891
3 16 8.9232 2.4691 -8.9232 9.9625 2.4691 -7.3683 9.8356 2.2064 -7.1706
4 16 8.1568 1.1718 -8.1568 8.9232 2.4691 -8.9232 9.8356 2.2064 -7.1706 9.2964 1.603 -7.0873
3 16 10.4788 2.4691 -6.5958 11.6592 2.4691 -4.8296 10.4678 2.4498 -6.5837
4 16 9.4275 1.4608 -6.6813 10.163 2.0618 -6.4673 11.6592 2.4691 -4.8296 10.6576 1.1718 -4.4144
3 16 10.4678 2.4498 -6.5837 11.6592 2.4691 -4.8296 10.163 2.0618 -6.4673
3 16 8.1568 1.1718 -8.1568 9.2964 1.603 -7.0873 9.1187 1.2899 -6.8914
3 16 10.6576 1.1718 -4.4144 8.1568 1.1718 -8.1568 9.1187 1.2899 -6.8914
3 16 10.6576 1.1718 -4.4144 9.1187 1.2899 -6.8914 9.4275 1.4608 -6.6813
3 16 11.6592 2.4691 -4.8296 10.4788 2.4691 -6.5958 11.0481 3.4725 -6.1837
4 16 7.3281 3.3665 -10.2523 8.2549 3.2089 -9.5867 9.0133 2.982 -9.0133 8.9232 2.4691 -8.9232
4 16 6.3947 3.4534 -10.9017 7.3281 3.3665 -10.2523 8.9232 2.4691 -8.9232 4.8296 2.4691 -11.6592
4 16 6.3947 3.4534 -10.9017 4.8296 2.4691 -11.6592 4.9207 3.4273 -11.8792 5.4569 3.4618 -11.5309
4 16 4.4144 1.1718 -10.6576 0 1.1718 -11.5352 0 1.327 -11.6649 1.6804 1.3429 -11.3441
4 16 3.5921 3.2722 -12.1048 4.5209 3.4017 -11.9523 4.9207 3.4273 -11.8792 4.8296 2.4691 -11.6592
3 16 1.7617 2.4691 -12.269 1.7842 2.7812 -12.3422 2.6757 3.0713 -12.2371
3 16 4.4144 19.8282 -10.6576 4.8081 18.5982 -11.6073 4.2887 18.8971 -11.4607
3 16 4.4144 19.8282 -10.6576 4.2887 18.8971 -11.4607 4.0839 18.9359 -11.469
3 16 0.0318 18.9181 -12.2893 0 18.9055 -12.3062 0 19.8282 -11.5352
4 16 3.9045 18.8185 -11.6028 3.6474 18.5309 -11.8942 0.5282 18.5309 -12.5142 0 19.8282 -11.5352
3 16 0.5282 18.5309 -12.5142 0.1775 18.8645 -12.3052 0 19.8282 -11.5352
3 16 0.1775 18.8645 -12.3052 0.0318 18.9181 -12.2893 0 19.8282 -11.5352
4 16 4.0839 18.9359 -11.469 3.9045 18.8185 -11.6028 0 19.8282 -11.5352 4.4144 19.8282 -10.6576
4 16 8.1568 19.8282 -8.1568 8.9232 18.5309 -8.9232 8.4547 18.5309 -9.2363 8.1701 18.7343 -9.226
4 16 4.8081 18.5982 -11.6073 4.4144 19.8282 -10.6576 7.3924 18.5309 -9.9463 4.9006 18.5309 -11.6117
3 16 7.5844 18.9287 -9.4258 7.3924 18.5309 -9.9463 4.4144 19.8282 -10.6576
3 16 8.1568 19.8282 -8.1568 8.1701 18.7343 -9.226 7.8596 18.8845 -9.2855
4 16 10.3293 17.4769 -7.2814 10.2824 17.8034 -7.2085 11.6592 18.5309 -4.8296 12.0104 17 -4.9752
3 16 12.0104 17 -4.9752 10.2492 17 -7.6103 10.3293 17.4769 -7.2814
4 16 9.0713 18.0902 -8.8948 8.9904 18.148 -8.9904 8.9232 18.5309 -8.9232 9.1023 18.3425 -8.7378
3 16 11.6592 18.5309 -4.8296 10.2824 17.8034 -7.2085 10.1411 18.1121 -7.2845
3 16 9.2422 18.499 -8.4599 9.1023 18.3425 -8.7378 8.9232 18.5309 -8.9232
3 16 9.5862 18.5159 -7.9378 9.2422 18.499 -8.4599 8.9232 18.5309 -8.9232
3 16 11.6592 18.5309 -4.8296 10.1411 18.1121 -7.2845 9.8703 18.4096 -7.5593
3 16 9.5862 18.5159 -7.9378 8.9232 18.5309 -8.9232 11.6592 18.5309 -4.8296
3 16 9.2892 15.3047 -9.0466 9.9456 16.2754 -8.0645 9.3061 13.2818 -9.0213
4 16 9.9447 11.789 -8.0659 9.7629 12.1048 -8.3379 9.3061 13.2818 -9.0213 9.9456 16.2754 -8.0645
4 16 9.192 12.3003 -9.192 9.4195 12.044 -8.8516 9.6982 11.554 -8.4346 9.192 11.0876 -9.192
4 16 9.9675 9.6369 -8.0317 10.4389 9.844 -7.3265 10.871 8.2234 -6.68 10.2298 8.837 -7.6393
3 16 10.871 8.2234 -6.68 11.0477 6.9369 -6.4156 10.9539 7.0231 -6.556
4 16 10.4349 8.0092 -7.3325 10.871 8.2234 -6.68 10.9539 7.0231 -6.556 10.8712 6.9946 -6.6797
4 16 10.4389 9.844 -7.3265 9.9675 9.6369 -8.0317 9.192 11.0876 -9.192 9.6982 11.554 -8.4346
4 16 10.4349 8.0092 -7.3325 10.8712 6.9946 -6.6797 10.7085 6.4745 -6.9231 10.651 6.53 -7.0092
3 16 10.4349 8.0092 -7.3325 10.2298 8.837 -7.6393 10.871 8.2234 -6.68
3 16 9.192 5.4118 -9.192 9.192 10.5019 -9.192 9.5825 9.7693 -8.6078
4 16 9.5825 9.7693 -8.6078 9.8648 9.0981 -8.1854 10.1946 7.8912 -7.692 9.192 5.4118 -9.192
4 16 9.192 5.4118 -9.192 10.1946 7.8912 -7.692 10.3689 6.859 -7.4312 9.6741 5.4621 -8.4707
3 16 10.3689 6.859 -7.4312 10.4283 5.9139 -7.3422 10.2589 6.0735 -7.5957
3 16 10.2191 5.895 -7.6552 10.3249 5.4723 -7.497 9.6741 5.4621 -8.4707
4 16 10.3689 6.859 -7.4312 10.2589 6.0735 -7.5957 10.2191 5.895 -7.6552 9.6741 5.4621 -8.4707
4 16 10.1841 5.0362 -7.7077 10.2253 4.6975 -7.646 9.192 4 -9.192 9.192 4.9407 -9.192
3 16 10.1841 5.0362 -7.7077 10.2905 5.0288 -7.5485 10.2253 4.6975 -7.646
3 16 10.35 4.5699 -7.4595 10.478 4.681 -7.268 10.6145 4 -7.0637
3 16 9.192 4 -9.192 10.2253 4.6975 -7.646 10.2555 4.5705 -7.6008
4 16 9.192 4 -9.192 10.2555 4.5705 -7.6008 10.35 4.5699 -7.4595 10.6145 4 -7.0637
3 16 12.0104 4 -4.9752 11.2502 4 -6.1126 11.3419 4.1552 -5.9755
3 16 12.0104 4 -4.9752 11.3419 4.1552 -5.9755 11.478 4.897 -5.7718
4 16 10.2492 17 -7.6103 11.0285 15.9831 -6.4444 10.7767 15.5448 -6.821 10.2573 16.7905 -7.5981
4 16 12.0104 17 -4.9752 11.1421 16.067 -6.2743 11.0285 15.9831 -6.4444 10.2492 17 -7.6103
3 16 12.0104 4 -4.9752 11.478 4.897 -5.7718 11.5139 5.2623 -5.7181
4 16 11.5139 5.2623 -5.7181 11.3948 5.9333 -5.8963 11.3286 7.1862 -5.9953 12.0104 4 -4.9752
3 16 11.3286 7.1862 -5.9953 11.3177 11.6667 -6.0117 11.5077 11.6909 -5.7273
3 16 11.5433 11.771 -5.6741 11.3684 12.069 -5.9357 11.3099 12.3747 -6.0232
3 16 11.295 16.0411 -6.0456 11.1421 16.067 -6.2743 12.0104 17 -4.9752
3 16 12.0104 17 -4.9752 12.0104 4 -4.9752 11.5433 11.771 -5.6741
4 16 11.5077 11.6909 -5.7273 11.5433 11.771 -5.6741 12.0104 4 -4.9752 11.3286 7.1862 -5.9953
4 16 12.0104 17 -4.9752 11.5433 11.771 -5.6741 11.3099 12.3747 -6.0232 11.4423 15.4105 -5.8251
3 16 11.3099 12.3747 -6.0232 11.3118 15.0812 -6.0205 11.4423 15.4105 -5.8251
3 16 11.4482 15.7829 -5.8164 11.295 16.0411 -6.0456 12.0104 17 -4.9752
3 16 11.4423 15.4105 -5.8251 11.4482 15.7829 -5.8164 12.0104 17 -4.9752
4 16 10.204 16.1633 -7.6778 10.6048 15.1877 -7.0783 10.8066 13.5174 -6.7763 10.2035 11.3526 -7.6787
3 16 10.6048 15.1877 -7.0783 10.8674 14.1605 -6.6853 10.8066 13.5174 -6.7763
4 16 11.06 8.755 -6.3972 10.728 9.9093 -6.8939 10.8804 11.6828 -6.6659 11.0666 11.6657 -6.3872
3 16 11.0656 12.3299 -6.3888 11.0139 12.0649 -6.4661 10.8486 11.7456 -6.7134
4 16 10.728 9.9093 -6.8939 10.2035 11.3526 -7.6787 10.8486 11.7456 -6.7134 10.8804 11.6828 -6.6659
4 16 11.0656 12.3299 -6.3888 10.8486 11.7456 -6.7134 10.2035 11.3526 -7.6787 10.8066 13.5174 -6.7763
4 16 10.9957 13.5744 -6.4933 11.0321 13.3067 -6.4389 11.0656 12.3299 -6.3888 10.8066 13.5174 -6.7763
4 16 4.5597 4 -12.0933 4.9751 4 -12.0107 4.9607 3.8488 -11.976 4.6666 3.833 -12.0305
3 16 4.6666 3.833 -12.0305 3.5319 3.695 -12.2219 4.5597 4 -12.0933
3 16 0.2648 4 -12.9473 3.0674 4 -12.39 2.5957 3.8225 -12.4397
3 16 2.5957 3.8225 -12.4397 1.377 3.2714 -12.5451 0.2648 4 -12.9473
3 16 0.816 3.2523 -12.6518 0.491 3.2998 -12.7282 0.5527 3.4819 -12.7613
4 16 1.377 3.2714 -12.5451 0.816 3.2523 -12.6518 0.5527 3.4819 -12.7613 0.5293 3.6181 -12.7998
3 16 0.454 3.6509 -12.8229 0.2643 3.6239 -12.8539 0.2648 4 -12.9473
3 16 9.3408 17.8229 -8.6087 9.3025 18.0155 -8.5815 9.3931 18.1583 -8.3835
4 16 9.7498 17.354 -8.2023 9.3408 17.8229 -8.6087 9.3931 18.1583 -8.3835 9.4852 18.1292 -8.2584
4 16 5.6611 14.1952 -11.5521 5.1279 14.0813 -11.9086 4.9751 14.1486 -12.0107 4.9751 14.452 -12.0107
4 16 6.1977 14.2325 -11.1935 5.6611 14.1952 -11.5521 4.9751 14.452 -12.0107 6.4856 16.2988 -11.0011
3 16 6.8097 16.2556 -10.7844 8.0002 14.5805 -9.9886 6.7604 14.1894 -10.8174
4 16 7.4204 14.0207 -10.3762 6.7604 14.1894 -10.8174 8.0002 14.5805 -9.9886 7.5571 14.0912 -10.2848
4 16 6.656 16.3297 -10.8872 6.8097 16.2556 -10.7844 6.7604 14.1894 -10.8174 6.4856 16.2988 -11.0011
3 16 6.1977 14.2325 -11.1935 6.4856 16.2988 -11.0011 6.7604 14.1894 -10.8174
4 16 4.9751 13.2971 -12.0107 4.9751 13.5686 -12.0107 5.7234 13.7361 -11.5105 5.3954 13.2651 -11.7298
3 16 6.207 13.7666 -11.1873 6.698 13.7219 -10.8591 6.518 12.9306 -10.9794
4 16 8.8027 11.501 -9.4522 7.7603 12.3077 -10.149 8.0502 13.2193 -9.9552 8.5309 12.8923 -9.6339
4 16 8.5309 12.8923 -9.6339 9.1353 12.3641 -9.2299 9.192 12.3003 -9.192 8.8027 11.501 -9.4522
3 16 9.192 12.3003 -9.192 9.192 11.0876 -9.192 8.8027 11.501 -9.4522
4 16 6.698 13.7219 -10.8591 7.5113 13.4901 -10.3155 7.2756 12.5881 -10.473 6.518 12.9306 -10.9794
4 16 6.207 13.7666 -11.1873 6.518 12.9306 -10.9794 5.3954 13.2651 -11.7298 5.7234 13.7361 -11.5105
3 16 4.9751 10.4731 -12.0107 4.9751 12.9058 -12.0107 5.3528 12.8621 -11.7582
4 16 6.4884 12.5184 -10.9992 4.9751 10.4731 -12.0107 5.3528 12.8621 -11.7582 5.9264 12.7217 -11.3748
4 16 7.5435 11.9661 -10.2939 5.1858 9.9727 -11.8699 5.0662 10.3273 -11.9498 6.4884 12.5184 -10.9992
4 16 7.5435 11.9661 -10.2939 8.4498 11.2908 -9.6881 6.3515 8.3299 -11.0907 6.2361 8.4634 -11.1678
3 16 5.0662 10.3273 -11.9498 4.9751 10.4731 -12.0107 6.4884 12.5184 -10.9992
4 16 5.8995 8.6299 -11.3928 5.1858 9.9727 -11.8699 7.5435 11.9661 -10.2939 6.2361 8.4634 -11.1678
3 16 5.2251 9.6006 -11.8436 5.1858 9.9727 -11.8699 5.8995 8.6299 -11.3928
4 16 5.5657 8.6558 -11.616 5.1857 9.2281 -11.87 5.2251 9.6006 -11.8436 5.8995 8.6299 -11.3928
4 16 4.9751 8.5716 -12.0107 5.0699 8.8718 -11.9473 5.1857 9.2281 -11.87 5.5657 8.6558 -11.616
3 16 4.9751 8.5716 -12.0107 4.9751 8.7233 -12.0107 5.0699 8.8718 -11.9473
4 16 6.4009 8.1675 -11.0577 5.835 7.7978 -11.4359 5.7457 8.2425 -11.4956 5.9387 8.2535 -11.3666
3 16 4.9751 4 -12.0107 4.9751 4.1233 -12.0107 6.2075 4.489 -11.1869
3 16 8.0197 4.8279 -9.9756 9.192 4.9407 -9.192 9.192 4 -9.192
3 16 9.192 15.8243 -9.192 8.319 14.9113 -9.7755 7.1218 16.5316 -10.5758
3 16 0.4366 2.4691 -12.5324 0.6826 2.4691 -12.4835 0.713 2.3011 -12.3371
4 16 0.9112 2.2997 -12.2965 0.9073 1.8956 -11.9596 0 1.8976 -12.1417 0.713 2.3011 -12.3371
4 16 0.5857 14.0785 -12.8835 0.561 14.4452 -12.8884 0.6986 14.6646 -12.8611 1.2262 14.6723 -12.7562
4 16 1.4662 14.728 -12.7084 2.6718 12.9034 -12.4687 2.1559 12.4281 -12.5713 0.754 13.8564 -12.8501
4 16 1.4662 14.728 -12.7084 0.754 13.8564 -12.8501 0.5857 14.0785 -12.8835 1.2262 14.6723 -12.7562
4 16 2.5104 15.2933 -12.5008 3.142 15.3559 -12.3752 4.1618 14.2902 -12.1724 3.2853 13.3612 -12.3467
3 16 1.9739 14.9545 -12.6075 2.5104 15.2933 -12.5008 3.2853 13.3612 -12.3467
3 16 0 7.1781 -13 0 13.7966 -13 0.3814 8.8588 -12.9242
3 16 0.3814 8.8588 -12.9242 0 13.7966 -13 0.7271 9.9502 -12.8554
3 16 0.2263 13.7496 -12.955 1.8293 12.0571 -12.6362 1.194 11.0071 -12.7626
4 16 0.7271 9.9502 -12.8554 0 13.7966 -13 0.2263 13.7496 -12.955 1.194 11.0071 -12.7626
3 16 3.0674 4 -12.39 0.2648 4 -12.9473 0.2658 4.723 -12.9471
4 16 2.2329 9.982 -12.556 2.187 9.6097 -12.5651 1.1524 9.6739 -12.7708 1.4293 10.3667 -12.7158
4 16 2.2329 9.982 -12.556 1.4293 10.3667 -12.7158 1.7614 11.0296 -12.6497 2.3604 10.3356 -12.5306
4 16 2.5657 10.6502 -12.4898 1.7614 11.0296 -12.6497 2.3895 11.9615 -12.5249 2.8393 10.9054 -12.4354
4 16 3.5314 11.1725 -12.2978 3.1681 11.0836 -12.37 2.3895 11.9615 -12.5249 2.8607 12.4524 -12.4312
3 16 3.318 12.7096 -12.3402 4.0491 12.8914 -12.1948 3.9058 11.172 -12.2233
3 16 4.9751 12.9058 -12.0107 4.9751 10.4731 -12.0107 4.8679 10.6447 -12.032
3 16 4.9751 12.9058 -12.0107 4.8679 10.6447 -12.032 4.5975 10.9032 -12.0858
4 16 4.7761 12.9288 -12.0503 4.2692 11.0828 -12.1511 3.9058 11.172 -12.2233 4.0491 12.8914 -12.1948
4 16 1.1524 9.6739 -12.7708 2.0368 8.6479 -12.595 2.0927 8.5012 -12.5839 0.7394 8.2236 -12.853
4 16 4.7761 12.9288 -12.0503 4.9751 12.9058 -12.0107 4.5975 10.9032 -12.0858 4.2692 11.0828 -12.1511
4 16 2.8607 12.4524 -12.4312 3.318 12.7096 -12.3402 3.9058 11.172 -12.2233 3.5314 11.1725 -12.2978
3 16 2.3895 11.9615 -12.5249 3.1681 11.0836 -12.37 2.8393 10.9054 -12.4354
4 16 2.187 9.6097 -12.5651 2.2264 9.2376 -12.5573 2.0368 8.6479 -12.595 1.1524 9.6739 -12.7708
3 16 2.5657 10.6502 -12.4898 2.3604 10.3356 -12.5306 1.7614 11.0296 -12.6497
3 16 2.3545 8.8862 -12.5318 2.5444 8.5629 -12.4941 2.0368 8.6479 -12.595
3 16 2.2264 9.2376 -12.5573 2.3545 8.8862 -12.5318 2.0368 8.6479 -12.595
3 15 3.0328 9.0254 -12.3969 3.0941 9.2524 -12.3847 3.0723 8.7932 -12.3891
4 15 3.2015 8.5973 -12.3634 3.0723 8.7932 -12.3891 3.0941 9.2524 -12.3847 3.2425 9.4346 -12.3552
4 15 3.6212 8.3962 -12.2799 3.6754 9.6061 -12.2692 3.9111 9.5862 -12.2223 3.8564 8.4061 -12.2332
3 15 3.9111 9.5862 -12.2223 4.1255 9.4904 -12.1797 3.8564 8.4061 -12.2332
3 15 4.2897 9.3223 -12.147 4.3804 9.1055 -12.129 4.1099 8.5004 -12.1827
4 15 4.3815 8.8709 -12.1287 4.286 8.6561 -12.1477 4.1099 8.5004 -12.1827 4.3804 9.1055 -12.129
4 15 4.2897 9.3223 -12.147 4.1099 8.5004 -12.1827 3.8564 8.4061 -12.2332 4.1255 9.4904 -12.1797
4 15 3.6754 9.6061 -12.2692 3.6212 8.3962 -12.2799 3.3953 8.461 -12.3249 3.4447 9.5546 -12.315
4 15 3.4447 9.5546 -12.315 3.3953 8.461 -12.3249 3.2015 8.5973 -12.3634 3.2425 9.4346 -12.3552
4 16 4.5005 14.6498 -12.1051 2.8406 16.3537 -12.4352 4.9751 17 -12.0107 4.9751 15.1421 -12.0107
3 16 4.9751 17 -12.0107 2.8406 16.3537 -12.4352 2.9225 17 -12.4189
4 16 2.7871 16.8167 -12.4458 2.9225 17 -12.4189 2.8406 16.3537 -12.4352 2.7871 16.489 -12.4458
4 16 9.0864 3.3985 -9.0864 9.192 4 -9.192 10.6145 4 -7.0637 9.1816 3.3738 -8.9331
4 16 10.6451 3.8477 -6.9512 10.182 2.8259 -7.1961 9.1816 3.3738 -8.9331 10.6145 4 -7.0637
3 16 0 17.3884 -12.9034 0 18.5309 -12.6192 0.455 17.3764 -12.8159
4 16 0.5282 18.5309 -12.5142 3.6474 18.5309 -11.8942 2.4307 17.17 -12.4744 1.7481 17.3705 -12.5602
3 16 9.192 4 -9.192 9.0864 3.3985 -9.0864 8.077 3.6601 -9.8377
3 16 9.192 4 -9.192 8.077 3.6601 -9.8377 6.9477 3.8316 -10.6428
3 16 5.8065 3.8943 -11.424 4.9607 3.8488 -11.976 4.9751 4 -12.0107
4 16 4.9751 4 -12.0107 9.192 4 -9.192 6.9477 3.8316 -10.6428 5.8065 3.8943 -11.424
3 16 6.622 17.2704 -10.8306 6.4518 17.2754 -10.9429 6.2337 17.3665 -11.062
4 16 7.3912 0 -3.0616 5.6568 0 -5.6568 7.0096 0.3046 -7.0096 9.1592 0.3046 -3.7936
4 16 9.1592 0.3046 -3.7936 7.0096 0.3046 -7.0096 8.1568 1.1718 -8.1568 10.6576 1.1718 -4.4144
4 16 5.6568 0 -5.6568 3.0616 0 -7.3912 3.7936 0.3046 -9.1592 7.0096 0.3046 -7.0096
4 16 7.0096 0.3046 -7.0096 3.7936 0.3046 -9.1592 4.4144 1.1718 -10.6576 8.1568 1.1718 -8.1568
4 16 8.1568 1.1718 -8.1568 4.4144 1.1718 -10.6576 4.8296 2.4691 -11.6592 8.9232 2.4691 -8.9232
4 16 3.0616 0 -7.3912 0 0 -8 0 0.3046 -9.9136 3.7936 0.3046 -9.1592
4 16 3.7936 0.3046 -9.1592 0 0.3046 -9.9136 0 1.1718 -11.5352 4.4144 1.1718 -10.6576
4 16 0 21 -8 3.0616 21 -7.3912 3.7936 20.6954 -9.1592 0 20.6954 -9.9136
4 16 0 20.6954 -9.9136 3.7936 20.6954 -9.1592 4.4144 19.8282 -10.6576 0 19.8282 -11.5352
4 16 3.0616 21 -7.3912 5.6568 21 -5.6568 7.0096 20.6954 -7.0096 3.7936 20.6954 -9.1592
4 16 3.7936 20.6954 -9.1592 7.0096 20.6954 -7.0096 8.1568 19.8282 -8.1568 4.4144 19.8282 -10.6576
4 16 5.6568 21 -5.6568 7.3912 21 -3.0616 9.1592 20.6954 -3.7936 7.0096 20.6954 -7.0096
4 16 7.0096 20.6954 -7.0096 9.1592 20.6954 -3.7936 10.6576 19.8282 -4.4144 8.1568 19.8282 -8.1568
4 16 8.1568 19.8282 -8.1568 10.6576 19.8282 -4.4144 11.6592 18.5309 -4.8296 8.9232 18.5309 -8.9232
3 82 4.8081 18.5982 -11.6073 4.9006 18.5309 -11.6117 4.8296 18.5309 -11.6592
4 16 10.062 17.8557 -7.5153 10.101 17.1344 -7.7731 9.7219 18.1805 -7.8818 9.924 18.0642 -7.6304
4 16 4.9751 13.2971 -12.0107 4.3408 13.3454 -12.1368 4.9584 13.5649 -12.014 4.9751 13.5686 -12.0107
4 16 9.0133 2.982 -9.0133 9.153 2.9402 -8.7858 9.9625 2.4691 -7.3683 8.9232 2.4691 -8.9232
4 16 2.9225 17 -12.4189 4.2355 18.4902 -11.7874 4.871 18.0956 -11.7592 4.9751 17 -12.0107
3 16 4.871 18.0956 -11.7592 6.1273 17 -11.2405 4.9751 17 -12.0107
3 82 2.181 17.1138 -12.538 2.4307 17.17 -12.4744 2.9225 17 -12.4189
3 82 7.8953 18.5059 -9.6175 7.3924 18.5309 -9.9463 8.4547 18.5309 -9.2363
4 82 7.5844 18.9287 -9.4258 7.8596 18.8845 -9.2855 8.1701 18.7343 -9.226 7.3924 18.5309 -9.9463
4 82 9.7219 18.1805 -7.8818 9.4852 18.1292 -8.2584 9.3931 18.1583 -8.3835 9.1023 18.3425 -8.7378
4 82 9.5862 18.5159 -7.9378 9.8703 18.4096 -7.5593 9.924 18.0642 -7.6304 9.7219 18.1805 -7.8818
4 82 5.6611 14.1952 -11.5521 5.7234 13.7361 -11.5105 4.9751 13.5686 -12.0107 5.1279 14.0813 -11.9086
4 82 1.6804 1.3429 -11.3441 0.9073 1.8956 -11.9596 0.9112 2.2997 -12.2965 1.7617 2.4691 -12.269
3 82 0.4366 2.4691 -12.5324 0 2.3498 -12.5195 0 2.4691 -12.6192
3 82 4.9751 4.615 -12.0107 4.9751 4.1233 -12.0107 4.5597 4 -12.0933
4 82 11.0481 3.4725 -6.1837 10.6451 3.8477 -6.9512 10.6145 4 -7.0637 11.2502 4 -6.1126
4 82 9.1187 1.2899 -6.8914 9.2964 1.603 -7.0873 9.8356 2.2064 -7.1706 9.4275 1.4608 -6.6813
3 82 0.1775 18.8645 -12.3052 0.5282 18.5309 -12.5142 0 18.5309 -12.6192
4 82 4.0839 18.9359 -11.469 4.2887 18.8971 -11.4607 4.8296 18.5309 -11.6592 3.9045 18.8185 -11.6028
4 82 6.9477 3.8316 -10.6428 6.3947 3.4534 -10.9017 5.4569 3.4618 -11.5309 5.8065 3.8943 -11.424
4 82 1.7481 17.3705 -12.5602 1.4085 17.1618 -12.6797 0 18.5309 -12.6192 0.5282 18.5309 -12.5142
4 82 1.4085 17.1618 -12.6797 1.7481 17.3705 -12.5602 2.0308 17.144 -12.5603 1.6011 17 -12.6816
3 82 4.8296 18.5309 -11.6592 4.871 18.0956 -11.7592 4.2355 18.4902 -11.7874
3 82 3.6474 18.5309 -11.8942 4.8296 18.5309 -11.6592 4.2355 18.4902 -11.7874
4 82 4.2355 18.4902 -11.7874 2.9225 17 -12.4189 2.4307 17.17 -12.4744 3.6474 18.5309 -11.8942
3 82 1.6011 17 -12.6816 2.0308 17.144 -12.5603 2.181 17.1138 -12.538
3 82 2.9225 17 -12.4189 1.6011 17 -12.6816 2.181 17.1138 -12.538
4 82 6.2337 17.3665 -11.062 4.871 18.0956 -11.7592 4.8296 18.5309 -11.6592 4.9006 18.5309 -11.6117
3 82 6.1273 17 -11.2405 4.871 18.0956 -11.7592 6.2337 17.3665 -11.062
3 82 6.1273 17 -11.2405 6.2337 17.3665 -11.062 6.4518 17.2754 -10.9429
4 82 7.0481 17 -10.6251 6.1273 17 -11.2405 6.4518 17.2754 -10.9429 6.622 17.2704 -10.8306
4 82 6.622 17.2704 -10.8306 7.3924 18.5309 -9.9463 7.8953 18.5059 -9.6175 7.0481 17 -10.6251
4 82 7.8953 18.5059 -9.6175 8.4547 18.5309 -9.2363 8.9904 18.148 -8.9904 9.0746 17.6688 -9.0746
3 82 8.4547 18.5309 -9.2363 7.3924 18.5309 -9.9463 8.1701 18.7343 -9.226
4 82 9.2372 15.8716 -9.1243 9.2892 15.3047 -9.0466 9.192 15.1954 -9.192 9.192 15.8243 -9.192
4 82 9.2892 15.3047 -9.0466 9.2372 15.8716 -9.1243 9.7132 16.5477 -8.4123 9.9456 16.2754 -8.0645
3 82 9.9456 16.2754 -8.0645 9.7132 16.5477 -8.4123 9.8674 16.8582 -8.1815
4 82 10.204 16.1633 -7.6778 9.9456 16.2754 -8.0645 9.8674 16.8582 -8.1815 10.2573 16.7905 -7.5981
4 82 9.7286 17 -8.3891 10.2492 17 -7.6103 10.2573 16.7905 -7.5981 9.8674 16.8582 -8.1815
4 82 10.6048 15.1877 -7.0783 10.7767 15.5448 -6.821 11.0285 15.9831 -6.4444 11.3118 15.0812 -6.0205
4 82 11.1421 16.067 -6.2743 11.4423 15.4105 -5.8251 11.3118 15.0812 -6.0205 11.0285 15.9831 -6.4444
4 82 11.4482 15.7829 -5.8164 11.4423 15.4105 -5.8251 11.1421 16.067 -6.2743 11.295 16.0411 -6.0456
4 82 9.6982 11.554 -8.4346 9.4195 12.044 -8.8516 9.3061 13.2818 -9.0213 9.7629 12.1048 -8.3379
4 82 9.192 13.4788 -9.192 9.3061 13.2818 -9.0213 9.4195 12.044 -8.8516 9.192 12.3003 -9.192
4 82 10.4389 9.844 -7.3265 9.6982 11.554 -8.4346 9.9447 11.789 -8.0659 10.2035 11.3526 -7.6787
3 82 9.9447 11.789 -8.0659 9.6982 11.554 -8.4346 9.7629 12.1048 -8.3379
4 82 11.3118 15.0812 -6.0205 10.9957 13.5744 -6.4933 10.8066 13.5174 -6.7763 10.8674 14.1605 -6.6853
4 82 10.6048 15.1877 -7.0783 10.204 16.1633 -7.6778 10.2573 16.7905 -7.5981 10.7767 15.5448 -6.821
3 82 11.3118 15.0812 -6.0205 10.8674 14.1605 -6.6853 10.6048 15.1877 -7.0783
4 82 11.3177 11.6667 -6.0117 11.3684 12.069 -5.9357 11.5433 11.771 -5.6741 11.5077 11.6909 -5.7273
4 82 11.0321 13.3067 -6.4389 11.3099 12.3747 -6.0232 11.3684 12.069 -5.9357 11.0656 12.3299 -6.3888
4 82 9.9456 16.2754 -8.0645 10.204 16.1633 -7.6778 10.2035 11.3526 -7.6787 9.9447 11.789 -8.0659
4 82 11.0666 11.6657 -6.3872 10.8804 11.6828 -6.6659 10.8486 11.7456 -6.7134 11.0139 12.0649 -6.4661
4 82 11.3177 11.6667 -6.0117 11.0666 11.6657 -6.3872 11.0139 12.0649 -6.4661 11.3684 12.069 -5.9357
3 82 11.3684 12.069 -5.9357 11.0139 12.0649 -6.4661 11.0656 12.3299 -6.3888
4 82 11.3099 12.3747 -6.0232 11.0321 13.3067 -6.4389 10.9957 13.5744 -6.4933 11.3118 15.0812 -6.0205
4 82 9.192 10.5019 -9.192 9.192 11.0876 -9.192 9.9675 9.6369 -8.0317 9.5825 9.7693 -8.6078
4 82 9.5825 9.7693 -8.6078 9.9675 9.6369 -8.0317 10.2298 8.837 -7.6393 9.8648 9.0981 -8.1854
4 82 9.8648 9.0981 -8.1854 10.2298 8.837 -7.6393 10.4349 8.0092 -7.3325 10.1946 7.8912 -7.692
4 82 10.4283 5.9139 -7.3422 10.3689 6.859 -7.4312 10.4349 8.0092 -7.3325 10.651 6.53 -7.0092
3 82 10.1946 7.8912 -7.692 10.4349 8.0092 -7.3325 10.3689 6.859 -7.4312
4 82 10.9539 7.0231 -6.556 11.0477 6.9369 -6.4156 10.7085 6.4745 -6.9231 10.8712 6.9946 -6.6797
4 82 11.06 8.755 -6.3972 10.4389 9.844 -7.3265 10.2035 11.3526 -7.6787 10.728 9.9093 -6.8939
4 82 11.0666 11.6657 -6.3872 11.3177 11.6667 -6.0117 11.3286 7.1862 -5.9953 11.06 8.755 -6.3972
4 82 11.3286 7.1862 -5.9953 10.871 8.2234 -6.68 10.4389 9.844 -7.3265 11.06 8.755 -6.3972
4 82 11.3948 5.9333 -5.8963 11.0477 6.9369 -6.4156 10.871 8.2234 -6.68 11.3286 7.1862 -5.9953
3 82 11.3948 5.9333 -5.8963 11.5139 5.2623 -5.7181 10.478 4.681 -7.268
4 82 11.3419 4.1552 -5.9755 10.478 4.681 -7.268 11.5139 5.2623 -5.7181 11.478 4.897 -5.7718
4 82 10.6145 4 -7.0637 10.478 4.681 -7.268 11.3419 4.1552 -5.9755 11.2502 4 -6.1126
4 82 10.2555 4.5705 -7.6008 10.2253 4.6975 -7.646 10.2905 5.0288 -7.5485 10.35 4.5699 -7.4595
4 82 9.192 5.4118 -9.192 9.6741 5.4621 -8.4707 10.1841 5.0362 -7.7077 9.192 4.9407 -9.192
4 82 10.2905 5.0288 -7.5485 10.1841 5.0362 -7.7077 9.6741 5.4621 -8.4707 10.3249 5.4723 -7.497
4 82 10.2589 6.0735 -7.5957 10.4283 5.9139 -7.3422 10.3249 5.4723 -7.497 10.2191 5.895 -7.6552
4 82 10.35 4.5699 -7.4595 10.2905 5.0288 -7.5485 10.3249 5.4723 -7.497 10.478 4.681 -7.268
4 82 11.3948 5.9333 -5.8963 10.478 4.681 -7.268 10.3249 5.4723 -7.497 10.4283 5.9139 -7.3422
4 82 11.0477 6.9369 -6.4156 11.3948 5.9333 -5.8963 10.4283 5.9139 -7.3422 10.7085 6.4745 -6.9231
3 82 10.651 6.53 -7.0092 10.7085 6.4745 -6.9231 10.4283 5.9139 -7.3422
4 82 4.5209 3.4017 -11.9523 4.6666 3.833 -12.0305 4.9607 3.8488 -11.976 4.9207 3.4273 -11.8792
4 82 3.5921 3.2722 -12.1048 3.5319 3.695 -12.2219 4.6666 3.833 -12.0305 4.5209 3.4017 -11.9523
3 82 3.0674 4 -12.39 4.5597 4 -12.0933 3.5319 3.695 -12.2219
4 82 1.377 3.2714 -12.5451 2.5957 3.8225 -12.4397 2.6757 3.0713 -12.2371 1.7842 2.7812 -12.3422
4 82 2.5957 3.8225 -12.4397 3.0674 4 -12.39 3.5319 3.695 -12.2219 2.6757 3.0713 -12.2371
3 82 3.5319 3.695 -12.2219 3.5921 3.2722 -12.1048 2.6757 3.0713 -12.2371
3 82 1.7842 2.7812 -12.3422 1.7617 2.4691 -12.269 0.6826 2.4691 -12.4835
4 82 1.7842 2.7812 -12.3422 0.6826 2.4691 -12.4835 0.816 3.2523 -12.6518 1.377 3.2714 -12.5451
4 82 0.2643 3.6239 -12.8539 0.491 3.2998 -12.7282 0.4366 2.4691 -12.5324 0 2.4691 -12.6192
4 82 0.491 3.2998 -12.7282 0.816 3.2523 -12.6518 0.6826 2.4691 -12.4835 0.4366 2.4691 -12.5324
3 82 0.5293 3.6181 -12.7998 0.5527 3.4819 -12.7613 0.454 3.6509 -12.8229
4 82 0.454 3.6509 -12.8229 0.5527 3.4819 -12.7613 0.491 3.2998 -12.7282 0.2643 3.6239 -12.8539
4 82 0.2648 4 -12.9473 0.2643 3.6239 -12.8539 0 2.4691 -12.6192 0 4 -13
4 82 10.101 17.1344 -7.7731 9.7498 17.354 -8.2023 9.4852 18.1292 -8.2584 9.7219 18.1805 -7.8818
4 82 8.9904 18.148 -8.9904 9.0713 18.0902 -8.8948 9.3408 17.8229 -8.6087 9.0746 17.6688 -9.0746
4 82 9.3408 17.8229 -8.6087 9.0713 18.0902 -8.8948 9.1023 18.3425 -8.7378 9.3025 18.0155 -8.5815
3 82 9.3931 18.1583 -8.3835 9.3025 18.0155 -8.5815 9.1023 18.3425 -8.7378
4 82 9.7498 17.354 -8.2023 10.101 17.1344 -7.7731 10.2492 17 -7.6103 9.7286 17 -8.3891
4 82 9.0746 17.6688 -9.0746 9.3408 17.8229 -8.6087 9.7498 17.354 -8.2023 9.7286 17 -8.3891
4 82 10.1411 18.1121 -7.2845 10.2824 17.8034 -7.2085 10.3293 17.4769 -7.2814 10.062 17.8557 -7.5153
4 82 10.062 17.8557 -7.5153 10.3293 17.4769 -7.2814 10.2492 17 -7.6103 10.101 17.1344 -7.7731
4 82 9.5862 18.5159 -7.9378 9.7219 18.1805 -7.8818 9.1023 18.3425 -8.7378 9.2422 18.499 -8.4599
4 82 10.062 17.8557 -7.5153 9.924 18.0642 -7.6304 9.8703 18.4096 -7.5593 10.1411 18.1121 -7.2845
4 82 4.9751 14.452 -12.0107 4.9751 15.1421 -12.0107 5.9583 16.3169 -11.3535 6.4856 16.2988 -11.0011
3 82 6.4856 16.2988 -11.0011 5.9583 16.3169 -11.3535 6.1671 16.601 -11.2139
4 82 6.1671 16.601 -11.2139 6.1909 16.7996 -11.1981 6.656 16.3297 -10.8872 6.4856 16.2988 -11.0011
4 82 6.656 16.3297 -10.8872 6.1909 16.7996 -11.1981 6.1273 17 -11.2405 7.0481 17 -10.6251
4 82 7.0481 17 -10.6251 7.1218 16.5316 -10.5758 6.8097 16.2556 -10.7844 6.656 16.3297 -10.8872
4 82 8.5901 14.5181 -9.5943 8.319 14.9113 -9.7755 9.192 15.8243 -9.192 9.192 15.1954 -9.192
4 82 6.8097 16.2556 -10.7844 7.1218 16.5316 -10.5758 8.319 14.9113 -9.7755 8.0002 14.5805 -9.9886
4 82 8.319 14.9113 -9.7755 8.5901 14.5181 -9.5943 8.2521 14.189 -9.8202 8.0002 14.5805 -9.9886
4 82 8.5901 14.5181 -9.5943 9.192 13.4788 -9.192 8.8566 13.1968 -9.4162 8.2521 14.189 -9.8202
4 82 7.5571 14.0912 -10.2848 8.0002 14.5805 -9.9886 8.2521 14.189 -9.8202 7.9159 13.8212 -10.045
4 82 7.9159 13.8212 -10.045 7.5113 13.4901 -10.3155 7.4204 14.0207 -10.3762 7.5571 14.0912 -10.2848
4 82 6.7604 14.1894 -10.8174 7.4204 14.0207 -10.3762 7.5113 13.4901 -10.3155 6.698 13.7219 -10.8591
4 82 6.1977 14.2325 -11.1935 6.7604 14.1894 -10.8174 6.698 13.7219 -10.8591 6.207 13.7666 -11.1873
4 82 6.207 13.7666 -11.1873 5.7234 13.7361 -11.5105 5.6611 14.1952 -11.5521 6.1977 14.2325 -11.1935
3 82 4.9751 13.5686 -12.0107 4.9751 14.1486 -12.0107 5.1279 14.0813 -11.9086
4 82 5.3528 12.8621 -11.7582 4.9751 12.9058 -12.0107 4.9751 13.2971 -12.0107 5.3954 13.2651 -11.7298
4 82 5.3528 12.8621 -11.7582 5.3954 13.2651 -11.7298 6.518 12.9306 -10.9794 5.9264 12.7217 -11.3748
4 82 7.5435 11.9661 -10.2939 6.4884 12.5184 -10.9992 6.518 12.9306 -10.9794 7.2756 12.5881 -10.473
3 82 7.2756 12.5881 -10.473 7.7603 12.3077 -10.149 7.5435 11.9661 -10.2939
4 82 8.8027 11.501 -9.4522 8.4498 11.2908 -9.6881 7.5435 11.9661 -10.2939 7.7603 12.3077 -10.149
4 82 8.4498 11.2908 -9.6881 8.8027 11.501 -9.4522 9.192 11.0876 -9.192 9.192 10.5019 -9.192
3 82 6.518 12.9306 -10.9794 6.4884 12.5184 -10.9992 5.9264 12.7217 -11.3748
4 82 6.2075 4.489 -11.1869 4.9751 4.1233 -12.0107 4.9751 4.615 -12.0107 6.0147 4.9078 -11.3158
4 82 6.2075 4.489 -11.1869 6.0147 4.9078 -11.3158 8.1669 5.3049 -9.8772 8.0197 4.8279 -9.9756
4 82 9.192 5.4118 -9.192 9.192 4.9407 -9.192 8.0197 4.8279 -9.9756 8.1669 5.3049 -9.8772
4 82 8.8566 13.1968 -9.4162 9.192 13.4788 -9.192 9.192 12.3003 -9.192 9.1353 12.3641 -9.2299
3 82 9.1353 12.3641 -9.2299 8.5309 12.8923 -9.6339 8.8566 13.1968 -9.4162
3 82 7.5113 13.4901 -10.3155 7.9159 13.8212 -10.045 8.0502 13.2193 -9.9552
4 82 8.5309 12.8923 -9.6339 8.0502 13.2193 -9.9552 7.9159 13.8212 -10.045 8.8566 13.1968 -9.4162
4 82 0 1.8976 -12.1417 0.9073 1.8956 -11.9596 1.6804 1.3429 -11.3441 0 1.327 -11.6649
4 82 1.7617 2.4691 -12.269 0.9112 2.2997 -12.2965 0.713 2.3011 -12.3371 0.6826 2.4691 -12.4835
4 82 0 14.7982 -13 0.1834 14.8238 -12.9635 0.6986 14.6646 -12.8611 0.561 14.4452 -12.8884
4 82 0.1834 14.8238 -12.9635 0.883 15.567 -12.8244 1.476 15.4877 -12.7065 0.6986 14.6646 -12.8611
3 82 1.5995 16.2922 -12.6819 1.7371 16.4349 -12.6546 2.1335 16.1497 -12.5757
4 82 0.883 15.567 -12.8244 1.5995 16.2922 -12.6819 2.1335 16.1497 -12.5757 1.476 15.4877 -12.7065
4 82 1.6011 17 -12.6816 2.9225 17 -12.4189 2.7871 16.8167 -12.4458 1.7347 16.8878 -12.6551
4 82 1.7371 16.4349 -12.6546 1.7347 16.8878 -12.6551 2.7871 16.8167 -12.4458 2.1335 16.1497 -12.5757
4 82 4.9751 14.452 -12.0107 4.8428 14.2901 -12.037 4.1618 14.2902 -12.1724 4.5005 14.6498 -12.1051
4 82 2.8406 16.3537 -12.4352 4.5005 14.6498 -12.1051 4.1618 14.2902 -12.1724 3.142 15.3559 -12.3752
3 82 2.1335 16.1497 -12.5757 2.7871 16.8167 -12.4458 2.7871 16.489 -12.4458
4 82 2.7871 16.489 -12.4458 2.8406 16.3537 -12.4352 3.142 15.3559 -12.3752 2.1335 16.1497 -12.5757
3 82 4.9751 15.1421 -12.0107 4.9751 14.452 -12.0107 4.5005 14.6498 -12.1051
4 82 2.3895 11.9615 -12.5249 2.1559 12.4281 -12.5713 2.6718 12.9034 -12.4687 2.8607 12.4524 -12.4312
4 82 4.9751 13.5686 -12.0107 4.9584 13.5649 -12.014 4.8428 14.2901 -12.037 4.9751 14.1486 -12.0107
4 82 3.2853 13.3612 -12.3467 3.318 12.7096 -12.3402 2.8607 12.4524 -12.4312 2.6718 12.9034 -12.4687
4 82 4.1618 14.2902 -12.1724 4.8428 14.2901 -12.037 4.9584 13.5649 -12.014 4.3408 13.3454 -12.1368
4 82 4.9751 12.9058 -12.0107 4.7761 12.9288 -12.0503 4.3408 13.3454 -12.1368 4.9751 13.2971 -12.0107
4 82 4.1618 14.2902 -12.1724 4.3408 13.3454 -12.1368 4.0491 12.8914 -12.1948 3.2853 13.3612 -12.3467
3 82 3.318 12.7096 -12.3402 3.2853 13.3612 -12.3467 4.0491 12.8914 -12.1948
3 82 4.3408 13.3454 -12.1368 4.7761 12.9288 -12.0503 4.0491 12.8914 -12.1948
4 82 2.1559 12.4281 -12.5713 2.3895 11.9615 -12.5249 1.7614 11.0296 -12.6497 1.8293 12.0571 -12.6362
3 82 1.8293 12.0571 -12.6362 1.7614 11.0296 -12.6497 1.194 11.0071 -12.7626
3 82 0.2658 4.723 -12.9471 0.2648 4 -12.9473 0 4 -13
4 82 0.4727 6.7295 -12.906 0.2658 4.723 -12.9471 0 4 -13 0 7.1781 -13
4 82 1.4293 10.3667 -12.7158 1.1524 9.6739 -12.7708 0.3814 8.8588 -12.9242 0.7271 9.9502 -12.8554
4 82 1.7614 11.0296 -12.6497 1.4293 10.3667 -12.7158 0.7271 9.9502 -12.8554 1.194 11.0071 -12.7626
4 82 0.3814 8.8588 -12.9242 0.7394 8.2236 -12.853 0.4727 6.7295 -12.906 0 7.1781 -13
3 82 1.1524 9.6739 -12.7708 0.7394 8.2236 -12.853 0.3814 8.8588 -12.9242
4 82 0.5857 14.0785 -12.8835 0 13.7966 -13 0 14.7982 -13 0.561 14.4452 -12.8884
4 82 0.754 13.8564 -12.8501 0.2263 13.7496 -12.955 0 13.7966 -13 0.5857 14.0785 -12.8835
4 82 2.1559 12.4281 -12.5713 1.8293 12.0571 -12.6362 0.2263 13.7496 -12.955 0.754 13.8564 -12.8501
4 82 4.9751 4.615 -12.0107 4.5597 4 -12.0933 3.0674 4 -12.39 3.8896 4.3094 -12.2266
4 82 11.0481 3.4725 -6.1837 10.4788 2.4691 -6.5958 10.182 2.8259 -7.1961 10.6451 3.8477 -6.9512
3 82 10.4788 2.4691 -6.5958 9.9625 2.4691 -7.3683 10.182 2.8259 -7.1961
4 82 9.153 2.9402 -8.7858 9.0133 2.982 -9.0133 9.0864 3.3985 -9.0864 9.1816 3.3738 -8.9331
4 82 9.9625 2.4691 -7.3683 9.153 2.9402 -8.7858 9.1816 3.3738 -8.9331 10.182 2.8259 -7.1961
4 82 10.4678 2.4498 -6.5837 9.8356 2.2064 -7.1706 9.9625 2.4691 -7.3683 10.4788 2.4691 -6.5958
4 82 9.4275 1.4608 -6.6813 9.8356 2.2064 -7.1706 10.4678 2.4498 -6.5837 10.163 2.0618 -6.4673
4 82 0 18.5309 -12.6192 0 18.9055 -12.3062 0.0318 18.9181 -12.2893 0.1775 18.8645 -12.3052
3 82 4.8296 18.5309 -11.6592 3.6474 18.5309 -11.8942 3.9045 18.8185 -11.6028
3 82 4.2887 18.8971 -11.4607 4.8081 18.5982 -11.6073 4.8296 18.5309 -11.6592
4 82 8.077 3.6601 -9.8377 9.0864 3.3985 -9.0864 9.0133 2.982 -9.0133 8.2549 3.2089 -9.5867
4 82 8.2549 3.2089 -9.5867 7.3281 3.3665 -10.2523 6.9477 3.8316 -10.6428 8.077 3.6601 -9.8377
4 82 5.8065 3.8943 -11.424 5.4569 3.4618 -11.5309 4.9207 3.4273 -11.8792 4.9607 3.8488 -11.976
3 82 7.3281 3.3665 -10.2523 6.3947 3.4534 -10.9017 6.9477 3.8316 -10.6428
4 84 1.6011 17 -12.6816 0.8188 16.3799 -12.8372 0 16.4176 -13 0 17 -13
3 84 1.6011 17 -12.6816 1.7347 16.8878 -12.6551 1.7371 16.4349 -12.6546
4 84 0.8188 16.3799 -12.8372 1.6011 17 -12.6816 1.7371 16.4349 -12.6546 1.5995 16.2922 -12.6819
4 84 2.5104 15.2933 -12.5008 1.9739 14.9545 -12.6075 1.4662 14.728 -12.7084 1.476 15.4877 -12.7065
4 84 0.6986 14.6646 -12.8611 1.476 15.4877 -12.7065 1.4662 14.728 -12.7084 1.2262 14.6723 -12.7562
3 84 0 17 -13 0 17.3884 -12.9034 0.455 17.3764 -12.8159
4 84 1.6011 17 -12.6816 0 17 -13 0.455 17.3764 -12.8159 1.4085 17.1618 -12.6797
4 84 0 15.5709 -13 0.883 15.567 -12.8244 0.1834 14.8238 -12.9635 0 14.7982 -13
5 24 3.7936 20.6954 -9.1592 0 20.6954 -9.9136 0 19.8282 -11.5352 0 21 -8
5 24 4.4144 19.8282 -10.6576 0 19.8282 -11.5352 0 18.5309 -12.6192 0 20.6954 -9.9136
5 24 4.8296 18.5309 -11.6592 0 18.5309 -12.6192 0 17 -13 0 19.8282 -11.5352
5 24 4.9752 17 -12.0104 0 17 -13 0 15.343 -13 0 18.5309 -12.6192
5 24 4.4144 19.8282 -10.6576 3.7936 20.6954 -9.1592 7.0096 20.6954 -7.0096 0 20.6954 -9.9136
5 24 7.0096 20.6954 -7.0096 3.7936 20.6954 -9.1592 4.4144 19.8282 -10.6576 3.0616 21 -7.3912
5 24 4.8296 18.5309 -11.6592 4.4144 19.8282 -10.6576 8.1568 19.8282 -8.1568 0 19.8282 -11.5352
5 24 8.1568 19.8282 -8.1568 4.4144 19.8282 -10.6576 4.8296 18.5309 -11.6592 3.7936 20.6954 -9.1592
5 24 4.9752 17 -12.0104 4.8296 18.5309 -11.6592 8.9232 18.5309 -8.9232 0 18.5309 -12.6192
5 24 8.9232 18.5309 -8.9232 4.8296 18.5309 -11.6592 4.9752 17 -12.0104 4.4144 19.8282 -10.6576
5 24 9.192 17 -9.192 4.9752 17 -12.0104 4.9752 15.343 -12.0104 4.8296 18.5309 -11.6592
5 24 9.1592 20.6954 -3.7936 7.0096 20.6954 -7.0096 8.1568 19.8282 -8.1568 5.6568 21 -5.6568
5 24 10.6576 19.8282 -4.4144 8.1568 19.8282 -8.1568 8.9232 18.5309 -8.9232 7.0096 20.6954 -7.0096
5 24 8.1568 19.8282 -8.1568 7.0096 20.6954 -7.0096 9.1592 20.6954 -3.7936 3.7936 20.6954 -9.1592
5 24 11.6592 18.5309 -4.8296 8.9232 18.5309 -8.9232 9.192 17 -9.192 8.1568 19.8282 -8.1568
5 24 8.9232 18.5309 -8.9232 8.1568 19.8282 -8.1568 10.6576 19.8282 -4.4144 4.4144 19.8282 -10.6576
5 24 12.0104 17 -4.9752 9.192 17 -9.192 9.192 15.343 -9.192 8.9232 18.5309 -8.9232
5 24 9.192 17 -9.192 8.9232 18.5309 -8.9232 11.6592 18.5309 -4.8296 4.8296 18.5309 -11.6592
5 24 9.1592 20.6954 -3.7936 7.3912 21 -3.0616 8 21 0 5.6568 21 -5.6568
5 24 10.6576 19.8282 -4.4144 9.1592 20.6954 -3.7936 9.9136 20.6954 0 7.0096 20.6954 -7.0096
5 24 11.6592 18.5309 -4.8296 10.6576 19.8282 -4.4144 11.5352 19.8282 0 8.1568 19.8282 -8.1568
5 24 12.0104 17 -4.9752 11.6592 18.5309 -4.8296 12.6192 18.5309 0 8.9232 18.5309 -8.9232
5 24 3.7936 20.6954 -9.1592 3.0616 21 -7.3912 5.6568 21 -5.6568 0 21 -8
5 24 7.0096 20.6954 -7.0096 5.6568 21 -5.6568 7.3912 21 -3.0616 3.0616 21 -7.3912
5 24 4.9751 17 -12.0107 4.9751 4 -12.0107 0 4 -13 9.192 4 -9.192
5 24 9.192 17 -9.192 9.192 4 -9.192 12.0104 4 -4.9752 4.9751 4 -12.0107
5 24 12.0104 17 -4.9752 12.0104 4 -4.9752 9.192 4 -9.192 13 4 0
5 24 0 0.3046 -9.9136 3.7936 0.3046 -9.1592 0 1.1718 -11.5352 0 0 -8
5 24 0 1.1718 -11.5352 4.4144 1.1718 -10.6576 0 2.4691 -12.6192 0 0.3046 -9.9136
5 24 0 2.4691 -12.6192 4.8296 2.4691 -11.6592 0 4 -13 0 1.1718 -11.5352
5 24 0 4 -13 4.9752 4 -12.0104 0 5.657 -13 0 2.4691 -12.6192
5 24 3.7936 0.3046 -9.1592 4.4144 1.1718 -10.6576 7.0096 0.3046 -7.0096 0 0.3046 -9.9136
5 24 3.7936 0.3046 -9.1592 7.0096 0.3046 -7.0096 4.4144 1.1718 -10.6576 3.0616 0 -7.3912
5 24 4.4144 1.1718 -10.6576 4.8296 2.4691 -11.6592 8.1568 1.1718 -8.1568 0 1.1718 -11.5352
5 24 4.4144 1.1718 -10.6576 8.1568 1.1718 -8.1568 4.8296 2.4691 -11.6592 3.7936 0.3046 -9.1592
5 24 4.8296 2.4691 -11.6592 4.9752 4 -12.0104 8.9232 2.4691 -8.9232 0 2.4691 -12.6192
5 24 4.8296 2.4691 -11.6592 8.9232 2.4691 -8.9232 4.9752 4 -12.0104 4.4144 1.1718 -10.6576
5 24 4.9752 4 -12.0104 9.192 4 -9.192 4.9752 5.657 -12.0104 4.8296 2.4691 -11.6592
5 24 7.0096 0.3046 -7.0096 9.1592 0.3046 -3.7936 8.1568 1.1718 -8.1568 5.6568 0 -5.6568
5 24 8.1568 1.1718 -8.1568 10.6576 1.1718 -4.4144 8.9232 2.4691 -8.9232 7.0096 0.3046 -7.0096
5 24 7.0096 0.3046 -7.0096 8.1568 1.1718 -8.1568 9.1592 0.3046 -3.7936 3.7936 0.3046 -9.1592
5 24 8.9232 2.4691 -8.9232 11.6592 2.4691 -4.8296 9.192 4 -9.192 8.1568 1.1718 -8.1568
5 24 8.1568 1.1718 -8.1568 8.9232 2.4691 -8.9232 10.6576 1.1718 -4.4144 4.4144 1.1718 -10.6576
5 24 9.192 4 -9.192 12.0104 4 -4.9752 9.192 5.657 -9.192 8.9232 2.4691 -8.9232
5 24 8.9232 2.4691 -8.9232 9.192 4 -9.192 11.6592 2.4691 -4.8296 4.8296 2.4691 -11.6592
5 24 7.3912 0 -3.0616 9.1592 0.3046 -3.7936 8 0 0 5.6568 0 -5.6568
5 24 9.1592 0.3046 -3.7936 10.6576 1.1718 -4.4144 9.9136 0.3046 0 7.0096 0.3046 -7.0096
5 24 10.6576 1.1718 -4.4144 11.6592 2.4691 -4.8296 11.5352 1.1718 0 8.1568 1.1718 -8.1568
5 24 11.6592 2.4691 -4.8296 12.0104 4 -4.9752 12.6192 2.4691 0 8.9232 2.4691 -8.9232
5 24 3.0616 0 -7.3912 3.7936 0.3046 -9.1592 5.6568 0 -5.6568 0 0 -8
5 24 5.6568 0 -5.6568 7.0096 0.3046 -7.0096 7.3912 0 -3.0616 3.0616 0 -7.3912
