0 ~Minifig Head with SW Black Chin Strap and Orange Visor Up/Downn 2-Sided Half Pattern
0 Name: s\28621p18s01.dat
0 Author: Philippe Hurbain [Philo]
0 !LDRAW_ORG Unofficial_Subpart
0 !LICENSE Licensed under CC BY 4.0 : see CAreadme.txt

0 BFC CERTIFY CCW

0 // Front
5 24 3.7936 20.6954 -9.1592 0 20.6954 -9.9136 0 19.8282 -11.5352 0 21 -8
5 24 4.4144 19.8282 -10.6576 0 19.8282 -11.5352 0 18.5309 -12.6192 0 20.6954 -9.9136
5 24 4.8296 18.5309 -11.6592 0 18.5309 -12.6192 0 17 -13 0 19.8282 -11.5352
5 24 4.9752 17 -12.0104 0 17 -13 0 15.343 -13 0 18.5309 -12.6192
5 24 4.4144 19.8282 -10.6576 3.7936 20.6954 -9.1592 7.0096 20.6954 -7.0096 0 20.6954 -9.9136
5 24 7.0096 20.6954 -7.0096 3.7936 20.6954 -9.1592 4.4144 19.8282 -10.6576 3.0616 21 -7.3912
5 24 4.8296 18.5309 -11.6592 4.4144 19.8282 -10.6576 8.1568 19.8282 -8.1568 0 19.8282 -11.5352
5 24 8.1568 19.8282 -8.1568 4.4144 19.8282 -10.6576 4.8296 18.5309 -11.6592 3.7936 20.6954 -9.1592
5 24 4.9752 17 -12.0104 4.8296 18.5309 -11.6592 8.9232 18.5309 -8.9232 0 18.5309 -12.6192
5 24 8.9232 18.5309 -8.9232 4.8296 18.5309 -11.6592 4.9752 17 -12.0104 4.4144 19.8282 -10.6576
5 24 9.192 17 -9.192 4.9752 17 -12.0104 4.9752 15.343 -12.0104 4.8296 18.5309 -11.6592
5 24 9.1592 20.6954 -3.7936 7.0096 20.6954 -7.0096 8.1568 19.8282 -8.1568 5.6568 21 -5.6568
5 24 10.6576 19.8282 -4.4144 8.1568 19.8282 -8.1568 8.9232 18.5309 -8.9232 7.0096 20.6954 -7.0096
5 24 8.1568 19.8282 -8.1568 7.0096 20.6954 -7.0096 9.1592 20.6954 -3.7936 3.7936 20.6954 -9.1592
5 24 11.6592 18.5309 -4.8296 8.9232 18.5309 -8.9232 9.192 17 -9.192 8.1568 19.8282 -8.1568
5 24 8.9232 18.5309 -8.9232 8.1568 19.8282 -8.1568 10.6576 19.8282 -4.4144 4.4144 19.8282 -10.6576
5 24 12.0104 17 -4.9752 9.192 17 -9.192 9.192 15.343 -9.192 8.9232 18.5309 -8.9232
5 24 9.192 17 -9.192 8.9232 18.5309 -8.9232 11.6592 18.5309 -4.8296 4.8296 18.5309 -11.6592
5 24 9.1592 20.6954 -3.7936 7.3912 21 -3.0616 8 21 0 5.6568 21 -5.6568
5 24 10.6576 19.8282 -4.4144 9.1592 20.6954 -3.7936 9.9136 20.6954 0 7.0096 20.6954 -7.0096
5 24 11.6592 18.5309 -4.8296 10.6576 19.8282 -4.4144 11.5352 19.8282 0 8.1568 19.8282 -8.1568
5 24 12.0104 17 -4.9752 11.6592 18.5309 -4.8296 12.6192 18.5309 0 8.9232 18.5309 -8.9232
5 24 3.7936 20.6954 -9.1592 3.0616 21 -7.3912 5.6568 21 -5.6568 0 21 -8
5 24 7.0096 20.6954 -7.0096 5.6568 21 -5.6568 7.3912 21 -3.0616 3.0616 21 -7.3912
5 24 4.9751 17 -12.0107 4.9751 4 -12.0107 0 4 -13 9.192 4 -9.192
5 24 9.192 17 -9.192 9.192 4 -9.192 12.0104 4 -4.9752 4.9751 4 -12.0107
5 24 12.0104 17 -4.9752 12.0104 4 -4.9752 9.192 4 -9.192 13 4 0
5 24 0 .3046 -9.9136 3.7936 .3046 -9.1592 0 1.1718 -11.5352 0 0 -8
5 24 0 1.1718 -11.5352 4.4144 1.1718 -10.6576 0 2.4691 -12.6192 0 .3046 -9.9136
5 24 0 2.4691 -12.6192 4.8296 2.4691 -11.6592 0 4 -13 0 1.1718 -11.5352
5 24 0 4 -13 4.9752 4 -12.0104 0 5.657 -13 0 2.4691 -12.6192
5 24 3.7936 .3046 -9.1592 4.4144 1.1718 -10.6576 7.0096 .3046 -7.0096 0 .3046 -9.9136
5 24 3.7936 .3046 -9.1592 7.0096 .3046 -7.0096 4.4144 1.1718 -10.6576 3.0616 0 -7.3912
5 24 4.4144 1.1718 -10.6576 4.8296 2.4691 -11.6592 8.1568 1.1718 -8.1568 0 1.1718 -11.5352
5 24 4.4144 1.1718 -10.6576 8.1568 1.1718 -8.1568 4.8296 2.4691 -11.6592 3.7936 .3046 -9.1592
5 24 4.8296 2.4691 -11.6592 4.9752 4 -12.0104 8.9232 2.4691 -8.9232 0 2.4691 -12.6192
5 24 4.8296 2.4691 -11.6592 8.9232 2.4691 -8.9232 4.9752 4 -12.0104 4.4144 1.1718 -10.6576
5 24 4.9752 4 -12.0104 9.192 4 -9.192 4.9752 5.657 -12.0104 4.8296 2.4691 -11.6592
5 24 7.0096 .3046 -7.0096 9.1592 .3046 -3.7936 8.1568 1.1718 -8.1568 5.6568 0 -5.6568
5 24 8.1568 1.1718 -8.1568 10.6576 1.1718 -4.4144 8.9232 2.4691 -8.9232 7.0096 .3046 -7.0096
5 24 7.0096 .3046 -7.0096 8.1568 1.1718 -8.1568 9.1592 .3046 -3.7936 3.7936 .3046 -9.1592
5 24 8.9232 2.4691 -8.9232 11.6592 2.4691 -4.8296 9.192 4 -9.192 8.1568 1.1718 -8.1568
5 24 8.1568 1.1718 -8.1568 8.9232 2.4691 -8.9232 10.6576 1.1718 -4.4144 4.4144 1.1718 -10.6576
5 24 9.192 4 -9.192 12.0104 4 -4.9752 9.192 5.657 -9.192 8.9232 2.4691 -8.9232
5 24 8.9232 2.4691 -8.9232 9.192 4 -9.192 11.6592 2.4691 -4.8296 4.8296 2.4691 -11.6592
5 24 7.3912 0 -3.0616 9.1592 .3046 -3.7936 8 0 0 5.6568 0 -5.6568
5 24 9.1592 .3046 -3.7936 10.6576 1.1718 -4.4144 9.9136 .3046 0 7.0096 .3046 -7.0096
5 24 10.6576 1.1718 -4.4144 11.6592 2.4691 -4.8296 11.5352 1.1718 0 8.1568 1.1718 -8.1568
5 24 11.6592 2.4691 -4.8296 12.0104 4 -4.9752 12.6192 2.4691 0 8.9232 2.4691 -8.9232
5 24 3.0616 0 -7.3912 3.7936 .3046 -9.1592 5.6568 0 -5.6568 0 0 -8
5 24 5.6568 0 -5.6568 7.0096 .3046 -7.0096 7.3912 0 -3.0616 3.0616 0 -7.3912
3 0 4.5576 16.2862 -12.0935 2.5944 16.6144 -12.484 4.9752 17 -12.0104
4 0 9.192 17 -9.192 10.6969 17 -6.9404 10.203 15.2227 -7.6794 9.714 15.9173 -8.411
4 0 4.8296 18.5309 -11.6592 3.3797 18.8348 -11.6935 3.2086 18.9747 -11.6105 3.7931 19.3203 -11.2056
3 0 4.9752 17 -12.0104 5.1391 17 -11.9008 4.9752 16.5757 -12.0104
3 0 9.192 16.4579 -9.192 9.192 17 -9.192 9.714 15.9173 -8.411
4 0 11.0561 13.6831 -6.403 10.203 15.2227 -7.6794 10.6969 17 -6.9404 11.0397 16.4575 -6.4276
4 0 5.3589 17.6469 -11.5644 4.8296 18.5309 -11.6592 8.9232 18.5309 -8.9232 6.7318 17.4453 -10.7059
4 0 9.192 17 -9.192 8.1423 17 -9.8936 6.7318 17.4453 -10.7059 8.9232 18.5309 -8.9232
4 0 4.8296 18.5309 -11.6592 5.1509 17.6535 -11.7015 5.1391 17 -11.9008 4.9752 17 -12.0104
3 0 5.3589 17.6469 -11.5644 5.1509 17.6535 -11.7015 4.8296 18.5309 -11.6592
3 0 4.5821 19.3042 -11.0622 6.5158 19.1254 -9.946 4.8296 18.5309 -11.6592
4 0 8.9232 18.5309 -8.9232 4.8296 18.5309 -11.6592 6.5158 19.1254 -9.946 7.6188 18.8939 -9.4371
3 0 9.192 17 -9.192 8.9232 18.5309 -8.9232 9.4538 18.0696 -8.3315
3 0 9.4538 18.0696 -8.3315 10.6969 17 -6.9404 9.192 17 -9.192
3 0 9.192 16.4579 -9.192 8.1423 17 -9.8936 9.192 17 -9.192
4 0 0 17.3073 -12.9236 1.9677 17.286 -12.5375 4.474 17.0225 -12.1045 0 17 -13
3 0 3.4177 17.6605 -12.156 3.3896 18.5309 -11.9454 3.7721 17.6787 -12.081
4 0 4.8296 18.5309 -11.6592 4.5071 17.6695 -11.9372 3.7721 17.6787 -12.081 3.3896 18.5309 -11.9454
4 0 3.4177 17.6605 -12.156 3.7721 17.6787 -12.081 3.6704 17.5265 -12.139 3.5022 17.557 -12.1649
3 0 4.9752 17 -12.0104 0 17 -13 4.474 17.0225 -12.1045
3 0 4.9752 17 -12.0104 4.474 17.0225 -12.1045 4.5479 17.3727 -12.0028
4 0 4.8296 18.5309 -11.6592 4.9752 17 -12.0104 4.5479 17.3727 -12.0028 4.5071 17.6695 -11.9372
4 0 1.9058 19.6268 -11.3246 1.4912 19.1472 -11.8078 0 19.1472 -12.1042 0 19.717 -11.628
3 0 3.7931 19.3203 -11.2056 4.5821 19.3042 -11.0622 4.8296 18.5309 -11.6592
4 0 3.7931 19.3203 -11.2056 3.2086 18.9747 -11.6105 1.4912 19.1472 -11.8078 1.9058 19.6268 -11.3246
3 0 4.8296 18.5309 -11.6592 3.3896 18.5309 -11.9454 3.3797 18.8348 -11.6935
4 15 3.2086 18.9747 -11.6105 3.3896 18.5309 -11.9454 0 18.5309 -12.6192 1.4912 19.1472 -11.8078
4 15 3.3896 18.5309 -11.9454 1.9677 17.286 -12.5375 0 17.3073 -12.9236 0 18.5309 -12.6192
3 15 3.3896 18.5309 -11.9454 3.4177 17.6605 -12.156 1.9677 17.286 -12.5375
4 15 3.7721 17.6787 -12.081 4.5479 17.3727 -12.0028 4.474 17.0225 -12.1045 3.6704 17.5265 -12.139
4 15 1.9677 17.286 -12.5375 3.5022 17.557 -12.1649 3.6704 17.5265 -12.139 4.474 17.0225 -12.1045
3 15 1.9677 17.286 -12.5375 3.4177 17.6605 -12.156 3.5022 17.557 -12.1649
3 15 3.7721 17.6787 -12.081 4.5071 17.6695 -11.9372 4.5479 17.3727 -12.0028
3 15 0 18.5309 -12.6192 0 19.1472 -12.1042 1.4912 19.1472 -11.8078
3 15 3.2086 18.9747 -11.6105 3.3797 18.8348 -11.6935 3.3896 18.5309 -11.9454
4 16 3.7936 .3046 -9.1592 7.0096 .3046 -7.0096 5.6568 0 -5.6568 3.0616 0 -7.3912
4 16 4.4144 1.1718 -10.6576 8.1568 1.1718 -8.1568 7.0096 .3046 -7.0096 3.7936 .3046 -9.1592
3 16 6.9411 1.4544 -9.2477 7.423 1.4544 -8.9257 8.1568 1.1718 -8.1568
4 16 4.4144 19.8282 -10.6576 0 19.8282 -11.5352 0 20.6954 -9.9136 3.7936 20.6954 -9.1592
4 16 9.1592 20.6954 -3.7936 7.0096 20.6954 -7.0096 5.6568 21 -5.6568 7.3912 21 -3.0616
4 16 10.6576 19.8282 -4.4144 8.1568 19.8282 -8.1568 7.0096 20.6954 -7.0096 9.1592 20.6954 -3.7936
3 16 12.0104 4 -4.9752 11.0138 4 -6.4665 11.0471 7.3008 -6.4165
4 16 5.1391 17 -11.9008 6.8089 14.2074 -10.7849 4.9752 14.472 -12.0105 4.9752 16.5757 -12.0104
4 16 8.1423 17 -9.8936 5.1391 17 -11.9008 5.3589 17.6469 -11.5644 6.7318 17.4453 -10.7059
4 16 9.1592 .3046 -3.7936 7.3912 0 -3.0616 5.6568 0 -5.6568 7.0096 .3046 -7.0096
4 16 10.6576 1.1718 -4.4144 9.1592 .3046 -3.7936 7.0096 .3046 -7.0096 8.1568 1.1718 -8.1568
4 16 8.3237 1.4544 -8.3237 9.6089 1.4544 -6.4005 10.6576 1.1718 -4.4144 8.1568 1.1718 -8.1568
4 16 11.6592 2.4691 -4.8296 10.6576 1.1718 -4.4144 9.6089 1.4544 -6.4005 10.5361 2.4691 -6.5099
4 16 10.5361 2.4691 -6.5099 11.0138 4 -6.4665 12.0104 4 -4.9752 11.6592 2.4691 -4.8296
3 16 8.3237 1.4544 -8.3237 8.1568 1.1718 -8.1568 7.7014 1.4544 -8.7396
4 16 6.9411 1.4544 -9.2477 8.1568 1.1718 -8.1568 4.4144 1.1718 -10.6576 5.9095 1.4544 -9.9371
3 16 7.7014 1.4544 -8.7396 8.1568 1.1718 -8.1568 7.423 1.4544 -8.9257
3 16 4.4144 1.1718 -10.6576 4.5048 1.4544 -10.8757 5.9095 1.4544 -9.9371
4 16 3.0616 0 -7.3912 0 0 -8 0 .3046 -9.9136 3.7936 .3046 -9.1592
4 16 4.4144 1.1718 -10.6576 3.7936 .3046 -9.1592 0 .3046 -9.9136 0 1.1718 -11.5352
4 16 4.5048 1.4544 -10.8757 4.4144 1.1718 -10.6576 0 1.1718 -11.5352 0 1.4544 -11.7713
4 16 0 20.6954 -9.9136 0 21 -8 3.0616 21 -7.3912 3.7936 20.6954 -9.1592
4 16 4.4144 19.8282 -10.6576 1.9058 19.6268 -11.3246 0 19.717 -11.628 0 19.8282 -11.5352
4 16 1.9058 19.6268 -11.3246 4.4144 19.8282 -10.6576 4.5821 19.3042 -11.0622 3.7931 19.3203 -11.2056
4 16 3.7936 20.6954 -9.1592 3.0616 21 -7.3912 5.6568 21 -5.6568 7.0096 20.6954 -7.0096
4 16 4.4144 19.8282 -10.6576 3.7936 20.6954 -9.1592 7.0096 20.6954 -7.0096 8.1568 19.8282 -8.1568
4 16 7.6188 18.8939 -9.4371 6.5158 19.1254 -9.946 4.4144 19.8282 -10.6576 8.1568 19.8282 -8.1568
3 16 4.5821 19.3042 -11.0622 4.4144 19.8282 -10.6576 6.5158 19.1254 -9.946
3 16 8.1568 19.8282 -8.1568 8.9232 18.5309 -8.9232 7.6188 18.8939 -9.4371
4 16 8.9232 18.5309 -8.9232 8.1568 19.8282 -8.1568 10.6576 19.8282 -4.4144 11.6592 18.5309 -4.8296
4 16 10.6969 17 -6.9404 9.4538 18.0696 -8.3315 8.9232 18.5309 -8.9232 11.6592 18.5309 -4.8296
3 16 11.6592 18.5309 -4.8296 12.0104 17 -4.9752 10.6969 17 -6.9404
4 16 10.203 15.2227 -7.6794 9.1921 13.0337 -9.1921 9.192 16.4579 -9.192 9.714 15.9173 -8.411
4 16 11.0561 13.6831 -6.403 9.732 12.1914 -8.3842 9.1921 13.0337 -9.1921 10.203 15.2227 -7.6794
3 16 10.2298 11.1946 -7.6393 9.732 12.1914 -8.3842 11.0561 13.6831 -6.403
3 16 11.0397 16.4575 -6.4276 10.6969 17 -6.9404 12.0104 17 -4.9752
3 16 11.0047 9.2286 -6.4798 10.2298 11.1946 -7.6393 11.0561 13.6831 -6.403
3 16 11.0561 13.6831 -6.403 11.0397 16.4575 -6.4276 12.0104 17 -4.9752
4 16 12.0104 17 -4.9752 12.0104 4 -4.9752 11.0471 7.3008 -6.4165 11.0047 9.2286 -6.4798
3 16 11.0047 9.2286 -6.4798 11.0561 13.6831 -6.403 12.0104 17 -4.9752
3 16 5.1391 17 -11.9008 8.1423 17 -9.8936 6.8089 14.2074 -10.7849
4 16 6.8089 14.2074 -10.7849 8.1423 17 -9.8936 9.192 16.4579 -9.192 8.1431 13.8291 -9.8932
3 16 9.192 16.4579 -9.192 9.1921 13.0337 -9.1921 8.6803 13.4998 -9.5341
3 16 9.192 16.4579 -9.192 8.6803 13.4998 -9.5341 8.1431 13.8291 -9.8932
4 16 4.1032 14.5271 -12.1839 4.5576 16.2862 -12.0935 4.7733 16.348 -12.0506 4.9752 14.472 -12.0105
3 16 .5803 12.3326 -12.8846 .2502 12.1727 -12.9502 0 12.1389 -13
3 16 5.1391 17 -11.9008 5.1509 17.6535 -11.7015 5.3589 17.6469 -11.5644
4 25 8.7218 9.4418 -9.5066 8.0442 9.3208 -9.9594 7.6166 10.303 -10.2452 8.2854 10.5868 -9.7982
3 25 8.8287 4 -9.4353 9.125 6.6405 -9.2372 9.1923 4 -9.1923
4 25 4.8296 2.4691 -11.6592 4.5048 1.4544 -10.8757 2.2665 2.2169 -11.9579 2.9953 2.4691 -12.0238
4 25 4.9752 12.7486 -12.0105 4.2533 12.7199 -12.1541 4.079 13.8715 -12.1887 4.9752 13.8289 -12.0105
4 25 4.9752 12.432 -12.0105 4.3631 11.1761 -12.1323 3.9498 11.4343 -12.2145 4.1749 12.3729 -12.1697
4 25 11.0138 4 -6.4665 10.5361 2.4691 -6.5099 8.9232 2.4691 -8.9232 9.1923 4 -9.1923
4 25 8.3237 1.4544 -8.3237 8.9232 2.4691 -8.9232 10.5361 2.4691 -6.5099 9.6089 1.4544 -6.4005
4 25 8.574 4 -9.6055 8 2.4691 -9.5403 7.4513 2.4691 -9.9069 7.9284 4 -10.037
4 25 8.2954 2.4691 -9.3428 8.8287 4 -9.4353 9.1923 4 -9.1923 8.9232 2.4691 -8.9232
4 25 2.9953 2.4691 -12.0238 4.3416 3.1745 -11.9315 4.853 2.7157 -11.7158 4.8296 2.4691 -11.6592
4 25 8.9232 2.4691 -8.9232 8.3237 1.4544 -8.3237 7.7014 1.4544 -8.7396 8.2954 2.4691 -9.3428
4 25 8 2.4691 -9.5403 7.423 1.4544 -8.9257 6.9411 1.4544 -9.2477 7.4513 2.4691 -9.9069
4 25 4.8296 2.4691 -11.6592 5.066 2.4691 -11.5012 5.9095 1.4544 -9.9371 4.5048 1.4544 -10.8757
4 25 10.6608 9.0159 -6.9944 9.1922 8.1901 -9.1922 9.1921 12.2136 -9.1921 10.2174 10.2378 -7.658
3 25 11.0471 7.3008 -6.4165 11.0138 4 -6.4665 9.1923 4 -9.1923
4 25 10.6608 9.0159 -6.9944 11.0471 7.3008 -6.4165 9.1923 4 -9.1923 9.1922 8.1901 -9.1922
4 25 4.1322 3.5987 -12.0786 3.2185 2.9972 -12.1108 0 4 -13 4.2335 4 -12.1582
3 25 3.2185 2.9972 -12.1108 2.1877 2.6183 -12.2214 0 4 -13
4 25 0 2.4691 -12.6192 0 4 -13 2.1877 2.6183 -12.2214 1.4045 2.4691 -12.34
4 25 4.9752 12.7486 -12.0105 4.9752 13.8289 -12.0105 7.5561 13.4018 -10.2856 6.0167 12.6543 -11.3144
4 25 6.9794 12.3705 -10.6711 7.5561 13.4018 -10.2856 8.3161 13.0489 -9.7776 7.6163 12.0032 -10.2454
3 25 6.0167 12.6543 -11.3144 7.5561 13.4018 -10.2856 6.9794 12.3705 -10.6711
3 25 9.1921 12.2136 -9.1921 9.1922 8.1901 -9.1922 9.1339 9.3031 -9.2312
3 25 9.1921 12.2136 -9.1921 9.1339 9.3031 -9.2312 8.7509 10.3701 -9.4871
4 25 7.6163 12.0032 -10.2454 8.3161 13.0489 -9.7776 9.1921 12.2136 -9.1921 8.2134 11.3375 -9.8463
3 25 9.1921 12.2136 -9.1921 8.7509 10.3701 -9.4871 8.2134 11.3375 -9.8463
4 25 4.9752 12.432 -12.0105 5.5681 12.3848 -11.6142 6.6065 12.1435 -10.9203 5.9674 11.5133 -11.3474
4 25 5.9674 11.5133 -11.3474 6.6065 12.1435 -10.9203 7.1243 11.927 -10.5742 6.7445 11.2713 -10.8281
4 25 6.7445 11.2713 -10.8281 7.1243 11.927 -10.5742 7.5886 11.5893 -10.2639 7.1851 10.9071 -10.5336
4 25 8.2854 10.5868 -9.7982 7.6166 10.303 -10.2452 7.1851 10.9071 -10.5336 7.5886 11.5893 -10.2639
4 25 8.0442 9.3208 -9.9594 8.7218 9.4418 -9.5066 8.9445 8.2456 -9.3578 8.3116 8.3102 -9.7808
4 25 8.1859 6.2155 -9.8649 8.3116 8.3102 -9.7808 8.9445 8.2456 -9.3578 8.8595 7.0216 -9.4146
4 25 7.9284 4 -10.037 8.1859 6.2155 -9.8649 8.8595 7.0216 -9.4146 8.574 4 -9.6055
3 25 9.125 6.6405 -9.2372 9.1922 8.1901 -9.1922 9.1923 4 -9.1923
3 25 2.2665 2.2169 -11.9579 4.5048 1.4544 -10.8757 1.1441 2.0143 -12.0117
4 25 4.5048 1.4544 -10.8757 0 1.4544 -11.7713 0 1.9262 -12.1655 1.1441 2.0143 -12.0117
3 25 1.4045 2.4691 -12.34 0 2.3251 -12.4989 0 2.4691 -12.6192
4 25 .5628 11.5776 -12.8881 .3099 11.0697 -12.9384 0 11.0697 -13 0 11.4734 -13
4 25 .8057 11.2115 -12.8398 .9143 11.7694 -12.8182 2.4439 13.2784 -12.514 2.9507 12.3486 -12.4132
3 25 2.4439 13.2784 -12.514 2.8279 13.573 -12.4376 2.9507 12.3486 -12.4132
4 25 .3099 11.0697 -12.9384 .5628 11.5776 -12.8881 .9143 11.7694 -12.8182 .8057 11.2115 -12.8398
4 25 4.2533 12.7199 -12.1541 2.9507 12.3486 -12.4132 2.8279 13.573 -12.4376 3.2446 13.7646 -12.3547
3 25 4.2533 12.7199 -12.1541 3.2446 13.7646 -12.3547 4.079 13.8715 -12.1887
4 25 2.105 9.3536 -12.5814 0 10.6984 -13 .2909 10.6984 -12.9422 2.0484 9.8388 -12.5927
4 25 2.0929 10.327 -12.5838 2.0484 9.8388 -12.5927 .2909 10.6984 -12.9422 .9691 10.8698 -12.8073
3 25 2.2674 10.7823 -12.5491 2.0929 10.327 -12.5838 .9691 10.8698 -12.8073
4 25 2.2674 10.7823 -12.5491 .9691 10.8698 -12.8073 3.0858 12.0396 -12.3863 2.5721 11.1668 -12.4885
4 25 3.9498 11.4343 -12.2145 3.4662 11.5132 -12.3107 3.0858 12.0396 -12.3863 4.1749 12.3729 -12.1697
3 25 2.9872 11.4206 -12.406 3.0858 12.0396 -12.3863 3.4662 11.5132 -12.3107
3 25 3.0858 12.0396 -12.3863 2.9872 11.4206 -12.406 2.5721 11.1668 -12.4885
3 25 4.9752 12.432 -12.0105 4.9237 9.863 -12.0208 4.8714 10.351 -12.0312
3 25 4.9752 12.432 -12.0105 4.8714 10.351 -12.0312 4.6784 10.7973 -12.0696
3 25 4.9752 12.432 -12.0105 4.6784 10.7973 -12.0696 4.3631 11.1761 -12.1323
3 25 4.853 2.7157 -11.7158 5.066 2.4691 -11.5012 4.8296 2.4691 -11.6592
4 191 6.9411 1.4544 -9.2477 5.9095 1.4544 -9.9371 5.066 2.4691 -11.5012 7.4513 2.4691 -9.9069
4 191 4.3416 3.1745 -11.9315 4.1322 3.5987 -12.0786 4.2335 4 -12.1582 4.9751 4 -12.0107
3 191 4.9751 4 -12.0107 4.853 2.7157 -11.7158 4.3416 3.1745 -11.9315
4 191 4.1322 3.5987 -12.0786 4.3416 3.1745 -11.9315 2.9953 2.4691 -12.0238 3.2185 2.9972 -12.1108
3 191 2.9953 2.4691 -12.0238 1.4045 2.4691 -12.34 2.1877 2.6183 -12.2214
3 191 2.9953 2.4691 -12.0238 2.1877 2.6183 -12.2214 3.2185 2.9972 -12.1108
4 191 7.6166 10.303 -10.2452 5.9674 11.5133 -11.3474 6.7445 11.2713 -10.8281 7.1851 10.9071 -10.5336
4 191 2.9953 2.4691 -12.0238 2.2665 2.2169 -11.9579 1.1441 2.0143 -12.0117 1.4045 2.4691 -12.34
4 191 1.1441 2.0143 -12.0117 0 1.9262 -12.1655 0 2.3251 -12.4989 1.4045 2.4691 -12.34
4 191 2.8669 9.3753 -12.4299 3.2385 8.6218 -12.356 2.9876 8.7873 -12.4059 2.8594 9.0677 -12.4314
4 191 3.2611 9.814 -12.3515 3.5694 9.8364 -12.2902 2.8669 9.3753 -12.4299 3.0093 9.6451 -12.4016
4 191 4.0349 8.8939 -12.1976 3.8261 8.6732 -12.2392 3.5694 9.8364 -12.2902 3.8543 9.72 -12.2335
4 191 3.8261 8.6732 -12.2392 3.2385 8.6218 -12.356 2.8669 9.3753 -12.4299 3.5694 9.8364 -12.2902
4 191 4.0552 9.4919 -12.1936 4.1191 9.1901 -12.1809 4.0349 8.8939 -12.1976 3.8543 9.72 -12.2335
3 191 3.8261 8.6732 -12.2392 3.5398 8.5718 -12.2961 3.2385 8.6218 -12.356
4 191 4.9751 4 -12.0107 7.9284 4 -10.037 7.4513 2.4691 -9.9069 5.066 2.4691 -11.5012
3 191 5.066 2.4691 -11.5012 4.853 2.7157 -11.7158 4.9751 4 -12.0107
4 484 4.9752 14.472 -12.0105 6.8089 14.2074 -10.7849 7.5561 13.4018 -10.2856 4.9752 13.8289 -12.0105
4 484 7.6163 12.0032 -10.2454 8.2134 11.3375 -9.8463 8.2854 10.5868 -9.7982 7.5886 11.5893 -10.2639
4 484 3.2299 14.4409 -12.3576 3.2446 13.7646 -12.3547 2.8279 13.573 -12.4376 2.7744 14.2792 -12.4482
4 484 4.9752 12.7486 -12.0105 4.9752 12.432 -12.0105 4.1749 12.3729 -12.1697 4.2533 12.7199 -12.1541
4 484 8.2954 2.4691 -9.3428 7.7014 1.4544 -8.7396 7.423 1.4544 -8.9257 8 2.4691 -9.5403
3 484 9.1921 13.0337 -9.1921 9.732 12.1914 -8.3842 9.1921 12.2136 -9.1921
4 484 10.2174 10.2378 -7.658 9.1921 12.2136 -9.1921 9.732 12.1914 -8.3842 10.2298 11.1946 -7.6393
4 484 10.6608 9.0159 -6.9944 10.2174 10.2378 -7.658 10.2298 11.1946 -7.6393 11.0047 9.2286 -6.4798
3 484 11.0047 9.2286 -6.4798 11.0471 7.3008 -6.4165 10.6608 9.0159 -6.9944
4 484 8.3161 13.0489 -9.7776 7.5561 13.4018 -10.2856 6.8089 14.2074 -10.7849 8.1431 13.8291 -9.8932
3 484 8.1431 13.8291 -9.8932 8.6803 13.4998 -9.5341 8.3161 13.0489 -9.7776
4 484 8.6803 13.4998 -9.5341 9.1921 13.0337 -9.1921 9.1921 12.2136 -9.1921 8.3161 13.0489 -9.7776
4 484 4.9752 12.432 -12.0105 4.9752 12.7486 -12.0105 6.0167 12.6543 -11.3144 5.5681 12.3848 -11.6142
4 484 6.9794 12.3705 -10.6711 6.6065 12.1435 -10.9203 5.5681 12.3848 -11.6142 6.0167 12.6543 -11.3144
4 484 7.5886 11.5893 -10.2639 7.1243 11.927 -10.5742 6.9794 12.3705 -10.6711 7.6163 12.0032 -10.2454
3 484 8.2134 11.3375 -9.8463 8.7509 10.3701 -9.4871 8.2854 10.5868 -9.7982
4 484 9.125 6.6405 -9.2372 8.8595 7.0216 -9.4146 8.9445 8.2456 -9.3578 9.1922 8.1901 -9.1922
4 484 8.8287 4 -9.4353 8.574 4 -9.6055 8.8595 7.0216 -9.4146 9.125 6.6405 -9.2372
4 484 9.1922 8.1901 -9.1922 8.9445 8.2456 -9.3578 8.7218 9.4418 -9.5066 9.1339 9.3031 -9.2312
3 484 7.1243 11.927 -10.5742 6.6065 12.1435 -10.9203 6.9794 12.3705 -10.6711
4 484 9.1339 9.3031 -9.2312 8.7218 9.4418 -9.5066 8.2854 10.5868 -9.7982 8.7509 10.3701 -9.4871
4 484 .5628 11.5776 -12.8881 0 11.4734 -13 0 12.1389 -13 .2502 12.1727 -12.9502
4 484 .9143 11.7694 -12.8182 .5803 12.3326 -12.8846 2.2767 13.9548 -12.5472 2.4439 13.2784 -12.514
4 484 2.7744 14.2792 -12.4482 2.8279 13.573 -12.4376 2.4439 13.2784 -12.514 2.2767 13.9548 -12.5472
4 484 .9143 11.7694 -12.8182 .5628 11.5776 -12.8881 .2502 12.1727 -12.9502 .5803 12.3326 -12.8846
4 484 4.1032 14.5271 -12.1839 4.079 13.8715 -12.1887 3.2446 13.7646 -12.3547 3.2299 14.4409 -12.3576
4 484 0 10.6984 -13 0 11.0697 -13 .3099 11.0697 -12.9384 .2909 10.6984 -12.9422
4 484 .9691 10.8698 -12.8073 .8057 11.2115 -12.8398 2.9507 12.3486 -12.4132 3.0858 12.0396 -12.3863
4 484 4.2533 12.7199 -12.1541 4.1749 12.3729 -12.1697 3.0858 12.0396 -12.3863 2.9507 12.3486 -12.4132
4 484 .8057 11.2115 -12.8398 .9691 10.8698 -12.8073 .2909 10.6984 -12.9422 .3099 11.0697 -12.9384
4 484 4.0552 9.4919 -12.1936 3.8543 9.72 -12.2335 4.8714 10.351 -12.0312 4.9237 9.863 -12.0208
3 484 4.9237 9.863 -12.0208 4.8642 9.3765 -12.0326 4.0552 9.4919 -12.1936
4 484 4.0552 9.4919 -12.1936 4.8642 9.3765 -12.0326 4.675 8.9275 -12.0703 4.1191 9.1901 -12.1809
4 484 4.6784 10.7973 -12.0696 3.5694 9.8364 -12.2902 3.9498 11.4343 -12.2145 4.3631 11.1761 -12.1323
4 484 3.2611 9.814 -12.3515 2.9872 11.4206 -12.406 3.4662 11.5132 -12.3107 3.5694 9.8364 -12.2902
3 484 3.4662 11.5132 -12.3107 3.9498 11.4343 -12.2145 3.5694 9.8364 -12.2902
4 484 2.9872 11.4206 -12.406 3.2611 9.814 -12.3515 2.2674 10.7823 -12.5491 2.5721 11.1668 -12.4885
3 484 2.0484 9.8388 -12.5927 2.0929 10.327 -12.5838 3.0093 9.6451 -12.4016
4 484 2.2674 10.7823 -12.5491 3.2611 9.814 -12.3515 3.0093 9.6451 -12.4016 2.0929 10.327 -12.5838
4 484 2.8594 9.0677 -12.4314 2.2869 8.9007 -12.5452 2.105 9.3536 -12.5814 2.8669 9.3753 -12.4299
4 484 3.0093 9.6451 -12.4016 2.8669 9.3753 -12.4299 2.105 9.3536 -12.5814 2.0484 9.8388 -12.5927
4 484 4.8714 10.351 -12.0312 3.8543 9.72 -12.2335 3.5694 9.8364 -12.2902 4.6784 10.7973 -12.0696
4 484 4.3749 8.5393 -12.13 4.0349 8.8939 -12.1976 4.1191 9.1901 -12.1809 4.675 8.9275 -12.0703
4 484 3.9705 8.2694 -12.2104 3.8261 8.6732 -12.2392 4.0349 8.8939 -12.1976 4.3749 8.5393 -12.13
4 484 3.8261 8.6732 -12.2392 3.9705 8.2694 -12.2104 3.492 8.1781 -12.3056 3.5398 8.5718 -12.2961
4 484 3.5398 8.5718 -12.2961 3.492 8.1781 -12.3056 3.0137 8.2711 -12.4007 3.2385 8.6218 -12.356
4 484 3.2385 8.6218 -12.356 3.0137 8.2711 -12.4007 2.5973 8.5245 -12.4835 2.9876 8.7873 -12.4059
4 484 2.2869 8.9007 -12.5452 2.8594 9.0677 -12.4314 2.9876 8.7873 -12.4059 2.5973 8.5245 -12.4835
4 484 8.2954 2.4691 -9.3428 8 2.4691 -9.5403 8.574 4 -9.6055 8.8287 4 -9.4353
4 0 4.9752 17 -12.0104 2.5944 16.6144 -12.484 0 16.6963 -13 0 17 -13
4 0 4.7733 16.348 -12.0506 4.5576 16.2862 -12.0935 4.9752 17 -12.0104 4.9752 16.5757 -12.0104
3 16 4.7733 16.348 -12.0506 4.9752 16.5757 -12.0104 4.9752 14.472 -12.0105
4 484 4.1032 14.5271 -12.1839 4.9752 14.472 -12.0105 4.9752 13.8289 -12.0105 4.079 13.8715 -12.1887
4 191 7.6166 10.303 -10.2452 8.0442 9.3208 -9.9594 8.3116 8.3102 -9.7808 5.9674 11.5133 -11.3474

0 // Back
5 24 0 20.6954 9.9136 3.7936 20.6954 9.1592 0 19.8282 11.5352 0 21 8
5 24 0 19.8282 11.5352 4.4144 19.8282 10.6576 0 18.5309 12.6192 0 20.6954 9.9136
5 24 0 18.5309 12.6192 4.8296 18.5309 11.6592 0 17 13 0 19.8282 11.5352
5 24 0 17 13 4.9752 17 12.0104 0 15.343 13 0 18.5309 12.6192
5 24 3.7936 20.6954 9.1592 4.4144 19.8282 10.6576 7.0096 20.6954 7.0096 0 20.6954 9.9136
5 24 3.7936 20.6954 9.1592 7.0096 20.6954 7.0096 4.4144 19.8282 10.6576 3.0616 21 7.3912
5 24 4.4144 19.8282 10.6576 4.8296 18.5309 11.6592 8.1568 19.8282 8.1568 0 19.8282 11.5352
5 24 4.4144 19.8282 10.6576 8.1568 19.8282 8.1568 4.8296 18.5309 11.6592 3.7936 20.6954 9.1592
5 24 4.8296 18.5309 11.6592 4.9752 17 12.0104 8.9232 18.5309 8.9232 0 18.5309 12.6192
5 24 4.8296 18.5309 11.6592 8.9232 18.5309 8.9232 4.9752 17 12.0104 4.4144 19.8282 10.6576
5 24 4.9752 17 12.0104 9.192 17 9.192 4.9752 15.343 12.0104 4.8296 18.5309 11.6592
5 24 7.0096 20.6954 7.0096 9.1592 20.6954 3.7936 8.1568 19.8282 8.1568 5.6568 21 5.6568
5 24 8.1568 19.8282 8.1568 10.6576 19.8282 4.4144 8.9232 18.5309 8.9232 7.0096 20.6954 7.0096
5 24 7.0096 20.6954 7.0096 8.1568 19.8282 8.1568 9.1592 20.6954 3.7936 3.7936 20.6954 9.1592
5 24 8.9232 18.5309 8.9232 11.6592 18.5309 4.8296 9.192 17 9.192 8.1568 19.8282 8.1568
5 24 8.1568 19.8282 8.1568 8.9232 18.5309 8.9232 10.6576 19.8282 4.4144 4.4144 19.8282 10.6576
5 24 9.192 17 9.192 12.0104 17 4.9752 9.192 15.343 9.192 8.9232 18.5309 8.9232
5 24 8.9232 18.5309 8.9232 9.192 17 9.192 11.6592 18.5309 4.8296 4.8296 18.5309 11.6592
5 24 7.3912 21 3.0616 9.1592 20.6954 3.7936 8 21 0 5.6568 21 5.6568
5 24 9.1592 20.6954 3.7936 10.6576 19.8282 4.4144 9.9136 20.6954 0 7.0096 20.6954 7.0096
5 24 10.6576 19.8282 4.4144 11.6592 18.5309 4.8296 11.5352 19.8282 0 8.1568 19.8282 8.1568
5 24 11.6592 18.5309 4.8296 12.0104 17 4.9752 12.6192 18.5309 0 8.9232 18.5309 8.9232
5 24 3.0616 21 7.3912 3.7936 20.6954 9.1592 5.6568 21 5.6568 0 21 8
5 24 5.6568 21 5.6568 7.0096 20.6954 7.0096 7.3912 21 3.0616 3.0616 21 7.3912
5 24 4.9751 4 12.0107 4.9751 17 12.0107 0 4 13 9.192 4 9.192
5 24 9.192 4 9.192 9.192 17 9.192 12.0104 4 4.9752 4.9751 4 12.0107
5 24 12.0104 4 4.9752 12.0104 17 4.9752 9.192 4 9.192 13 4 0
5 24 3.7936 .3046 9.1592 0 .3046 9.9136 0 1.1718 11.5352 0 0 8
5 24 4.4144 1.1718 10.6576 0 1.1718 11.5352 0 2.4691 12.6192 0 .3046 9.9136
5 24 4.8296 2.4691 11.6592 0 2.4691 12.6192 0 4 13 0 1.1718 11.5352
5 24 4.9752 4 12.0104 0 4 13 0 5.657 13 0 2.4691 12.6192
5 24 4.4144 1.1718 10.6576 3.7936 .3046 9.1592 7.0096 .3046 7.0096 0 .3046 9.9136
5 24 7.0096 .3046 7.0096 3.7936 .3046 9.1592 4.4144 1.1718 10.6576 3.0616 0 7.3912
5 24 4.8296 2.4691 11.6592 4.4144 1.1718 10.6576 8.1568 1.1718 8.1568 0 1.1718 11.5352
5 24 8.1568 1.1718 8.1568 4.4144 1.1718 10.6576 4.8296 2.4691 11.6592 3.7936 .3046 9.1592
5 24 4.9752 4 12.0104 4.8296 2.4691 11.6592 8.9232 2.4691 8.9232 0 2.4691 12.6192
5 24 8.9232 2.4691 8.9232 4.8296 2.4691 11.6592 4.9752 4 12.0104 4.4144 1.1718 10.6576
5 24 9.192 4 9.192 4.9752 4 12.0104 4.9752 5.657 12.0104 4.8296 2.4691 11.6592
5 24 9.1592 .3046 3.7936 7.0096 .3046 7.0096 8.1568 1.1718 8.1568 5.6568 0 5.6568
5 24 10.6576 1.1718 4.4144 8.1568 1.1718 8.1568 8.9232 2.4691 8.9232 7.0096 .3046 7.0096
5 24 8.1568 1.1718 8.1568 7.0096 .3046 7.0096 9.1592 .3046 3.7936 3.7936 .3046 9.1592
5 24 11.6592 2.4691 4.8296 8.9232 2.4691 8.9232 9.192 4 9.192 8.1568 1.1718 8.1568
5 24 8.9232 2.4691 8.9232 8.1568 1.1718 8.1568 10.6576 1.1718 4.4144 4.4144 1.1718 10.6576
5 24 12.0104 4 4.9752 9.192 4 9.192 9.192 5.657 9.192 8.9232 2.4691 8.9232
5 24 9.192 4 9.192 8.9232 2.4691 8.9232 11.6592 2.4691 4.8296 4.8296 2.4691 11.6592
5 24 9.1592 .3046 3.7936 7.3912 0 3.0616 8 0 0 5.6568 0 5.6568
5 24 10.6576 1.1718 4.4144 9.1592 .3046 3.7936 9.9136 .3046 0 7.0096 .3046 7.0096
5 24 11.6592 2.4691 4.8296 10.6576 1.1718 4.4144 11.5352 1.1718 0 8.1568 1.1718 8.1568
5 24 12.0104 4 4.9752 11.6592 2.4691 4.8296 12.6192 2.4691 0 8.9232 2.4691 8.9232
5 24 3.7936 .3046 9.1592 3.0616 0 7.3912 5.6568 0 5.6568 0 0 8
5 24 7.0096 .3046 7.0096 5.6568 0 5.6568 7.3912 0 3.0616 3.0616 0 7.3912
4 0 9.1923 17 9.1923 9.1923 16.4991 9.1923 10.246 15.1888 7.6156 10.7235 17 6.9011
4 0 3.903 8.3218 12.2237 3.594 8.6356 12.2851 3.3281 8.6567 12.338 3.335 8.2506 12.3366
4 0 2.3862 10.9969 12.5254 3.2523 9.8708 12.3531 3.52 9.9196 12.2999 2.8058 11.3838 12.4419
3 0 4.638 17.6286 11.9213 4.8296 18.5309 11.6592 4.5177 17.7833 11.9068
3 0 8.2769 17 9.804 9.1923 16.4991 9.1923 9.1923 17 9.1923
4 0 10.7235 17 6.9011 10.246 15.1888 7.6156 11.0518 13.7354 6.4099 11.0457 16.4774 6.4191
4 0 5.9211 17.6876 11.1768 6.7619 17.5437 10.6571 8.9232 18.5309 8.9232 4.8296 18.5309 11.6592
4 0 6.7619 17.5437 10.6571 8.2769 17 9.804 9.1923 17 9.1923 8.9232 18.5309 8.9232
3 0 4.8296 18.5309 11.6592 4.9752 17 12.0104 5.2006 17.7289 11.6462
4 0 5.1274 17 11.9087 5.1966 17.2822 11.7798 5.2006 17.7289 11.6462 4.9752 17 12.0104
3 0 5.2006 17.7289 11.6462 5.9211 17.6876 11.1768 4.8296 18.5309 11.6592
4 0 10.7235 17 6.9011 9.5898 18.1151 8.1082 8.9232 18.5309 8.9232 9.1923 17 9.1923
3 0 3.903 8.3218 12.2237 3.8406 8.735 12.2361 3.594 8.6356 12.2851
4 0 2.8533 9.2422 12.4325 2.3813 8.8426 12.5263 2.8045 8.456 12.4422 2.9213 8.9835 12.4189
3 0 2.8045 8.456 12.4422 3.0896 8.7755 12.3855 2.9213 8.9835 12.4189
4 0 4.7395 9.0677 12.0573 4.121 9.1792 12.1803 4.0223 8.9306 12.1999 4.3934 8.6139 12.1261
4 0 3.903 8.3218 12.2237 4.3934 8.6139 12.1261 4.0223 8.9306 12.1999 3.8406 8.735 12.2361
4 0 3.335 8.2506 12.3366 3.3281 8.6567 12.338 3.0896 8.7755 12.3855 2.8045 8.456 12.4422
4 0 2.8792 9.5076 12.4273 2.1259 9.3516 12.5771 2.3813 8.8426 12.5263 2.8533 9.2422 12.4325
3 0 2.0518 9.9171 12.5919 2.1259 9.3516 12.5771 2.8792 9.5076 12.4273
4 0 2.8792 9.5076 12.4273 3.0204 9.7315 12.3992 2.1331 10.4819 12.5757 2.0518 9.9171 12.5919
4 0 3.0204 9.7315 12.3992 3.2523 9.8708 12.3531 2.3862 10.9969 12.5254 2.1331 10.4819 12.5757
3 0 3.3487 11.5604 12.3339 2.8058 11.3838 12.4419 3.52 9.9196 12.2999
4 0 3.3487 11.5604 12.3339 3.52 9.9196 12.2999 4.3999 11.2004 12.1248 3.9154 11.5014 12.2212
4 0 3.52 9.9196 12.2999 3.7765 9.8518 12.2488 4.7352 10.7399 12.0581 4.3999 11.2004 12.1248
4 0 3.9816 9.6794 12.208 4.8881 10.1886 12.0277 4.7352 10.7399 12.0581 3.7765 9.8518 12.2488
4 0 4.1079 9.4446 12.1829 4.8934 9.6169 12.0267 4.8881 10.1886 12.0277 3.9816 9.6794 12.208
4 0 4.121 9.1792 12.1803 4.7395 9.0677 12.0573 4.8934 9.6169 12.0267 4.1079 9.4446 12.1829
4 0 4.5089 17 12.1031 2.8097 17.2927 12.3683 0 17.3838 12.9045 0 17 13
3 0 3.7576 17.1885 12.2057 2.8097 17.2927 12.3683 4.5089 17 12.1031
3 0 4.5089 17 12.1031 4.9752 17 12.0104 4.638 17.6286 11.9213
3 0 4.9752 17 12.0104 4.8296 18.5309 11.6592 4.638 17.6286 11.9213
4 0 3.7554 17.5315 12.1209 3.8454 17.7696 12.0439 3.4369 18.5309 11.936 3.5374 17.5524 12.159
4 0 3.8454 17.7696 12.0439 4.5177 17.7833 11.9068 4.8296 18.5309 11.6592 3.4369 18.5309 11.936
4 0 2.0544 19.2996 11.5685 2.0224 19.7486 11.1996 0 19.8282 11.5352 .6841 19.3253 11.8194
4 0 2.0544 19.2996 11.5685 3.3863 19.0228 11.535 3.845 19.4646 11.0747 2.0224 19.7486 11.1996
3 0 4.5367 19.4462 10.9525 3.845 19.4646 11.0747 4.8296 18.5309 11.6592
4 0 3.845 19.4646 11.0747 3.3863 19.0228 11.535 3.4369 18.5309 11.936 4.8296 18.5309 11.6592
3 0 0 19.8282 11.5352 0 19.3253 11.9554 .6841 19.3253 11.8194
3 0 4.5367 19.4462 10.9525 4.8296 18.5309 11.6592 5.4672 19.4214 10.355
4 0 8.9232 18.5309 8.9232 7.0694 19.187 9.5153 5.4672 19.4214 10.355 4.8296 18.5309 11.6592
4 15 3.8454 17.7696 12.0439 3.7554 17.5315 12.1209 4.638 17.6286 11.9213 4.5177 17.7833 11.9068
4 15 0 17.3838 12.9045 2.8097 17.2927 12.3683 3.4369 18.5309 11.936 0 18.5309 12.6192
3 15 3.5374 17.5524 12.159 3.4369 18.5309 11.936 2.8097 17.2927 12.3683
4 15 2.8097 17.2927 12.3683 3.7576 17.1885 12.2057 3.7554 17.5315 12.1209 3.5374 17.5524 12.159
4 15 4.638 17.6286 11.9213 3.7554 17.5315 12.1209 3.7576 17.1885 12.2057 4.5089 17 12.1031
4 15 4.1079 9.4446 12.1829 3.9816 9.6794 12.208 4.0223 8.9306 12.1999 4.121 9.1792 12.1803
3 15 3.594 8.6356 12.2851 3.8406 8.735 12.2361 3.3281 8.6567 12.338
4 15 2.9213 8.9835 12.4189 3.0896 8.7755 12.3855 3.3281 8.6567 12.338 2.8533 9.2422 12.4325
4 15 3.8406 8.735 12.2361 4.0223 8.9306 12.1999 3.9816 9.6794 12.208 3.3281 8.6567 12.338
4 15 3.2523 9.8708 12.3531 3.0204 9.7315 12.3992 2.8792 9.5076 12.4273 2.8533 9.2422 12.4325
4 15 3.2523 9.8708 12.3531 3.9816 9.6794 12.208 3.7765 9.8518 12.2488 3.52 9.9196 12.2999
4 15 2.8533 9.2422 12.4325 3.3281 8.6567 12.338 3.9816 9.6794 12.208 3.2523 9.8708 12.3531
3 15 0 19.3253 11.9554 0 18.5309 12.6192 .6841 19.3253 11.8194
4 15 3.4369 18.5309 11.936 2.0544 19.2996 11.5685 .6841 19.3253 11.8194 0 18.5309 12.6192
3 15 3.3863 19.0228 11.535 2.0544 19.2996 11.5685 3.4369 18.5309 11.936
4 16 5.6568 0 5.6568 7.3912 0 3.0616 9.1592 .3046 3.7936 7.0096 .3046 7.0096
4 16 7.0096 .3046 7.0096 9.1592 .3046 3.7936 10.6576 1.1718 4.4144 8.1568 1.1718 8.1568
4 16 11.6592 2.4691 4.8296 10.0853 2.1593 6.7275 9.4586 1.8267 7.1744 10.6576 1.1718 4.4144
4 16 4.5367 19.4462 10.9525 4.4144 19.8282 10.6576 2.0224 19.7486 11.1996 3.845 19.4646 11.0747
4 16 4.4144 19.8282 10.6576 5.4672 19.4214 10.355 7.0694 19.187 9.5153 8.1568 19.8282 8.1568
4 16 9.1592 20.6954 3.7936 7.3912 21 3.0616 5.6568 21 5.6568 7.0096 20.6954 7.0096
4 16 10.6576 19.8282 4.4144 9.1592 20.6954 3.7936 7.0096 20.6954 7.0096 8.1568 19.8282 8.1568
4 16 10.6576 19.8282 4.4144 8.1568 19.8282 8.1568 8.9232 18.5309 8.9232 11.6592 18.5309 4.8296
4 16 4.9752 8.1791 12.0104 4.3934 8.6139 12.1261 3.903 8.3218 12.2237 4.5837 8.2117 12.0883
4 16 12.0107 17 4.9751 11.0518 13.7354 6.4099 9.8896 5.5559 8.1483 12.0104 4 4.9752
4 16 9.0956 1.8267 7.7177 8.1568 1.1718 8.1568 10.6576 1.1718 4.4144 9.4586 1.8267 7.1744
3 16 8.5437 1.8267 8.5437 8.1568 1.1718 8.1568 9.0956 1.8267 7.7177
3 16 10.4128 2.4691 6.6946 10.0853 2.1593 6.7275 11.6592 2.4691 4.8296
4 16 10.468 4 7.2829 10.5704 2.7678 6.5897 11.6592 2.4691 4.8296 12.0104 4 4.9752
3 16 10.4128 2.4691 6.6946 11.6592 2.4691 4.8296 10.5704 2.7678 6.5897
4 16 5.6568 0 5.6568 7.0096 .3046 7.0096 3.7936 .3046 9.1592 3.0616 0 7.3912
4 16 7.0096 .3046 7.0096 8.1568 1.1718 8.1568 4.4144 1.1718 10.6576 3.7936 .3046 9.1592
3 16 8.1568 1.1718 8.1568 8.5437 1.8267 8.5437 8.4376 1.8267 8.6146
4 16 8.1213 1.8267 8.8259 7.7983 1.8267 9.0418 4.4144 1.1718 10.6576 8.1568 1.1718 8.1568
3 16 8.1568 1.1718 8.1568 8.4376 1.8267 8.6146 8.1213 1.8267 8.8259
3 16 4.624 1.8267 11.1632 4.4144 1.1718 10.6576 4.9028 1.8267 10.9769
3 16 7.7983 1.8267 9.0418 4.9028 1.8267 10.9769 4.4144 1.1718 10.6576
4 16 3.0616 0 7.3912 3.7936 .3046 9.1592 0 .3046 9.9136 0 0 8
4 16 4.4144 1.1718 10.6576 0 1.1718 11.5352 0 .3046 9.9136 3.7936 .3046 9.1592
4 16 4.624 1.8267 11.1632 0 1.8267 12.0824 0 1.1718 11.5352 4.4144 1.1718 10.6576
4 16 0 20.6954 9.9136 3.7936 20.6954 9.1592 3.0616 21 7.3912 0 21 8
4 16 0 20.6954 9.9136 0 19.8282 11.5352 4.4144 19.8282 10.6576 3.7936 20.6954 9.1592
3 16 0 19.8282 11.5352 2.0224 19.7486 11.1996 4.4144 19.8282 10.6576
4 16 3.7936 20.6954 9.1592 7.0096 20.6954 7.0096 5.6568 21 5.6568 3.0616 21 7.3912
4 16 4.4144 19.8282 10.6576 8.1568 19.8282 8.1568 7.0096 20.6954 7.0096 3.7936 20.6954 9.1592
3 16 4.4144 19.8282 10.6576 4.5367 19.4462 10.9525 5.4672 19.4214 10.355
3 16 8.9232 18.5309 8.9232 8.1568 19.8282 8.1568 7.0694 19.187 9.5153
3 16 4.8934 9.6169 12.0267 4.9752 8.1791 12.0104 4.8881 10.1886 12.0277
4 16 0 5.7071 13 .5745 5.9315 12.8857 2.1184 7.4437 12.5786 2.1259 9.3516 12.5771
3 16 .3285 5.7819 12.9347 .5745 5.9315 12.8857 0 5.7071 13
3 16 2.0518 9.9171 12.5919 0 5.7071 13 2.1259 9.3516 12.5771
3 16 2.1259 9.3516 12.5771 2.1184 7.4437 12.5786 2.3813 8.8426 12.5263
4 16 2.844 7.9552 12.4343 2.8045 8.456 12.4422 2.3813 8.8426 12.5263 2.1184 7.4437 12.5786
3 16 2.8045 8.456 12.4422 2.844 7.9552 12.4343 3.335 8.2506 12.3366
4 16 2.844 7.9552 12.4343 3.6952 8.2104 12.265 3.903 8.3218 12.2237 3.335 8.2506 12.3366
3 16 3.6952 8.2104 12.265 4.5837 8.2117 12.0883 3.903 8.3218 12.2237
3 16 4.9752 8.1791 12.0104 4.8934 9.6169 12.0267 4.7395 9.0677 12.0573
3 16 4.9752 8.1791 12.0104 4.7395 9.0677 12.0573 4.3934 8.6139 12.1261
3 16 5.1966 17.2822 11.7798 5.1274 17 11.9087 5.9211 17.6876 11.1768
4 16 5.9211 17.6876 11.1768 5.1274 17 11.9087 8.2769 17 9.804 6.7619 17.5437 10.6571
3 16 5.2006 17.7289 11.6462 5.1966 17.2822 11.7798 5.9211 17.6876 11.1768
3 16 9.1923 16.4991 9.1923 9.1921 6.6857 9.1921 10.246 15.1888 7.6156
3 16 10.7235 17 6.9011 11.0457 16.4774 6.4191 12.0107 17 4.9751
3 16 11.0457 16.4774 6.4191 11.0518 13.7354 6.4099 12.0107 17 4.9751
3 16 10.468 4 7.2829 12.0104 4 4.9752 9.8896 5.5559 8.1483
4 16 10.246 15.1888 7.6156 9.1921 6.6857 9.1921 9.8896 5.5559 8.1483 11.0518 13.7354 6.4099
4 16 9.5898 18.1151 8.1082 10.7235 17 6.9011 12.0107 17 4.9751 11.6592 18.5309 4.8296
3 16 8.9232 18.5309 8.9232 9.5898 18.1151 8.1082 11.6592 18.5309 4.8296
3 16 9.1921 6.6857 9.1921 9.1923 16.4991 9.1923 8.6225 7.2378 9.5727
3 16 8.6225 7.2378 9.5727 9.1923 16.4991 9.1923 8.1551 7.5407 9.8851
4 16 8.2769 17 9.804 7.7101 7.724 10.1825 8.1551 7.5407 9.8851 9.1923 16.4991 9.1923
3 25 0 3.6907 12.9231 0 2.4691 12.6192 .8613 3.8673 12.7957
4 25 8.1213 1.8267 8.8259 8.2943 2.4691 9.3435 7.9163 2.4691 9.5961 7.7983 1.8267 9.0418
3 25 9.192 4 9.192 10.0423 4 7.9198 9.192 5.8575 9.192
4 25 8.6063 6.4783 9.5835 7.6079 6.0573 10.2507 7.4215 5.123 10.3754 7.866 4.7471 10.0782
4 25 6.0768 5.2567 11.2741 6.3662 4.7204 11.0807 6.8797 4.5153 10.7375 7.0774 4.9512 10.6053
4 25 0 1.8267 12.0824 4.624 1.8267 11.1632 4.8296 2.4691 11.6592 0 2.4691 12.6192
4 25 4.8296 2.4691 11.6592 4.624 1.8267 11.1632 4.9028 1.8267 10.9769 5.199 2.4691 11.4123
4 25 8.441 3.7732 9.6275 8.6172 2.9011 9.2543 8.9232 2.4691 8.9232 9.192 4 9.192
3 25 8.5896 2.4691 9.1461 8.9232 2.4691 8.9232 8.6172 2.9011 9.2543
3 25 8.3591 4 9.7487 8.441 3.7732 9.6275 9.192 4 9.192
4 25 4.9752 4 12.0104 1.1243 4 12.7764 0 2.4691 12.6192 4.8296 2.4691 11.6592
3 25 0 2.4691 12.6192 1.1243 4 12.7764 .8613 3.8673 12.7957
4 25 .5282 4.1008 12.8949 .2318 5.0871 12.9539 0 5.0871 13 0 4 13
3 25 1.7365 6.1162 12.6546 .7893 5.2912 12.843 2.0922 5.4512 12.5838
4 25 .7893 5.2912 12.843 .2318 5.0871 12.9539 .5282 4.1008 12.8949 .9988 4.2626 12.8013
3 25 2.7205 5.1856 12.4589 2.6941 5.2748 12.4641 2.0922 5.4512 12.5838
4 25 .7893 5.2912 12.843 .9988 4.2626 12.8013 2.7205 5.1856 12.4589 2.0922 5.4512 12.5838
4 25 1.1243 4 12.7764 4.9752 4 12.0104 4.9752 5.0129 12.0104 3.2385 5.0663 12.3558
3 25 4.9752 6.0854 12.0104 4.9752 7.4525 12.0104 4.6899 6.0676 12.0672
3 25 2.3078 6.6646 12.541 4.6899 6.0676 12.0672 2.6253 6.9926 12.4778
4 25 2.6253 6.9926 12.4778 4.6899 6.0676 12.0672 3.4987 7.4813 12.3041 3.117 7.3472 12.38
4 25 4.9752 7.4525 12.0104 3.8507 7.5152 12.2341 3.4987 7.4813 12.3041 4.6899 6.0676 12.0672
3 25 10.0423 4 7.9198 9.192 4 9.192 8.9232 2.4691 8.9232
4 25 10.1976 2.4691 7.0166 10.2292 2.9459 7.178 10.0423 4 7.9198 8.9232 2.4691 8.9232
4 25 8.5437 1.8267 8.5437 9.0956 1.8267 7.7177 10.1976 2.4691 7.0166 8.9232 2.4691 8.9232
4 25 9.0956 1.8267 7.7177 9.4586 1.8267 7.1744 10.0853 2.1593 6.7275 10.1976 2.4691 7.0166
4 25 7.9207 2.8425 9.7026 8.177 3.5909 9.7506 7.9957 4 9.9916 7.5021 4 10.3215
3 25 8.3235 2.9618 9.4683 8.177 3.5909 9.7506 7.9207 2.8425 9.7026
4 25 8.3235 2.9618 9.4683 7.9207 2.8425 9.7026 7.9163 2.4691 9.5961 8.2943 2.4691 9.3435
4 25 4.8296 2.4691 11.6592 5.199 2.4691 11.4123 5.7702 4 11.4791 4.9752 4 12.0104
4 25 8.9232 2.4691 8.9232 8.5896 2.4691 9.1461 8.4376 1.8267 8.6146 8.5437 1.8267 8.5437
3 25 4.9752 7.4525 12.0104 4.9752 6.0854 12.0104 5.7613 7.4087 11.485
4 25 4.9752 6.0854 12.0104 7.587 6.2487 10.2648 7.9877 6.905 9.9969 5.7613 7.4087 11.485
4 25 7.6079 6.0573 10.2507 8.6063 6.4783 9.5835 7.9877 6.905 9.9969 7.587 6.2487 10.2648
3 25 9.192 5.8575 9.192 8.6063 6.4783 9.5835 7.866 4.7471 10.0782
4 25 6.651 5.4961 10.8903 7.4215 5.123 10.3754 7.6079 6.0573 10.2507 6.7214 5.6135 10.8433
4 25 9.192 4 9.192 9.192 5.8575 9.192 7.866 4.7471 10.0782 8.3591 4 9.7487
4 25 5.7702 4 11.4791 6.0114 4.7623 11.3178 6.0768 5.2567 11.2741 5.0152 5.0116 11.9837
3 25 6.0768 5.2567 11.2741 6.0114 4.7623 11.3178 6.3662 4.7204 11.0807
4 25 6.8797 4.5153 10.7375 7.2616 4.2611 10.4823 7.5689 4.5917 10.2768 7.0774 4.9512 10.6053
4 25 7.2616 4.2611 10.4823 7.5021 4 10.3215 7.9957 4 9.9916 7.5689 4.5917 10.2768
4 25 4.9752 5.0129 12.0104 4.9752 4 12.0104 5.7702 4 11.4791 5.0152 5.0116 11.9837
3 191 7.5021 4 10.3215 5.7702 4 11.4791 5.199 2.4691 11.4123
4 191 7.5021 4 10.3215 5.199 2.4691 11.4123 7.9163 2.4691 9.5961 7.9207 2.8425 9.7026
4 191 7.7983 1.8267 9.0418 7.9163 2.4691 9.5961 5.199 2.4691 11.4123 4.9028 1.8267 10.9769
4 191 6.8797 4.5153 10.7375 5.7702 4 11.4791 7.5021 4 10.3215 7.2616 4.2611 10.4823
4 191 6.8797 4.5153 10.7375 6.3662 4.7204 11.0807 6.0114 4.7623 11.3178 5.7702 4 11.4791
4 484 10.5704 2.7678 6.5897 10.2292 2.9459 7.178 10.1976 2.4691 7.0166 10.4128 2.4691 6.6946
3 484 10.0853 2.1593 6.7275 10.4128 2.4691 6.6946 10.1976 2.4691 7.0166
4 484 8.6172 2.9011 9.2543 8.441 3.7732 9.6275 8.177 3.5909 9.7506 8.3235 2.9618 9.4683
4 484 7.4215 5.123 10.3754 6.651 5.4961 10.8903 6.0768 5.2567 11.2741 7.0774 4.9512 10.6053
3 484 0 5.7071 13 0 5.0871 13 .2318 5.0871 12.9539
3 484 2.1184 7.4437 12.5786 .5745 5.9315 12.8857 1.7365 6.1162 12.6546
4 484 3.117 7.3472 12.38 2.844 7.9552 12.4343 2.1184 7.4437 12.5786 2.6253 6.9926 12.4778
4 484 2.6253 6.9926 12.4778 2.1184 7.4437 12.5786 1.7365 6.1162 12.6546 2.3078 6.6646 12.541
4 484 1.7365 6.1162 12.6546 .5745 5.9315 12.8857 .3285 5.7819 12.9347 .7893 5.2912 12.843
4 484 0 5.7071 13 .2318 5.0871 12.9539 .7893 5.2912 12.843 .3285 5.7819 12.9347
4 484 2.6941 5.2748 12.4641 2.3078 6.6646 12.541 1.7365 6.1162 12.6546 2.0922 5.4512 12.5838
4 484 3.4987 7.4813 12.3041 3.8507 7.5152 12.2341 4.5837 8.2117 12.0883 3.6952 8.2104 12.265
4 484 3.8507 7.5152 12.2341 4.9752 7.4525 12.0104 4.9752 8.1791 12.0104 4.5837 8.2117 12.0883
3 484 0 4 13 1.1243 4 12.7764 .5282 4.1008 12.8949
4 484 4.9752 6.0854 12.0104 4.6899 6.0676 12.0672 3.2385 5.0663 12.3558 4.9752 5.0129 12.0104
3 484 .5282 4.1008 12.8949 1.1243 4 12.7764 .9988 4.2626 12.8013
4 484 3.2385 5.0663 12.3558 2.7205 5.1856 12.4589 .9988 4.2626 12.8013 1.1243 4 12.7764
4 484 2.6941 5.2748 12.4641 3.2385 5.0663 12.3558 4.6899 6.0676 12.0672 2.3078 6.6646 12.541
3 484 2.7205 5.1856 12.4589 3.2385 5.0663 12.3558 2.6941 5.2748 12.4641
4 484 3.6952 8.2104 12.265 2.844 7.9552 12.4343 3.117 7.3472 12.38 3.4987 7.4813 12.3041
4 484 10.0423 4 7.9198 10.2292 2.9459 7.178 10.5704 2.7678 6.5897 10.468 4 7.2829
4 484 7.9957 4 9.9916 8.177 3.5909 9.7506 8.441 3.7732 9.6275 8.3591 4 9.7487
4 484 8.5896 2.4691 9.1461 8.6172 2.9011 9.2543 8.3235 2.9618 9.4683 8.2943 2.4691 9.3435
4 484 8.1213 1.8267 8.8259 8.4376 1.8267 8.6146 8.5896 2.4691 9.1461 8.2943 2.4691 9.3435
3 484 9.8896 5.5559 8.1483 9.1921 6.6857 9.1921 9.192 5.8575 9.192
4 484 10.468 4 7.2829 9.8896 5.5559 8.1483 9.192 5.8575 9.192 10.0423 4 7.9198
4 484 1.1243 4 12.7764 0 4 13 0 3.6907 12.9231 .8613 3.8673 12.7957
4 484 5.7613 7.4087 11.485 5.4689 8.1381 11.6804 4.9752 8.1791 12.0104 4.9752 7.4525 12.0104
4 484 7.9877 6.905 9.9969 7.7101 7.724 10.1825 5.4689 8.1381 11.6804 5.7613 7.4087 11.485
3 484 8.1551 7.5407 9.8851 7.7101 7.724 10.1825 7.9877 6.905 9.9969
4 484 8.6063 6.4783 9.5835 8.6225 7.2378 9.5727 8.1551 7.5407 9.8851 7.9877 6.905 9.9969
4 484 9.192 5.8575 9.192 9.1921 6.6857 9.1921 8.6225 7.2378 9.5727 8.6063 6.4783 9.5835
3 484 7.6079 6.0573 10.2507 7.587 6.2487 10.2648 6.7214 5.6135 10.8433
4 484 7.0774 4.9512 10.6053 7.5689 4.5917 10.2768 7.866 4.7471 10.0782 7.4215 5.123 10.3754
4 484 7.587 6.2487 10.2648 4.9752 6.0854 12.0104 6.0768 5.2567 11.2741 6.7214 5.6135 10.8433
4 484 7.5689 4.5917 10.2768 7.9957 4 9.9916 8.3591 4 9.7487 7.866 4.7471 10.0782
4 484 4.9752 5.0129 12.0104 5.0152 5.0116 11.9837 6.0768 5.2567 11.2741 4.9752 6.0854 12.0104
3 484 6.651 5.4961 10.8903 6.7214 5.6135 10.8433 6.0768 5.2567 11.2741
3 0 5.1274 17 11.9087 4.9752 17 12.0104 4.9752 16.6409 12.0104
4 0 3.3934 16.5887 12.325 4.5089 17 12.1031 0 17 13 2.91 16.6185 12.4212
4 0 4.7318 16.3911 12.0588 4.9752 16.6409 12.0104 4.9752 17 12.0104 4.5089 17 12.1031
4 0 3.3934 16.5887 12.325 4.5484 16.3598 12.0953 4.7318 16.3911 12.0588 4.5089 17 12.1031
3 16 8.2769 17 9.804 5.4689 8.1381 11.6804 7.7101 7.724 10.1825