0 ~Wheel 12 x 20 with Technic Axle Hole and 6 Pegholes - Front Quarter
0 Name: s\2994bs01.dat
0 Author: Philippe Hurbain [Philo]
0 !LDRAW_ORG Unofficial_Subpart
0 !LICENSE Licensed under CC BY 4.0 : see CAreadme.txt

0 BFC CERTIFY CCW

0 !HISTORY 2011-12-29 [PTadmin] Official Update 2011-02
0 !HISTORY 2025-03-16 [Blechtaler] reworked with better prims+subfiles

1 16 15 0 .5 0 0 -4 -4 0 0 0 1 0 1-4ndis.dat
1 16 15 0 .5 0 0 1 -1 0 0 0 1 0 1-4ring4.dat
1 16 7.5 -12.99 .5 -3.464 0 -2 -2 0 3.464 0 1 0 2-4ndis.dat
1 16 7.5 -12.99 .5 -.866 0 .5 -.5 0 -.866 0 1 0 2-4ring4.dat

2 24 3.17 -15.49 -1.4061 2.875 -14.6212 .5
2 24 4.4563 -16.9568 -4.8424 3.17 -15.49 -1.4061
2 24 4.4563 -16.9568 -4.8424 4.5566 -17.0063 -4.9741
2 24 10 -17.32 -10 11.4668 -16.0337 -9.7298
2 24 4.5566 -17.0063 -4.9741 6.206 -17.8195 -7.9023
2 24 6.206 -17.8195 -7.9023 8.1527 -17.9472 -9.7301
2 24 8.1527 -17.9472 -9.7301 10 -17.32 -10
2 24 12.3295 -14.284 -7.9016 11.4668 -16.0337 -9.7298
2 24 12.3295 -14.284 -7.9016 12.4499 -12.4499 -4.9745
2 24 12.4499 -12.4499 -4.9745 12.4572 -12.3373 -4.8419
2 24 11.83 -10.49 -1.4059 12.4572 -12.3373 -4.8419
2 24 11.83 -10.49 -1.4059 11.2251 -9.8002 .5
2 24 14.0996 -4.821 .5 15 -5 -1.4072
2 24 16.9135 -4.6195 -4.8434 15 -5 -1.4072
2 24 17.0072 -4.5569 -4.9761 16.9135 -4.6195 -4.8434
2 24 18.5355 -3.5355 -7.9028 17.0072 -4.5569 -4.9761
2 24 19.6195 -1.9135 -9.7304 18.5355 -3.5355 -7.9028
2 24 19.6195 -1.9135 -9.7304 20 0 -10

3 16 2.875 -14.6212 .5 3.17 -15.49 .5 3.17 -15.49 -1.4061
4 16 3.17 -15.49 .5 4.4563 -16.9568 .5 4.4563 -16.9568 -4.8424 3.17 -15.49 -1.4061
4 16 6.206 -17.8195 .5 4.5566 -17.0063 -4.9741 4.4563 -16.9568 -4.8424 4.4563 -16.9568 .5
3 16 4.5566 -17.0063 -4.9741 6.206 -17.8195 .5 6.206 -17.8195 -7.9023
4 16 6.206 -17.8195 -7.9023 6.206 -17.8195 .5 8.1527 -17.9472 .5 8.1527 -17.9472 -9.7301
4 16 10 -17.32 .5 10 -17.32 -10 8.1527 -17.9472 -9.7301 8.1527 -17.9472 .5
4 16 11.4668 -16.0337 .5 11.4668 -16.0337 -9.7298 10 -17.32 -10 10 -17.32 .5
4 16 12.3295 -14.284 .5 12.3295 -14.284 -7.9016 11.4668 -16.0337 -9.7298 11.4668 -16.0337 .5
3 16 12.4499 -12.4499 -4.9745 12.3295 -14.284 -7.9016 12.3295 -14.284 .5
4 16 12.4572 -12.3373 -4.8419 12.4499 -12.4499 -4.9745 12.3295 -14.284 .5 12.4572 -12.3373 .5
4 16 11.83 -10.49 .5 11.83 -10.49 -1.4059 12.4572 -12.3373 -4.8419 12.4572 -12.3373 .5
3 16 11.83 -10.49 -1.4059 11.83 -10.49 .5 11.2251 -9.8002 .5
3 16 15 -5 .5 15 -5 -1.4072 14.0996 -4.821 .5
4 16 16.9135 -4.6195 -4.8434 15 -5 -1.4072 15 -5 .5 16.9135 -4.6195 .5
4 16 18.5355 -3.5355 .5 17.0072 -4.5569 -4.9761 16.9135 -4.6195 -4.8434 16.9135 -4.6195 .5
3 16 17.0072 -4.5569 -4.9761 18.5355 -3.5355 .5 18.5355 -3.5355 -7.9028
4 16 19.6195 -1.9135 -9.7304 18.5355 -3.5355 -7.9028 18.5355 -3.5355 .5 19.6195 -1.9135 .5
4 16 19.6195 -1.9135 .5 20 0 .5 20 0 -10 19.6195 -1.9135 -9.7304

4 16 0 -15 .5 2.875 -14.6212 .5 3.17 -15.49 -1.4061 0 -20 -10
3 16 0 -20 -10 3.17 -15.49 -1.4061 4.4563 -16.9568 -4.8424
4 16 0 -20 -10 4.4563 -16.9568 -4.8424 4.5566 -17.0063 -4.9741 5.176 -19.318 -10
3 16 5.176 -19.318 -10 4.5566 -17.0063 -4.9741 6.206 -17.8195 -7.9023
3 16 5.176 -19.318 -10 6.206 -17.8195 -7.9023 8.1527 -17.9472 -9.7301
3 16 5.176 -19.318 -10 8.1527 -17.9472 -9.7301 10 -17.32 -10
3 16 10 -17.32 -10 11.4668 -16.0337 -9.7298 14.142 -14.142 -10
3 16 14.142 -14.142 -10 11.4668 -16.0337 -9.7298 12.3295 -14.284 -7.9016
3 16 14.142 -14.142 -10 12.3295 -14.284 -7.9016 12.4499 -12.4499 -4.9745
4 16 12.4499 -12.4499 -4.9745 12.4572 -12.3373 -4.8419 17.32 -10 -10 14.142 -14.142 -10
3 16 17.32 -10 -10 12.4572 -12.3373 -4.8419 11.83 -10.49 -1.4059
4 16 12.99 -7.5 .5 17.32 -10 -10 11.83 -10.49 -1.4059 11.2251 -9.8002 .5
4 16 15 -5 -1.4072 17.32 -10 -10 12.99 -7.5 .5 14.0996 -4.821 .5
3 16 17.32 -10 -10 15 -5 -1.4072 16.9135 -4.6195 -4.8434
4 16 17.0072 -4.5569 -4.9761 19.318 -5.176 -10 17.32 -10 -10 16.9135 -4.6195 -4.8434
3 16 19.318 -5.176 -10 17.0072 -4.5569 -4.9761 18.5355 -3.5355 -7.9028
3 16 19.318 -5.176 -10 18.5355 -3.5355 -7.9028 19.6195 -1.9135 -9.7304
3 16 19.318 -5.176 -10 19.6195 -1.9135 -9.7304 20 0 -10

4 16 0 -20 -15 0 -20 -10 5.176 -19.318 -10 5.18 -19.32 -15
4 16 10 -17.32 -15 5.18 -19.32 -15 5.176 -19.318 -10 10 -17.32 -10
4 16 14.14 -14.14 -15 10 -17.32 -15 10 -17.32 -10 14.142 -14.142 -10
4 16 14.14 -14.14 -15 14.142 -14.142 -10 17.32 -10 -10 17.32 -10 -15
4 16 19.32 -5.18 -15 17.32 -10 -15 17.32 -10 -10 19.318 -5.176 -10
4 16 20 0 -15 19.32 -5.18 -15 19.318 -5.176 -10 20 0 -10

1 16 0 0 -15 25 0 0 0 0 -25 0 1 0 1-8chrd.dat
1 16 0 0 -15 0 0 25 -25 0 0 0 1 0 1-8chrd.dat
3 16 20 0 -15 25 0 -15 19.32 -5.18 -15
4 16 17.32 -10 -15 19.32 -5.18 -15 25 0 -15 17.6775 -17.6775 -15
3 16 17.32 -10 -15 17.6775 -17.6775 -15 14.14 -14.14 -15
3 16 14.14 -14.14 -15 17.6775 -17.6775 -15 10 -17.32 -15
4 16 17.6775 -17.6775 -15 0 -25 -15 5.18 -19.32 -15 10 -17.32 -15
3 16 5.18 -19.32 -15 0 -25 -15 0 -20 -15

2 24 15 -5 .5 16.9135 -4.6195 .5
2 24 2.875 -14.6212 .5 3.17 -15.49 .5
2 24 12.99 -7.5 .5 14.0996 -4.821 .5
2 24 6.206 -17.8195 .5 8.1527 -17.9472 .5
2 24 11.4668 -16.0337 .5 12.3295 -14.284 .5
2 24 16.9135 -4.6195 .5 18.5355 -3.5355 .5
2 24 18.5355 -3.5355 .5 19.6195 -1.9135 .5
2 24 19.6195 -1.9135 .5 20 0 .5
2 24 8.1527 -17.9472 .5 10 -17.32 .5
2 24 4.4563 -16.9568 .5 6.206 -17.8195 .5
2 24 11.2251 -9.8002 .5 12.99 -7.5 .5
2 24 11.83 -10.49 .5 11.2251 -9.8002 .5
2 24 10 -17.32 .5 11.4668 -16.0337 .5
2 24 3.17 -15.49 .5 4.4563 -16.9568 .5
2 24 0 -15 .5 2.875 -14.6212 .5
2 24 12.4572 -12.3373 .5 11.83 -10.49 .5
2 24 14.0996 -4.821 .5 15 -5 .5
2 24 12.3295 -14.284 .5 12.4572 -12.3373 .5
2 24 0 -20 -10 5.176 -19.318 -10
2 24 5.176 -19.318 -10 10 -17.32 -10
2 24 10 -17.32 -10 14.142 -14.142 -10
2 24 14.142 -14.142 -10 17.32 -10 -10
2 24 17.32 -10 -10 19.318 -5.176 -10
2 24 19.318 -5.176 -10 20 0 -10

5 24 3.17 -15.49 .5 3.17 -15.49 -1.4061 4.4563 -16.9568 .5 2.875 -14.6212 .5
2 24 10 -17.32 -15 14.14 -14.14 -15
5 24 6.206 -17.8195 .5 6.206 -17.8195 -7.9023 4.5566 -17.0063 -4.9741 8.1527 -17.9472 .5
5 24 11.4668 -16.0337 .5 11.4668 -16.0337 -9.7298 10 -17.32 -10 12.3295 -14.284 .5
5 24 15 -5 .5 15 -5 -1.4072 14.0996 -4.821 .5 16.9135 -4.6195 .5
2 24 19.32 -5.18 -15 20 0 -15
5 24 16.9135 -4.6195 .5 16.9135 -4.6195 -4.8434 15 -5 -1.4072 18.5355 -3.5355 .5
5 24 17.32 -10 -10 17.32 -10 -15 19.318 -5.176 -10 14.14 -14.14 -15
5 24 19.6195 -1.9135 .5 19.6195 -1.9135 -9.7304 20 0 .5 18.5355 -3.5355 -7.9028
5 24 5.176 -19.318 -10 4.5566 -17.0063 -4.9741 6.206 -17.8195 -7.9023 0 -20 -10
2 24 19.32 -5.18 -15 17.32 -10 -15
5 24 12.3295 -14.284 -7.9016 12.3295 -14.284 .5 11.4668 -16.0337 -9.7298 12.4499 -12.4499 -4.9745
5 24 11.83 -10.49 -1.4059 11.83 -10.49 .5 12.4572 -12.3373 -4.8419 11.2251 -9.8002 .5
5 24 19.318 -5.176 -10 17.0072 -4.5569 -4.9761 18.5355 -3.5355 -7.9028 17.32 -10 -10
5 24 17.32 -10 -10 12.99 -7.5 .5 14.142 -14.142 -10 19.318 -5.176 -10
5 24 5.176 -19.318 -10 5.18 -19.32 -15 10 -17.32 -10 0 -20 -15
5 24 19.318 -5.176 -10 19.32 -5.18 -15 20 0 -10 17.32 -10 -15
5 24 10 -17.32 -10 10 -17.32 -15 5.18 -19.32 -15 14.142 -14.142 -10
2 24 14.14 -14.14 -15 17.32 -10 -15
2 24 0 -20 -15 5.18 -19.32 -15
5 24 4.4563 -16.9568 .5 4.4563 -16.9568 -4.8424 3.17 -15.49 -1.4061 6.206 -17.8195 .5
5 24 8.1527 -17.9472 .5 8.1527 -17.9472 -9.7301 6.206 -17.8195 -7.9023 10 -17.32 .5
5 24 12.4499 -12.4499 -4.9745 14.142 -14.142 -10 12.3295 -14.284 -7.9016 12.4572 -12.3373 -4.8419
5 24 14.142 -14.142 -10 14.14 -14.14 -15 17.32 -10 -10 10 -17.32 -15
5 24 12.4572 -12.3373 .5 12.4572 -12.3373 -4.8419 12.4499 -12.4499 -4.9745 11.83 -10.49 .5
5 24 10 -17.32 .5 10 -17.32 -10 8.1527 -17.9472 -9.7301 11.4668 -16.0337 .5
2 24 10 -17.32 -15 5.18 -19.32 -15
5 24 18.5355 -3.5355 .5 18.5355 -3.5355 -7.9028 17.0072 -4.5569 -4.9761 19.6195 -1.9135 .5
5 24 0 -15 .5 0 -20 -10 -5 -20 -10 5.176 -19.318 -10
5 24 20 0 .5 20 0 -10 19.6195 -1.9135 -9.7304 20 2 -10
5 24 0 -20 -15 0 -20 -10 5.176 -19.318 -10 -5 -20 -10
5 24 20 0 -15 20 0 -10 19.318 -5.176 -10 20 2 -10

1 16 0 0 .5 9 0 0 0 0 -9 0 .5 0 1-8tndis.dat
1 16 0 0 .5 0 0 9 -9 0 0 0 .5 0 1-8tang.dat
4 16 9 0 .5 11 0 .5 11 -4 .5 9 -6.3639 .5
4 16 15 -4 .5 15 -5 .5 14.0996 -4.821 .5 11 -4 .5
4 16 11 -4 .5 14.0996 -4.821 .5 12.99 -7.5 .5 9 -6.3639 .5
4 16 8.964 -7.526 .5 9 -6.3639 .5 12.99 -7.5 .5 11.2251 -9.8002 .5
4 16 10.964 -10.99 .5 8.964 -7.526 .5 11.2251 -9.8002 .5 11.83 -10.49 .5
4 16 5.0985 -7.6302 .5 6.3639 -6.3639 .5 9 -6.3639 .5 8.964 -7.526 .5
4 16 5.0985 -7.6302 .5 8.964 -7.526 .5 5.5 -9.526 .5 3.4443 -8.3151 .5
4 16 3.4443 -8.3151 .5 5.5 -9.526 .5 2.036 -11.526 .5 1.7901 -9 .5
4 16 0 -9 .5 1.7901 -9 .5 2.036 -11.526 .5 0 -15 .5
3 16 0 -15 .5 2.036 -11.526 .5 2.875 -14.6212 .5
4 16 3.17 -15.49 .5 2.875 -14.6212 .5 2.036 -11.526 .5 4.036 -14.99 .5