0 ~Sheet Fabric Triangular 21.8 x 20.7 with Curved Sides and 4 Holes Surface (Formed)
0 Name: s\32939c01s01.dat
0 Author: Philippe Hurbain [Philo]
0 !LDRAW_ORG Unofficial_Subpart
0 !LICENSE Licensed under CC BY 4.0 : see CAreadme.txt

0 BFC CERTIFY CCW

2 24 2.31 5.8226 -11.5598 2.5 5.1506 -10.8718
2 24 4.61 -1.8717 -1.7743 4.99 -2.9301 0.0407
2 24 133.34 183 -324.54 105.83 183 -332.94
2 24 204.8 183 -275.2 207.06 183 -278.55
2 24 204.8 183 -290.79 198.85 183 -294.87
2 24 196.58 183 -282.11 197.53 183 -280.36
2 24 0 -13.03 17.36 14 -13.03 17.36
2 24 4.61 -3.9886 1.8558 3.53 -4.8846 3.3923
2 24 177.05 183 -283.39 177.64 183 -285.57
2 24 182.85 183 -303.28 159.34 183 -314.65
2 24 2.5 5.1506 -10.8718 2.31 4.4884 -10.1939
2 24 180.72 183 -288.8 182.74 183 -289.35
2 24 197.53 183 -280.36 197.73 183 -278.23
2 24 178.93 183 -287.47 180.72 183 -288.8
2 24 3.53 -4.8846 3.3923 1.91 -5.4826 4.4177
2 24 1.91 -5.4826 4.4177 0 -5.6925 4.7777
2 24 44.83 183 -344.3 19.33 183 -346.27
2 24 197.14 183 -276.05 195.85 183 -274.15
2 24 177.64 183 -285.57 178.93 183 -287.47
2 24 1.77 3.9202 -9.6121 0.96 3.5397 -9.2226
2 24 3.53 -0.9756 -3.3108 4.61 -1.8717 -1.7743
2 24 159.34 183 -314.65 133.34 183 -324.54
2 24 190.09 183 -272.56 178.2 183 -279.51
2 24 1.91 -0.3777 -4.3362 3.53 -0.9756 -3.3108
2 24 207.06 183 -287.44 204.8 183 -290.79
2 24 105.83 183 -332.94 72.83 183 -340.36
2 24 0 6.9049 -12.6678 0.96 6.7665 -12.526
2 24 184.68 183 -289.05 196.58 183 -282.11
2 24 195.85 183 -274.15 194.06 183 -272.82
2 24 178.2 183 -279.51 177.25 183 -281.26
2 24 0 -0.1677 -4.6962 1.91 -0.3777 -4.3362
2 24 0.96 6.7665 -12.526 1.77 6.386 -12.1365
2 24 1.77 6.386 -12.1365 2.31 5.8226 -11.5598
2 24 4.99 -2.9301 0.0407 4.61 -3.9886 1.8558
2 24 182.74 183 -289.35 184.68 183 -289.05
2 24 207.85 183 -283 207.06 183 -287.44
2 24 198.85 183 -294.87 182.85 183 -303.28
2 24 192.04 183 -272.26 190.09 183 -272.56
2 24 177.25 183 -281.26 177.05 183 -283.39
2 24 197.73 183 -278.23 197.14 183 -276.05
2 24 194.06 183 -272.82 192.04 183 -272.26
2 24 72.83 183 -340.36 44.83 183 -344.3
2 24 0.96 3.5397 -9.2226 0 3.4064 -9.0861
2 24 207.06 183 -278.55 207.85 183 -283
2 24 2.31 4.4884 -10.1939 1.77 3.9202 -9.6121
2 24 19.33 183 -346.27 0 183 -346.76
2 24 0 0.89 -6.51 0 -0.1677 -4.6962
2 24 0 3.4064 -9.0861 0 0.89 -6.51

2 24 64.9991 89.9 -55.7634 84.6811 119.38 -87.5997
2 24 106.6596 141.61 -122.5304 84.6811 119.38 -87.5997
2 24 186.314 183 -246.847 204.8 183 -275.2
2 24 163.0374 175.9 -210.8131 186.314 183 -246.847
2 24 135.2726 161.45 -167.4773 106.6596 141.61 -122.5304
2 24 46.1947 51.71 -28.4782 31.5104 8.47 -4.7056
2 24 46.1947 51.71 -28.4782 64.9991 89.9 -55.7634
2 24 135.2726 161.45 -167.4773 149.7549 169.52 -190.1125
2 24 163.0374 175.9 -210.8131 149.7549 169.52 -190.1125
4 16 84.0934 183 -293.306 0 183 -303.57 0 183 -346.76 105.83 183 -332.94
4 16 0 175.9 -260.38 0 183 -303.57 84.0934 183 -293.306 73.6448 175.9 -251.3989
4 16 0 169.52 -235.62 0 175.9 -260.38 73.6448 175.9 -251.3989 67.6548 169.52 -227.3744
4 16 0 161.45 -208.57 0 169.52 -235.62 67.6548 169.52 -227.3744 61.1108 161.45 -201.1279
4 16 0 141.61 -154.94 0 161.45 -208.57 61.1108 161.45 -201.1279 48.1365 141.61 -149.0909
4 16 0 119.38 -113.41 0 141.61 -154.94 48.1365 141.61 -149.0909 38.0895 119.38 -108.7946
4 16 0 89.9 -75.76 0 119.38 -113.41 38.0895 119.38 -108.7946 28.9811 89.9 -72.2629
4 16 20.9058 51.71 -39.8745 0 51.71 -42.38 0 89.9 -75.76 28.9811 89.9 -72.2629
3 16 0 8.47 -14.27 0 51.71 -42.38 14 8.47 -14.27
3 16 20.9058 51.71 -39.8745 14 8.47 -14.27 0 51.71 -42.38
4 16 163.2057 183 -263.0029 84.0934 183 -293.306 105.83 183 -332.94 182.85 183 -303.28
4 16 142.9292 175.9 -224.8683 73.6448 175.9 -251.3989 84.0934 183 -293.306 163.2057 183 -263.0029
4 16 131.3051 169.52 -203.0066 67.6548 169.52 -227.3744 73.6448 175.9 -251.3989 142.9292 175.9 -224.8683
4 16 67.6548 169.52 -227.3744 131.3051 169.52 -203.0066 118.6059 161.45 -179.1228 61.1108 161.45 -201.1279
4 16 48.1365 141.61 -149.0909 61.1108 161.45 -201.1279 118.6059 161.45 -179.1228 93.4282 141.61 -131.7704
4 16 38.0895 119.38 -108.7946 48.1365 141.61 -149.0909 93.4282 141.61 -131.7704 73.931 119.38 -95.1015
4 16 28.9811 89.9 -72.2629 38.0895 119.38 -108.7946 73.931 119.38 -95.1015 56.2554 89.9 -61.8586
4 16 20.9058 51.71 -39.8745 28.9811 89.9 -72.2629 56.2554 89.9 -61.8586 40.5844 51.71 -32.3858
3 16 27.3876 8.47 -7.5661 14 8.47 -14.27 40.5844 51.71 -32.3858
3 16 20.9058 51.71 -39.8745 40.5844 51.71 -32.3858 14 8.47 -14.27
4 16 142.9292 175.9 -224.8683 163.2057 183 -263.0029 186.314 183 -246.847 163.0374 175.9 -210.8131
4 16 142.9292 175.9 -224.8683 163.0374 175.9 -210.8131 149.7549 169.52 -190.1125 131.3051 169.52 -203.0066
4 16 118.6059 161.45 -179.1228 131.3051 169.52 -203.0066 149.7549 169.52 -190.1125 135.2726 161.45 -167.4773
4 16 93.4282 141.61 -131.7704 118.6059 161.45 -179.1228 135.2726 161.45 -167.4773 106.6596 141.61 -122.5304
4 16 73.931 119.38 -95.1015 93.4282 141.61 -131.7704 106.6596 141.61 -122.5304 84.6811 119.38 -87.5997
4 16 73.931 119.38 -95.1015 84.6811 119.38 -87.5997 64.9991 89.9 -55.7634 56.2554 89.9 -61.8586
4 16 56.2554 89.9 -61.8586 64.9991 89.9 -55.7634 46.1947 51.71 -28.4782 40.5844 51.71 -32.3858
4 16 27.3876 8.47 -7.5661 40.5844 51.71 -32.3858 46.1947 51.71 -28.4782 31.5104 8.47 -4.7056
3 16 14 8.47 -14.27 27.3876 8.47 -7.5661 14 0.89 -6.51
3 16 23.7445 0.89 -0.7144 14 0.89 -6.51 27.3876 8.47 -7.5661
4 16 23.7445 0.89 -0.7144 27.3876 8.47 -7.5661 31.5104 8.47 -4.7056 28.398 0.89 2.5085
2 24 28.398 0.89 2.5085 24.6526 -5.5245 11.3549
2 24 31.5104 8.47 -4.7056 28.398 0.89 2.5085
2 24 14 -13.03 17.36 19.02 -10.1763 16.7171
2 24 22.18 -7.9449 14.902 24.6526 -5.5245 11.3549
2 24 19.02 -10.1763 16.7171 22.18 -7.9449 14.902
4 16 22.18 -7.9449 14.902 19.02 -10.1763 16.7171 14 -13.03 17.36 24.6526 -5.5245 11.3549
4 16 0 183 -346.76 19.33 183 -346.27 72.83 183 -340.36 105.83 183 -332.94
3 16 44.83 183 -344.3 72.83 183 -340.36 19.33 183 -346.27
4 16 105.83 183 -332.94 133.34 183 -324.54 159.34 183 -314.65 182.85 183 -303.28
4 16 207.06 183 -278.55 204.8 183 -275.2 207.06 183 -287.44 207.85 183 -283
4 16 204.8 183 -290.79 207.06 183 -287.44 204.8 183 -275.2 198.85 183 -294.87
4 16 184.68 183 -289.05 182.74 183 -289.35 182.85 183 -303.28 198.85 183 -294.87
4 16 197.53 183 -280.36 196.58 183 -282.11 198.85 183 -294.87 204.8 183 -275.2
4 16 190.09 183 -272.56 186.314 183 -246.847 163.2057 183 -263.0029 178.2 183 -279.51
3 16 177.25 183 -281.26 178.2 183 -279.51 163.2057 183 -263.0029
3 16 163.2057 183 -263.0029 177.05 183 -283.39 177.25 183 -281.26
3 16 163.2057 183 -263.0029 177.64 183 -285.57 177.05 183 -283.39
3 16 163.2057 183 -263.0029 182.85 183 -303.28 177.64 183 -285.57
3 16 182.85 183 -303.28 178.93 183 -287.47 177.64 183 -285.57
3 16 182.85 183 -303.28 180.72 183 -288.8 178.93 183 -287.47
3 16 182.85 183 -303.28 182.74 183 -289.35 180.72 183 -288.8
3 16 184.68 183 -289.05 198.85 183 -294.87 196.58 183 -282.11
3 16 197.53 183 -280.36 204.8 183 -275.2 197.73 183 -278.23
3 16 204.8 183 -275.2 197.14 183 -276.05 197.73 183 -278.23
3 16 204.8 183 -275.2 195.85 183 -274.15 197.14 183 -276.05
4 16 194.06 183 -272.82 195.85 183 -274.15 204.8 183 -275.2 186.314 183 -246.847
3 16 192.04 183 -272.26 194.06 183 -272.82 186.314 183 -246.847
3 16 190.09 183 -272.56 192.04 183 -272.26 186.314 183 -246.847
4 16 28.398 0.89 2.5085 24.6526 -5.5245 11.3549 14 -13.03 17.36 23.7445 0.89 -0.7144
3 16 23.7445 0.89 -0.7144 14 -13.03 17.36 14 0.89 -6.51
4 16 0 -13.03 17.36 0 -5.6925 4.7777 1.91 -5.4826 4.4177 14 -13.03 17.36
4 16 1.91 -0.3777 -4.3362 0 -0.1677 -4.6962 0 0.89 -6.51 14 0.89 -6.51
4 16 4.61 -3.9886 1.8558 4.99 -2.9301 0.0407 14 0.89 -6.51 14 -13.03 17.36
3 16 3.53 -4.8846 3.3923 4.61 -3.9886 1.8558 14 -13.03 17.36
3 16 3.53 -4.8846 3.3923 14 -13.03 17.36 1.91 -5.4826 4.4177
3 16 4.99 -2.9301 0.0407 4.61 -1.8717 -1.7743 14 0.89 -6.51
3 16 14 0.89 -6.51 4.61 -1.8717 -1.7743 3.53 -0.9756 -3.3108
3 16 14 0.89 -6.51 3.53 -0.9756 -3.3108 1.91 -0.3777 -4.3362
4 16 0 0.89 -6.51 0 3.4064 -9.0861 0.96 3.5397 -9.2226 14 0.89 -6.51
4 16 2.31 4.4884 -10.1939 2.5 5.1506 -10.8718 14 8.47 -14.27 14 0.89 -6.51
4 16 0.96 6.7665 -12.526 0 6.9049 -12.6678 0 8.47 -14.27 14 8.47 -14.27
3 16 1.77 3.9202 -9.6121 2.31 4.4884 -10.1939 14 0.89 -6.51
3 16 1.77 3.9202 -9.6121 14 0.89 -6.51 0.96 3.5397 -9.2226
3 16 2.5 5.1506 -10.8718 2.31 5.8226 -11.5598 14 8.47 -14.27
3 16 14 8.47 -14.27 2.31 5.8226 -11.5598 1.77 6.386 -12.1365
3 16 14 8.47 -14.27 1.77 6.386 -12.1365 0.96 6.7665 -12.526
5 24 14 8.47 -14.27 40.5844 51.71 -32.3858 27.3876 8.47 -7.5661 20.9058 51.71 -39.8745
5 24 40.5844 51.71 -32.3858 27.3876 8.47 -7.5661 46.1947 51.71 -28.4782 14 8.47 -14.27
5 24 27.3876 8.47 -7.5661 14 8.47 -14.27 14 0.89 -6.51 40.5844 51.71 -32.3858
5 24 14 -13.03 17.36 14 0.89 -6.51 23.7445 0.89 -0.7144 4.61 -3.9886 1.8558
5 24 84.0934 183 -293.306 163.2057 183 -263.0029 105.83 183 -332.94 142.9292 175.9 -224.8683
5 24 84.0934 183 -293.306 0 183 -303.57 73.6448 175.9 -251.3989 0 183 -346.76
5 24 84.6811 119.38 -87.5997 73.931 119.38 -95.1015 64.9991 89.9 -55.7634 93.4282 141.61 -131.7704
5 24 48.1365 141.61 -149.0909 93.4282 141.61 -131.7704 61.1108 161.45 -201.1279 73.931 119.38 -95.1015
5 24 163.2057 183 -263.0029 142.9292 175.9 -224.8683 73.6448 175.9 -251.3989 186.314 183 -246.847
5 24 38.0895 119.38 -108.7946 73.931 119.38 -95.1015 48.1365 141.61 -149.0909 56.2554 89.9 -61.8586
5 24 163.2057 183 -263.0029 186.314 183 -246.847 178.2 183 -279.51 163.0374 175.9 -210.8131
5 24 131.3051 169.52 -203.0066 118.6059 161.45 -179.1228 149.7549 169.52 -190.1125 61.1108 161.45 -201.1279
5 24 118.6059 161.45 -179.1228 93.4282 141.61 -131.7704 135.2726 161.45 -167.4773 48.1365 141.61 -149.0909
5 24 131.3051 169.52 -203.0066 149.7549 169.52 -190.1125 135.2726 161.45 -167.4773 142.9292 175.9 -224.8683
5 24 93.4282 141.61 -131.7704 73.931 119.38 -95.1015 106.6596 141.61 -122.5304 38.0895 119.38 -108.7946
5 24 56.2554 89.9 -61.8586 64.9991 89.9 -55.7634 73.931 119.38 -95.1015 46.1947 51.71 -28.4782
5 24 67.6548 169.52 -227.3744 0 169.52 -235.62 0 175.9 -260.38 61.1108 161.45 -201.1279
5 24 0 119.38 -113.41 38.0895 119.38 -108.7946 0 141.61 -154.94 28.9811 89.9 -72.2629
5 24 24.6526 -5.5245 11.3549 14 -13.03 17.36 28.398 0.89 2.5085 22.18 -7.9449 14.902
5 24 61.1108 161.45 -201.1279 67.6548 169.52 -227.3744 131.3051 169.52 -203.0066 0 161.45 -208.57
5 24 93.4282 141.61 -131.7704 106.6596 141.61 -122.5304 118.6059 161.45 -179.1228 84.6811 119.38 -87.5997
5 24 14 8.47 -14.27 0 8.47 -14.27 0 51.71 -42.38 0.96 6.7665 -12.526
5 24 40.5844 51.71 -32.3858 46.1947 51.71 -28.4782 56.2554 89.9 -61.8586 31.5104 8.47 -4.7056
5 24 28.9811 89.9 -72.2629 38.0895 119.38 -108.7946 73.931 119.38 -95.1015 0 89.9 -75.76
5 24 20.9058 51.71 -39.8745 28.9811 89.9 -72.2629 0 51.71 -42.38 56.2554 89.9 -61.8586
5 24 131.3051 169.52 -203.0066 67.6548 169.52 -227.3744 73.6448 175.9 -251.3989 118.6059 161.45 -179.1228
5 24 48.1365 141.61 -149.0909 0 141.61 -154.94 38.0895 119.38 -108.7946 0 161.45 -208.57
5 24 38.0895 119.38 -108.7946 48.1365 141.61 -149.0909 93.4282 141.61 -131.7704 0 119.38 -113.41
5 24 0 51.71 -42.38 14 8.47 -14.27 0 8.47 -14.27 20.9058 51.71 -39.8745
5 24 0 51.71 -42.38 20.9058 51.71 -39.8745 0 89.9 -75.76 14 8.47 -14.27
5 24 23.7445 0.89 -0.7144 28.398 0.89 2.5085 14 -13.03 17.36 27.3876 8.47 -7.5661
5 24 56.2554 89.9 -61.8586 40.5844 51.71 -32.3858 64.9991 89.9 -55.7634 20.9058 51.71 -39.8745
5 24 48.1365 141.61 -149.0909 61.1108 161.45 -201.1279 118.6059 161.45 -179.1228 0 141.61 -154.94
5 24 0 161.45 -208.57 61.1108 161.45 -201.1279 0 169.52 -235.62 48.1365 141.61 -149.0909
5 24 20.9058 51.71 -39.8745 14 8.47 -14.27 0 51.71 -42.38 40.5844 51.71 -32.3858
5 24 23.7445 0.89 -0.7144 14 0.89 -6.51 27.3876 8.47 -7.5661 14 -13.03 17.36
5 24 142.9292 175.9 -224.8683 131.3051 169.52 -203.0066 163.0374 175.9 -210.8131 67.6548 169.52 -227.3744
5 24 23.7445 0.89 -0.7144 14 -13.03 17.36 28.398 0.89 2.5085 14 0.89 -6.51
5 24 73.931 119.38 -95.1015 56.2554 89.9 -61.8586 84.6811 119.38 -87.5997 28.9811 89.9 -72.2629
5 24 163.0374 175.9 -210.8131 142.9292 175.9 -224.8683 149.7549 169.52 -190.1125 163.2057 183 -263.0029
5 24 61.1108 161.45 -201.1279 118.6059 161.45 -179.1228 67.6548 169.52 -227.3744 93.4282 141.61 -131.7704
5 24 14 0.89 -6.51 14 8.47 -14.27 27.3876 8.47 -7.5661 2.31 4.4884 -10.1939
5 24 31.5104 8.47 -4.7056 27.3876 8.47 -7.5661 40.5844 51.71 -32.3858 28.398 0.89 2.5085
5 24 73.6448 175.9 -251.3989 67.6548 169.52 -227.3744 142.9292 175.9 -224.8683 0 169.52 -235.62
5 24 20.9058 51.71 -39.8745 40.5844 51.71 -32.3858 28.9811 89.9 -72.2629 14 8.47 -14.27
5 24 27.3876 8.47 -7.5661 14 0.89 -6.51 14 8.47 -14.27 23.7445 0.89 -0.7144
5 24 27.3876 8.47 -7.5661 23.7445 0.89 -0.7144 14 0.89 -6.51 31.5104 8.47 -4.7056
5 24 56.2554 89.9 -61.8586 28.9811 89.9 -72.2629 40.5844 51.71 -32.3858 38.0895 119.38 -108.7946
5 24 118.6059 161.45 -179.1228 135.2726 161.45 -167.4773 131.3051 169.52 -203.0066 106.6596 141.61 -122.5304
5 24 0 175.9 -260.38 73.6448 175.9 -251.3989 0 183 -303.57 67.6548 169.52 -227.3744
5 24 73.6448 175.9 -251.3989 142.9292 175.9 -224.8683 84.0934 183 -293.306 131.3051 169.52 -203.0066
5 24 0 89.9 -75.76 28.9811 89.9 -72.2629 20.9058 51.71 -39.8745 0 119.38 -113.41
5 24 0 0.89 -6.51 14 0.89 -6.51 0 3.4064 -9.0861 1.91 -0.3777 -4.3362
5 24 84.0934 183 -293.306 73.6448 175.9 -251.3989 163.2057 183 -263.0029 0 175.9 -260.38
