0 ~Tyre  7/ 50 x 17 Offset Tread Quarter
0 Name: s\3483s01.dat
0 Author: Rene Rechthaler [Blechtaler]
0 !LDRAW_ORG Unofficial_Subpart
0 !LICENSE Licensed under CC BY 4.0 : see CAreadme.txt

0 BFC CERTIFY CCW

0 !HISTORY 2025-02-10 [Blechtaler] subfiled the Tread, used rects

1 16 0 -28 -4.5 0 1 0 -3 0 0 0 0 -4.5 rect3.dat
1 16 2.205 -30.84 -4.5 2.205 0 0 .16 1 0 0 0 4.5 rect2p.dat
1 16 3.985 -27.715 -4.5 .425 0 0 -2.965 -1 0 0 0 -4.5 rect3.dat
1 16 5.3 -24.37 -4.5 1.74 0 0 .38 1 0 0 0 4.5 rect2p.dat
1 16 7.885 -26.865 -4.5 -.845 0 0 2.875 1 0 0 0 -4.5 rect3.dat
1 16 10.8 -28.965 -4.5 2.07 0 0 .775 1 0 0 0 4.5 rect2p.dat
1 16 11.63 -25.465 -4.5 1.24 0 0 -2.725 -1 0 0 0 -4.5 rect3.dat
1 16 11.95 -21.885 -4.5 1.56 0 0 .855 1 0 0 0 4.5 rect2p.dat
1 16 15.14 -23.555 -4.5 -1.62 0 0 2.525 1 0 0 0 -4.5 rect3.dat
1 16 18.53 -24.755 -4.5 1.77 0 0 1.325 1 0 0 0 4.5 rect2p.dat
1 16 18.34 -21.165 -4.5 1.96 0 0 -2.265 -1 0 0 0 -4.5 rect3.dat
1 16 17.635 -17.64 -4.5 1.255 0 0 1.26 1 0 0 0 4.5 rect2p.dat
1 16 21.16 -18.335 -4.5 -2.27 0 0 1.965 1 0 0 0 -4.5 rect3.dat
1 16 24.75 -18.53 -4.5 1.32 0 0 1.77 1 0 0 0 4.5 rect2p.dat
1 16 23.555 -15.14 -4.5 2.515 0 0 -1.62 -1 0 0 0 -4.5 rect3.dat
1 16 21.89 -11.955 -4.5 .85 0 0 1.565 1 0 0 0 4.5 rect2p.dat
1 16 25.47 -11.635 -4.5 -2.73 0 0 1.245 1 0 0 0 -4.5 rect3.dat
1 16 28.97 -10.805 -4.5 .77 0 0 2.075 1 0 0 0 4.5 rect2p.dat
1 16 26.865 -7.885 -4.5 2.875 0 0 -.845 -1 0 0 0 -4.5 rect3.dat
1 16 24.37 -5.3 -4.5 .38 0 0 1.74 1 0 0 0 4.5 rect2p.dat
1 16 27.715 -3.985 -4.5 -2.965 0 0 .425 1 0 0 0 -4.5 rect3.dat
1 16 30.84 -2.205 -4.5 .16 0 0 2.205 1 0 0 0 4.5 rect2p.dat
1 16 28 0 -4.5 3 0 0 0 -1 0 0 0 -4.5 rect3.dat

1 16 24.875 1.775 -4.5 -.125 0 0 1.775 -1 0 0 0 4.5 rect2p.dat
1 16 27.715 3.985 -4.5 -2.965 0 0 -.425 1 0 0 0 4.5 rect.dat
1 16 30.21 6.57 -4.5 -.47 0 0 2.16 -1 0 0 0 4.5 rect2p.dat
1 16 26.865 7.89 -4.5 2.875 0 0 .84 -1 0 0 0 -4.5 rect.dat
1 16 23.365 8.715 -4.5 -.625 0 0 1.665 -1 0 0 0 4.5 rect2p.dat
1 16 25.47 11.635 -4.5 -2.73 0 0 -1.245 1 0 0 0 4.5 rect.dat
1 16 27.14 14.82 -4.5 -1.06 0 0 1.94 -1 0 0 0 4.5 rect2p.dat
1 16 23.555 15.14 -4.5 2.525 0 0 1.62 -1 0 0 0 -4.5 rect.dat
1 16 19.965 14.945 -4.5 -1.065 0 0 1.425 -1 0 0 0 4.5 rect2p.dat
1 16 21.16 18.335 -4.5 -2.27 0 0 -1.965 1 0 0 0 4.5 rect.dat
1 16 21.865 21.86 -4.5 -1.565 0 0 1.56 -1 0 0 0 4.5 rect2p.dat
1 16 18.335 21.16 -4.5 1.965 0 0 2.26 -1 0 0 0 -4.5 rect.dat
1 16 14.945 19.965 -4.5 -1.425 0 0 1.065 -1 0 0 0 4.5 rect2p.dat
1 16 15.14 23.555 -4.5 -1.62 0 0 -2.525 1 0 0 0 4.5 rect.dat
1 16 14.82 27.135 -4.5 -1.94 0 0 1.055 -1 0 0 0 4.5 rect2p.dat
1 16 11.635 25.47 -4.5 1.245 0 0 2.72 -1 0 0 0 -4.5 rect.dat
1 16 8.72 23.37 -4.5 -1.67 0 0 .62 -1 0 0 0 4.5 rect2p.dat
1 16 7.885 26.865 -4.5 -.845 0 0 -2.875 1 0 0 0 -4.5 rect.dat
1 16 6.57 30.21 -4.5 -2.16 0 0 .47 -1 0 0 0 4.5 rect2p.dat
1 16 3.985 27.715 -4.5 .425 0 0 2.965 -1 0 0 0 -4.5 rect.dat
1 16 1.78 24.875 -4.5 -1.78 0 0 .125 -1 0 0 0 4.5 rect2p.dat
4 16 4.41 -30.68 0 3.56 -24.75 0 0 -25 0 0 -31 0
4 16 8.73 -29.74 0 12.87 -28.19 0 10.39 -22.74 0 7.04 -23.99 0
4 16 16.76 -26.08 0 20.3 -23.43 0 16.38 -18.9 0 13.52 -21.03 0
4 16 23.43 -20.3 0 26.07 -16.76 0 21.04 -13.52 0 18.89 -16.37 0
4 16 28.2 -12.88 0 29.74 -8.73 0 23.99 -7.04 0 22.74 -10.39 0
4 16 30.68 -4.41 0 31 0 0 25 0 0 24.75 -3.56 0
4 16 30.68 4.41 0 29.74 8.73 0 23.99 7.05 0 24.75 3.56 0
4 16 28.2 12.88 0 26.08 16.76 0 21.03 13.52 0 22.74 10.39 0
4 16 23.43 20.3 0 20.3 23.42 0 16.37 18.9 0 18.89 16.37 0
4 16 16.76 26.08 0 12.88 28.19 0 10.39 22.75 0 13.52 21.03 0
4 16 8.73 29.74 0 4.41 30.68 0 3.56 24.75 0 7.04 23.99 0

1 16 0 0 -9 22 0 0 0 0 22 0 1 0 1-4tang.dat
1 16 0 0 -9 22 0 0 0 0 -22 0 1 0 1-4tang.dat

4 16 0 25 -9 3.56 24.75 -9 4.3758 22 -9 0 22 -9
3 16 4.3758 22 -9 3.56 24.75 -9 7.04 23.99 -9
4 16 10.39 22.75 -9 8.4194 20.3258 -9 4.3758 22 -9 7.04 23.99 -9
4 16 13.52 21.03 -9 12.463 18.6516 -9 8.4194 20.3258 -9 10.39 22.75 -9
4 16 15.5562 15.5562 -9 12.463 18.6516 -9 13.52 21.03 -9 16.37 18.9 -9
3 16 15.5562 15.5562 -9 16.37 18.9 -9 18.89 16.37 -9
4 16 21.03 13.52 -9 18.6516 12.463 -9 15.5562 15.5562 -9 18.89 16.37 -9
4 16 20.3258 8.4194 -9 18.6516 12.463 -9 21.03 13.52 -9 22.74 10.38 -9
4 16 22 4.3758 -9 20.3258 8.4194 -9 22.74 10.38 -9 23.99 7.05 -9
3 16 22 4.3758 -9 23.99 7.05 -9 24.75 3.55 -9
4 16 25 0 -9 22 0 -9 22 4.3758 -9 24.75 3.55 -9
4 16 22 -4.3758 -9 22 0 -9 25 0 -9 24.75 -3.56 -9
4 16 20.3258 -8.4194 -9 22 -4.3758 -9 24.75 -3.56 -9 23.99 -7.04 -9
3 16 20.3258 -8.4194 -9 23.99 -7.04 -9 22.74 -10.39 -9
4 16 21.04 -13.52 -9 18.6516 -12.463 -9 20.3258 -8.4194 -9 22.74 -10.39 -9
4 16 15.5562 -15.5562 -9 18.6516 -12.463 -9 21.04 -13.52 -9 18.89 -16.38 -9
4 16 18.89 -16.38 -9 16.38 -18.9 -9 12.463 -18.6516 -9 15.5562 -15.5562 -9
3 16 12.463 -18.6516 -9 16.38 -18.9 -9 13.51 -21.03 -9
4 16 8.4194 -20.3258 -9 12.463 -18.6516 -9 13.51 -21.03 -9 10.39 -22.74 -9
3 16 8.4194 -20.3258 -9 10.39 -22.74 -9 7.04 -23.99 -9
4 16 3.56 -24.75 -9 4.3758 -22 -9 8.4194 -20.3258 -9 7.04 -23.99 -9
4 16 0 -25 -9 0 -22 -9 4.3758 -22 -9 3.56 -24.75 -9
4 16 3.56 24.75 -9 4.41 30.68 -9 8.73 29.74 -9 7.04 23.99 -9
4 16 10.39 22.75 -9 12.88 28.19 -9 16.76 26.08 -9 13.52 21.03 -9
4 16 16.37 18.9 -9 20.3 23.42 -9 23.43 20.3 -9 18.89 16.37 -9
4 16 21.03 13.52 -9 26.08 16.76 -9 28.2 12.88 -9 22.74 10.38 -9
4 16 23.99 7.05 -9 29.74 8.73 -9 30.68 4.41 -9 24.75 3.55 -9
4 16 25 0 -9 31 0 -9 30.68 -4.41 -9 24.75 -3.56 -9
4 16 23.99 -7.04 -9 29.74 -8.73 -9 28.2 -12.88 -9 22.74 -10.39 -9
4 16 21.04 -13.52 -9 26.07 -16.76 -9 23.43 -20.3 -9 18.89 -16.38 -9
4 16 16.38 -18.9 -9 20.3 -23.43 -9 16.76 -26.08 -9 13.51 -21.03 -9
4 16 7.04 -23.99 -9 10.39 -22.74 -9 12.87 -28.19 -9 8.73 -29.74 -9
4 16 3.56 -24.75 -9 4.41 -30.68 -9 0 -31 -9 0 -25 -9
