0 ~Minifig Head with Black Goatee, Eyebrows and Hair Pattern - Half
0 Name: s\3626bp4ns01.dat
0 Author: Chris Böhnke [KnightOfTarenta]
0 !LDRAW_ORG Unofficial_Subpart
0 !LICENSE Licensed under CC BY 4.0 : see CAreadme.txt

0 BFC CERTIFY CCW

0 // Eye
1 0 3.5 10 -12.303 1.226 0 0 0 0 -1.25 0.244 1 0 4-4disc.dat
1 16 3.5 10 -12.303 1.226 0 0 0 0 -1.25 0.244 1 0 4-4ndis.dat

0 // Pattern
0 // Colour 0 Black
3 0 8.247 1.324 -8.247 7.043 1.87 -9.589 7.91 2.066 -9.203
4 0 7.043 1.87 -9.589 8.247 1.324 -8.247 5.36 1.5 -10.349 5.543 1.8 -10.522
3 0 5.36 1.5 -10.349 5.287 1.65 -10.546 5.543 1.8 -10.522
4 0 9.363 1.22 -6.422 11.447 2.469 -5.146 11.248 2.227 -5.086 9.837 1.277 -5.797
4 0 10.254 1.439 -5.412 9.837 1.277 -5.797 11.248 2.227 -5.086 10.742 1.751 -5.141
3 0 9.652 3.594 -8.327 11.561 3.18 -5.288 11.479 2.585 -5.148
4 0 9.307 2.951 -8.56 9.652 3.594 -8.327 11.479 2.585 -5.148 11.447 2.469 -5.146
4 0 11.561 3.18 -5.288 9.652 3.594 -8.327 9.812 4 -8.264 11.685 4 -5.462
4 0 11.685 4 -5.462 9.812 4 -8.264 9.86 4.284 -8.193 10.254 5 -7.603
4 0 10.254 5 -7.603 9.86 4.284 -8.193 9.894 4.646 -8.142 10.028 5 -7.942
4 0 11.685 4 -5.462 10.254 5 -7.603 10.367 5.3 -7.433 11.604 5.111 -5.582
4 0 11.604 5.111 -5.582 10.367 5.3 -7.433 10.424 6.1 -7.349 11.554 5.873 -5.658
4 0 10.821 6.8 -6.755 11.554 5.873 -5.658 10.424 6.1 -7.349 10.537 6.7 -7.179
4 0 11.554 5.873 -5.658 10.821 6.8 -6.755 10.957 6.95 -6.552 11.507 6.641 -5.728
4 0 11.507 6.641 -5.728 10.957 6.95 -6.552 11.127 7.97 -6.297 11.434 8.176 -5.837
4 0 11.434 8.176 -5.837 11.127 7.97 -6.297 11.2 8.54 -6.187 11.41 8.97 -5.873
3 0 8.247 1.324 -8.247 7.91 2.066 -9.203 8.923 2.469 -8.9235
4 0 9.363 1.22 -6.422 8.247 1.324 -8.247 8.923 2.469 -8.9235 11.447 2.469 -5.146
3 0 11.447 2.469 -5.146 8.923 2.469 -8.9235 9.307 2.951 -8.56

0 // Colour 16 Main Colour
4 16 0 19.828 -11.535 0 20.695 -9.914 3.794 20.695 -9.159 4.414 19.828 -10.658
4 16 0 20.695 -9.914 0 21 -8 3.062 21 -7.391 3.794 20.695 -9.159
4 16 3.794 20.695 -9.159 3.062 21 -7.391 5.657 21 -5.657 7.01 20.695 -7.01
4 16 4.414 19.828 -10.658 3.794 20.695 -9.159 7.01 20.695 -7.01 8.157 19.828 -8.157
4 16 4.83 18.531 -11.659 4.414 19.828 -10.658 8.157 19.828 -8.157 8.923 18.531 -8.923
4 16 4.975 17 -12.0105 4.83 18.531 -11.659 8.923 18.531 -8.923 9.192 17 -9.192
4 16 3.062 0 -7.391 0 0 -8 0 .305 -9.914 3.794 .305 -9.159
4 16 3.794 .305 -9.159 0 .305 -9.914 0 1.172 -11.535 4.4145 1.172 -10.658
4 16 4.4145 1.172 -10.658 0 1.172 -11.535 0 2.469 -12.619 4.83 2.469 -11.659
4 16 4.83 2.469 -11.659 0 2.469 -12.619 0 4 -13 4.975 4 -12.0105
4 16 8 0 0 7.391 0 -3.062 9.159 .305 -3.794 9.914 .305 0
4 16 9.914 .305 0 9.159 .305 -3.794 10.658 1.172 -4.414 11.535 1.172 0
4 16 11.535 1.172 0 10.658 1.172 -4.414 11.659 2.469 -4.83 12.619 2.469 0
4 16 12.619 2.469 0 11.659 2.469 -4.83 12.0105 4 -4.975 13 4 0
4 16 13 4 0 12.0105 4 -4.975 12.0105 17 -4.975 13 17 0
4 16 9.307 2.951 -8.56 8.923 2.469 -8.9235 9.192 4 -9.192 9.652 3.594 -8.327
3 16 9.652 3.594 -8.327 9.192 4 -9.192 9.812 4 -8.264
4 16 9.86 4.284 -8.193 9.812 4 -8.264 9.192 4 -9.192 9.894 4.646 -8.142
4 16 10.028 5 -7.942 9.894 4.646 -8.142 9.192 4 -9.192 9.192 17 -9.192
4 16 10.028 5 -7.942 9.192 17 -9.192 10.424 6.1 -7.349 10.367 5.3 -7.433
3 16 10.254 5 -7.603 10.028 5 -7.942 10.367 5.3 -7.433
3 16 10.424 6.1 -7.349 9.192 17 -9.192 10.537 6.7 -7.179
4 16 10.957 6.95 -6.552 10.821 6.8 -6.755 10.537 6.7 -7.179 11.127 7.97 -6.297
4 16 11.2 8.54 -6.187 11.127 7.97 -6.297 10.537 6.7 -7.179 9.192 17 -9.192
4 16 11.41 8.97 -5.873 11.2 8.54 -6.187 9.192 17 -9.192 12.0105 17 -4.975
4 16 11.434 8.176 -5.837 11.41 8.97 -5.873 12.0105 17 -4.975 12.0105 4 -4.975
4 16 11.507 6.641 -5.728 11.434 8.176 -5.837 12.0105 4 -4.975 11.554 5.873 -5.658
3 16 11.604 5.111 -5.582 11.554 5.873 -5.658 12.0105 4 -4.975
3 16 12.0105 4 -4.975 11.685 4 -5.462 11.604 5.111 -5.582
3 16 11.561 3.18 -5.288 11.685 4 -5.462 12.0105 4 -4.975
4 16 11.561 3.18 -5.288 12.0105 4 -4.975 11.659 2.469 -4.83 11.479 2.585 -5.148
3 16 11.659 2.469 -4.83 11.447 2.469 -5.146 11.479 2.585 -5.148
4 16 11.248 2.227 -5.086 11.447 2.469 -5.146 11.659 2.469 -4.83 10.658 1.172 -4.414
3 16 10.658 1.172 -4.414 10.742 1.751 -5.141 11.248 2.227 -5.086
3 16 10.658 1.172 -4.414 10.254 1.439 -5.412 10.742 1.751 -5.141
3 16 10.658 1.172 -4.414 8.1575 1.172 -8.157 9.363 1.22 -6.422
3 16 10.658 1.172 -4.414 9.363 1.22 -6.422 9.837 1.277 -5.797
3 16 10.658 1.172 -4.414 9.837 1.277 -5.797 10.254 1.439 -5.412
3 16 8.1575 1.172 -8.157 8.247 1.324 -8.247 9.363 1.22 -6.422
4 16 5.36 1.5 -10.349 8.247 1.324 -8.247 8.1575 1.172 -8.157 4.4145 1.172 -10.658
3 16 5.287 1.65 -10.546 5.36 1.5 -10.349 4.4145 1.172 -10.658
3 16 4.4145 1.172 -10.658 4.83 2.469 -11.659 5.287 1.65 -10.546
3 16 5.287 1.65 -10.546 4.83 2.469 -11.659 5.543 1.8 -10.522
4 16 7.043 1.87 -9.589 5.543 1.8 -10.522 4.83 2.469 -11.659 7.91 2.066 -9.203
4 16 3.794 .305 -9.159 4.4145 1.172 -10.658 8.1575 1.172 -8.157 7.01 .305 -7.01
4 16 3.062 0 -7.391 3.794 .305 -9.159 7.01 .305 -7.01 5.657 0 -5.657
4 16 7.391 0 -3.062 5.657 0 -5.657 7.01 .305 -7.01 9.159 .305 -3.794
4 16 9.159 .305 -3.794 7.01 .305 -7.01 8.1575 1.172 -8.157 10.658 1.172 -4.414
3 16 7.91 2.066 -9.203 4.83 2.469 -11.659 8.923 2.469 -8.9235
4 16 4.83 2.469 -11.659 4.975 4 -12.0105 9.192 4 -9.192 8.923 2.469 -8.9235

0 // Conditional Lines
5 24 0 17 -13 0 4 -13 4.975 17 -12.0105 -4.975 17 -12.011
5 24 0 0 -8 0 0.305 -9.914 3.062 0 -7.391 -3.062 0 -7.391
5 24 0 0.305 -9.914 0 1.172 -11.535 3.794 0.305 -9.159 -3.794 0.305 -9.159
5 24 0 1.172 -11.535 0 2.469 -12.619 4.4145 1.172 -10.658 -4.414 1.172 -10.658
5 24 0 2.469 -12.619 0 4 -13 4.83 2.469 -11.659 -4.83 2.469 -11.659
5 24 0 21 -8 0 20.695 -9.914 3.062 21 -7.391 -3.062 21 -7.391
5 24 0 20.695 -9.914 0 19.828 -11.535 3.794 20.695 -9.159 -3.794 20.695 -9.159
5 24 0 19.828 -11.535 0 18.531 -12.619 4.414 19.828 -10.658 -4.414 19.828 -10.658
5 24 0 18.531 -12.619 0 17 -13 4.83 18.531 -11.659 -4.83 18.531 -11.659
5 24 4.975 17 -12.0105 4.975 4 -12.0105 9.192 17 -9.192 0 17 -13
5 24 0 17 -13 4.975 17 -12.0105 0 15.343 -13 0 18.531 -12.619
5 24 0 4 -13 4.975 4 -12.0105 0 5.657 -13 0 2.469 -12.619
5 24 3.062 0 -7.391 3.794 0.305 -9.159 5.657 0 -5.657 0 0 -8
5 24 3.794 .305 -9.159 4.4145 1.172 -10.658 7.01 .305 -7.01 0 .305 -9.914
5 24 4.4145 1.172 -10.658 4.83 2.469 -11.659 8.1575 1.172 -8.157 0 1.172 -11.535
5 24 4.83 2.469 -11.659 4.975 4 -12.0105 8.923 2.469 -8.9235 0 2.469 -12.619
5 24 0 2.469 -12.619 4.83 2.469 -11.659 0 4 -13 0 1.172 -11.535
5 24 0 1.172 -11.535 4.4145 1.172 -10.658 0 2.469 -12.619 0 .305 -9.914
5 24 0 0.305 -9.914 3.794 0.305 -9.159 0 1.172 -11.535 0 0 -8
5 24 0 0 -8 3.062 0 -7.391 0 0.305 -9.914 0 0 -6
5 24 3.062 21 -7.391 3.794 20.695 -9.159 5.657 21 -5.657 0 21 -8
5 24 3.794 20.695 -9.159 4.414 19.828 -10.658 7.01 20.695 -7.01 0 20.695 -9.914
5 24 4.414 19.828 -10.658 4.83 18.531 -11.659 8.157 19.828 -8.157 0 19.828 -11.535
5 24 4.83 18.531 -11.659 4.975 17 -12.0105 8.923 18.531 -8.923 0 18.531 -12.619
5 24 0 18.531 -12.619 4.83 18.531 -11.659 0 17 -13 0 19.828 -11.535
5 24 0 19.828 -11.535 4.414 19.828 -10.658 0 18.531 -12.619 0 20.695 -9.914
5 24 0 20.695 -9.914 3.794 20.695 -9.159 0 19.828 -11.535 0 21 -8
5 24 0 21 -8 3.062 21 -7.391 0 20.695 -9.914 0 21 -6
5 24 9.192 17 -9.192 9.192 4 -9.192 12.0105 17 -4.975 4.975 17 -12.0105
5 24 4.975 17 -12.0105 9.192 17 -9.192 4.975 15.343 -12.01 4.83 18.531 -11.659
5 24 4.975 4 -12.0105 9.192 4 -9.192 4.975 5.657 -12.01 4.83 2.469 -11.659
5 24 5.657 0 -5.657 7.01 0.305 -7.01 7.391 0 -3.062 3.062 0 -7.391
5 24 7.01 .305 -7.01 8.1575 1.172 -8.157 9.159 .305 -3.794 3.794 .305 -9.159
5 24 8.1575 1.172 -8.157 8.923 2.469 -8.9235 10.658 1.172 -4.414 4.4145 1.172 -10.658
5 24 8.923 2.469 -8.9235 9.192 4 -9.192 11.659 2.469 -4.83 4.83 2.469 -11.659
5 24 4.83 2.469 -11.659 8.923 2.469 -8.9235 4.975 4 -12.0105 4.4145 1.172 -10.658
5 24 4.4145 1.172 -10.658 8.1575 1.172 -8.157 4.83 2.469 -11.659 3.794 .305 -9.159
5 24 3.794 .305 -9.159 7.01 .305 -7.01 4.4145 1.172 -10.658 3.062 0 -7.391
5 24 3.062 0 -7.391 5.657 0 -5.657 3.794 0.305 -9.159 2.296 0 -5.543
5 24 5.657 21 -5.657 7.01 20.695 -7.01 7.391 21 -3.062 3.062 21 -7.391
5 24 7.01 20.695 -7.01 8.157 19.828 -8.157 9.159 20.695 -3.794 3.794 20.695 -9.159
5 24 8.157 19.828 -8.157 8.923 18.531 -8.923 10.658 19.828 -4.414 4.414 19.828 -10.658
5 24 8.923 18.531 -8.923 9.192 17 -9.192 11.659 18.531 -4.83 4.83 18.531 -11.659
5 24 4.83 18.531 -11.659 8.923 18.531 -8.923 4.975 17 -12.0105 4.414 19.828 -10.658
5 24 4.414 19.828 -10.658 8.157 19.828 -8.157 4.83 18.531 -11.659 3.794 20.695 -9.159
5 24 3.794 20.695 -9.159 7.01 20.695 -7.01 4.414 19.828 -10.658 3.062 21 -7.391
5 24 3.062 21 -7.391 5.657 21 -5.657 3.794 20.695 -9.159 2.296 21 -5.543
5 24 12.0105 17 -4.975 12.0105 4 -4.975 13 17 0 9.192 17 -9.192
5 24 9.192 17 -9.192 12.0105 17 -4.975 9.192 15.343 -9.192 8.923 18.531 -8.923
5 24 9.192 4 -9.192 12.0105 4 -4.975 9.192 5.657 -9.192 8.923 2.469 -8.9235
5 24 7.391 0 -3.062 9.159 0.305 -3.794 8 0 0 5.657 0 -5.657
5 24 9.159 0.305 -3.794 10.658 1.172 -4.414 9.914 0.305 0 7.01 0.305 -7.01
5 24 10.658 1.172 -4.414 11.659 2.469 -4.83 11.535 1.172 0 8.1575 1.172 -8.157
5 24 11.659 2.469 -4.83 12.0105 4 -4.975 12.619 2.469 0 8.923 2.469 -8.9235
5 24 8.923 2.469 -8.9235 11.659 2.469 -4.83 9.192 4 -9.192 8.1575 1.172 -8.157
5 24 8.1575 1.172 -8.157 10.658 1.172 -4.414 8.923 2.469 -8.9235 7.01 .305 -7.01
5 24 7.01 .305 -7.01 9.159 .305 -3.794 8.1575 1.172 -8.157 5.657 0 -5.657
5 24 5.657 0 -5.657 7.391 0 -3.062 7.01 0.305 -7.01 4.243 0 -4.243
5 24 13 17 0 13 4 0 12.011 17 4.975 12.0105 17 -4.975
5 24 12.0105 17 -4.975 13 17 0 12.01 15.343 -4.975 11.659 18.531 -4.83
5 24 12.0105 4 -4.975 13 4 0 12.01 5.657 -4.975 11.659 2.469 -4.83
5 24 8 0 0 9.914 0.305 0 7.391 0 3.062 7.391 0 -3.062
5 24 9.914 0.305 0 11.535 1.172 0 9.159 0.305 3.794 9.159 0.305 -3.794
5 24 11.535 1.172 0 12.619 2.469 0 10.658 1.172 4.414 10.658 1.172 -4.414
5 24 12.619 2.469 0 13 4 0 11.659 2.469 4.83 11.659 2.469 -4.83
5 24 11.659 2.469 -4.83 12.619 2.469 0 12.0105 4 -4.975 10.658 1.172 -4.414
5 24 10.658 1.172 -4.414 11.535 1.172 0 11.659 2.469 -4.83 9.159 0.305 -3.794
5 24 9.159 0.305 -3.794 9.914 0.305 0 10.658 1.172 -4.414 7.391 0 -3.062
5 24 7.391 0 -3.062 8 0 0 9.159 0.305 -3.794 5.543 0 -2.296
