0 ~Minifig Head with Yellow Eyes, Sand Blue Eye Shadow, Bright Light Orange Beak and Wide Eyes/Narrow Eyes 2-Sided Pattern - Half
0 Name: s\3626cp0us01.dat
0 Author: Evert-Jan Boer [ejboer]
0 !LDRAW_ORG Unofficial_Subpart
0 !LICENSE Licensed under CC BY 4.0 : see CAreadme.txt

0 BFC CERTIFY CCW

4 0 -10.7219 6.85 -6.9035 -10.9769 6.45 -6.522 -10.9485 7.1 -6.5645 -10.7219 7.7 -6.9035
4 0 -10.4387 7.1 -7.3273 -10.7219 6.85 -6.9035 -10.7219 7.7 -6.9035 -10.382 8.15 -7.4121
4 0 -10.1838 7.25 -7.7087 -10.4387 7.1 -7.3273 -10.382 8.15 -7.4121 -10.0705 8.45 -7.8782
4 0 -9.9005 7.25 -8.1326 -10.1838 7.25 -7.7087 -10.0705 8.45 -7.8782 -9.6739 8.05 -8.4717
4 0 -9.419 6.4 -8.8531 -9.9005 7.25 -8.1326 -9.6739 8.05 -8.4717 -9.3057 7.65 -9.0226
4 0 -9.3057 7.65 -9.0226 -9.1923 7.6214 -9.1923 -9.1923 6.4 -9.1923 -9.419 6.4 -8.8531
4 0 -9.9572 5.65 -8.0478 -10.2121 5.35 -7.6664 -10.2121 5.9 -7.6664 -10.0988 6.65 -7.8359
4 0 -9.7589 5.95 -8.3445 -9.9572 5.65 -8.0478 -10.0988 6.65 -7.8359 -9.9005 7.25 -8.1326
3 0 -9.7589 5.95 -8.3445 -9.9005 7.25 -8.1326 -9.5606 6.3 -8.6412
3 0 -9.5606 6.3 -8.6412 -9.9005 7.25 -8.1326 -9.419 6.4 -8.8531
4 0 -9.3623 9.55 -8.9379 -9.2774 10 -9.065 -9.1923 10.21 -9.1923 -9.1923 8.2429 -9.1923
4 0 -9.334 10.45 -8.9803 -9.5889 10.4 -8.5989 -9.419 10.7 -8.8531 -9.1923 10.9667 -9.1923
3 0 -9.1923 10.3786 -9.1923 -9.334 10.45 -8.9803 -9.1923 10.9667 -9.1923
3 0 -9.1923 8.2429 -9.1923 -9.3623 8.9 -8.9379 -9.3623 9.55 -8.9379
4 0 -10.5812 4.2 -7.1141 -11.1155 4.5 -6.3146 -10.4465 4.4 -7.3156 -9.668 4 -8.4805
4 0 -9.668 4 -8.4805 -10.4465 4.4 -7.3156 -9.625 4.4 -8.5448 -9.1923 4 -9.1923
3 0 -9.1923 4 -9.1923 -9.625 4.4 -8.5448 -9.1923 4.4831 -9.1923
3 0 -9.0228 11.1 -9.3056 -9.1923 10.3786 -9.1923 -9.1923 10.9667 -9.1923
3 0 -9.0165 4 -9.3098 -9.1923 4 -9.1923 -9.1923 4.4831 -9.1923
4 0 -5.55 13.8 -11.6265 -4.9751 13.3529 -12.0107 -5.95 13.4 -11.3592 -6.55 13.8 -10.9582
4 0 -6.2 14.2 -11.1921 -5.55 13.8 -11.6265 -6.55 13.8 -10.9582 -6.95 14.25 -10.6909
4 0 -6.4 14.45 -11.0584 -6.2 14.2 -11.1921 -6.95 14.25 -10.6909 -7.1 14.6 -10.5906
4 0 -6.55 14.8 -10.9582 -6.4 14.45 -11.0584 -7.1 14.6 -10.5906 -7.1 15 -10.5906
4 0 -6.55 14.8 -10.9582 -7.1 15 -10.5906 -6.75 15.4 -10.8245 -6.15 14.85 -11.2255
4 0 -5.55 15.45 -11.6265 -6.15 14.85 -11.2255 -6.75 15.4 -10.8245 -5.75 16.1 -11.4928
4 0 -5.1 15.8 -11.9272 -5.55 15.45 -11.6265 -5.75 16.1 -11.4928 -4.9751 16.5262 -12.0107
3 0 -5.1 15.8 -11.9272 -4.9751 16.5262 -12.0107 -4.9751 15.8729 -12.0107
4 0 -6.15 14.85 -11.2255 -5.55 15.45 -11.6265 -4.9751 15.5458 -12.0107 -4.9751 14.944 -12.0107
4 0 -7.2653 6.85 -10.4801 -7.6 7.654 -10.2565 -7.0138 7.7755 -10.6482 -6.55 7.15 -10.9582
4 0 -5.95 7.5 -11.3592 -6.55 7.15 -10.9582 -7.0138 7.7755 -10.6482 -6.5167 8.1215 -10.9804
4 0 -5.55 7.9 -11.6265 -5.95 7.5 -11.3592 -6.5167 8.1215 -10.9804 -6.1846 8.6392 -11.2024
4 0 -5.55 7.9 -11.6265 -6.1846 8.6392 -11.2024 -4.9751 8.7897 -12.0107 -5.15 8.3 -11.8938
4 0 -7.6 10.846 -10.2565 -7.8001 11.45 -10.1227 -7.2 11.5 -10.5238 -7.0138 10.7245 -10.6482
4 0 -7.0138 10.7245 -10.6482 -7.2 11.5 -10.5238 -6.45 11.35 -11.025 -6.5167 10.3785 -10.9804
4 0 -6.5167 10.3785 -10.9804 -6.45 11.35 -11.025 -5.85 11.05 -11.426 -6.1846 9.8608 -11.2024
4 0 -6.1846 9.8608 -11.2024 -5.85 11.05 -11.426 -5.35 10.65 -11.7602 -5.05 10.2 -11.9606
4 0 -6.1846 9.8608 -11.2024 -5.05 10.2 -11.9606 -4.9751 9.9503 -12.0107 -6.068 9.25 -11.2803
4 0 -9.1923 6.4 -9.1923 -9.1923 7.6214 -9.1923 -9.0652 7.6 -9.2772 -8.8533 6.25 -9.4189
4 0 -8.5142 6.6 -9.6455 -8.8533 6.25 -9.4189 -9.0652 7.6 -9.2772 -8.8957 7.7 -9.3905
4 0 -8.8533 6.25 -9.4189 -8.5142 6.6 -9.6455 -8.2175 6.3 -9.8438 -8.4294 6.1 -9.7022
4 0 -8.1327 6.05 -9.9004 -8.4294 6.1 -9.7022 -8.2175 6.3 -9.8438 -7.7513 6.1 -10.1553
4 0 -8.5142 6.6 -9.6455 -8.8957 7.7 -9.3905 -8.1016 7.7755 -9.9212 -7.7937 6.7 -10.127
4 0 -7.7937 6.7 -10.127 -8.1016 7.7755 -9.9212 -7.6 7.654 -10.2565 -7.2653 6.85 -10.4801
4 0 -8.1016 7.7755 -9.9212 -8.8957 7.7 -9.3905 -8.9381 7.9 -9.3622 -8.5138 8.1215 -9.6457
4 0 -8.9381 7.9 -9.3622 -9.1923 8.2429 -9.1923 -8.8035 8.6392 -9.4521 -8.5138 8.1215 -9.6457
4 0 -8.8035 9.8608 -9.4521 -9.1923 10.21 -9.1923 -9.1076 10.35 -9.2489 -8.5138 10.3785 -9.6457
4 0 -9.0228 11.1 -9.3056 -8.5138 10.3785 -9.6457 -9.1076 10.35 -9.2489 -9.1923 10.3786 -9.1923
4 0 -8.1016 10.7245 -9.9212 -8.5138 10.3785 -9.6457 -9.0228 11.1 -9.3056 -8.4718 11.35 -9.6738
4 0 -7.6 10.846 -10.2565 -8.1016 10.7245 -9.9212 -8.4718 11.35 -9.6738 -7.8001 11.45 -10.1227
4 0 -6.0558 5.3 -11.2885 -6.8612 5.6 -10.7502 -5.9287 6.35 -11.3734 -4.9751 6.1084 -12.0107
3 0 -4.9751 12.5751 -12.0107 -5.95 13.4 -11.3592 -4.9751 13.3529 -12.0107
4 0 -4.9751 8.7897 -12.0107 -6.1846 8.6392 -11.2024 -6.068 9.25 -11.2803 -4.9751 9.9503 -12.0107
3 0 -4.9751 6.1084 -12.0107 -5.9287 6.35 -11.3734 -4.9751 7.3773 -12.0107
4 0 -9.1923 8.2429 -9.1923 -9.1923 10.21 -9.1923 -8.9202 9.25 -9.3741 -8.8035 8.6392 -9.4521
3 0 -8.9202 9.25 -9.3741 -9.1923 10.21 -9.1923 -8.8035 9.8608 -9.4521
4 0 -7.0539 4.65 -10.6214 -8.0432 4.25 -9.9603 -7.9032 4.9 -10.0538 -6.8612 5.6 -10.7502
3 0 -7.0539 4.65 -10.6214 -6.8612 5.6 -10.7502 -6.0558 5.3 -11.2885
4 0 -8.0432 4.25 -9.9603 -9.0165 4 -9.3098 -9.1923 4.4831 -9.1923 -7.9032 4.9 -10.0538
3 0 -4.65 13.1 -12.0754 -4.9751 12.5751 -12.0107 -4.9751 13.3529 -12.0107
3 0 -4.2377 6.65 -12.1573 -4.9751 6.1084 -12.0107 -4.9751 7.3773 -12.0107
4 0 -4.4 12 -12.1251 -4.9751 12.5751 -12.0107 -4.65 13.1 -12.0754 -3.9 12.3 -12.2245
4 0 -4.05 11.5 -12.1947 -4.4 12 -12.1251 -3.9 12.3 -12.2245 -3.4 11.6 -12.3239
4 0 -3.7 10.8 -12.2643 -4.05 11.5 -12.1947 -3.4 11.6 -12.3239 -3.15 10.95 -12.3736
4 0 -3.4 10 -12.3239 -3.7 10.8 -12.2643 -3.15 10.95 -12.3736 -2.85 10.2 -12.4333
4 0 -2.95 9.2 -12.4134 -3.4 10 -12.3239 -2.85 10.2 -12.4333 -2.45 9.55 -12.5128
4 0 -2.35 8.65 -12.5327 -2.95 9.2 -12.4134 -2.45 9.55 -12.5128 -1.95 9.15 -12.6122
4 0 -1.5499 8.2 -12.6918 -2.35 8.65 -12.5327 -1.95 9.15 -12.6122 -1.2999 8.75 -12.7415
4 0 -.7499 7.9 -12.8509 -1.5499 8.2 -12.6918 -1.2999 8.75 -12.7415 -.6499 8.5 -12.8708
4 0 0 7.85 -13 -.7499 7.9 -12.8509 -.6499 8.5 -12.8708 .0001 8.4 -13
4 0 -2.25 12.1 -12.5526 -1.4499 12.55 -12.7117 -1.7499 11.85 -12.652 -1.95 11.55 -12.6122
4 0 -2.6 11.85 -12.483 -2.25 12.1 -12.5526 -1.95 11.55 -12.6122 -2.65 11.65 -12.4731
4 0 -2.65 11.65 -12.4731 -1.95 11.55 -12.6122 -2.25 11.4 -12.5526 -2.55 11.45 -12.4929
4 0 -3.75 15.4 -12.2543 -4.35 15.1 -12.135 -4.45 15.8 -12.1151 -4 16.1 -12.2046
4 0 -3.15 15.85 -12.3736 -3.75 15.4 -12.2543 -4 16.1 -12.2046 -3.6 16.45 -12.2841
3 0 -4.2377 6.65 -12.1573 -4.9751 7.3773 -12.0107 -4.9455 7.4 -12.0166
4 0 -4.35 15.1 -12.135 -4.9751 14.944 -12.0107 -4.9751 15.5458 -12.0107 -4.45 15.8 -12.1151
4 0 -4.9751 8.7897 -12.0107 -4.9751 9.9503 -12.0107 -4.9 9.7 -12.0256 -4.9 9 -12.0256
4 0 -4.5 16.15 -12.1052 -4.9751 15.8729 -12.0107 -4.9751 16.5262 -12.0107 -4.0931 17 -12.1861
3 0 -4.5 16.15 -12.1052 -4.0931 17 -12.1861 -4.05 16.35 -12.1947
4 0 -3.6 16.45 -12.2841 -4.05 16.35 -12.1947 -4.0931 17 -12.1861 -2.0409 17 -12.5942
4 0 -3.6 16.45 -12.2841 -2.0409 17 -12.5942 -2.45 16.55 -12.5128 -3.15 15.85 -12.3736
4 0 -.6501 19.05 -12.0562 0 19.1 -12.1437 0 18.5309 -12.6192 -1.2001 18.8 -12.1558
3 0 0 18.5309 -12.6192 -1.546 18.5309 -12.3119 -1.2001 18.8 -12.1558
4 0 0 18.5309 -12.6192 0 18.45 -12.6393 -.4 18.45 -12.5598 -1.546 18.5309 -12.3119
4 0 -2.0409 17 -12.5942 -4.0931 17 -12.1861 -3.05 17.5 -12.2691 -2.15 17.85 -12.361
4 0 -1.3999 17.75 -12.5351 -2.0409 17 -12.5942 -2.15 17.85 -12.361 -1.546 18.5309 -12.3119
3 0 -1.3999 17.75 -12.5351 -1.546 18.5309 -12.3119 -1.1 18.15 -12.4952
3 0 -1.1 18.15 -12.4952 -1.546 18.5309 -12.3119 -.8 18.35 -12.5051
3 0 -.8 18.35 -12.5051 -1.546 18.5309 -12.3119 -.4 18.45 -12.5598
4 14 -2.45 9.55 -12.5128 -2.85 10.2 -12.4333 -2.2 10.45 -12.5625 -1.95 9.15 -12.6122
4 14 -1.95 9.15 -12.6122 -2.2 10.45 -12.5625 -1.6999 10.85 -12.662 -1.2999 8.75 -12.7415
4 14 -.6499 8.5 -12.8708 -1.2999 8.75 -12.7415 -1.6999 10.85 -12.662 .0001 8.4 -13
3 14 .0001 8.4 -13 -1.6999 10.85 -12.662 -1.2999 11.45 -12.7415
3 14 .0001 8.4 -13 -1.2999 11.45 -12.7415 -.9499 12.25 -12.8111
4 14 -.7999 13.25 -12.8409 -.7999 17 -12.8409 0 17 -13 .0001 8.4 -13
3 14 .0001 8.4 -13 -.9499 12.25 -12.8111 -.7999 13.25 -12.8409
4 14 -.7999 17 -12.8409 -.8 18.35 -12.5051 -.4 18.45 -12.5598 0 17 -13
3 14 0 17 -13 -.4 18.45 -12.5598 0 18.45 -12.6393
4 15 -10.637 15.8 -7.0306 -10.637 16.6 -7.0306 -10.2121 16.25 -7.6664 -10.4387 14.95 -7.3273
4 15 -10.4387 14.95 -7.3273 -10.2121 16.25 -7.6664 -9.8439 15.85 -8.2173 -10.0705 14.25 -7.8782
4 15 -10.0705 14.25 -7.8782 -9.8439 15.85 -8.2173 -9.4473 15.3 -8.8107 -9.6173 13.8 -8.5564
3 15 -9.6173 13.8 -8.5564 -9.4473 15.3 -8.8107 -9.4473 14.5 -8.8107
3 15 -9.4473 14.5 -8.8107 -9.4473 15.3 -8.8107 -9.249 15 -9.1075
4 15 -9.1923 15.9923 -9.1923 -9.504 16.5 -8.7259 -9.6565 17 -8.4978 -9.1923 17 -9.1923
4 15 -7.3698 15.9 -10.4103 -7.7089 15.25 -10.1837 -8.0904 15.85 -9.9287 -8.2175 16.65 -9.8438
4 15 -7.2927 8.5465 -10.4618 -7.7872 8.6019 -10.1313 -7.7162 8.8349 -10.1788 -7.5806 9.024 -10.2694
4 15 -7.2927 8.5465 -10.4618 -7.5806 9.024 -10.2694 -7.4013 9.1404 -10.3892 -7.2054 9.1664 -10.5202
4 15 -7.2927 8.5465 -10.4618 -7.2054 9.1664 -10.5202 -7.0228 9.098 -10.6422 -6.8813 8.9457 -10.7368
4 15 -7.2927 8.5465 -10.4618 -6.8813 8.9457 -10.7368 -6.8024 8.7325 -10.7895 -6.7982 8.4911 -10.7923
4 15 -7.2927 8.5465 -10.4618 -6.7982 8.4911 -10.7923 -6.8692 8.2581 -10.7449 -7.0048 8.069 -10.6542
4 15 -7.2927 8.5465 -10.4618 -7.0048 8.069 -10.6542 -7.1841 7.9526 -10.5344 -7.38 7.9266 -10.4035
4 15 -7.2927 8.5465 -10.4618 -7.38 7.9266 -10.4035 -7.5626 7.995 -10.2815 -7.7041 8.1473 -10.1869
4 15 -7.2927 8.5465 -10.4618 -7.7041 8.1473 -10.1869 -7.783 8.3604 -10.1342 -7.7872 8.6019 -10.1313
3 15 -7.3698 15.9 -10.4103 -8.2175 16.65 -9.8438 -6.9883 16.65 -10.6653
4 15 -9.1923 17 -9.1923 -8.8391 17 -9.4283 -8.7685 16.9 -9.4755 -8.9381 16.5 -9.3622
4 15 -9.1923 15.9923 -9.1923 -9.1923 17 -9.1923 -8.9381 16.5 -9.3622 -9.1076 15.9 -9.2489
4 15 -8.2175 16.65 -9.8438 -8.1706 17 -9.8751 -6.734 17 -10.8352 -6.9883 16.65 -10.6653
4 15 -2.0833 5 -12.5857 -2 5.25 -12.6023 -.5999 5.35 -12.8807 -1.15 4.55 -12.7713
4 15 -.5999 5.35 -12.8807 -2 5.25 -12.6023 -1.7999 6.1 -12.6421 -1.2999 6.35 -12.7415
4 15 -.4499 5.95 -12.9105 -.5999 5.35 -12.8807 -1.2999 6.35 -12.7415 -.3999 6.55 -12.9205
4 15 -2.2501 4.5 -12.5526 -2.0833 5 -12.5857 -1.15 4.55 -12.7713 -1.9001 4 -12.6222
4 15 -.6401 4 -12.8727 -.6 4.4 -12.8807 -.2999 4.8 -12.9404 0 4 -13
3 15 0 4 -13 -.2999 4.8 -12.9404 0 5 -13
3 15 -1.9001 4 -12.6222 -2.5001 4 -12.5029 -2.2501 4.5 -12.5526
3 15 -2.7001 3.6 -12.3636 -2.5001 4 -12.5029 -1.9001 4 -12.6222
4 15 -.4586 3.4691 -12.7768 -.6401 4 -12.8727 0 4 -13 0 3 -12.7513
4 15 -9.6565 17 -8.4978 -9.7022 17.15 -8.3635 -9.1923 17.5 -8.9729 -9.1923 17 -9.1923
4 15 -9.1923 17.5 -8.9729 -9.7022 17.15 -8.3635 -9.7022 17.5 -8.21 -9.6495 17.8 -8.1572
3 15 -9.1923 17.5 -8.9729 -9.6495 17.8 -8.1572 -9.374 18.4 -8.3062
3 15 -9.1923 17 -9.1923 -9.1923 17.5 -8.9729 -9.1219 17.4004 -9.1219
4 15 -8.1037 17.5 -9.7732 -7.6354 18.4 -9.8223 -7.1905 17.5 -10.3836 -8.1706 17 -9.8751
3 15 -8.8391 17 -9.4283 -9.1923 17 -9.1923 -9.1219 17.4004 -9.1219
3 15 -6.734 17 -10.8352 -8.1706 17 -9.8751 -7.1905 17.5 -10.3836
4 16 -12.9999 4 -.0005 -12.9999 17 -.0005 -12.0107 17 -4.9751 -12.0107 4 -4.9751
4 16 -10.2121 16.25 -7.6664 -10.637 16.6 -7.0306 -9.6565 17 -8.4978 -9.504 16.5 -8.7259
4 16 -9.8439 15.85 -8.2173 -10.2121 16.25 -7.6664 -9.504 16.5 -8.7259 -9.1923 15.9923 -9.1923
3 16 -9.4473 15.3 -8.8107 -9.8439 15.85 -8.2173 -9.1923 15.9923 -9.1923
3 16 -10.637 15.8 -7.0306 -12.0107 17 -4.9751 -10.637 16.6 -7.0306
4 16 -12.0107 17 -4.9751 -10.637 15.8 -7.0306 -10.4387 14.95 -7.3273 -11.0618 10.35 -6.3949
4 16 -11.0618 10.35 -6.3949 -10.4387 14.95 -7.3273 -10.0705 14.25 -7.8782 -10.6086 10.25 -7.0731
4 16 -10.6086 10.25 -7.0731 -10.0705 14.25 -7.8782 -9.6173 13.8 -8.5564 -10.0988 10.3 -7.8359
4 16 -10.0988 10.3 -7.8359 -9.6173 13.8 -8.5564 -9.419 10.7 -8.8531 -9.5889 10.4 -8.5989
4 16 -9.1923 10.9667 -9.1923 -9.419 10.7 -8.8531 -9.6173 13.8 -8.5564 -9.4473 14.5 -8.8107
3 16 -9.1923 10.9667 -9.1923 -9.4473 14.5 -8.8107 -9.249 15 -9.1075
4 16 -10.7219 7.7 -6.9035 -10.9485 7.1 -6.5645 -11.1468 10.15 -6.2678 -10.8069 9.9 -6.7764
4 16 -10.382 8.15 -7.4121 -10.7219 7.7 -6.9035 -10.8069 9.9 -6.7764 -10.2971 9.75 -7.5392
4 16 -10.0705 8.45 -7.8782 -10.382 8.15 -7.4121 -10.2971 9.75 -7.5392 -9.7306 9.8 -8.3868
4 16 -10.0705 8.45 -7.8782 -9.7306 9.8 -8.3868 -9.3623 8.9 -8.9379 -9.6739 8.05 -8.4717
4 16 -9.1923 8.2429 -9.1923 -9.1923 7.6214 -9.1923 -9.3057 7.65 -9.0226 -9.3623 8.9 -8.9379
3 16 -9.3623 8.9 -8.9379 -9.7306 9.8 -8.3868 -9.3623 9.55 -8.9379
3 16 -9.3623 9.55 -8.9379 -9.7306 9.8 -8.3868 -9.2774 10 -9.065
3 16 -11.1468 10.15 -6.2678 -12.0107 17 -4.9751 -11.0618 10.35 -6.3949
3 16 -9.249 15 -9.1075 -9.4473 15.3 -8.8107 -9.1923 15.9923 -9.1923
3 16 -9.1923 10.9667 -9.1923 -9.249 15 -9.1075 -9.1923 15.9923 -9.1923
3 16 -9.3057 7.65 -9.0226 -9.6739 8.05 -8.4717 -9.3623 8.9 -8.9379
4 16 -12.0107 4 -4.9751 -12.0107 17 -4.9751 -11.1468 10.15 -6.2678 -10.9485 7.1 -6.5645
4 16 -12.0107 4 -4.9751 -10.9485 7.1 -6.5645 -10.9769 6.45 -6.522 -11.0902 5.95 -6.3525
3 16 -12.0107 4 -4.9751 -11.0902 5.95 -6.3525 -11.1751 5.3 -6.2254
3 16 -12.0107 4 -4.9751 -11.1751 5.3 -6.2254 -11.1858 5 -6.2094
3 16 -12.0107 4 -4.9751 -11.1858 5 -6.2094 -11.1155 4.5 -6.3146
3 16 -12.0107 4 -4.9751 -11.1155 4.5 -6.3146 -10.5812 4.2 -7.1141
3 16 -12.0107 4 -4.9751 -10.5812 4.2 -7.1141 -9.668 4 -8.4805
3 16 -10.637 16.6 -7.0306 -12.0107 17 -4.9751 -9.6565 17 -8.4978
3 16 -9.1076 15.9 -9.2489 -9.1923 10.9667 -9.1923 -9.1923 15.9923 -9.1923
4 16 -9.0652 7.6 -9.2772 -9.1923 7.6214 -9.1923 -9.1923 8.2429 -9.1923 -8.9381 7.9 -9.3622
4 16 -6.734 17 -10.8352 -4.9751 17 -12.0107 -4.9751 16.5262 -12.0107 -6.9883 16.65 -10.6653
4 16 -6.75 15.4 -10.8245 -7.7089 15.25 -10.1837 -7.3698 15.9 -10.4103 -5.75 16.1 -11.4928
4 16 -5.75 16.1 -11.4928 -7.3698 15.9 -10.4103 -6.9883 16.65 -10.6653 -4.9751 16.5262 -12.0107
4 16 -8.2175 16.65 -9.8438 -8.7685 16.9 -9.4755 -8.8391 17 -9.4283 -8.1706 17 -9.8751
4 16 -8.9381 16.5 -9.3622 -8.7685 16.9 -9.4755 -8.2175 16.65 -9.8438 -8.0904 15.85 -9.9287
4 16 -9.1076 15.9 -9.2489 -8.9381 16.5 -9.3622 -8.0904 15.85 -9.9287 -7.7089 15.25 -10.1837
4 16 -8.4718 11.35 -9.6738 -9.0228 11.1 -9.3056 -7.7089 15.25 -10.1837 -7.1 15 -10.5906
4 16 -8.4718 11.35 -9.6738 -7.1 15 -10.5906 -7.1 14.6 -10.5906 -7.8001 11.45 -10.1227
3 16 -7.1 15 -10.5906 -7.7089 15.25 -10.1837 -6.75 15.4 -10.8245
4 16 -7.8001 11.45 -10.1227 -7.1 14.6 -10.5906 -6.95 14.25 -10.6909 -7.2 11.5 -10.5238
4 16 -7.2 11.5 -10.5238 -6.95 14.25 -10.6909 -6.55 13.8 -10.9582 -6.45 11.35 -11.025
4 16 -6.45 11.35 -11.025 -6.55 13.8 -10.9582 -5.95 13.4 -11.3592 -5.85 11.05 -11.426
3 16 -5.05 10.2 -11.9606 -5.35 10.65 -11.7602 -4.9751 12.5751 -12.0107
3 16 -9.0652 7.6 -9.2772 -8.9381 7.9 -9.3622 -8.8957 7.7 -9.3905
4 16 -9.0228 11.1 -9.3056 -9.1923 10.9667 -9.1923 -9.1076 15.9 -9.2489 -7.7089 15.25 -10.1837
3 16 -4.9751 9.9503 -12.0107 -5.05 10.2 -11.9606 -4.9751 12.5751 -12.0107
4 16 -4.9751 12.5751 -12.0107 -5.35 10.65 -11.7602 -5.85 11.05 -11.426 -5.95 13.4 -11.3592
4 16 -4.9751 7.456 -12.0107 -5.1234 7.85 -11.9116 -5.15 8.3 -11.8938 -4.9751 8.7897 -12.0107
3 16 -9.0165 4 -9.3098 -8.0432 4.25 -9.9603 -4.9751 4 -12.0107
3 16 -4.9751 4 -12.0107 -8.0432 4.25 -9.9603 -7.0539 4.65 -10.6214
3 16 -4.9751 4 -12.0107 -7.0539 4.65 -10.6214 -6.0558 5.3 -11.2885
3 16 -4.9751 4 -12.0107 -6.0558 5.3 -11.2885 -4.9751 6.1084 -12.0107
3 16 -4.4 12 -12.1251 -4.9751 9.9503 -12.0107 -4.9751 12.5751 -12.0107
3 16 -2.0833 5 -12.5857 -4.9751 4 -12.0107 -4.9751 6.1084 -12.0107
4 16 -.5999 5.35 -12.8807 -.4499 5.95 -12.9105 0 5 -13 -.2999 4.8 -12.9404
4 16 0 5 -13 -.4499 5.95 -12.9105 -.3999 6.55 -12.9205 0 7.85 -13
4 16 -4.9751 9.9503 -12.0107 -4.4 12 -12.1251 -4.05 11.5 -12.1947 -4.9 9.7 -12.0256
4 16 -4.9 9 -12.0256 -4.9 9.7 -12.0256 -3.4 10 -12.3239 -2.95 9.2 -12.4134
4 16 -4.9751 8.7897 -12.0107 -4.9 9 -12.0256 -2.95 9.2 -12.4134 -2.35 8.65 -12.5327
4 16 -4.2377 6.65 -12.1573 -4.9455 7.4 -12.0166 -2.35 8.65 -12.5327 -1.5499 8.2 -12.6918
4 16 -1.2999 6.35 -12.7415 -1.7999 6.1 -12.6421 -1.5499 8.2 -12.6918 -.7499 7.9 -12.8509
4 16 -.3999 6.55 -12.9205 -1.2999 6.35 -12.7415 -.7499 7.9 -12.8509 0 7.85 -13
4 16 -2 5.25 -12.6023 -4.9751 6.1084 -12.0107 -4.2377 6.65 -12.1573 -1.7999 6.1 -12.6421
3 16 -1.7999 6.1 -12.6421 -4.2377 6.65 -12.1573 -1.5499 8.2 -12.6918
3 16 -4.0931 17 -12.1861 -4.9751 16.5262 -12.0107 -4.9751 17 -12.0107
4 16 -4.9751 7.456 -12.0107 -4.9751 8.7897 -12.0107 -2.35 8.65 -12.5327 -4.9455 7.4 -12.0166
4 16 -4.9 9.7 -12.0256 -4.05 11.5 -12.1947 -3.7 10.8 -12.2643 -3.4 10 -12.3239
3 16 -2.0833 5 -12.5857 -4.9751 6.1084 -12.0107 -2 5.25 -12.6023
4 16 -2.2501 4.5 -12.5526 -2.5001 4 -12.5029 -4.9751 4 -12.0107 -2.0833 5 -12.5857
4 16 -1.15 4.55 -12.7713 -.5999 5.35 -12.8807 -.2999 4.8 -12.9404 -.6 4.4 -12.8807
4 16 -.6401 4 -12.8727 -1.9001 4 -12.6222 -1.15 4.55 -12.7713 -.6 4.4 -12.8807
4 16 0 0 -8 -3.0616 0 -7.3912 -3.7936 .3046 -9.159 0 .3046 -9.9134
4 16 0 .3046 -9.9134 -3.7936 .3046 -9.159 -4.4144 1.1718 -10.6575 0 1.1718 -11.5352
4 16 0 1.1718 -11.5352 -4.4144 1.1718 -10.6575 -4.8296 2.4691 -11.6592 0 2.4691 -12.6192
4 16 -5.6568 0 -5.6568 -7.0096 .3046 -7.0094 -3.7936 .3046 -9.159 -3.0616 0 -7.3912
4 16 -7.0096 .3046 -7.0094 -8.1568 1.1718 -8.1567 -4.4144 1.1718 -10.6575 -3.7936 .3046 -9.159
4 16 -8.1568 1.1718 -8.1567 -8.9231 2.4691 -8.9233 -4.8296 2.4691 -11.6592 -4.4144 1.1718 -10.6575
4 16 -7.3912 0 -3.0616 -9.1592 .3046 -3.793 -7.0096 .3046 -7.0094 -5.6568 0 -5.6568
4 16 -9.1592 .3046 -3.793 -10.6576 1.1718 -4.4142 -8.1568 1.1718 -8.1567 -7.0096 .3046 -7.0094
4 16 -10.6576 1.1718 -4.4142 -11.6592 2.4691 -4.8296 -8.9231 2.4691 -8.9233 -8.1568 1.1718 -8.1567
4 16 -8 0 0 -9.9136 .3046 .0008 -9.1592 .3046 -3.793 -7.3912 0 -3.0616
4 16 -9.9136 .3046 .0008 -11.5352 1.1718 .0003 -10.6576 1.1718 -4.4142 -9.1592 .3046 -3.793
4 16 -11.5352 1.1718 .0003 -12.6193 2.4691 .0006 -11.6592 2.4691 -4.8296 -10.6576 1.1718 -4.4142
4 16 -9.1592 20.6954 -3.7936 -9.9136 20.6954 0 -8 21 0 -7.3912 21 -3.0616
4 16 -10.6576 19.8282 -4.4144 -11.5352 19.8282 0 -9.9136 20.6954 0 -9.1592 20.6954 -3.7936
4 16 -11.6592 18.5309 -4.8296 -12.6193 18.5309 .0005 -11.5352 19.8282 0 -10.6576 19.8282 -4.4144
4 16 -7.0096 20.6954 -7.0096 -9.1592 20.6954 -3.7936 -7.3912 21 -3.0616 -5.6568 21 -5.6568
4 16 -8.1568 19.8282 -8.1568 -10.6576 19.8282 -4.4144 -9.1592 20.6954 -3.7936 -7.0096 20.6954 -7.0096
4 16 -8.9231 18.5309 -8.9233 -11.6592 18.5309 -4.8296 -10.6576 19.8282 -4.4144 -8.1568 19.8282 -8.1568
4 16 -3.7936 20.6954 -9.1592 -7.0096 20.6954 -7.0096 -5.6568 21 -5.6568 -3.0616 21 -7.3912
4 16 -4.4144 19.8282 -10.6576 -8.1568 19.8282 -8.1568 -7.0096 20.6954 -7.0096 -3.7936 20.6954 -9.1592
4 16 -4.8296 18.5309 -11.6592 -8.9231 18.5309 -8.9233 -8.1568 19.8282 -8.1568 -4.4144 19.8282 -10.6576
4 16 0 20.6954 -9.9136 -3.7936 20.6954 -9.1592 -3.0616 21 -7.3912 0 21 -8
4 16 0 19.8282 -11.5352 -4.4144 19.8282 -10.6576 -3.7936 20.6954 -9.1592 0 20.6954 -9.9136
4 16 -1.546 18.5309 -12.3119 -4.8296 18.5309 -11.6592 -4.4144 19.8282 -10.6576 -1.2001 18.8 -12.1558
4 16 0 19.8282 -11.5352 0 19.1 -12.1437 -.6501 19.05 -12.0562 -4.4144 19.8282 -10.6576
3 16 -1.2001 18.8 -12.1558 -4.4144 19.8282 -10.6576 -.6501 19.05 -12.0562
4 16 -12.9999 4 -.0005 -12.0107 4 -4.9751 -11.6592 2.4691 -4.8296 -12.6193 2.4691 .0006
3 16 -11.6592 2.4691 -4.8296 -12.0107 4 -4.9751 -9.668 4 -8.4805
4 16 -8.9231 2.4691 -8.9233 -11.6592 2.4691 -4.8296 -9.668 4 -8.4805 -9.1923 4 -9.1923
3 16 -4.8296 2.4691 -11.6592 -9.0165 4 -9.3098 -4.9751 4 -12.0107
4 16 -8.9231 2.4691 -8.9233 -9.1923 4 -9.1923 -9.0165 4 -9.3098 -4.8296 2.4691 -11.6592
4 16 -4.8296 2.4691 -11.6592 -2.7001 3.6 -12.3636 -.4586 3.4691 -12.7768 0 3 -12.7513
4 16 -2.7001 3.6 -12.3636 -4.8296 2.4691 -11.6592 -4.9751 4 -12.0107 -2.5001 4 -12.5029
3 16 -4.8296 2.4691 -11.6592 0 3 -12.7513 0 2.4691 -12.6192
4 16 -.4586 3.4691 -12.7768 -2.7001 3.6 -12.3636 -1.9001 4 -12.6222 -.6401 4 -12.8727
4 16 -12.0107 17 -4.9751 -12.9999 17 -.0005 -12.6193 18.5309 .0005 -11.6592 18.5309 -4.8296
3 16 -12.0107 17 -4.9751 -9.7022 17.5 -8.21 -9.7022 17.15 -8.3635
4 16 -12.0107 17 -4.9751 -11.6592 18.5309 -4.8296 -9.6495 17.8 -8.1572 -9.7022 17.5 -8.21
3 16 -9.6495 17.8 -8.1572 -11.6592 18.5309 -4.8296 -9.374 18.4 -8.3062
3 16 -9.374 18.4 -8.3062 -11.6592 18.5309 -4.8296 -8.9231 18.5309 -8.9233
4 16 -9.1923 17.5 -8.9729 -9.374 18.4 -8.3062 -8.9231 18.5309 -8.9233 -9.1219 17.4004 -9.1219
3 16 -12.0107 17 -4.9751 -9.7022 17.15 -8.3635 -9.6565 17 -8.4978
4 16 -4.9751 17 -12.0107 -6.734 17 -10.8352 -7.1905 17.5 -10.3836 -7.6354 18.4 -9.8223
4 16 -8.8391 17 -9.4283 -9.1219 17.4004 -9.1219 -8.1037 17.5 -9.7732 -8.1706 17 -9.8751
3 16 -7.6354 18.4 -9.8223 -8.9231 18.5309 -8.9233 -4.8296 18.5309 -11.6592
3 16 -4.9751 17 -12.0107 -7.6354 18.4 -9.8223 -4.8296 18.5309 -11.6592
4 16 -8.1037 17.5 -9.7732 -9.1219 17.4004 -9.1219 -8.9231 18.5309 -8.9233 -7.6354 18.4 -9.8223
3 16 -4.8296 18.5309 -11.6592 -4.0931 17 -12.1861 -4.9751 17 -12.0107
3 16 -4.0931 17 -12.1861 -4.8296 18.5309 -11.6592 -3.05 17.5 -12.2691
4 16 -2.15 17.85 -12.361 -3.05 17.5 -12.2691 -4.8296 18.5309 -11.6592 -1.546 18.5309 -12.3119
4 191 -6.4 14.45 -11.0584 -6.55 14.8 -10.9582 -6.15 14.85 -11.2255 -6.2 14.2 -11.1921
4 191 -6.2 14.2 -11.1921 -6.15 14.85 -11.2255 -4.9751 14.944 -12.0107 -5.55 13.8 -11.6265
4 191 -4.9751 15.5458 -12.0107 -5.55 15.45 -11.6265 -5.1 15.8 -11.9272 -4.9751 15.8729 -12.0107
3 191 -4.9751 13.3529 -12.0107 -5.55 13.8 -11.6265 -4.9751 14.944 -12.0107
3 191 -4.35 15.1 -12.135 -4.9751 13.3529 -12.0107 -4.9751 14.944 -12.0107
4 191 -4 16.1 -12.2046 -4.9751 15.8729 -12.0107 -4.5 16.15 -12.1052 -4.05 16.35 -12.1947
3 191 -4 16.1 -12.2046 -4.05 16.35 -12.1947 -3.6 16.45 -12.2841
4 191 -3.9 12.3 -12.2245 -4.65 13.1 -12.0754 -4.35 15.1 -12.135 -3.75 15.4 -12.2543
4 191 -3.4 11.6 -12.3239 -3.9 12.3 -12.2245 -3.75 15.4 -12.2543 -2.6 11.85 -12.483
4 191 -2.25 12.1 -12.5526 -2.6 11.85 -12.483 -3.75 15.4 -12.2543 -3.15 15.85 -12.3736
4 191 -1.4499 12.55 -12.7117 -2.25 12.1 -12.5526 -3.15 15.85 -12.3736 -2.45 16.55 -12.5128
4 191 -3.4 11.6 -12.3239 -2.6 11.85 -12.483 -2.65 11.65 -12.4731 -3.15 10.95 -12.3736
4 191 -3.15 10.95 -12.3736 -2.65 11.65 -12.4731 -2.55 11.45 -12.4929 -2.85 10.2 -12.4333
4 191 -2.2 10.45 -12.5625 -2.85 10.2 -12.4333 -2.55 11.45 -12.4929 -2.25 11.4 -12.5526
4 191 -1.6999 10.85 -12.662 -2.2 10.45 -12.5625 -2.25 11.4 -12.5526 -1.95 11.55 -12.6122
4 191 -1.2999 11.45 -12.7415 -1.6999 10.85 -12.662 -1.95 11.55 -12.6122 -1.7499 11.85 -12.652
4 191 -1.2999 11.45 -12.7415 -1.7499 11.85 -12.652 -1.4499 12.55 -12.7117 -.9499 12.25 -12.8111
4 191 -.7999 13.25 -12.8409 -.9499 12.25 -12.8111 -1.4499 12.55 -12.7117 -.7999 17 -12.8409
4 191 -4.45 15.8 -12.1151 -4.9751 15.5458 -12.0107 -4.9751 15.8729 -12.0107 -4 16.1 -12.2046
3 191 -4.65 13.1 -12.0754 -4.9751 13.3529 -12.0107 -4.35 15.1 -12.135
3 191 -1.4499 12.55 -12.7117 -2.0409 17 -12.5942 -.7999 17 -12.8409
3 191 -1.4499 12.55 -12.7117 -2.45 16.55 -12.5128 -2.0409 17 -12.5942
3 191 -2.0409 17 -12.5942 -1.3999 17.75 -12.5351 -.7999 17 -12.8409
4 191 -.7999 17 -12.8409 -1.3999 17.75 -12.5351 -1.1 18.15 -12.4952 -.8 18.35 -12.5051
3 14 -7.6 7.654 -10.2565 -7.5626 7.995 -10.2815 -7.38 7.9266 -10.4035
4 14 -7.6 7.654 -10.2565 -7.38 7.9266 -10.4035 -7.1841 7.9526 -10.5344 -7.0138 7.7755 -10.6482
3 14 -7.0138 7.7755 -10.6482 -7.1841 7.9526 -10.5344 -7.0048 8.069 -10.6542
4 14 -7.0138 7.7755 -10.6482 -7.0048 8.069 -10.6542 -6.8692 8.2581 -10.7449 -6.5167 8.1215 -10.9804
4 14 -6.5167 8.1215 -10.9804 -6.8692 8.2581 -10.7449 -6.7982 8.4911 -10.7923 -6.1846 8.6392 -11.2024
4 14 -6.1846 8.6392 -11.2024 -6.7982 8.4911 -10.7923 -6.8024 8.7325 -10.7895 -6.5645 9.05 -10.9485
3 14 -6.8024 8.7325 -10.7895 -6.8813 8.9457 -10.7368 -6.5645 9.05 -10.9485
4 14 -6.1846 8.6392 -11.2024 -6.5645 9.05 -10.9485 -6.3949 9.25 -11.0618 -6.068 9.25 -11.2803
4 14 -6.068 9.25 -11.2803 -6.3949 9.25 -11.0618 -6.3949 9.55 -11.0618 -6.1846 9.8608 -11.2024
4 14 -6.1846 9.8608 -11.2024 -6.3949 9.55 -11.0618 -6.5221 9.75 -10.9768 -6.5167 10.3785 -10.9804
4 14 -6.5167 10.3785 -10.9804 -6.5221 9.75 -10.9768 -6.734 9.85 -10.8352 -7.0138 10.7245 -10.6482
4 14 -7.0138 10.7245 -10.6482 -6.734 9.85 -10.8352 -7.0307 9.9 -10.6369 -7.6 10.846 -10.2565
4 14 -7.6 10.846 -10.2565 -7.0307 9.9 -10.6369 -7.3274 9.85 -10.4386 -8.1016 10.7245 -9.9212
4 14 -8.1016 10.7245 -9.9212 -7.3274 9.85 -10.4386 -7.497 9.7 -10.3253 -8.5138 10.3785 -9.6457
4 14 -8.8035 9.8608 -9.4521 -8.5138 10.3785 -9.6457 -7.497 9.7 -10.3253 -7.5817 9.4 -10.2687
4 14 -8.9202 9.25 -9.3741 -8.8035 9.8608 -9.4521 -7.5817 9.4 -10.2687 -7.5806 9.024 -10.2694
4 14 -8.9202 9.25 -9.3741 -7.5806 9.024 -10.2694 -7.7162 8.8349 -10.1788 -8.8035 8.6392 -9.4521
4 14 -8.8035 8.6392 -9.4521 -7.7162 8.8349 -10.1788 -7.7872 8.6019 -10.1313 -8.5138 8.1215 -9.6457
4 14 -8.5138 8.1215 -9.6457 -7.7872 8.6019 -10.1313 -7.783 8.3604 -10.1342 -8.1016 7.7755 -9.9212
4 14 -8.1016 7.7755 -9.9212 -7.783 8.3604 -10.1342 -7.7041 8.1473 -10.1869 -7.6 7.654 -10.2565
3 14 -7.6 7.654 -10.2565 -7.7041 8.1473 -10.1869 -7.5626 7.995 -10.2815
4 320 -7.4013 9.1404 -10.3892 -7.5806 9.024 -10.2694 -7.5817 9.4 -10.2687 -7.497 9.7 -10.3253
4 320 -7.2054 9.1664 -10.5202 -7.4013 9.1404 -10.3892 -7.497 9.7 -10.3253 -7.3274 9.85 -10.4386
4 320 -7.2054 9.1664 -10.5202 -7.3274 9.85 -10.4386 -7.0307 9.9 -10.6369 -6.734 9.85 -10.8352
4 320 -7.0228 9.098 -10.6422 -7.2054 9.1664 -10.5202 -6.734 9.85 -10.8352 -6.5221 9.75 -10.9768
4 320 -7.0228 9.098 -10.6422 -6.5221 9.75 -10.9768 -6.3949 9.55 -11.0618 -6.8813 8.9457 -10.7368
4 320 -6.8813 8.9457 -10.7368 -6.3949 9.55 -11.0618 -6.3949 9.25 -11.0618 -6.5645 9.05 -10.9485
4 379 -10.2121 5.35 -7.6664 -11.1858 5 -6.2094 -11.1751 5.3 -6.2254 -11.0902 5.95 -6.3525
4 379 -10.2121 5.9 -7.6664 -10.2121 5.35 -7.6664 -11.0902 5.95 -6.3525 -10.9769 6.45 -6.522
4 379 -10.2121 5.9 -7.6664 -10.9769 6.45 -6.522 -10.7219 6.85 -6.9035 -10.0988 6.65 -7.8359
4 379 -10.0988 6.65 -7.8359 -10.7219 6.85 -6.9035 -10.4387 7.1 -7.3273 -10.1838 7.25 -7.7087
3 379 -10.0988 6.65 -7.8359 -10.1838 7.25 -7.7087 -9.9005 7.25 -8.1326
4 379 -9.7589 5.95 -8.3445 -9.5606 6.3 -8.6412 -9.419 6.4 -8.8531 -9.1923 4.4831 -9.1923
4 379 -10.8069 9.9 -6.7764 -11.1468 10.15 -6.2678 -11.0618 10.35 -6.3949 -10.6086 10.25 -7.0731
4 379 -10.2971 9.75 -7.5392 -10.8069 9.9 -6.7764 -10.6086 10.25 -7.0731 -10.0988 10.3 -7.8359
4 379 -9.7306 9.8 -8.3868 -10.2971 9.75 -7.5392 -10.0988 10.3 -7.8359 -9.5889 10.4 -8.5989
4 379 -9.2774 10 -9.065 -9.7306 9.8 -8.3868 -9.5889 10.4 -8.5989 -9.334 10.45 -8.9803
4 379 -9.2774 10 -9.065 -9.334 10.45 -8.9803 -9.1923 10.3786 -9.1923 -9.1923 10.21 -9.1923
4 379 -10.4465 4.4 -7.3156 -11.1155 4.5 -6.3146 -11.1858 5 -6.2094 -10.2121 5.35 -7.6664
3 379 -9.1923 4.4831 -9.1923 -9.419 6.4 -8.8531 -9.1923 6.4 -9.1923
4 379 -9.625 4.4 -8.5448 -10.4465 4.4 -7.3156 -10.2121 5.35 -7.6664 -9.1923 4.4831 -9.1923
3 379 -9.1923 4.4831 -9.1923 -10.2121 5.35 -7.6664 -9.9572 5.65 -8.0478
3 379 -9.1923 4.4831 -9.1923 -9.9572 5.65 -8.0478 -9.7589 5.95 -8.3445
3 379 -8.8533 6.25 -9.4189 -9.1923 4.4831 -9.1923 -9.1923 6.4 -9.1923
4 379 -8.1327 6.05 -9.9004 -7.7513 6.1 -10.1553 -6.8612 5.6 -10.7502 -7.9032 4.9 -10.0538
4 379 -7.2653 6.85 -10.4801 -6.8612 5.6 -10.7502 -7.7513 6.1 -10.1553 -7.7937 6.7 -10.127
4 379 -7.7937 6.7 -10.127 -7.7513 6.1 -10.1553 -8.2175 6.3 -9.8438 -8.5142 6.6 -9.6455
4 379 -6.8612 5.6 -10.7502 -7.2653 6.85 -10.4801 -6.55 7.15 -10.9582 -5.9287 6.35 -11.3734
4 379 -5.95 7.5 -11.3592 -5.55 7.9 -11.6265 -5.1234 7.85 -11.9116 -4.9751 7.456 -12.0107
3 379 -5.1234 7.85 -11.9116 -5.55 7.9 -11.6265 -5.15 8.3 -11.8938
3 379 -9.1923 10.21 -9.1923 -9.1923 10.3786 -9.1923 -9.1076 10.35 -9.2489
4 379 -5.9287 6.35 -11.3734 -6.55 7.15 -10.9582 -5.95 7.5 -11.3592 -4.9751 7.3773 -12.0107
3 379 -4.9751 7.3773 -12.0107 -5.95 7.5 -11.3592 -4.9751 7.456 -12.0107
4 379 -9.1923 4.4831 -9.1923 -8.8533 6.25 -9.4189 -8.4294 6.1 -9.7022 -7.9032 4.9 -10.0538
3 379 -7.9032 4.9 -10.0538 -8.4294 6.1 -9.7022 -8.1327 6.05 -9.9004
3 379 -4.9455 7.4 -12.0166 -4.9751 7.3773 -12.0107 -4.9751 7.456 -12.0107

4 0 -11.0052 6.9 6.4796 -11.0052 6.45 6.4796 -10.7786 6.85 6.8187 -10.8919 7.45 6.6492
4 0 -10.8919 7.45 6.6492 -10.7786 6.85 6.8187 -10.4953 7.15 7.2426 -10.4953 8.1 7.2426
4 0 -10.4953 8.1 7.2426 -10.4953 7.15 7.2426 -10.1554 7.35 7.7512 -10.0138 8.45 7.9631
4 0 -10.0138 8.45 7.9631 -10.1554 7.35 7.7512 -9.6739 7.35 8.4717 -9.6456 8.2 8.514
4 0 -9.1923 7.7 9.1923 -9.6456 8.2 8.514 -9.6739 7.35 8.4717 -9.1923 6.5 9.1923
4 0 -9.419 6.4 8.8531 -9.1923 6.5 9.1923 -9.6739 7.35 8.4717 -9.9288 6.85 8.0903
4 0 -9.6173 6.2 8.5564 -9.419 6.4 8.8531 -9.9288 6.85 8.0903 -10.0988 6.3 7.8359
4 0 -9.8155 5.9 8.2598 -9.6173 6.2 8.5564 -10.0988 6.3 7.8359 -10.1271 5.8 7.7935
3 0 -10.1271 5.8 7.7935 -10.0705 5.45 7.8782 -9.8155 5.9 8.2598
3 0 -9.5606 10.3 8.6412 -9.1923 10.2 9.1923 -9.1923 10.5 9.1923
3 0 -11.2318 4.5 6.1406 -10.5601 4 7.1456 -10.552 4.3 7.1578
3 0 -10.552 4.3 7.1578 -10.5601 4 7.1456 -9.7589 4.1 8.3445
4 0 -9.7589 4.1 8.3445 -10.5601 4 7.1456 -9.1923 4 9.1923 -9.1923 4.1 9.1923
3 0 -9.1923 10.2 9.1923 -8.9381 10.2 9.3622 -9.1923 10.5 9.1923
4 0 -5.75 16.1 11.4928 -5.55 15.45 11.6265 -5.1 15.8 11.9272 -4.9751 16.5262 12.0107
3 0 -4.9751 16.5262 12.0107 -5.1 15.8 11.9272 -4.9751 15.8729 12.0107
4 0 -5.55 15.45 11.6265 -5.75 16.1 11.4928 -6.5 15.5 10.9916 -6.2 14.5 11.1921
4 0 -5.55 15.45 11.6265 -6.2 14.5 11.1921 -5.6 14.75 11.5931 -4.9751 15.5458 12.0107
3 0 -5.6 14.75 11.5931 -4.9751 14.944 12.0107 -4.9751 15.5458 12.0107
4 0 -6.2 14.5 11.1921 -6.5 15.5 10.9916 -6.95 14.9 10.6909 -6.45 14.35 11.025
4 0 -6.45 14.35 11.025 -6.95 14.9 10.6909 -7.15 14.3 10.5572 -6.6 14.15 10.9248
4 0 -6.6 14.15 10.9248 -7.15 14.3 10.5572 -7.2 13.85 10.5238 -6.65 13.9 10.8914
4 0 -6.65 13.9 10.8914 -7.2 13.85 10.5238 -7.1 13.5 10.5906 -6.55 13.7 10.9582
4 0 -6.55 13.7 10.9582 -7.1 13.5 10.5906 -6.85 13.2 10.7577 -6.35 13.6 11.0918
4 0 -6.35 13.6 11.0918 -6.85 13.2 10.7577 -6.25 13.05 11.1587 -5.85 13.55 11.426
4 0 -5.85 13.55 11.426 -6.25 13.05 11.1587 -5.4 13 11.7267 -4.9751 13.4529 12.0107
3 0 -5.4 13 11.7267 -4.9751 12.8751 12.0107 -4.9751 13.4529 12.0107
4 0 -5.7168 4.2 11.515 -6.9036 4.7 10.7219 -7.836 4.2 10.0987 -6.3102 4 11.1184
4 0 -9.0228 7.65 9.3056 -9.1923 7.7 9.1923 -9.1923 6.5 9.1923 -8.7685 6.4 9.4755
4 0 -9.0228 7.65 9.3056 -8.7685 6.4 9.4755 -8.2175 6.55 9.8438 -8.8109 7.7 9.4472
4 0 -8.2175 6.55 9.8438 -8.7685 6.4 9.4755 -8.3447 6.2 9.7588 -8.048 6.4 9.957
4 0 -8.048 6.4 9.957 -8.3447 6.2 9.7588 -7.9632 6.15 10.0137 -7.6241 6.2 10.2403
4 0 -8.0056 7.9 9.9854 -8.8109 7.7 9.4472 -8.2175 6.55 9.8438 -7.6241 7.75 10.2403
4 0 -7.6241 7.75 10.2403 -8.2175 6.55 9.8438 -7.5817 6.7 10.2687 -6.9459 6.95 10.6936
4 0 -7.1579 7.75 10.5519 -7.6241 7.75 10.2403 -6.9459 6.95 10.6936 -6.3102 7.3 11.1184
4 0 -6.7764 7.9 10.8069 -7.1579 7.75 10.5519 -6.3102 7.3 11.1184 -5.8015 7.65 11.4584
4 0 -6.3102 8.35 11.1184 -6.7764 7.9 10.8069 -5.8015 7.65 11.4584 -5.4624 8.05 11.685
4 0 -6.0558 8.8 11.2885 -6.3102 8.35 11.1184 -5.4624 8.05 11.685 -5.1657 8.55 11.8833
4 0 -5.9711 9.3 11.3451 -6.0558 8.8 11.2885 -5.1657 8.55 11.8833 -5.0386 9.15 11.9683
4 0 -5.9711 9.3 11.3451 -5.0386 9.15 11.9683 -5.0386 9.65 11.9683 -6.0135 9.75 11.3167
4 0 -8.8109 7.7 9.4472 -8.0056 7.9 9.9854 -8.3447 8.2 9.7588 -8.8533 8.1 9.4189
4 0 -8.8533 8.1 9.4189 -8.3447 8.2 9.7588 -8.5566 8.65 9.6171 -8.9381 8.45 9.3622
4 0 -8.9381 8.45 9.3622 -8.5566 8.65 9.6171 -8.6414 9.2 9.5605 -9.0652 8.7 9.2772
4 0 -9.15 9.25 9.2206 -9.0652 8.7 9.2772 -8.6414 9.2 9.5605 -9.1076 9.75 9.2489
4 0 -9.1076 9.75 9.2489 -8.6414 9.2 9.5605 -8.599 9.65 9.5888 -8.9381 10.2 9.3622
4 0 -8.9381 10.2 9.3622 -8.599 9.65 9.5888 -8.4718 10.05 9.6738 -8.599 10.7 9.5888
3 0 -9.1923 10.5 9.1923 -8.9381 10.2 9.3622 -8.599 10.7 9.5888
4 0 -8.599 10.7 9.5888 -8.4718 10.05 9.6738 -7.497 10.4 10.3253 -7.285 11 10.467
4 0 -7.285 11 10.467 -7.497 10.4 10.3253 -6.5221 10.6 10.9768 -6.3525 11.1 11.0902
4 0 -6.3525 11.1 11.0902 -6.5221 10.6 10.9768 -6.2678 10.4 11.1468 -5.8015 11.1 11.4584
4 0 -5.5048 10.95 11.6567 -5.8015 11.1 11.4584 -6.2678 10.4 11.1468 -5.2929 10.65 11.7983
4 0 -5.2929 10.65 11.7983 -6.2678 10.4 11.1468 -6.0982 10.1 11.2601 -5.1234 10.3 11.9116
4 0 -5.1234 10.3 11.9116 -6.0982 10.1 11.2601 -6.0135 9.75 11.3167 -5.0386 9.65 11.9683
4 0 -5.9711 5.3 11.3451 -6.9036 4.7 10.7219 -5.7168 4.2 11.515 -4.9751 4.5978 12.0107
4 0 -5.0386 5.8 11.9683 -5.9711 5.3 11.3451 -4.9751 4.5978 12.0107 -4.9751 5.8 12.0107
4 0 -7.836 4.2 10.0987 -9.1923 4.1 9.1923 -9.1923 4 9.1923 -6.3102 4 11.1184
3 0 -4.9751 14.944 12.0107 -4.4 15.15 12.1251 -4.9751 15.5458 12.0107
3 0 -4.9751 12.8751 12.0107 -4.5 13.25 12.1052 -4.9751 13.4529 12.0107
4 0 -4.9751 16.5262 12.0107 -4.9751 15.8729 12.0107 -4.5 16.15 12.1052 -4.0931 17 12.1861
4 0 -4.5 13.25 12.1052 -4.9751 12.8751 12.0107 -4.65 12.65 12.0754 -4.05 12.8 12.1947
4 0 -4.05 12.8 12.1947 -4.65 12.65 12.0754 -4.1 11.8 12.1847 -3.4 11.6 12.3239
4 0 -3.4 11.6 12.3239 -4.1 11.8 12.1847 -3.7 10.8 12.2643 -3.15 10.95 12.3736
4 0 -3.15 10.95 12.3736 -3.7 10.8 12.2643 -3.4 10 12.3239 -2.85 10.2 12.4333
4 0 -2.85 10.2 12.4333 -3.4 10 12.3239 -2.95 9.2 12.4134 -2.45 9.55 12.5128
4 0 -2.45 9.55 12.5128 -2.95 9.2 12.4134 -2.35 8.65 12.5327 -1.95 9.15 12.6122
4 0 -1.95 9.15 12.6122 -2.35 8.65 12.5327 -1.5498 8.2 12.6918 -1.2998 8.75 12.7415
4 0 -1.2998 8.75 12.7415 -1.5498 8.2 12.6918 -.7498 7.9 12.8509 -.6498 8.5 12.8708
4 0 -.6498 8.5 12.8708 -.7498 7.9 12.8509 0 7.85 13 0 8.4 13
4 0 -1.7498 11.85 12.6521 -1.4498 12.55 12.7117 -2.25 12.1 12.5526 -1.95 11.55 12.6122
4 0 -1.95 11.55 12.6122 -2.25 12.1 12.5526 -2.6 11.85 12.483 -2.65 11.65 12.4731
4 0 -2.25 11.4 12.5526 -1.95 11.55 12.6122 -2.65 11.65 12.4731 -2.55 11.45 12.4929
4 0 -4.45 15.8 12.1151 -4.4 15.15 12.1251 -3.8 15.45 12.2444 -4 16.1 12.2046
4 0 -4 16.1 12.2046 -3.8 15.45 12.2444 -3.15 15.85 12.3736 -3.6 16.45 12.2841
3 0 -4.9751 15.5458 12.0107 -4.4 15.15 12.1251 -4.45 15.8 12.1151
3 0 -4.0931 17 12.1861 -4.5 16.15 12.1052 -4.05 16.35 12.1947
4 0 -4.0931 17 12.1861 -4.05 16.35 12.1947 -3.6 16.45 12.2841 -2.0409 17 12.5942
4 0 -2.45 16.55 12.5128 -2.0409 17 12.5942 -3.6 16.45 12.2841 -3.15 15.85 12.3736
4 0 -4.7096 5.8 12.0635 -4.3557 5 12.1339 -4.3557 5.4 12.1339 -4.4737 5.7 12.1104
4 0 -4.7096 5.8 12.0635 -4.9751 5.8 12.0107 -4.9751 4.5978 12.0107 -4.7096 4.7 12.0635
3 0 -4.7096 5.8 12.0635 -4.7096 4.7 12.0635 -4.3557 5 12.1339
4 0 0 18.5309 12.6192 0 19.1 12.1437 -.6503 19.05 12.0562 -1.2002 18.8 12.1558
3 0 -1.2002 18.8 12.1558 -1.5461 18.5309 12.3119 0 18.5309 12.6192
4 0 -9.1923 4 9.1923 -10.5601 4 7.1456 -9.8761 3.7 8.0375 -9.1044 3.5 9.1044
4 0 -9.1923 4 9.1923 -9.1044 3.5 9.1044 -7.7657 3.6 10.0285 -6.8684 3.8 10.6868
3 0 -9.1923 4 9.1923 -6.8684 3.8 10.6868 -6.3102 4 11.1184
3 0 -1.5461 18.5309 12.3119 -.4001 18.45 12.5598 0 18.5309 12.6192
3 0 -.4001 18.45 12.5598 0 18.45 12.6393 0 18.5309 12.6192
4 0 -3.0501 17.5 12.2691 -4.0931 17 12.1861 -2.0409 17 12.5942 -2.1501 17.85 12.361
4 0 -2.1501 17.85 12.361 -2.0409 17 12.5942 -1.4 17.75 12.5351 -1.5461 18.5309 12.3119
3 0 -1.5461 18.5309 12.3119 -1.4 17.75 12.5351 -1.1001 18.15 12.4952
3 0 -1.5461 18.5309 12.3119 -1.1001 18.15 12.4952 -.8001 18.35 12.5051
3 0 -1.5461 18.5309 12.3119 -.8001 18.35 12.5051 -.4001 18.45 12.5598
4 14 -2.2 10.45 12.5625 -2.85 10.2 12.4333 -2.45 9.55 12.5128 -1.95 9.15 12.6122
4 14 -1.6998 10.85 12.662 -2.2 10.45 12.5625 -1.95 9.15 12.6122 -1.2998 8.75 12.7415
4 14 -1.6998 10.85 12.662 -1.2998 8.75 12.7415 -.6498 8.5 12.8708 0 8.4 13
3 14 -1.6998 10.85 12.662 0 8.4 13 -1.2998 11.45 12.7415
3 14 -1.2998 11.45 12.7415 0 8.4 13 -.9498 12.25 12.8111
4 14 0 17 13 -.7998 17 12.841 -.7998 13.25 12.841 0 8.4 13
3 14 -.9498 12.25 12.8111 0 8.4 13 -.7998 13.25 12.841
4 14 -.4001 18.45 12.5598 -.8001 18.35 12.5051 -.7998 17 12.841 0 17 13
3 14 -.4001 18.45 12.5598 0 17 13 0 18.45 12.6393
4 15 -10.2121 16.25 7.6664 -10.637 16.6 7.0306 -10.637 15.8 7.0306 -10.4387 14.95 7.3273
4 15 -9.844 15.85 8.2172 -10.2121 16.25 7.6664 -10.4387 14.95 7.3273 -10.0706 14.25 7.8781
4 15 -9.4474 15.3 8.8106 -9.844 15.85 8.2172 -10.0706 14.25 7.8781 -9.6174 13.8 8.5562
3 15 -9.4474 15.3 8.8106 -9.6174 13.8 8.5562 -9.4474 14.5 8.8106
3 15 -9.4474 15.3 8.8106 -9.4474 14.5 8.8106 -9.2491 15 9.1073
4 15 -9.6565 17 8.4977 -9.5041 16.5 8.7258 -9.1923 15.9923 9.1923 -9.1923 17 9.1923
4 15 -8.0905 15.85 9.9286 -7.709 15.25 10.1836 -7.3698 15.9 10.4103 -8.2176 16.65 9.8437
3 15 -8.2176 16.65 9.8437 -7.3698 15.9 10.4103 -6.9883 16.65 10.6653
4 15 -8.7686 16.9 9.4755 -8.8392 17 9.4283 -9.1923 17 9.1923 -8.9382 16.5 9.3621
4 15 -8.9382 16.5 9.3621 -9.1923 17 9.1923 -9.1923 15.9923 9.1923 -9.1077 15.9 9.2488
4 15 -6.734 17 10.8352 -8.1707 17 9.875 -8.2176 16.65 9.8437 -6.9883 16.65 10.6653
4 15 -7.6665 8.1 10.212 -7.6241 7.75 10.2403 -7.1579 7.75 10.5519 -6.7764 7.9 10.8069
4 15 -7.6665 8.1 10.212 -6.7764 7.9 10.8069 -6.6916 8.35 10.8635 -7.6241 8.4 10.2403
4 15 -7.5393 8.8 10.297 -7.6241 8.4 10.2403 -6.6916 8.35 10.8635 -7.2003 9 10.5236
4 15 -7.2003 9 10.5236 -6.6916 8.35 10.8635 -6.6916 8.7 10.8635 -6.7764 9.05 10.8069
4 15 -.5998 5.35 12.8807 -2 5.25 12.6023 -2.0833 5 12.5857 -1.1499 4.55 12.7713
4 15 -1.7998 6.1 12.6421 -2 5.25 12.6023 -.5998 5.35 12.8807 -1.2998 6.35 12.7415
4 15 -1.2998 6.35 12.7415 -.5998 5.35 12.8807 -.4498 5.95 12.9106 -.3998 6.55 12.9205
4 15 -1.1499 4.55 12.7713 -2.0833 5 12.5857 -2.2501 4.5 12.5526 -1.9001 4 12.6222
4 15 -.2998 4.8 12.9404 -.5999 4.4 12.8807 -.64 4 12.8727 0 4 13
3 15 -.2998 4.8 12.9404 0 4 13 0 5 13
3 15 -2.5001 4 12.5029 -1.9001 4 12.6222 -2.2501 4.5 12.5526
3 15 -2.5001 4 12.5029 -2.7002 3.6 12.3636 -1.9001 4 12.6222
4 15 0 4 13 -.64 4 12.8727 -.4586 3.4691 12.7768 0 3 12.7513
4 15 -9.1923 17.5 8.9729 -9.7022 17.15 8.3635 -9.6565 17 8.4977 -9.1923 17 9.1923
4 15 -9.7022 17.5 8.21 -9.7022 17.15 8.3635 -9.1923 17.5 8.9729 -9.6495 17.8 8.1572
3 15 -9.6495 17.8 8.1572 -9.1923 17.5 8.9729 -9.3739 18.4 8.3063
3 15 -9.1923 17.5 8.9729 -9.1923 17 9.1923 -9.122 17.4004 9.1218
3 15 -9.1923 17 9.1923 -8.8392 17 9.4283 -9.122 17.4004 9.1218
4 15 -7.1904 17.5 10.3836 -7.6353 18.4 9.8224 -8.1037 17.5 9.7732 -8.1707 17 9.875
3 15 -8.1707 17 9.875 -6.734 17 10.8352 -7.1904 17.5 10.3836
4 16 -12.0107 17 4.9751 -12.9998 17 .001 -12.9998 4 .001 -12.0107 4 4.9751
4 16 -9.6565 17 8.4977 -10.637 16.6 7.0306 -10.2121 16.25 7.6664 -9.5041 16.5 8.7258
4 16 -9.5041 16.5 8.7258 -10.2121 16.25 7.6664 -9.844 15.85 8.2172 -9.1923 15.9923 9.1923
3 16 -9.844 15.85 8.2172 -9.4474 15.3 8.8106 -9.1923 15.9923 9.1923
3 16 -12.0107 17 4.9751 -10.637 15.8 7.0306 -10.637 16.6 7.0306
4 16 -10.4387 14.95 7.3273 -10.637 15.8 7.0306 -12.0107 17 4.9751 -11.0902 10.4 6.3525
3 16 -9.4474 15.3 8.8106 -9.2491 15 9.1073 -9.1923 15.9923 9.1923
3 16 -10.637 16.6 7.0306 -9.6565 17 8.4977 -12.0107 17 4.9751
4 16 -9.6174 13.8 8.5562 -9.5606 10.3 8.6412 -9.1923 10.5 9.1923 -9.4474 14.5 8.8106
3 16 -9.4474 14.5 8.8106 -9.1923 10.5 9.1923 -9.2491 15 9.1073
3 16 -9.2491 15 9.1073 -9.1923 10.5 9.1923 -9.1923 15.9923 9.1923
4 16 -10.0706 14.25 7.8781 -11.0902 10.4 6.3525 -10.552 10.3 7.1578 -10.0138 10.25 7.9631
4 16 -9.6174 13.8 8.5562 -10.0706 14.25 7.8781 -10.0138 10.25 7.9631 -9.5606 10.3 8.6412
3 16 -10.4387 14.95 7.3273 -11.0902 10.4 6.3525 -10.0706 14.25 7.8781
4 16 -10.8919 7.45 6.6492 -10.4953 8.1 7.2426 -10.7219 9.9 6.9035 -11.0902 10.4 6.3525
4 16 -11.0052 6.9 6.4796 -10.8919 7.45 6.6492 -11.0902 10.4 6.3525 -12.0107 4 4.9751
4 16 -10.2404 9.65 7.624 -10.7219 9.9 6.9035 -10.4953 8.1 7.2426 -10.0138 8.45 7.9631
4 16 -9.7589 9.6 8.3445 -10.2404 9.65 7.624 -10.0138 8.45 7.9631 -9.6456 8.2 8.514
4 16 -9.504 9.8 8.7259 -9.7589 9.6 8.3445 -9.6456 8.2 8.514 -9.1923 7.7 9.1923
3 16 -9.504 9.8 8.7259 -9.1923 7.7 9.1923 -9.1923 10.2 9.1923
3 16 -11.2035 5.25 6.1829 -12.0107 4 4.9751 -11.2318 4.5 6.1406
3 16 -11.1185 5.9 6.3101 -12.0107 4 4.9751 -11.2035 5.25 6.1829
4 16 -12.0107 4 4.9751 -11.1185 5.9 6.3101 -11.0052 6.45 6.4796 -11.0052 6.9 6.4796
3 16 -12.0107 17 4.9751 -12.0107 4 4.9751 -11.0902 10.4 6.3525
3 16 -12.0107 4 4.9751 -10.5601 4 7.1456 -11.2318 4.5 6.1406
3 16 -9.1923 10.5 9.1923 -8.599 10.7 9.5888 -9.1923 15.9923 9.1923
3 16 -9.1923 7.7 9.1923 -9.15 9.25 9.2206 -9.1923 10.2 9.1923
4 16 -4.9751 16.5262 12.0107 -4.9751 17 12.0107 -6.734 17 10.8352 -6.9883 16.65 10.6653
4 16 -6.9883 16.65 10.6653 -7.3698 15.9 10.4103 -5.75 16.1 11.4928 -4.9751 16.5262 12.0107
4 16 -8.8392 17 9.4283 -8.7686 16.9 9.4755 -8.2176 16.65 9.8437 -8.1707 17 9.875
4 16 -8.2176 16.65 9.8437 -8.7686 16.9 9.4755 -8.9382 16.5 9.3621 -8.0905 15.85 9.9286
4 16 -8.0905 15.85 9.9286 -8.9382 16.5 9.3621 -9.1077 15.9 9.2488 -7.709 15.25 10.1836
3 16 -6.3102 4 11.1184 -5.6453 4 11.5628 -5.7168 4.2 11.515
4 16 -5.7168 4.2 11.515 -5.6453 4 11.5628 -4.9751 4 12.0107 -4.9751 4.5978 12.0107
3 16 -5.0386 5.8 11.9683 -4.9751 5.8 12.0107 -5.0386 6.65 11.9683
4 16 -5.5048 10.95 11.6567 -4.9751 12.8751 12.0107 -5.4 13 11.7267 -5.8015 11.1 11.4584
4 16 -5.8015 11.1 11.4584 -5.4 13 11.7267 -6.25 13.05 11.1587 -6.3525 11.1 11.0902
4 16 -6.3525 11.1 11.0902 -6.25 13.05 11.1587 -6.85 13.2 10.7577 -7.285 11 10.467
4 16 -7.285 11 10.467 -6.85 13.2 10.7577 -7.1 13.5 10.5906 -8.599 10.7 9.5888
4 16 -8.599 10.7 9.5888 -7.1 13.5 10.5906 -7.2 13.85 10.5238 -7.709 15.25 10.1836
3 16 -9.1923 15.9923 9.1923 -8.599 10.7 9.5888 -9.1077 15.9 9.2488
3 16 -9.1077 15.9 9.2488 -8.599 10.7 9.5888 -7.709 15.25 10.1836
3 16 -7.709 15.25 10.1836 -7.2 13.85 10.5238 -7.15 14.3 10.5572
3 16 -7.709 15.25 10.1836 -7.15 14.3 10.5572 -6.95 14.9 10.6909
4 16 -7.709 15.25 10.1836 -6.95 14.9 10.6909 -6.5 15.5 10.9916 -7.3698 15.9 10.4103
3 16 -7.3698 15.9 10.4103 -6.5 15.5 10.9916 -5.75 16.1 11.4928
3 16 -9.1923 10.2 9.1923 -9.15 9.25 9.2206 -9.1076 9.75 9.2489
3 16 -9.1923 10.2 9.1923 -9.1076 9.75 9.2489 -8.9381 10.2 9.3622
4 16 -9.1923 7.7 9.1923 -9.0228 7.65 9.3056 -8.8109 7.7 9.4472 -8.8533 8.1 9.4189
4 16 -9.1923 7.7 9.1923 -8.8533 8.1 9.4189 -8.9381 8.45 9.3622 -9.0652 8.7 9.2772
3 16 -9.15 9.25 9.2206 -9.1923 7.7 9.1923 -9.0652 8.7 9.2772
3 16 -5.1657 8.55 11.8833 -5.081 7.65 11.9399 -5.0386 9.15 11.9683
3 16 -5.5048 10.95 11.6567 -5.2929 10.65 11.7983 -4.9751 12.8751 12.0107
3 16 -5.2929 10.65 11.7983 -5.1234 10.3 11.9116 -4.9751 12.8751 12.0107
3 16 -5.1234 10.3 11.9116 -5.0386 9.65 11.9683 -4.9751 12.8751 12.0107
4 16 -4.9751 12.8751 12.0107 -5.0386 9.65 11.9683 -5.0386 9.15 11.9683 -4.9751 5.8 12.0107
4 16 -5.0386 9.15 11.9683 -5.081 7.65 11.9399 -5.0386 6.65 11.9683 -4.9751 5.8 12.0107
4 16 0 5 13 -.4498 5.95 12.9106 -.5998 5.35 12.8807 -.2998 4.8 12.9404
4 16 -.3998 6.55 12.9205 -.4498 5.95 12.9106 0 5 13 0 7.85 13
4 16 -1.5498 8.2 12.6918 -1.7998 6.1 12.6421 -1.2998 6.35 12.7415 -.7498 7.9 12.8509
4 16 -.7498 7.9 12.8509 -1.2998 6.35 12.7415 -.3998 6.55 12.9205 0 7.85 13
3 16 -4.9751 16.5262 12.0107 -4.0931 17 12.1861 -4.9751 17 12.0107
4 16 -.2998 4.8 12.9404 -.5998 5.35 12.8807 -1.1499 4.55 12.7713 -.5999 4.4 12.8807
4 16 -1.1499 4.55 12.7713 -1.9001 4 12.6222 -.64 4 12.8727 -.5999 4.4 12.8807
4 16 -4.9751 4 12.0107 -3.4836 4 12.3073 -4.7096 4.7 12.0635 -4.9751 4.5978 12.0107
4 16 -2.5001 4 12.5029 -4.3557 5 12.1339 -4.7096 4.7 12.0635 -3.4836 4 12.3073
4 16 -4.3557 5 12.1339 -2.5001 4 12.5029 -2.2501 4.5 12.5526 -2.0833 5 12.5857
4 16 -4.3557 5 12.1339 -2.0833 5 12.5857 -2 5.25 12.6023 -4.3557 5.4 12.1339
4 16 -4.3557 5.4 12.1339 -2 5.25 12.6023 -1.7998 6.1 12.6421 -4.4737 5.7 12.1104
4 16 -4.4737 5.7 12.1104 -1.7998 6.1 12.6421 -1.5498 8.2 12.6918 -2.35 8.65 12.5327
4 16 -4.7096 5.8 12.0635 -4.4737 5.7 12.1104 -2.35 8.65 12.5327 -2.95 9.2 12.4134
4 16 -4.9751 5.8 12.0107 -4.7096 5.8 12.0635 -2.95 9.2 12.4134 -3.4 10 12.3239
4 16 -4.65 12.65 12.0754 -4.9751 12.8751 12.0107 -4.9751 5.8 12.0107 -4.1 11.8 12.1847
4 16 -3.7 10.8 12.2643 -4.1 11.8 12.1847 -4.9751 5.8 12.0107 -3.4 10 12.3239
4 16 -11.5354 19.8282 -.001 -12.6194 18.5309 -.001 -11.6592 18.5309 4.8296 -10.6576 19.8282 4.4144
4 16 -10.6576 19.8282 4.4144 -11.6592 18.5309 4.8296 -8.923 18.5309 8.9234 -8.1566 19.8282 8.157
4 16 -8.1566 19.8282 8.157 -8.923 18.5309 8.9234 -4.8296 18.5309 11.6592 -4.4144 19.8282 10.6576
4 16 -4.4144 19.8282 10.6576 -4.8296 18.5309 11.6592 -1.5461 18.5309 12.3119 -1.2002 18.8 12.1558
4 16 -.6503 19.05 12.0562 0 19.1 12.1437 -.0002 19.8282 11.5352 -4.4144 19.8282 10.6576
3 16 -4.4144 19.8282 10.6576 -1.2002 18.8 12.1558 -.6503 19.05 12.0562
4 16 -11.6592 2.4691 4.8296 -12.0107 4 4.9751 -12.9998 4 .001 -12.6194 2.4691 -.001
4 16 -12.0107 4 4.9751 -11.6592 2.4691 4.8296 -9.8761 3.7 8.0375 -10.5601 4 7.1456
4 16 -9.8761 3.7 8.0375 -11.6592 2.4691 4.8296 -8.923 2.4691 8.9234 -9.1044 3.5 9.1044
4 16 -7.7657 3.6 10.0285 -9.1044 3.5 9.1044 -8.923 2.4691 8.9234 -4.8296 2.4691 11.6592
3 16 -7.7657 3.6 10.0285 -4.8296 2.4691 11.6592 -6.8684 3.8 10.6868
4 16 -6.3102 4 11.1184 -6.8684 3.8 10.6868 -4.8296 2.4691 11.6592 -5.6453 4 11.5628
3 16 -5.6453 4 11.5628 -4.8296 2.4691 11.6592 -4.9751 4 12.0107
3 16 -4.8296 2.4691 11.6592 -2.7002 3.6 12.3636 -4.9751 4 12.0107
4 16 -.4586 3.4691 12.7768 -2.7002 3.6 12.3636 -4.8296 2.4691 11.6592 0 3 12.7513
3 16 -4.8296 2.4691 11.6592 -.0001 2.4691 12.6192 0 3 12.7513
4 16 -1.9001 4 12.6222 -2.7002 3.6 12.3636 -.4586 3.4691 12.7768 -.64 4 12.8727
3 16 -4.9751 4 12.0107 -2.7002 3.6 12.3636 -3.4836 4 12.3073
3 16 -3.4836 4 12.3073 -2.7002 3.6 12.3636 -2.5001 4 12.5029
4 16 -12.6194 18.5309 -.001 -12.9998 17 .001 -12.0107 17 4.9751 -11.6592 18.5309 4.8296
3 16 -9.6565 17 8.4977 -9.7022 17.15 8.3635 -12.0107 17 4.9751
3 16 -9.7022 17.5 8.21 -12.0107 17 4.9751 -9.7022 17.15 8.3635
4 16 -9.6495 17.8 8.1572 -11.6592 18.5309 4.8296 -12.0107 17 4.9751 -9.7022 17.5 8.21
3 16 -11.6592 18.5309 4.8296 -9.6495 17.8 8.1572 -9.3739 18.4 8.3063
3 16 -11.6592 18.5309 4.8296 -9.3739 18.4 8.3063 -8.923 18.5309 8.9234
4 16 -8.923 18.5309 8.9234 -9.3739 18.4 8.3063 -9.1923 17.5 8.9729 -9.122 17.4004 9.1218
4 16 -7.1904 17.5 10.3836 -6.734 17 10.8352 -4.9751 17 12.0107 -7.6353 18.4 9.8224
4 16 -8.1037 17.5 9.7732 -9.122 17.4004 9.1218 -8.8392 17 9.4283 -8.1707 17 9.875
3 16 -8.923 18.5309 8.9234 -7.6353 18.4 9.8224 -4.8296 18.5309 11.6592
3 16 -7.6353 18.4 9.8224 -4.9751 17 12.0107 -4.8296 18.5309 11.6592
4 16 -8.923 18.5309 8.9234 -9.122 17.4004 9.1218 -8.1037 17.5 9.7732 -7.6353 18.4 9.8224
3 16 -4.0931 17 12.1861 -4.8296 18.5309 11.6592 -4.9751 17 12.0107
3 16 -4.8296 18.5309 11.6592 -4.0931 17 12.1861 -3.0501 17.5 12.2691
4 16 -4.8296 18.5309 11.6592 -3.0501 17.5 12.2691 -2.1501 17.85 12.361 -1.5461 18.5309 12.3119
4 191 -5.1 15.8 11.9272 -5.55 15.45 11.6265 -4.9751 15.5458 12.0107 -4.9751 15.8729 12.0107
4 191 -6.65 13.9 10.8914 -6.55 13.7 10.9582 -6.35 13.6 11.0918 -6.6 14.15 10.9248
4 191 -6.45 14.35 11.025 -6.6 14.15 10.9248 -6.35 13.6 11.0918 -6.2 14.5 11.1921
4 191 -6.2 14.5 11.1921 -6.35 13.6 11.0918 -5.85 13.55 11.426 -5.6 14.75 11.5931
4 191 -5.6 14.75 11.5931 -5.85 13.55 11.426 -4.9751 13.4529 12.0107 -4.9751 14.944 12.0107
4 191 -4.4 15.15 12.1251 -4.9751 14.944 12.0107 -4.9751 13.4529 12.0107 -4.5 13.25 12.1052
4 191 -4.5 16.15 12.1052 -4.9751 15.8729 12.0107 -4 16.1 12.2046 -4.05 16.35 12.1947
3 191 -4.05 16.35 12.1947 -4 16.1 12.2046 -3.6 16.45 12.2841
4 191 -4.4 15.15 12.1251 -4.5 13.25 12.1052 -4.05 12.8 12.1947 -3.8 15.45 12.2444
4 191 -3.8 15.45 12.2444 -4.05 12.8 12.1947 -3.4 11.6 12.3239 -2.6 11.85 12.483
4 191 -3.8 15.45 12.2444 -2.6 11.85 12.483 -2.25 12.1 12.5526 -3.15 15.85 12.3736
4 191 -3.15 15.85 12.3736 -2.25 12.1 12.5526 -1.4498 12.55 12.7117 -2.45 16.55 12.5128
4 191 -2.65 11.65 12.4731 -2.6 11.85 12.483 -3.4 11.6 12.3239 -3.15 10.95 12.3736
4 191 -2.55 11.45 12.4929 -2.65 11.65 12.4731 -3.15 10.95 12.3736 -2.85 10.2 12.4333
4 191 -2.55 11.45 12.4929 -2.85 10.2 12.4333 -2.2 10.45 12.5625 -2.25 11.4 12.5526
4 191 -2.25 11.4 12.5526 -2.2 10.45 12.5625 -1.6998 10.85 12.662 -1.95 11.55 12.6122
4 191 -1.95 11.55 12.6122 -1.6998 10.85 12.662 -1.2998 11.45 12.7415 -1.7498 11.85 12.6521
4 191 -1.4498 12.55 12.7117 -1.7498 11.85 12.6521 -1.2998 11.45 12.7415 -.9498 12.25 12.8111
4 191 -1.4498 12.55 12.7117 -.9498 12.25 12.8111 -.7998 13.25 12.841 -.7998 17 12.841
4 191 -4.9751 15.8729 12.0107 -4.9751 15.5458 12.0107 -4.45 15.8 12.1151 -4 16.1 12.2046
4 191 -1.4498 12.55 12.7117 -.7998 17 12.841 -2.0409 17 12.5942 -2.45 16.55 12.5128
3 191 -2.0409 17 12.5942 -.7998 17 12.841 -1.4 17.75 12.5351
4 191 -1.1001 18.15 12.4952 -1.4 17.75 12.5351 -.7998 17 12.841 -.8001 18.35 12.5051
4 14 -8.0056 7.9 9.9854 -7.6241 7.75 10.2403 -7.6665 8.1 10.212 -8.3447 8.2 9.7588
4 14 -8.3447 8.2 9.7588 -7.6665 8.1 10.212 -7.6241 8.4 10.2403 -8.5566 8.65 9.6171
4 14 -8.5566 8.65 9.6171 -7.6241 8.4 10.2403 -7.5393 8.8 10.297 -7.5817 9.2 10.2687
4 14 -8.6414 9.2 9.5605 -8.5566 8.65 9.6171 -7.5817 9.2 10.2687 -8.599 9.65 9.5888
4 14 -8.599 9.65 9.5888 -7.5817 9.2 10.2687 -7.5393 9.5 10.297 -8.4718 10.05 9.6738
4 14 -8.4718 10.05 9.6738 -7.5393 9.5 10.297 -7.4122 9.75 10.382 -7.497 10.4 10.3253
4 14 -7.497 10.4 10.3253 -7.4122 9.75 10.382 -7.1579 9.8 10.5519 -6.5221 10.6 10.9768
4 14 -6.5221 10.6 10.9768 -7.1579 9.8 10.5519 -6.8188 9.8 10.7785 -6.2678 10.4 11.1468
4 14 -6.2678 10.4 11.1468 -6.8188 9.8 10.7785 -6.6069 9.75 10.9202 -6.0982 10.1 11.2601
4 14 -6.0982 10.1 11.2601 -6.6069 9.75 10.9202 -6.4797 9.6 11.0052 -6.0135 9.75 11.3167
4 14 -6.0135 9.75 11.3167 -6.4797 9.6 11.0052 -6.4797 9.35 11.0052 -5.9711 9.3 11.3451
4 14 -6.0558 8.8 11.2885 -5.9711 9.3 11.3451 -6.4797 9.35 11.0052 -6.6069 9.15 10.9202
4 14 -6.6916 8.7 10.8635 -6.0558 8.8 11.2885 -6.6069 9.15 10.9202 -6.7764 9.05 10.8069
3 14 -6.6916 8.35 10.8635 -6.7764 7.9 10.8069 -6.3102 8.35 11.1184
4 14 -6.6916 8.7 10.8635 -6.6916 8.35 10.8635 -6.3102 8.35 11.1184 -6.0558 8.8 11.2885
4 320 -7.5817 9.2 10.2687 -7.5393 8.8 10.297 -7.2003 9 10.5236 -7.5393 9.5 10.297
4 320 -7.4122 9.75 10.382 -7.5393 9.5 10.297 -7.2003 9 10.5236 -7.1579 9.8 10.5519
4 320 -6.8188 9.8 10.7785 -7.1579 9.8 10.5519 -7.2003 9 10.5236 -6.7764 9.05 10.8069
4 320 -6.8188 9.8 10.7785 -6.7764 9.05 10.8069 -6.6069 9.15 10.9202 -6.4797 9.35 11.0052
4 320 -6.8188 9.8 10.7785 -6.4797 9.35 11.0052 -6.4797 9.6 11.0052 -6.6069 9.75 10.9202
4 379 -11.2318 4.5 6.1406 -10.552 4.3 7.1578 -10.0705 5.45 7.8782 -10.1271 5.8 7.7935
4 379 -11.2035 5.25 6.1829 -11.2318 4.5 6.1406 -10.1271 5.8 7.7935 -11.1185 5.9 6.3101
4 379 -11.0052 6.45 6.4796 -11.1185 5.9 6.3101 -10.1271 5.8 7.7935 -10.7786 6.85 6.8187
4 379 -10.7786 6.85 6.8187 -10.1271 5.8 7.7935 -10.0988 6.3 7.8359 -10.4953 7.15 7.2426
4 379 -10.1554 7.35 7.7512 -10.4953 7.15 7.2426 -10.0988 6.3 7.8359 -9.9288 6.85 8.0903
3 379 -10.1554 7.35 7.7512 -9.9288 6.85 8.0903 -9.6739 7.35 8.4717
4 379 -10.0705 5.45 7.8782 -10.552 4.3 7.1578 -9.7589 4.1 8.3445 -9.8155 5.9 8.2598
4 379 -9.8155 5.9 8.2598 -9.7589 4.1 8.3445 -9.1923 4.1 9.1923 -9.6173 6.2 8.5564
4 379 -9.419 6.4 8.8531 -9.6173 6.2 8.5564 -9.1923 4.1 9.1923 -9.1923 6.5 9.1923
4 379 -10.552 10.3 7.1578 -11.0902 10.4 6.3525 -10.7219 9.9 6.9035 -10.2404 9.65 7.624
4 379 -10.0138 10.25 7.9631 -10.552 10.3 7.1578 -10.2404 9.65 7.624 -9.7589 9.6 8.3445
4 379 -9.5606 10.3 8.6412 -10.0138 10.25 7.9631 -9.7589 9.6 8.3445 -9.504 9.8 8.7259
3 379 -9.5606 10.3 8.6412 -9.504 9.8 8.7259 -9.1923 10.2 9.1923
4 379 -8.7685 6.4 9.4755 -9.1923 6.5 9.1923 -9.1923 4.1 9.1923 -8.3447 6.2 9.7588
4 379 -8.3447 6.2 9.7588 -9.1923 4.1 9.1923 -7.836 4.2 10.0987 -7.9632 6.15 10.0137
4 379 -7.9632 6.15 10.0137 -7.836 4.2 10.0987 -6.9036 4.7 10.7219 -7.6241 6.2 10.2403
4 379 -7.5817 6.7 10.2687 -8.2175 6.55 9.8438 -8.048 6.4 9.957 -7.6241 6.2 10.2403
4 379 -6.9459 6.95 10.6936 -7.5817 6.7 10.2687 -7.6241 6.2 10.2403 -6.9036 4.7 10.7219
4 379 -6.9459 6.95 10.6936 -6.9036 4.7 10.7219 -5.9711 5.3 11.3451 -6.3102 7.3 11.1184
4 379 -6.3102 7.3 11.1184 -5.9711 5.3 11.3451 -5.0386 5.8 11.9683 -5.0386 6.65 11.9683
4 379 -5.8015 7.65 11.4584 -6.3102 7.3 11.1184 -5.0386 6.65 11.9683 -5.081 7.65 11.9399
3 379 -5.8015 7.65 11.4584 -5.081 7.65 11.9399 -5.4624 8.05 11.685
3 379 -5.4624 8.05 11.685 -5.081 7.65 11.9399 -5.1657 8.55 11.8833
4 16 -11.6592 2.4691 4.8296 -12.6194 2.4691 -.001 -11.5352 1.1718 0 -10.6576 1.1718 4.4144
4 16 -8.9232 2.4691 8.9232 -11.6592 2.4691 4.8296 -10.6576 1.1718 4.4144 -8.1568 1.1718 8.1568
4 16 -4.8296 2.4691 11.6592 -8.9232 2.4691 8.9232 -8.1568 1.1718 8.1568 -4.4144 1.1718 10.6576
4 16 -.0001 2.4691 12.6192 -4.8296 2.4691 11.6592 -4.4144 1.1718 10.6576 0 1.1718 11.5352
4 16 -10.6576 1.1718 4.4144 -11.5352 1.1718 0 -9.9136 .3046 0 -9.1592 .3046 3.7936
4 16 -8.1568 1.1718 8.1568 -10.6576 1.1718 4.4144 -9.1592 .3046 3.7936 -7.0096 .3046 7.0096
4 16 -4.4144 1.1718 10.6576 -8.1568 1.1718 8.1568 -7.0096 .3046 7.0096 -3.7936 .3046 9.1592
4 16 -4.4144 1.1718 10.6576 -3.7936 .3046 9.1592 0 .3046 9.9136 0 1.1718 11.5352
4 16 -9.1592 .3046 3.7936 -9.9136 .3046 0 -8 0 0 -7.3912 0 3.0616
4 16 -7.0096 .3046 7.0096 -9.1592 .3046 3.7936 -7.3912 0 3.0616 -5.6568 0 5.6568
4 16 -3.7936 .3046 9.1592 -7.0096 .3046 7.0096 -5.6568 0 5.6568 -3.0616 0 7.3912
4 16 -3.7936 .3046 9.1592 -3.0616 0 7.3912 0 0 8 0 .3046 9.9136
4 16 -9.9136 20.6954 0 -11.5354 19.8282 -.001 -10.6576 19.8282 4.4144 -9.1592 20.6954 3.7936
4 16 -9.1592 20.6954 3.7936 -10.6576 19.8282 4.4144 -8.1568 19.8282 8.1568 -7.0096 20.6954 7.0096
4 16 -7.0096 20.6954 7.0096 -8.1568 19.8282 8.1568 -4.4144 19.8282 10.6576 -3.7936 20.6954 9.1592
4 16 -3.7936 20.6954 9.1592 -4.4144 19.8282 10.6576 -.0002 19.8282 11.5352 0 20.6954 9.9136
4 16 -8 21 0 -9.9136 20.6954 0 -9.1592 20.6954 3.7936 -7.3912 21 3.0616
4 16 -7.3912 21 3.0616 -9.1592 20.6954 3.7936 -7.0096 20.6954 7.0096 -5.6568 21 5.6568
4 16 -5.6568 21 5.6568 -7.0096 20.6954 7.0096 -3.7936 20.6954 9.1592 -3.0616 21 7.3912
4 16 -3.0616 21 7.3912 -3.7936 20.6954 9.1592 0 20.6954 9.9136 0 21 8
