0 ~Minifig Head Robot with Silver Plates and Magenta Eyes Pattern - Half
0 Name: s\3626cpy2s01.dat
0 Author: Chris Böhnke [KnightOfTarenta]
0 !LDRAW_ORG Unofficial_Subpart
0 !LICENSE Licensed under CC BY 4.0 : see CAreadme.txt

0 BFC CERTIFY CCW

0 // Front
0 // Colour 0 Black
3 0 9.1923 8.5865 -9.1923 7.7 6 -10.1896 9.1 8.9 -9.254
3 0 5.023 6.1 -11.9787 4.9751 4 -12.0107 4.9751 6.906 -12.0107
3 0 5.2282 4 -11.8416 4.9751 4 -12.0107 5.224 4.2 -11.8444
3 0 5.2212 2.4691 -11.3975 4.8296 2.4691 -11.6592 5.247 3.099 -11.5648
3 0 4.9751 4 -12.0107 4.448 3.392 -11.9642 4.4187 4 -12.1211
3 0 4.9751 4 -12.0107 4.4187 4 -12.1211 4.381 4.784 -12.1288
3 0 7.5 10.4 -10.3233 7.099 9.83 -10.5913 6.935 9.978 -10.7009
3 0 2.461 9.892 -12.5106 .944 8.666 -12.8123 1.606 10.041 -12.6807
3 0 .944 7.229 -12.8123 .865 6.432 -12.828 .38 6.471 -12.9244
3 0 1.9868 4 -12.6049 1.1845 4 -12.7645 1.923 4.921 -12.6176
3 0 1 14.8 -12.8012 1 12.5 -12.8012 .4 14.2 -12.9205
3 0 4.279 18.255 -11.8372 3.472 17.943 -12.0752 3.673 18.334 -11.9381
3 0 3.789 19.2 -11.3069 3.2 19.2 -11.4239 4.26 19.8282 -10.6883
3 0 .4 19.2 -11.9806 0 19.2 -12.0601 0 19.8282 -11.5352
3 0 3.2 19.2 -11.4239 2.2 19.2 -11.6227 4.26 19.8282 -10.6883
3 0 1.4 18.5309 -12.3409 .4 18.5309 -12.5397 .4 19.2 -11.9806
3 0 1.4 17 -12.7215 1.4 16.583 -12.7216 .4 17 -12.9204
3 0 2.7 15.4 -12.4631 0 15.4 -13 1.531 16 -12.6956
3 0 4.9752 16.161 -12.0106 4.9752 15.4 -12.0107 4.737 16.065 -12.0581
3 0 7.831 17 -10.1017 7.741 16.305 -10.1622 6.741 16.466 -10.8305
3 0 6.1008 18.5309 -10.8096 5.837 17.5 -11.2879 5.4619 18.5309 -11.2366
3 0 6.741 15.951 -10.8305 7.741 15.344 -10.1622 6.3 15.4 -11.1253
3 0 7.831 17 -10.1017 8.241 16.225 -9.8281 7.741 16.305 -10.1622
3 0 9.7 16.7 -8.4326 9.7 16.4 -8.4326 9.192 16.7815 -9.1925
3 0 11 15.3 -6.4874 10.6 14.852 -7.0859 9.7 16.4 -8.4326
3 0 9.1 14.519 -9.254 9.1 13.7 -9.254 8.241 15.04 -9.8281
3 0 9.192 16.7815 -9.1925 9.1 14.519 -9.254 9.1 16.087 -9.254
3 0 9.192 16.7815 -9.1925 9.1 13.7 -9.254 9.1 14.519 -9.254
4 0 8.007 2.4691 -9.5356 8 2 -9.0778 7.499 2 -9.4126 7.5115 2.4691 -9.8667
4 0 8.007 2.4691 -9.5356 7.5115 2.4691 -9.8667 7.526 3.01 -10.0155 8.02 3.341 -9.7823
4 0 8.02 3.341 -9.7823 7.526 3.01 -10.0155 7.4828 4 -10.3344 7.9702 4 -10.0091
4 0 7.919 4.677 -10.0433 7.9702 4 -10.0091 7.4828 4 -10.3344 7.369 5.022 -10.4108
4 0 7.369 5.022 -10.4108 7.4828 4 -10.3344 5.224 4.2 -11.8444 5.144 5.2 -11.8978
4 0 7.7 6 -10.1896 7.919 4.677 -10.0433 7.369 5.022 -10.4108 7.249 5.712 -10.491
4 0 7.7 6 -10.1896 7.249 5.712 -10.491 7.095 6.397 -10.594 9.1 8.9 -9.254
4 0 6.3 6.8 -11.1253 9.1 8.9 -9.254 7.095 6.397 -10.594 6.538 5.978 -10.9662
4 0 6.3 6.8 -11.1253 6.538 5.978 -10.9662 5.023 6.1 -11.9787 4.9751 6.906 -12.0107
4 0 4.9751 4 -12.0107 5.023 6.1 -11.9787 5.144 5.2 -11.8978 5.224 4.2 -11.8444
4 0 4.9751 4 -12.0107 5.2282 4 -11.8416 5.247 3.099 -11.5648 4.8296 2.4691 -11.6592
4 0 4.8296 2.4691 -11.6592 5.2212 2.4691 -11.3975 5.202 2 -10.9478 4.6795 2 -11.297
4 0 4.8296 2.4691 -11.6592 4.6795 2 -11.297 4.4 2 -11.3526 4.4162 2.4691 -11.7414
4 0 4.8296 2.4691 -11.6592 4.4162 2.4691 -11.7414 4.448 3.392 -11.9642 4.9751 4 -12.0107
4 0 4.9751 4 -12.0107 4.381 4.784 -12.1288 4.201 6.165 -12.1646 4.9751 6.906 -12.0107
4 0 3.8 7 -12.2444 4.9751 6.906 -12.0107 4.201 6.165 -12.1646 2.706 6.285 -12.4619
4 0 3.8 7 -12.2444 2.706 6.285 -12.4619 3.498 8.573 -12.3044 4.334 8.542 -12.1382
4 0 4.5 9.476 -12.1052 4.334 8.542 -12.1382 3.498 8.573 -12.3044 3.616 9.609 -12.281
4 0 3.2 9.5 -12.3637 3.616 9.609 -12.281 3.498 8.573 -12.3044 3.08 8.588 -12.3875
4 0 2.784 9.609 -12.4464 3.2 9.5 -12.3637 3.08 8.588 -12.3875 2.244 8.618 -12.5538
4 0 1.741 7.165 -12.6538 2.244 8.618 -12.5538 3.08 8.588 -12.3875 2.294 6.318 -12.5438
4 0 4.9751 9.4487 -12.0107 4.9751 8.5189 -12.0107 4.334 8.542 -12.1382 4.5 9.476 -12.1052
4 0 4.9751 8.5189 -12.0107 4.9751 9.4487 -12.0107 5.108 9.441 -11.9219 5.5 8.5 -11.6599
4 0 5.5 8.5 -11.6599 5.108 9.441 -11.9219 5.713 9.507 -11.5176 6.09 8.872 -11.2656
4 0 6.09 8.872 -11.2656 5.713 9.507 -11.5176 6.3 9.671 -11.1253 6.626 9.318 -10.9074
4 0 6.626 9.318 -10.9074 6.3 9.671 -11.1253 6.935 9.978 -10.7009 7.099 9.83 -10.5913
4 0 4.5 9.476 -12.1052 3.616 9.609 -12.281 3.939 9.892 -12.2167 4.721 9.851 -12.0612
4 0 4.721 9.851 -12.0612 3.939 9.892 -12.2167 4.135 10.275 -12.1778 4.855 10.266 -12.0346
4 0 4.855 10.266 -12.0346 4.135 10.275 -12.1778 4.2 10.7 -12.1648 4.9 10.7 -12.0256
4 0 4.9 10.7 -12.0256 4.2 10.7 -12.1648 4.135 11.125 -12.1778 4.848 11.167 -12.036
4 0 4.692 11.611 -12.067 4.848 11.167 -12.036 4.135 11.125 -12.1778 3.939 11.508 -12.2167
4 0 4.435 12.005 -12.1181 4.692 11.611 -12.067 3.939 11.508 -12.2167 3.616 11.791 -12.281
4 0 4.087 12.321 -12.1873 4.435 12.005 -12.1181 3.616 11.791 -12.281 3.665 12.528 -12.2712
4 0 3.665 12.528 -12.2712 3.616 11.791 -12.281 3.2 11.9 -12.3637 3.2 12.6 -12.3637
4 0 2.735 12.528 -12.4561 3.2 12.6 -12.3637 3.2 11.9 -12.3637 2.784 11.791 -12.4464
4 0 2.313 12.321 -12.5401 2.735 12.528 -12.4561 2.784 11.791 -12.4464 2.461 11.508 -12.5106
4 0 1.965 12.005 -12.6093 2.313 12.321 -12.5401 2.461 11.508 -12.5106 1.708 11.611 -12.6604
4 0 1.708 11.611 -12.6604 2.461 11.508 -12.5106 2.265 11.125 -12.5496 1.552 11.167 -12.6914
4 0 1.552 11.167 -12.6914 2.265 11.125 -12.5496 2.2 10.7 -12.5625 1.5 10.7 -12.7017
4 0 1.5 10.7 -12.7017 2.2 10.7 -12.5625 2.265 10.275 -12.5496 1.526 10.366 -12.6966
4 0 1.606 10.041 -12.6807 1.526 10.366 -12.6966 2.265 10.275 -12.5496 2.461 9.892 -12.5106
4 0 2.461 9.892 -12.5106 2.784 9.609 -12.4464 2.244 8.618 -12.5538 .944 8.666 -12.8123
4 0 1.285 10.247 -12.7445 1.606 10.041 -12.6807 .944 8.666 -12.8123 .2 10.2 -12.9602
4 0 1 10.5 -12.8012 1.285 10.247 -12.7445 .2 10.2 -12.9602 .4 10.9 -12.9205
4 0 0 10.9 -13 .4 10.9 -12.9205 .2 10.2 -12.9602 0 10.2 -13
4 0 .944 8.666 -12.8123 .944 7.229 -12.8123 .38 6.471 -12.9244 .2 10.2 -12.9602
4 0 1.741 7.165 -12.6538 2.294 6.318 -12.5438 1.696 6.366 -12.6628 .944 7.229 -12.8123
4 0 .865 6.432 -12.828 .944 7.229 -12.8123 1.696 6.366 -12.6628 1.112 4.967 -12.7789
4 0 1.112 4.967 -12.7789 1.696 6.366 -12.6628 1.923 4.921 -12.6176 1.1845 4 -12.7645
4 0 1.223 3.486 -12.6289 1.1845 4 -12.7645 1.9868 4 -12.6049 2.024 3.462 -12.4636
4 0 1.223 3.486 -12.6289 2.024 3.462 -12.4636 2.0077 2.4691 -12.2201 1.2066 2.4691 -12.3794
4 0 1.199 2 -11.9889 1.2066 2.4691 -12.3794 2.0077 2.4691 -12.2201 2 2 -11.8297
4 0 1 12.5 -12.8012 1 10.5 -12.8012 .4 10.9 -12.9205 .4 14.2 -12.9205
4 0 0 14.8 -13 1 14.8 -12.8012 .4 14.2 -12.9205 0 14.2 -13
4 0 0 15.4 -13 0 16.4 -13 .4 16.414 -12.9205 1.531 16 -12.6956
4 0 1.4 16.583 -12.7216 1.531 16 -12.6956 .4 16.414 -12.9205 .4 17 -12.9204
4 0 1.531 16 -12.6956 1.4 16.583 -12.7216 1.807 16.713 -12.6407 2.219 16.237 -12.5588
4 0 2.219 16.237 -12.5588 1.807 16.713 -12.6407 2.2 16.88 -12.5625 2.865 16.572 -12.4303
4 0 3.4327 17 -12.3174 2.865 16.572 -12.4303 2.2 16.88 -12.5625 2.2 17 -12.5625
4 0 3.4327 17 -12.3174 2.2 17 -12.5625 3.2 17.598 -12.215 3.942 17.579 -12.0721
4 0 3.942 17.579 -12.0721 3.2 17.598 -12.215 3.472 17.943 -12.0752 4.279 18.255 -11.8372
4 0 3.2 17.598 -12.215 2.2 17 -12.5625 2.2 18.5309 -12.1819 3.2 18.5309 -11.9831
4 0 3.2 18.5309 -11.9831 2.2 18.5309 -12.1819 2.2 19.2 -11.6227 3.2 19.2 -11.4239
4 0 4.279 18.255 -11.8372 3.673 18.334 -11.9381 3.7243 18.5309 -11.8789 4.3238 18.5309 -11.7597
4 0 4.3238 18.5309 -11.7597 3.7243 18.5309 -11.8789 3.784 18.76 -11.6756 4.4 19 -11.3526
4 0 4.4 19 -11.3526 3.784 18.76 -11.6756 3.789 19.2 -11.3069 4.26 19.8282 -10.6883
4 0 .4 19.2 -11.9806 0 19.8282 -11.5352 1.4 19.2 -11.7818 1.4 18.5309 -12.3409
4 0 2.2 19.2 -11.6227 1.4 19.2 -11.7818 0 19.8282 -11.5352 4.26 19.8282 -10.6883
4 0 .4 18.5309 -12.5397 1.4 18.5309 -12.3409 1.4 17 -12.7215 .4 17 -12.9204
4 0 3.3 15.4 -12.3438 2.7 15.4 -12.4631 1.531 16 -12.6956 4.231 16 -12.1587
4 0 4.9752 15.4 -12.0107 3.3 15.4 -12.3438 4.231 16 -12.1587 4.737 16.065 -12.0581
4 0 4.9752 15.4 -12.0107 4.9752 16.161 -12.0106 5.211 16.256 -11.8531 6.3 15.4 -11.1253
4 0 6.3 15.4 -11.1253 5.211 16.256 -11.8531 5.62 16.561 -11.5797 6.741 15.951 -10.8305
4 0 6.741 15.951 -10.8305 5.62 16.561 -11.5797 5.776 16.762 -11.4755 6.741 16.466 -10.8305
4 0 6.741 16.466 -10.8305 5.776 16.762 -11.4755 5.8716 17 -11.4113 7.831 17 -10.1017
4 0 6.585 17.2 -10.8759 7.831 17 -10.1017 5.8716 17 -11.4113 5.889 17.251 -11.3261
4 0 5.837 17.5 -11.2879 6.1008 18.5309 -10.8096 6.585 17.2 -10.8759 5.889 17.251 -11.3261
4 0 5.639 19.8282 -9.8393 6.1008 18.5309 -10.8096 5.4619 18.5309 -11.2366 5 19.8282 -10.2663
4 0 6.3 15.4 -11.1253 7.741 15.344 -10.1622 8.241 15.04 -9.8281 9.1 13.7 -9.254
4 0 8.241 16.225 -9.8281 8.241 15.04 -9.8281 7.741 15.344 -10.1622 7.741 16.305 -10.1622
4 0 9.1 16.087 -9.254 8.241 16.225 -9.8281 7.831 17 -10.1017 9.192 16.7815 -9.1925
4 0 9.7 15.614 -8.4326 9.192 16.7815 -9.1925 9.7 16.4 -8.4326 10.6 14.852 -7.0859
4 0 11 9.1 -6.4874 9.1923 8.5865 -9.1923 9.7 9.362 -8.4326 10.6 9.612 -7.0859
4 0 11 9.1 -6.4874 10.6 9.612 -7.0859 10.6 14.852 -7.0859 11 15.3 -6.4874
4 0 9.7 15.614 -8.4326 9.7 9.362 -8.4326 9.1923 8.5865 -9.1923 9.192 16.7815 -9.1925
4 0 9.192 16.7815 -9.1925 9.1923 8.5865 -9.1923 9.1 8.9 -9.254 9.1 13.7 -9.254

0 // Colour 16 Main Colour
3 16 3.7936 20.6954 -9.1592 4.4144 19.8282 -10.6576 4.26 19.8282 -10.6883
3 16 4.8296 18.5309 -11.6592 4.3238 18.5309 -11.7597 4.4 19 -11.3526
3 16 5 19.8282 -10.2663 4.4144 19.8282 -10.6576 3.7936 20.6954 -9.1592
3 16 7.0096 20.6954 -7.0096 8.1568 19.8282 -8.1568 5.639 19.8282 -9.8393
3 16 9.1923 17 -9.1923 7.831 17 -10.1017 8.9232 18.5309 -8.9232
3 16 9.1923 17 -9.1923 9.192 16.7815 -9.1925 7.831 17 -10.1017
3 16 4.231 16 -12.1587 1.531 16 -12.6956 2.219 16.237 -12.5588
3 16 2.865 16.572 -12.4303 4.231 16 -12.1587 2.219 16.237 -12.5588
3 16 4.9751 17 -12.0107 3.4327 17 -12.3174 3.942 17.579 -12.0721
3 16 4.8296 18.5309 -11.6592 4.279 18.255 -11.8372 4.3238 18.5309 -11.7597
3 16 9.1923 4 -9.1923 7.9702 4 -10.0091 7.919 4.677 -10.0433
3 16 8.9232 2.4691 -8.9232 8.007 2.4691 -9.5356 8.02 3.341 -9.7823
3 16 8 2 -9.0778 8.1568 1.1718 -8.1568 7.499 2 -9.4126
3 16 5.202 2 -10.9478 4.4144 1.1718 -10.6576 4.6795 2 -11.297
3 16 4.6795 2 -11.297 4.4144 1.1718 -10.6576 4.4 2 -11.3526
3 16 2 2 -11.8297 0 1.1718 -11.5352 1.199 2 -11.9889
3 16 1.199 2 -11.9889 0 1.1718 -11.5352 0 2 -12.2272
3 16 2.294 6.318 -12.5438 1.923 4.921 -12.6176 1.696 6.366 -12.6628
3 16 3.498 8.573 -12.3044 2.706 6.285 -12.4619 3.08 8.588 -12.3875
3 16 9.1 8.9 -9.254 6.09 8.872 -11.2656 6.626 9.318 -10.9074
3 16 7.099 9.83 -10.5913 9.1 8.9 -9.254 6.626 9.318 -10.9074
3 16 7.5 10.4 -10.3233 9.1 8.9 -9.254 7.099 9.83 -10.5913
3 16 9.1 13.7 -9.254 9.1 8.9 -9.254 7.5 10.4 -10.3233
3 16 4.9752 15.4 -12.0107 4.9752 12.1897 -12.0107 4.645 12.558 -12.0763
3 16 4 13.1 -12.2046 3.3 13.1 -12.3438 3.3 15.4 -12.3438
3 16 1.8 13.1 -12.6421 1.505 12.94 -12.7007 1 14.8 -12.8012
3 16 1.505 12.94 -12.7007 1.236 12.738 -12.7542 1 14.8 -12.8012
3 16 1.236 12.738 -12.7542 1 12.5 -12.8012 1 14.8 -12.8012
4 16 0 20.6954 -9.9136 0 21 -8 3.0616 21 -7.3912 3.7936 20.6954 -9.1592
4 16 0 19.8282 -11.5352 0 20.6954 -9.9136 3.7936 20.6954 -9.1592 4.26 19.8282 -10.6883
4 16 4.4 19 -11.3526 4.26 19.8282 -10.6883 4.4144 19.8282 -10.6576 4.8296 18.5309 -11.6592
4 16 3.7936 20.6954 -9.1592 3.0616 21 -7.3912 5.6568 21 -5.6568 7.0096 20.6954 -7.0096
4 16 3.7936 20.6954 -9.1592 7.0096 20.6954 -7.0096 5.639 19.8282 -9.8393 5 19.8282 -10.2663
4 16 4.4144 19.8282 -10.6576 5 19.8282 -10.2663 5.4619 18.5309 -11.2366 4.8296 18.5309 -11.6592
4 16 6.1008 18.5309 -10.8096 5.639 19.8282 -9.8393 8.1568 19.8282 -8.1568 8.9232 18.5309 -8.9232
4 16 7.831 17 -10.1017 6.585 17.2 -10.8759 6.1008 18.5309 -10.8096 8.9232 18.5309 -8.9232
4 16 9.7 16.7 -8.4326 9.192 16.7815 -9.1925 9.1923 17 -9.1923 12.0107 17 -4.9751
4 16 4.8296 18.5309 -11.6592 5.4619 18.5309 -11.2366 5.837 17.5 -11.2879 4.9751 17 -12.0107
4 16 4.9751 17 -12.0107 5.837 17.5 -11.2879 5.889 17.251 -11.3261 5.8716 17 -11.4113
4 16 4.9751 17 -12.0107 5.8716 17 -11.4113 5.776 16.762 -11.4755 5.62 16.561 -11.5797
4 16 4.9751 17 -12.0107 5.62 16.561 -11.5797 5.211 16.256 -11.8531 4.9752 16.161 -12.0106
4 16 4.9751 17 -12.0107 4.9752 16.161 -12.0106 4.737 16.065 -12.0581 4.231 16 -12.1587
4 16 3.4327 17 -12.3174 4.9751 17 -12.0107 4.231 16 -12.1587 2.865 16.572 -12.4303
4 16 4.9751 17 -12.0107 3.942 17.579 -12.0721 4.279 18.255 -11.8372 4.8296 18.5309 -11.6592
4 16 11 15.3 -6.4874 9.7 16.4 -8.4326 9.7 16.7 -8.4326 12.0107 17 -4.9751
4 16 12.0107 4 -4.9751 11 9.1 -6.4874 11 15.3 -6.4874 12.0107 17 -4.9751
4 16 9.1923 8.5865 -9.1923 11 9.1 -6.4874 12.0107 4 -4.9751 9.1923 4 -9.1923
4 16 7.7 6 -10.1896 9.1923 8.5865 -9.1923 9.1923 4 -9.1923 7.919 4.677 -10.0433
4 16 8.02 3.341 -9.7823 7.9702 4 -10.0091 9.1923 4 -9.1923 8.9232 2.4691 -8.9232
4 16 8 2 -9.0778 8.007 2.4691 -9.5356 8.9232 2.4691 -8.9232 8.1568 1.1718 -8.1568
4 16 5.202 2 -10.9478 7.499 2 -9.4126 8.1568 1.1718 -8.1568 4.4144 1.1718 -10.6576
4 16 2 2 -11.8297 4.4 2 -11.3526 4.4144 1.1718 -10.6576 0 1.1718 -11.5352
4 16 0 1.1718 -11.5352 4.4144 1.1718 -10.6576 3.7936 .3046 -9.1592 0 .3046 -9.9136
4 16 4.4144 1.1718 -10.6576 8.1568 1.1718 -8.1568 7.0096 .3046 -7.0096 3.7936 .3046 -9.1592
4 16 3.7936 .3046 -9.1592 7.0096 .3046 -7.0096 5.6568 0 -5.6568 3.0616 0 -7.3912
4 16 3.7936 .3046 -9.1592 3.0616 0 -7.3912 0 0 -8 0 .3046 -9.9136
4 16 4.4162 2.4691 -11.7414 4.4 2 -11.3526 2 2 -11.8297 2.0077 2.4691 -12.2201
4 16 4.448 3.392 -11.9642 4.4162 2.4691 -11.7414 2.0077 2.4691 -12.2201 2.024 3.462 -12.4636
4 16 4.4187 4 -12.1211 4.448 3.392 -11.9642 2.024 3.462 -12.4636 1.9868 4 -12.6049
4 16 4.381 4.784 -12.1288 4.4187 4 -12.1211 1.9868 4 -12.6049 1.923 4.921 -12.6176
4 16 4.201 6.165 -12.1646 4.381 4.784 -12.1288 1.923 4.921 -12.6176 2.706 6.285 -12.4619
4 16 2.706 6.285 -12.4619 1.923 4.921 -12.6176 2.294 6.318 -12.5438 3.08 8.588 -12.3875
4 16 .944 8.666 -12.8123 2.244 8.618 -12.5538 1.741 7.165 -12.6538 .944 7.229 -12.8123
4 16 4.9751 6.906 -12.0107 3.8 7 -12.2444 4.334 8.542 -12.1382 4.9751 8.5189 -12.0107
4 16 4.9751 6.906 -12.0107 4.9751 8.5189 -12.0107 5.5 8.5 -11.6599 6.3 6.8 -11.1253
4 16 6.3 6.8 -11.1253 5.5 8.5 -11.6599 6.09 8.872 -11.2656 9.1 8.9 -9.254
4 16 6.935 9.978 -10.7009 6.3 9.671 -11.1253 6.043 10.473 -11.297 7.5 10.4 -10.3233
4 16 7.5 10.4 -10.3233 6.043 10.473 -11.297 5.677 11.231 -11.5416 9.1 13.7 -9.254
4 16 9.1 13.7 -9.254 5.677 11.231 -11.5416 5.207 11.931 -11.8557 6.3 15.4 -11.1253
4 16 6.3 15.4 -11.1253 5.207 11.931 -11.8557 4.9752 12.1897 -12.0107 4.9752 15.4 -12.0107
4 16 4.9752 15.4 -12.0107 4.645 12.558 -12.0763 4 13.1 -12.2046 3.3 15.4 -12.3438
4 16 2.7 15.4 -12.4631 2.7 13.1 -12.4631 1.8 13.1 -12.6421 1 14.8 -12.8012
4 16 .4 14.2 -12.9205 .4 10.9 -12.9205 0 10.9 -13 0 14.2 -13
4 16 1 14.8 -12.8012 0 14.8 -13 0 15.4 -13 2.7 15.4 -12.4631
4 16 10.6 9.612 -7.0859 9.7 9.362 -8.4326 9.7 15.614 -8.4326 10.6 14.852 -7.0859

0 // Colour 26 Magenta
3 26 1.1845 4 -12.7645 1.223 3.486 -12.6289 0 4 -13
3 26 .865 6.432 -12.828 1.112 4.967 -12.7789 .38 6.471 -12.9244
3 26 3.7243 18.5309 -11.8789 3.673 18.334 -11.9381 3.2 18.5309 -11.9831
3 26 3.789 19.2 -11.3069 3.784 18.76 -11.6756 3.2 19.2 -11.4239
3 26 1.807 16.713 -12.6407 1.4 16.583 -12.7216 1.4 17 -12.7215
4 26 1.2066 2.4691 -12.3794 1.199 2 -11.9889 0 2 -12.2272 0 2.4691 -12.6192
4 26 1.223 3.486 -12.6289 1.2066 2.4691 -12.3794 0 2.4691 -12.6192 0 4 -13
4 26 1.112 4.967 -12.7789 1.1845 4 -12.7645 0 4 -13 .38 6.471 -12.9244
4 26 0 10.2 -13 .2 10.2 -12.9602 .38 6.471 -12.9244 0 4 -13
4 26 3.472 17.943 -12.0752 3.2 17.598 -12.215 3.2 18.5309 -11.9831 3.673 18.334 -11.9381
4 26 3.784 18.76 -11.6756 3.7243 18.5309 -11.8789 3.2 18.5309 -11.9831 3.2 19.2 -11.4239
4 26 2.2 19.2 -11.6227 2.2 18.5309 -12.1819 1.4 18.5309 -12.3409 1.4 19.2 -11.7818
4 26 1.4 18.5309 -12.3409 2.2 18.5309 -12.1819 2.2 17 -12.5625 1.4 17 -12.7215
4 26 1.4 17 -12.7215 2.2 17 -12.5625 2.2 16.88 -12.5625 1.807 16.713 -12.6407
4 26 0 19.2 -12.0601 .4 19.2 -11.9806 .4 18.5309 -12.5397 0 18.5309 -12.6192
4 26 0 18.5309 -12.6192 .4 18.5309 -12.5397 .4 17 -12.9204 0 17 -13
4 26 0 17 -13 .4 17 -12.9204 .4 16.414 -12.9205 0 16.4 -13
4 26 2.784 11.791 -12.4464 3.2 11.9 -12.3637 3.616 11.791 -12.281 2.461 11.508 -12.5106
4 26 2.461 11.508 -12.5106 3.616 11.791 -12.281 3.939 11.508 -12.2167 2.265 11.125 -12.5496
4 26 2.265 11.125 -12.5496 3.939 11.508 -12.2167 4.135 11.125 -12.1778 2.2 10.7 -12.5625
4 26 2.2 10.7 -12.5625 4.135 11.125 -12.1778 4.2 10.7 -12.1648 2.265 10.275 -12.5496
4 26 2.265 10.275 -12.5496 4.2 10.7 -12.1648 4.135 10.275 -12.1778 2.461 9.892 -12.5106
4 26 2.461 9.892 -12.5106 4.135 10.275 -12.1778 3.939 9.892 -12.2167 2.784 9.609 -12.4464
4 26 2.784 9.609 -12.4464 3.939 9.892 -12.2167 3.616 9.609 -12.281 3.2 9.5 -12.3637

0 // Colour 72 Dark Bluish Grey
3 72 4.721 9.851 -12.0612 4.9751 9.4487 -12.0107 4.5 9.476 -12.1052
3 72 4.9752 12.1897 -12.0107 4.9751 9.4487 -12.0107 4.9 10.7 -12.0256
3 72 4.9 10.7 -12.0256 4.9751 9.4487 -12.0107 4.855 10.266 -12.0346
3 72 4.855 10.266 -12.0346 4.9751 9.4487 -12.0107 4.721 9.851 -12.0612
3 72 4.9752 12.1897 -12.0107 4.9 10.7 -12.0256 4.848 11.167 -12.036
3 72 4.645 12.558 -12.0763 4.692 11.611 -12.067 4.435 12.005 -12.1181
3 72 1.526 10.366 -12.6966 1.285 10.247 -12.7445 1.5 10.7 -12.7017
3 72 1.526 10.366 -12.6966 1.606 10.041 -12.6807 1.285 10.247 -12.7445
4 72 6.043 10.473 -11.297 6.3 9.671 -11.1253 5.713 9.507 -11.5176 5.108 9.441 -11.9219
4 72 6.043 10.473 -11.297 5.108 9.441 -11.9219 4.9751 9.4487 -12.0107 5.677 11.231 -11.5416
4 72 4.9751 9.4487 -12.0107 4.9752 12.1897 -12.0107 5.207 11.931 -11.8557 5.677 11.231 -11.5416
4 72 4.9752 12.1897 -12.0107 4.848 11.167 -12.036 4.692 11.611 -12.067 4.645 12.558 -12.0763
4 72 4.645 12.558 -12.0763 4.435 12.005 -12.1181 4.087 12.321 -12.1873 4 13.1 -12.2046
4 72 4 13.1 -12.2046 4.087 12.321 -12.1873 3.665 12.528 -12.2712 3.3 13.1 -12.3438
4 72 3.3 13.1 -12.3438 3.665 12.528 -12.2712 3.2 12.6 -12.3637 2.7 13.1 -12.4631
4 72 2.7 13.1 -12.4631 3.2 12.6 -12.3637 2.735 12.528 -12.4561 1.8 13.1 -12.6421
4 72 1.8 13.1 -12.6421 2.735 12.528 -12.4561 2.313 12.321 -12.5401 1.505 12.94 -12.7007
4 72 1.505 12.94 -12.7007 2.313 12.321 -12.5401 1.965 12.005 -12.6093 1.236 12.738 -12.7542
4 72 1.236 12.738 -12.7542 1.965 12.005 -12.6093 1.708 11.611 -12.6604 1 12.5 -12.8012
4 72 1 12.5 -12.8012 1.708 11.611 -12.6604 1.552 11.167 -12.6914 1 10.5 -12.8012
4 72 1 10.5 -12.8012 1.552 11.167 -12.6914 1.5 10.7 -12.7017 1.285 10.247 -12.7445
4 72 3.3 15.4 -12.3438 3.3 13.1 -12.3438 2.7 13.1 -12.4631 2.7 15.4 -12.4631

0 // Colour 80 Silver
3 80 7.4828 4 -10.3344 5.2282 4 -11.8416 5.224 4.2 -11.8444
4 80 6.741 15.951 -10.8305 6.741 16.466 -10.8305 7.741 16.305 -10.1622 7.741 15.344 -10.1622
4 80 8.241 15.04 -9.8281 8.241 16.225 -9.8281 9.1 16.087 -9.254 9.1 14.519 -9.254
4 80 5.144 5.2 -11.8978 5.023 6.1 -11.9787 6.538 5.978 -10.9662 7.369 5.022 -10.4108
4 80 7.249 5.712 -10.491 7.369 5.022 -10.4108 6.538 5.978 -10.9662 7.095 6.397 -10.594
4 80 5.247 3.099 -11.5648 5.2282 4 -11.8416 7.4828 4 -10.3344 7.526 3.01 -10.0155
4 80 5.2212 2.4691 -11.3975 5.247 3.099 -11.5648 7.526 3.01 -10.0155 7.5115 2.4691 -9.8667
4 80 5.202 2 -10.9478 5.2212 2.4691 -11.3975 7.5115 2.4691 -9.8667 7.499 2 -9.4126

0 // Conditional Lines
5 24 0 4 -13 0 17 -13 4.9751 17 -12.0107 -4.9751 17 -12.0107
5 24 0 .3046 -9.9136 0 0 -8 3.0616 0 -7.3912 -3.0616 0 -7.3912
5 24 0 1.1718 -11.5352 0 .3046 -9.9136 3.7936 .3046 -9.1592 -3.7936 .3046 -9.1592
5 24 0 2.4691 -12.6192 0 1.1718 -11.5352 4.4144 1.1718 -10.6576 -4.4144 1.1718 -10.6576
5 24 0 4 -13 0 2.4691 -12.6192 4.8296 2.4691 -11.6592 -4.8296 2.4691 -11.6592
5 24 0 20.6954 -9.9136 0 21 -8 3.0616 21 -7.3912 -3.0616 21 -7.3912
5 24 0 19.8282 -11.5352 0 20.6954 -9.9136 3.7936 20.6954 -9.1592 -3.7936 20.6954 -9.1592
5 24 0 18.5309 -12.6192 0 19.8282 -11.5352 4.4144 19.8282 -10.6576 -4.4144 19.8282 -10.6576
5 24 0 17 -13 0 18.5309 -12.6192 4.8296 18.5309 -11.6592 -4.8296 18.5309 -11.6592
5 24 4.9751 4 -12.0107 4.9751 17 -12.0107 9.1923 17 -9.1923 0 17 -13
5 24 4.9751 17 -12.0107 0 17 -13 0 15.343 -13 0 18.5309 -12.6192
5 24 4.9751 4 -12.0107 0 4 -13 0 5.657 -13 0 2.4691 -12.6192
5 24 3.7936 .3046 -9.1592 3.0616 0 -7.3912 5.6568 0 -5.6568 0 0 -8
5 24 4.4144 1.1718 -10.6576 3.7936 .3046 -9.1592 7.0096 .3046 -7.0096 0 .3046 -9.9136
5 24 4.8296 2.4691 -11.6592 4.4144 1.1718 -10.6576 8.1568 1.1718 -8.1568 0 1.1718 -11.5352
5 24 4.9751 4 -12.0107 4.8296 2.4691 -11.6592 8.9232 2.4691 -8.9232 0 2.4691 -12.6192
5 24 4.8296 2.4691 -11.6592 0 2.4691 -12.6192 0 4 -13 0 1.1718 -11.5352
5 24 4.4144 1.1718 -10.6576 0 1.1718 -11.5352 0 2.4691 -12.6192 0 .3046 -9.9136
5 24 3.7936 .3046 -9.1592 0 .3046 -9.9136 0 1.1718 -11.5352 0 0 -8
5 24 3.0616 0 -7.3912 0 0 -8 0 .3046 -9.9136 0 0 -6
5 24 3.7936 20.6954 -9.1592 3.0616 21 -7.3912 5.6568 21 -5.6568 0 21 -8
5 24 4.4144 19.8282 -10.6576 3.7936 20.6954 -9.1592 7.0096 20.6954 -7.0096 0 20.6954 -9.9136
5 24 4.8296 18.5309 -11.6592 4.4144 19.8282 -10.6576 8.1568 19.8282 -8.1568 0 19.8282 -11.5352
5 24 4.9751 17 -12.0107 4.8296 18.5309 -11.6592 8.9232 18.5309 -8.9232 0 18.5309 -12.6192
5 24 4.8296 18.5309 -11.6592 0 18.5309 -12.6192 0 17 -13 0 19.8282 -11.5352
5 24 4.4144 19.8282 -10.6576 0 19.8282 -11.5352 0 18.5309 -12.6192 0 20.6954 -9.9136
5 24 3.7936 20.6954 -9.1592 0 20.6954 -9.9136 0 19.8282 -11.5352 0 21 -8
5 24 3.0616 21 -7.3912 0 21 -8 0 20.6954 -9.9136 0 21 -6
5 24 9.1923 4 -9.1923 9.1923 17 -9.1923 12.0107 17 -4.9751 4.9751 17 -12.0107
5 24 9.1923 17 -9.1923 4.9751 17 -12.0107 4.975 15.343 -12.01 4.8296 18.5309 -11.6592
5 24 9.1923 4 -9.1923 4.9751 4 -12.0107 4.975 5.657 -12.01 4.8296 2.4691 -11.6592
5 24 7.0096 .3046 -7.0096 5.6568 0 -5.6568 7.3912 0 -3.0616 3.0616 0 -7.3912
5 24 8.1568 1.1718 -8.1568 7.0096 .3046 -7.0096 9.1592 .3046 -3.7936 3.7936 .3046 -9.1592
5 24 8.9232 2.4691 -8.9232 8.1568 1.1718 -8.1568 10.6576 1.1718 -4.4144 4.4144 1.1718 -10.6576
5 24 9.1923 4 -9.1923 8.9232 2.4691 -8.9232 11.6592 2.4691 -4.8296 4.8296 2.4691 -11.6592
5 24 8.9232 2.4691 -8.9232 4.8296 2.4691 -11.6592 4.9751 4 -12.0107 4.4144 1.1718 -10.6576
5 24 8.1568 1.1718 -8.1568 4.4144 1.1718 -10.6576 4.8296 2.4691 -11.6592 3.7936 .3046 -9.1592
5 24 7.0096 .3046 -7.0096 3.7936 .3046 -9.1592 4.4144 1.1718 -10.6576 3.0616 0 -7.3912
5 24 5.6568 0 -5.6568 3.0616 0 -7.3912 3.7936 .3046 -9.1592 2.2962 0 -5.5434
5 24 7.0096 20.6954 -7.0096 5.6568 21 -5.6568 7.3912 21 -3.0616 3.0616 21 -7.3912
5 24 8.1568 19.8282 -8.1568 7.0096 20.6954 -7.0096 9.1592 20.6954 -3.7936 3.7936 20.6954 -9.1592
5 24 8.9232 18.5309 -8.9232 8.1568 19.8282 -8.1568 10.6576 19.8282 -4.4144 4.4144 19.8282 -10.6576
5 24 9.1923 17 -9.1923 8.9232 18.5309 -8.9232 11.6592 18.5309 -4.8296 4.8296 18.5309 -11.6592
5 24 8.9232 18.5309 -8.9232 4.8296 18.5309 -11.6592 4.9751 17 -12.0107 4.4144 19.8282 -10.6576
5 24 8.1568 19.8282 -8.1568 4.4144 19.8282 -10.6576 4.8296 18.5309 -11.6592 3.7936 20.6954 -9.1592
5 24 7.0096 20.6954 -7.0096 3.7936 20.6954 -9.1592 4.4144 19.8282 -10.6576 3.0616 21 -7.3912
5 24 5.6568 21 -5.6568 3.0616 21 -7.3912 3.7936 20.6954 -9.1592 2.2962 21 -5.5434
5 24 12.0107 4 -4.9751 12.0107 17 -4.9751 13 17 0 9.1923 17 -9.1923
5 24 12.0107 17 -4.9751 9.1923 17 -9.1923 9.192 15.343 -9.192 8.9232 18.5309 -8.9232
5 24 12.0107 4 -4.9751 9.1923 4 -9.1923 9.192 5.657 -9.192 8.9232 2.4691 -8.9232

0 // Back
0 // Colour 0 Black
3 0 4.9751 4 12.0107 4.8802 3.0011 11.7812 5.3646 4 11.7501
3 0 4.7606 4 12.0531 4.8802 3.0011 11.7812 4.9751 4 12.0107
3 0 4.9751 4 12.0107 5.3646 4 11.7501 4.9751 7.6652 12.0107
3 0 4.3 7.849 12.1449 4.9751 7.6652 12.0107 4.9751 8.495 12.0107
3 0 7.3 10.8 10.4569 7.81 9.433 10.1161 8.4 9.691 9.7218
3 0 9.1921 8.486 9.1924 10.15 8.486 7.7593 10.15 8.843 7.7593
3 0 10.55 9.959 7.1608 10.15 8.843 7.7593 10.95 9.493 6.5622
3 0 9.1923 16.2 9.1923 9.55 16.2 8.6571 9.1923 16.8 9.1923
3 0 9 16.2 9.3208 9.1923 16.2 9.1923 9.1923 16.8 9.1923
3 0 10.15 15.66 7.7593 9.55 9.086 8.6571 10.15 9.625 7.7593
3 0 4.9752 10.8 12.0107 4.9751 9.6023 12.0107 5.6 10.2 11.5931
3 0 4.732 10.2 12.059 4.9751 9.6023 12.0107 4.9752 10.8 12.0107
3 0 0 17.2 12.9503 0 17 13 2 17.2 12.5524
3 0 2 17.2 12.5524 2.8 17.2 12.3933 2 17.65 12.4405
3 0 2 18.5309 12.2217 2 18.25 12.2914 2.8 18.5309 12.0626
3 0 2 18.5309 12.2217 2.8 18.5309 12.0626 2 18.7 12.0803
3 0 2 19.5 11.4118 2 19.3 11.579 2.8 19.5 11.2528
3 0 2.8 17.2 12.3933 4.9751 17 12.0107 4.9562 17.2 11.9645
3 0 4.9562 17.2 11.9645 4.9751 17 12.0107 5.65 17.2 11.5008
3 0 4.9751 17 12.0107 4.9752 16.2 12.0106 7.15 17 10.5572
4 0 1.7619 2.4691 12.269 1.818 2 11.8658 2.422 2 11.7457 2.3659 2.4691 12.1489
4 0 1.5789 4 12.686 1.7619 2.4691 12.269 2.3659 2.4691 12.1489 2.1828 4 12.5658
4 0 1.268 6.6 12.7479 1.5789 4 12.686 2.1828 4 12.5658 1.8 7.2 12.6421
4 0 1.268 6.6 12.7479 1.8 7.2 12.6421 0 7.2 13 0 6.6 13
4 0 5 2 11.0828 5.604 2 10.6792 5.5479 2.4691 11.1792 4.9439 2.4691 11.5828
4 0 4.8802 3.0011 11.7812 4.9439 2.4691 11.5828 5.5479 2.4691 11.1792 5.3646 4 11.7501
4 0 4.7606 4 12.0531 4.9751 4 12.0107 4.9751 7.6652 12.0107 4.3 7.849 12.1449
4 0 6.757 10.2 10.8198 4.9751 8.495 12.0107 4.9751 7.6652 12.0107 7.167 9.761 10.5458
4 0 7.3 10.8 10.4569 6.757 10.2 10.8198 7.167 9.761 10.5458 7.81 9.433 10.1161
4 0 8.4211 4 9.7072 7.81 9.433 10.1161 7.167 9.761 10.5458 7.8566 4 10.0846
4 0 8.5933 2.4691 9.1437 8.4211 4 9.7072 7.8566 4 10.0846 8.0399 2.4691 9.5136
4 0 8.6461 2 8.6461 8.5933 2.4691 9.1437 8.0399 2.4691 9.5136 8.096 2 9.0137
4 0 9 9.086 9.3208 8.4 9.691 9.7218 7.81 9.433 10.1161 8.75 8.486 9.4879
4 0 9 9.086 9.3208 8.75 8.486 9.4879 9.1921 8.486 9.1924 9.1921 9.086 9.1924
4 0 9.55 9.086 8.6571 9.1921 9.086 9.1924 9.1921 8.486 9.1924 10.15 8.843 7.7593
4 0 10.15 9.625 7.7593 9.55 9.086 8.6571 10.15 8.843 7.7593 10.55 9.959 7.1608
4 0 10.55 15.327 7.1608 10.55 9.959 7.1608 10.95 9.493 6.5622 10.95 15.793 6.5622
4 0 10.55 15.327 7.1608 10.95 15.793 6.5622 10.15 16.443 7.7593 10.15 15.66 7.7593
4 0 10.15 15.66 7.7593 10.15 16.443 7.7593 9.55 16.2 8.6571 9.55 9.086 8.6571
4 0 9.55 16.2 8.6571 10.15 16.443 7.7593 10.15 16.8 7.7593 9.1923 16.8 9.1923
4 0 8.4 16.2 9.7218 9 16.2 9.3208 9.1923 16.8 9.1923 7.65 16.8 10.223
4 0 8.4 9.691 9.7218 9 9.086 9.3208 9 16.2 9.3208 8.4 16.2 9.7218
4 0 7.3 10.8 10.4569 4.9752 10.8 12.0107 5.6 10.2 11.5931 6.757 10.2 10.8198
4 0 4.9751 9.6023 12.0107 4.732 10.2 12.059 3.059 8.6 12.3917 3.3 8 12.3438
4 0 0 8 13 3.3 8 12.3438 3.059 8.6 12.3917 0 8.6 13
4 0 2.2 11.1 12.5625 0 11.1 13 0 10.5 13 2.5 10.5 12.5029
4 0 3.1 10.8 12.3836 2.2 11.1 12.5625 2.5 10.5 12.5029 2.732 10.2 12.4567
4 0 3.1 10.8 12.3836 2.732 10.2 12.4567 4.732 10.2 12.059 4.9752 10.8 12.0107
4 0 2.2 15.6 12.5625 2.2 11.1 12.5625 3.1 10.8 12.3836 2.8 16.2 12.4432
4 0 2.2 15.6 12.5625 2.8 16.2 12.4432 0 17 13 0 15.6 13
4 0 7.65 16.8 10.223 7.15 17 10.5572 4.9752 16.2 12.0106 8.4 16.2 9.7218
4 0 5.5355 18.5309 11.1874 5.65 17.2 11.5008 6.65 17.2 10.8324 6.3038 18.5309 10.6739
4 0 5.5355 18.5309 11.1874 6.3038 18.5309 10.6739 5.9 19.5 9.9883 5.2 19.5 10.4561
4 0 2.8 17.2 12.3933 2 17.2 12.5524 0 17 13 4.9751 17 12.0107
4 0 2 18.25 12.2914 2 17.65 12.4405 2.8 17.2 12.3933 2.8 18.5309 12.0626
4 0 2 19.3 11.579 2 18.7 12.0803 2.8 18.5309 12.0626 2.8 19.5 11.2528
4 0 2 18.7 12.0803 2 19.3 11.579 0 19.3 11.9765 0 18.7 12.4779
4 0 2 18.25 12.2914 0 18.25 12.6891 0 17.65 12.8383 2 17.65 12.4405
4 0 2.8 16.2 12.4432 4.9752 16.2 12.0106 4.9751 17 12.0107 0 17 13
4 0 6.65 17.2 10.8324 5.65 17.2 11.5008 4.9751 17 12.0107 7.15 17 10.5572

0 // Colour 16 Main Colour
3 16 1.818 2 11.8658 4.4144 1.1718 10.6576 2.422 2 11.7457
3 16 4.8296 2.4691 11.6592 4.9439 2.4691 11.5828 4.8802 3.0011 11.7812
3 16 2.1828 4 12.5658 2.3659 2.4691 12.1489 4.7606 4 12.0531
3 16 5.604 2 10.6792 8.1568 1.1718 8.1568 8.096 2 9.0137
3 16 8.096 2 9.0137 8.1568 1.1718 8.1568 8.6461 2 8.6461
3 16 8.5933 2.4691 9.1437 8.6461 2 8.6461 8.9232 2.4691 8.9232
3 16 7.81 9.433 10.1161 8.4211 4 9.7072 8.75 8.486 9.4879
3 16 0 7.2 13 1.8 7.2 12.6421 0 8 13
3 16 6.3038 18.5309 10.6739 6.65 17.2 10.8324 8.9232 18.5309 8.9232
4 16 0 .3046 9.9136 0 0 8 3.0616 0 7.3912 3.7936 .3046 9.1592
4 16 0 1.1718 11.5352 0 .3046 9.9136 3.7936 .3046 9.1592 4.4144 1.1718 10.6576
4 16 0 1.1718 11.5352 4.4144 1.1718 10.6576 1.818 2 11.8658 0 2 12.2272
4 16 2.422 2 11.7457 4.4144 1.1718 10.6576 4.8296 2.4691 11.6592 2.3659 2.4691 12.1489
4 16 2.3659 2.4691 12.1489 4.8296 2.4691 11.6592 4.8802 3.0011 11.7812 4.7606 4 12.0531
4 16 5 2 11.0828 4.9439 2.4691 11.5828 4.8296 2.4691 11.6592 4.4144 1.1718 10.6576
4 16 5.604 2 10.6792 5 2 11.0828 4.4144 1.1718 10.6576 8.1568 1.1718 8.1568
4 16 8.1568 1.1718 8.1568 4.4144 1.1718 10.6576 3.7936 .3046 9.1592 7.0096 .3046 7.0096
4 16 5.6568 0 5.6568 7.0096 .3046 7.0096 3.7936 .3046 9.1592 3.0616 0 7.3912
4 16 8.4211 4 9.7072 8.5933 2.4691 9.1437 8.9232 2.4691 8.9232 9.1923 4 9.1923
4 16 8.4211 4 9.7072 9.1923 4 9.1923 9.1921 8.486 9.1924 8.75 8.486 9.4879
4 16 1.8 7.2 12.6421 2.1828 4 12.5658 4.7606 4 12.0531 4.3 7.849 12.1449
4 16 1.8 7.2 12.6421 4.3 7.849 12.1449 3.3 8 12.3438 0 8 13
4 16 3.3 8 12.3438 4.3 7.849 12.1449 4.9751 8.495 12.0107 4.9751 9.6023 12.0107
4 16 4.9751 9.6023 12.0107 4.9751 8.495 12.0107 6.757 10.2 10.8198 5.6 10.2 11.5931
4 16 3.059 8.6 12.3917 4.732 10.2 12.059 2.732 10.2 12.4567 0 8.6 13
4 16 0 10.5 13 0 8.6 13 2.732 10.2 12.4567 2.5 10.5 12.5029
4 16 9.1921 8.486 9.1924 9.1923 4 9.1923 12.0107 4 4.9751 10.15 8.486 7.7593
4 16 10.95 9.493 6.5622 10.15 8.843 7.7593 10.15 8.486 7.7593 12.0107 4 4.9751
4 16 10.95 15.793 6.5622 10.95 9.493 6.5622 12.0107 4 4.9751 12.0107 17 4.9751
4 16 10.15 9.625 7.7593 10.55 9.959 7.1608 10.55 15.327 7.1608 10.15 15.66 7.7593
4 16 10.15 16.8 7.7593 10.15 16.443 7.7593 10.95 15.793 6.5622 12.0107 17 4.9751
4 16 9.1923 17 9.1923 9.1923 16.8 9.1923 10.15 16.8 7.7593 12.0107 17 4.9751
4 16 7.15 17 10.5572 7.65 16.8 10.223 9.1923 16.8 9.1923 9.1923 17 9.1923
4 16 7.15 17 10.5572 9.1923 17 9.1923 8.9232 18.5309 8.9232 6.65 17.2 10.8324
4 16 5.9 19.5 9.9883 6.3038 18.5309 10.6739 8.9232 18.5309 8.9232 8.1568 19.8282 8.1568
4 16 4.4144 19.8282 10.6576 5.2 19.5 10.4561 5.9 19.5 9.9883 8.1568 19.8282 8.1568
4 16 4.4144 19.8282 10.6576 8.1568 19.8282 8.1568 7.0096 20.6954 7.0096 3.7936 20.6954 9.1592
4 16 3.7936 20.6954 9.1592 7.0096 20.6954 7.0096 5.6568 21 5.6568 3.0616 21 7.3912
4 16 5.2 19.5 10.4561 4.4144 19.8282 10.6576 4.8296 18.5309 11.6592 5.5355 18.5309 11.1874
4 16 5.5355 18.5309 11.1874 4.8296 18.5309 11.6592 4.9562 17.2 11.9645 5.65 17.2 11.5008
4 16 2.8 17.2 12.3933 4.9562 17.2 11.9645 4.8296 18.5309 11.6592 2.8 18.5309 12.0626
4 16 2.8 19.5 11.2528 2.8 18.5309 12.0626 4.8296 18.5309 11.6592 4.4144 19.8282 10.6576
4 16 2 19.5 11.4118 2.8 19.5 11.2528 4.4144 19.8282 10.6576 0 19.8282 11.5352
4 16 0 19.8282 11.5352 4.4144 19.8282 10.6576 3.7936 20.6954 9.1592 0 20.6954 9.9136
4 16 0 20.6954 9.9136 3.7936 20.6954 9.1592 3.0616 21 7.3912 0 21 8
4 16 0 19.3 11.9765 2 19.3 11.579 2 19.5 11.4118 0 19.8282 11.5352
4 16 2 18.5309 12.2217 2 18.7 12.0803 0 18.7 12.4779 0 18.5309 12.6192
4 16 2 18.25 12.2914 2 18.5309 12.2217 0 18.5309 12.6192 0 18.25 12.6891
4 16 2 17.2 12.5524 2 17.65 12.4405 0 17.65 12.8383 0 17.2 12.9503

0 // Colour 26 Magenta
4 26 1.268 6.6 12.7479 0 6.6 13 0 4 13 1.5789 4 12.686
4 26 1.5789 4 12.686 0 4 13 0 2.4691 12.6192 1.7619 2.4691 12.269
4 26 1.7619 2.4691 12.269 0 2.4691 12.6192 0 2 12.2272 1.818 2 11.8658

0 // Colour 80 Silver
3 80 4.9752 10.8 12.0107 7.3 10.8 10.4569 4.9752 16.2 12.0106
4 80 5.5479 2.4691 11.1792 5.604 2 10.6792 8.096 2 9.0137 8.0399 2.4691 9.5136
4 80 5.3646 4 11.7501 5.5479 2.4691 11.1792 8.0399 2.4691 9.5136 7.8566 4 10.0846
4 80 7.8566 4 10.0846 7.167 9.761 10.5458 4.9751 7.6652 12.0107 5.3646 4 11.7501
4 80 9 9.086 9.3208 9.1921 9.086 9.1924 9.1923 16.2 9.1923 9 16.2 9.3208
4 80 9.1921 9.086 9.1924 9.55 9.086 8.6571 9.55 16.2 8.6571 9.1923 16.2 9.1923
4 80 7.3 10.8 10.4569 8.4 9.691 9.7218 8.4 16.2 9.7218 4.9752 16.2 12.0106
4 80 4.9752 10.8 12.0107 4.9752 16.2 12.0106 2.8 16.2 12.4432 3.1 10.8 12.3836
4 80 0 15.6 13 0 11.1 13 2.2 11.1 12.5625 2.2 15.6 12.5625

0 // Conditional Lines
5 24 0 4 13 0 17 13 4.9751 17 12.0107 -4.9751 17 12.0107
5 24 0 .3046 9.9136 0 0 8 3.0616 0 7.3912 -3.0616 0 7.3912
5 24 0 1.1718 11.5352 0 .3046 9.9136 3.7936 .3046 9.1592 -3.7936 .3046 9.1592
5 24 0 2.4691 12.6192 0 1.1718 11.5352 4.4144 1.1718 10.6576 -4.4144 1.1718 10.6576
5 24 0 4 13 0 2.4691 12.6192 4.8296 2.4691 11.6592 -4.8296 2.4691 11.6592
5 24 0 20.6954 9.9136 0 21 8 3.0616 21 7.3912 -3.0616 21 7.3912
5 24 0 19.8282 11.5352 0 20.6954 9.9136 3.7936 20.6954 9.1592 -3.7936 20.6954 9.1592
5 24 0 18.5309 12.6192 0 19.8282 11.5352 4.4144 19.8282 10.6576 -4.4144 19.8282 10.6576
5 24 0 17 13 0 18.5309 12.6192 4.8296 18.5309 11.6592 -4.8296 18.5309 11.6592
5 24 4.9751 4 12.0107 4.9751 17 12.0107 9.1923 17 9.1923 0 17 13
5 24 4.9751 17 12.0107 0 17 13 0 15.343 13 0 18.5309 12.6192
5 24 4.9751 4 12.0107 0 4 13 0 5.657 13 0 2.4691 12.6192
5 24 3.7936 .3046 9.1592 3.0616 0 7.3912 5.6568 0 5.6568 0 0 8
5 24 4.4144 1.1718 10.6576 3.7936 .3046 9.1592 7.0096 .3046 7.0096 0 .3046 9.9136
5 24 4.8296 2.4691 11.6592 4.4144 1.1718 10.6576 8.1568 1.1718 8.1568 0 1.1718 11.5352
5 24 4.9751 4 12.0107 4.8296 2.4691 11.6592 8.9232 2.4691 8.9232 0 2.4691 12.6192
5 24 4.8296 2.4691 11.6592 0 2.4691 12.6192 0 4 13 0 1.1718 11.5352
5 24 4.4144 1.1718 10.6576 0 1.1718 11.5352 0 2.4691 12.6192 0 .3046 9.9136
5 24 3.7936 .3046 9.1592 0 .3046 9.9136 0 1.1718 11.5352 0 0 8
5 24 3.0616 0 7.3912 0 0 8 0 .3046 9.9136 0 0 6
5 24 3.7936 20.6954 9.1592 3.0616 21 7.3912 5.6568 21 5.6568 0 21 8
5 24 4.4144 19.8282 10.6576 3.7936 20.6954 9.1592 7.0096 20.6954 7.0096 0 20.6954 9.9136
5 24 4.8296 18.5309 11.6592 4.4144 19.8282 10.6576 8.1568 19.8282 8.1568 0 19.8282 11.5352
5 24 4.9751 17 12.0107 4.8296 18.5309 11.6592 8.9232 18.5309 8.9232 0 18.5309 12.6192
5 24 4.8296 18.5309 11.6592 0 18.5309 12.6192 0 17 13 0 19.8282 11.5352
5 24 4.4144 19.8282 10.6576 0 19.8282 11.5352 0 18.5309 12.6192 0 20.6954 9.9136
5 24 3.7936 20.6954 9.1592 0 20.6954 9.9136 0 19.8282 11.5352 0 21 8
5 24 3.0616 21 7.3912 0 21 8 0 20.6954 9.9136 0 21 6
5 24 9.1923 4 9.1923 9.1923 17 9.1923 12.0107 17 4.9751 4.9751 17 12.0107
5 24 9.1923 17 9.1923 4.9751 17 12.0107 4.975 15.343 12.01 4.8296 18.5309 11.6592
5 24 9.1923 4 9.1923 4.9751 4 12.0107 4.975 5.657 12.01 4.8296 2.4691 11.6592
5 24 7.0096 .3046 7.0096 5.6568 0 5.6568 7.3912 0 3.0616 3.0616 0 7.3912
5 24 8.1568 1.1718 8.1568 7.0096 .3046 7.0096 9.1592 .3046 3.7936 3.7936 .3046 9.1592
5 24 8.9232 2.4691 8.9232 8.1568 1.1718 8.1568 10.6576 1.1718 4.4144 4.4144 1.1718 10.6576
5 24 9.1923 4 9.1923 8.9232 2.4691 8.9232 11.6592 2.4691 4.8296 4.8296 2.4691 11.6592
5 24 8.9232 2.4691 8.9232 4.8296 2.4691 11.6592 4.9751 4 12.0107 4.4144 1.1718 10.6576
5 24 8.1568 1.1718 8.1568 4.4144 1.1718 10.6576 4.8296 2.4691 11.6592 3.7936 .3046 9.1592
5 24 7.0096 .3046 7.0096 3.7936 .3046 9.1592 4.4144 1.1718 10.6576 3.0616 0 7.3912
5 24 5.6568 0 5.6568 3.0616 0 7.3912 3.7936 .3046 9.1592 2.2962 0 5.5434
5 24 7.0096 20.6954 7.0096 5.6568 21 5.6568 7.3912 21 3.0616 3.0616 21 7.3912
5 24 8.1568 19.8282 8.1568 7.0096 20.6954 7.0096 9.1592 20.6954 3.7936 3.7936 20.6954 9.1592
5 24 8.9232 18.5309 8.9232 8.1568 19.8282 8.1568 10.6576 19.8282 4.4144 4.4144 19.8282 10.6576
5 24 9.1923 17 9.1923 8.9232 18.5309 8.9232 11.6592 18.5309 4.8296 4.8296 18.5309 11.6592
5 24 8.9232 18.5309 8.9232 4.8296 18.5309 11.6592 4.9751 17 12.0107 4.4144 19.8282 10.6576
5 24 8.1568 19.8282 8.1568 4.4144 19.8282 10.6576 4.8296 18.5309 11.6592 3.7936 20.6954 9.1592
5 24 7.0096 20.6954 7.0096 3.7936 20.6954 9.1592 4.4144 19.8282 10.6576 3.0616 21 7.3912
5 24 5.6568 21 5.6568 3.0616 21 7.3912 3.7936 20.6954 9.1592 2.2962 21 5.5434
5 24 12.0107 4 4.9751 12.0107 17 4.9751 13 17 0 9.1923 17 9.1923
5 24 12.0107 17 4.9751 9.1923 17 9.1923 9.192 15.343 9.192 8.9232 18.5309 8.9232
5 24 12.0107 4 4.9751 9.1923 4 9.1923 9.192 5.657 9.192 8.9232 2.4691 8.9232