0 ~Duplo Boat Helm / Ship's Wheel Support - Half
0 Name: s\4657s01.dat
0 Author: Peter Blomberg [WUIt]
0 !LDRAW_ORG Unofficial_Subpart
0 !LICENSE Licensed under CC BY 4.0 : see CAreadme.txt

0 BFC CERTIFY CCW

0 // bottom
4 16 36 0 16 40 0 20 40 0 -20 36 0 -16
4 16 36 0 -16 40 0 -20 -40 0 -20 -36 0 -16
1 16 34 -12 0 0 0 -2 0 11 0 1.5 0 0 box4-1.dat
1 16 0 -12 -8.75 0 0 1.5 0 8.5 0 7.25 0 0 box3u5p.dat
1 16 1.5 -7.75 0 0 6.5 0 0 0 4.25 1.5 0 0 box4-2p.dat

0 // top
0 BFC INVERTNEXT
1 16 0 -78.85 -14.5 6.25 0 0 0 0 6.25 0 5.1 0 4-4cylo.dat
1 16 0 -78.85 -14.5 6.25 0 0 0 0 6.25 0 1 0 4-4ndis.dat
0 BFC INVERTNEXT
1 16 0 -74 -16.9 16 0 0 0 0 -16 0 2.4 0 2-4cylo.dat
4 16 20 -16 -9.4 -20 -16 -9.4 -20 -32 -9.4 20 -32 -9.4
1 16 0 -78.85 -9.4 6.25 0 0 0 0 6.25 0 -1 0 4-4ndis.dat
3 16 0 -72.6 -9.4 20 -32 -9.4 -20 -32 -9.4
3 16 16 -32 -14.5 0 -72.6 -14.5 -16 -32 -14.5
4 16 16 -13.522 -14.5 16 -32 -14.5 -16 -32 -14.5 -16 -13.522 -14.5
2 24 24.6381 -16 -14.5 -24.6381 -16 -14.5
2 24 20 -16 -9.4 -20 -16 -9.4

0 // quarters
1 16 0 0 0 1 0 0 0 1 0 0 0 1 s\4657s02.dat
1 16 0 0 0 -1 0 0 0 1 0 0 0 1 s\4657s02.dat
5 24 0 -94 -11.8408 0 -94 -16.9 -7.654 -92.478 -16.9 7.654 -92.478 -16.9