0 ~Brick  2 x  4 with Rounded Bottom without Patternable Surfaces
0 Name: s\5174s01.dat
0 Author: Gerald Lasser [GeraldLasser]
0 !LDRAW_ORG Unofficial_Subpart
0 !LICENSE Licensed under CC BY 4.0 : see CAreadme.txt

0 BFC CERTIFY CCW

1 16 0 4 0 1 0 0 0 -5 0 0 0 1 stud4.dat
0 BFC INVERTNEXT
1 16 0 24 0 16 0 0 0 -20 0 0 0 16 box5.dat
4 16 -20 24 -20 -16 24 -16 16 24 -16 20 24 -20
4 16 20 24 20 16 24 16 -16 24 16 -20 24 20
2 24 20 24 -20 -20 24 -20
2 24 -20 24 20 20 24 20

0 // Outside
4 16 -20 24 4 -16 24 16 -16 24 -16 -20 24 -4
1 16 -20 4 -4 -20 0 0 0 0 20 0 8 0 48\1-4cyli.dat
4 16 -40 4 4 -40 4 -4 -40 0 -20 -40 0 20
4 16 16 24 -16 16 24 16 20 24 4 20 24 -4
1 16 20 4 -4 20 0 0 0 0 20 0 8 0 48\1-4cyli.dat
4 16 40 0 -20 40 4 -4 40 4 4 40 0 20

0 // Inside
0 BFC INVERTNEXT
1 16 -20 4 17 -17 0 0 0 0 17 0 -34 0 1-8cyli.dat
1 16 0 0 0 1 0 0 0 1 0 0 0 1 s\5174s02.dat
1 16 0 0 0 1 0 0 0 1 0 0 0 -1 s\5174s02.dat
4 16 -40 0 -20 -37 0 -8.5 -37 0 8.5 -40 0 20
4 16 -37 0 8.5 -37 0 -8.5 -37 4 -8.5 -37 4 8.5
2 24 -37 0 8.5 -37 0 -8.5
4 16 -32.0207 16.0207 -4.4018 -30 17.3712 -2.3727 -30 17.3712 2.3727 -32.0207 16.0207 4.4018
4 16 -25.9535 19.8161 -.2312 -25.9535 19.8161 .2312 -30 17.3712 2.3727 -30 17.3712 -2.3727
4 16 -25.9535 19.8161 .2312 -25.9535 19.8161 -.2312 -21.8238 20.6373 -1.8238 -21.8238 20.6373 1.8238
4 16 -21.8238 20.6373 -1.8238 -20 21 -3.7814 -20 21 3.7814 -21.8238 20.6373 1.8238
4 16 -20 19.5877 -8.5 -20 0 -8.5 -20 0 8.5 -20 19.5877 8.5
4 16 -20 19.5877 -8.5 -20 19.5877 8.5 -20 20.0238 5.8578 -20 20.0238 -5.8578
4 16 -20 21 -3.7814 -20 20.0238 -5.8578 -20 20.0238 5.8578 -20 21 3.7814
2 24 -20 21 3.7814 -20 21 -3.7814
2 24 -20 0 8.5 -20 0 -8.5

0 BFC INVERTNEXT
1 16 20 4 17 17 0 0 0 0 17 0 -34 0 1-8cyli.dat
1 16 0 0 0 -1 0 0 0 1 0 0 0 1 s\5174s02.dat
1 16 0 0 0 -1 0 0 0 1 0 0 0 -1 s\5174s02.dat
4 16 37 0 8.5 37 0 -8.5 40 0 -20 40 0 20
4 16 37 4 -8.5 37 0 -8.5 37 0 8.5 37 4 8.5
2 24 37 0 8.5 37 0 -8.5
4 16 30 17.3712 2.3727 30 17.3712 -2.3727 32.0207 16.0207 -4.4018 32.0207 16.0207 4.4018
4 16 30 17.3712 2.3727 25.9535 19.8161 .2312 25.9535 19.8161 -.2312 30 17.3712 -2.3727
4 16 21.8238 20.6373 -1.8238 25.9535 19.8161 -.2312 25.9535 19.8161 .2312 21.8238 20.6373 1.8238
4 16 20 21 3.7814 20 21 -3.7814 21.8238 20.6373 -1.8238 21.8238 20.6373 1.8238
4 16 20 0 8.5 20 0 -8.5 20 19.5877 -8.5 20 19.5877 8.5
4 16 20 20.0238 5.8578 20 19.5877 8.5 20 19.5877 -8.5 20 20.0238 -5.8578
4 16 20 20.0238 5.8578 20 20.0238 -5.8578 20 21 -3.7814 20 21 3.7814
2 24 20 21 3.7814 20 21 -3.7814
2 24 20 0 8.5 20 0 -8.5

5 24 -30 17.3712 -2.3727 -30 17.3712 2.3727 -32.0207 16.0207 4.4018 -25.9535 19.8161 -.2312
5 24 30 17.3712 -2.3727 30 17.3712 2.3727 25.9535 19.8161 .2312 32.0207 16.0207 -4.4018
5 24 -25.9535 19.8161 .2312 -25.9535 19.8161 -.2312 -21.8238 20.6373 -1.8238 -30 17.3712 2.3727
5 24 25.9535 19.8161 .2312 25.9535 19.8161 -.2312 30 17.3712 -2.3727 21.8238 20.6373 1.8238

0 // Top
4 16 -40 0 20 -20 0 17 20 0 17 40 0 20
4 16 20 0 11.5 20 0 17 -20 0 17 -20 0 11.5
4 16 -20 0 11.5 -20 0 8.5 20 0 8.5 20 0 11.5
4 16 20 0 -8.5 20 0 8.5 -20 0 8.5 -20 0 -8.5
4 16 20 0 -11.5 20 0 -8.5 -20 0 -8.5 -20 0 -11.5
4 16 -20 0 -17 20 0 -17 20 0 -11.5 -20 0 -11.5
4 16 40 0 -20 20 0 -17 -20 0 -17 -40 0 -20

1 16 0 0 0 1 0 0 0 1 0 0 0 1 stug-2x2.dat
1 16 0 0 0 40 0 0 0 1 0 0 0 20 recte4.dat

1 16 -30 0 -10 1 0 0 0 1 0 0 0 1 stud2a.dat
1 16 -30 0 10 1 0 0 0 1 0 0 0 1 stud2a.dat
1 16 30 0 -10 1 0 0 0 1 0 0 0 1 stud2a.dat
1 16 30 0 10 1 0 0 0 1 0 0 0 1 stud2a.dat

0 // Back Side
1 16 -20 4 20 -20 0 0 0 0 20 0 -1 0 48\1-4chrd.dat
1 16 20 4 20 20 0 0 0 0 20 0 -1 0 48\1-4chrd.dat
4 16 40 4 20 20 24 20 -20 24 20 -40 4 20
4 16 40 4 20 -40 4 20 -40 0 20 40 0 20
