0 ~Duplo Train Tender Top  4 x  4 with Recess without Patternable Surfaces - Half
0 Name: s\52055s02.dat
0 Author: Gerald Lasser [GeraldLasser]
0 !LDRAW_ORG Unofficial_Subpart
0 !LICENSE Licensed under CC BY 4.0 : see CAreadme.txt

0 BFC CERTIFY CCW

1 16 0 0 0 1 0 0 0 1 0 0 0 1 s\52055s03.dat
1 16 0 0 0 1 0 0 0 1 0 0 0 -1 s\52055s03.dat

0 // Bottom
4 16 36 24 -36 40 24 -40 -40 24 -40 -36 24 -36
4 16 36 24 36 40 24 40 40 24 -40 36 24 -36
4 16 -40 4 -40 40 4 -40 44 4 -44 -44 4 -44
4 16 44 4 44 44 4 -44 40 4 -40 40 4 40
4 16 -44 4 -44 44 4 -44 68 -32 -53 -68 -32 -53
4 16 44 4 -44 44 4 44 68 -32 53 68 -32 -53
4 16 68 -32 53 71.71 -32 57.8 71.71 -32 -57.8 68 -32 -53
4 16 -68 -32 -53 68 -32 -53 71.71 -32 -57.8 -71.71 -32 -57.8

0 // Outer Wall, Inside
4 16 76 -8 -76 -76 -8 -76 -74.97 -13.8 -76 74.97 -13.8 -76
2 24 74.97 -13.8 -76 -74.97 -13.8 -76
4 16 -73.9 -19.74 -63.74 -71.71 -32 -57.8 71.71 -32 -57.8 73.9 -19.74 -63.74
4 16 -73.9 -19.74 -63.74 73.9 -19.74 -63.74 74.97 -13.8 -76 -74.97 -13.8 -76
5 24 -73.9 -19.74 -63.74 73.9 -19.74 -63.74 -74.97 -13.8 -76 71.71 -32 -57.8

4 16 71.71 -32 -57.8 71.71 -32 57.8 73.9 -19.74 63.74 73.9 -19.74 -63.74
4 16 76 -8 -76 73.9 -19.74 -63.74 73.9 -19.74 63.74 76 -8 76
2 24 76 -8 -76 76 -8 76

4 16 80 0 80 80 0 -80 76 0 -76 76 0 76
4 16 35 0 -79 -35 0 -79 -76 0 -76 76 0 -76
4 16 27 -8 -79 -27 -8 -79 -35 0 -79 35 0 -79
1 16 0 -8 -79.5 27 0 0 0 -1 0 0 0 -.5 rect2p.dat
2 24 -35 0 -79 35 0 -79
4 16 27 -8 -80 71.4286 -16 -80 -78.5714 -16 -80 -27 -8 -80
3 16 78.5714 -16 -80 71.4286 -16 -80 27 -8 -80
2 24 78.5714 -16 -80 71.4286 -16 -80
2 24 71.4286 -16 -80 -78.5714 -16 -80
2 24 80 -8 -80 80 -8 80
2 24 80 0 80 80 0 -80

0 // Top
4 16 -65 -36 -50 65 -36 -50 40 0 -40 -40 0 -40
4 16 40 0 -40 65 -36 -50 65 -36 50 40 0 40
4 16 -65 -36 -50 -75 -36 -60 75 -36 -60 65 -36 -50
4 16 65 -36 -50 75 -36 -60 75 -36 60 65 -36 50

0 BFC INVERTNEXT
1 16 -75 -36 -80 -3.5714 150 0 20 0 0 0 0 20 1-4cyli.dat
0 BFC INVERTNEXT
1 16 75 -36 -80 -3.5714 -7.1428 0 -20 0 0 0 0 20 1-4cyls2.dat