0 ~Electric Bluetooth Remote Control Direction Switch Quarter
0 Name: s\5583s01.dat
0 Author: Philippe Hurbain [Philo]
0 !LDRAW_ORG Unofficial_Subpart
0 !LICENSE Licensed under CC BY 4.0 : see CAreadme.txt

0 BFC CERTIFY CCW

1 16 0 0 1.5 22.5 0 0 0 0 -22.5 0 22.5 0 48\tm08o3333.dat
1 16 0 0 1.5 15.9099 0 -15.9099 -15.9099 0 -15.9099 0 22.5 0 48\tm12o3333.dat
1 16 0 0 1.5 22.5 0 0 0 0 22.5 0 22.5 0 48\tm16o3333.dat
1 16 20.7873 8.6104 1.5 6.9291 0.38268 0 2.87013 -0.92388 0 0 0 7.5 1-4chrd.dat
1 16 20.7873 8.6104 1.5 6.9291 0 0 2.87013 -1 0 0 0 7.5 1-4edge.dat
1 16 0 0 9 22.5 0 0 0 0 22.5 0 -1 0 48\1-16chrd.dat
1 16 0 0 9 22.5 0 0 0 0 -22.5 0 -1 0 48\5-24chrd.dat
2 24 5.7065 -27.0827 6.8033 6.3639 -27.2778 6.3639
2 24 7.6958 -28.3992 4.371 7.5882 -28.3223 4.532
2 24 7.6958 -28.3992 4.371 8.3151 -28.3835 3.4443
2 24 6.3639 -27.2778 6.3639 7.5891 -28.323 4.5306
2 24 8.3151 -28.3835 3.4443 8.7017 -28.6604 1.5
1 16 5.8234 -21.7333 1.5 0 -5.82343 1.94114 0 -0.88693 -7.24444 -7.5 0 0 1-4cyls2.dat
2 24 2.8703 -25.0687 8.4293 3.4443 -25.153 8.3151
2 24 2.8703 -25.0687 8.4293 0 -22.6203 9
2 24 5.7065 -27.0827 6.8033 3.4443 -25.153 8.3151
1 16 0 0 9 8 0 0 0 0 -8 0 -1 0 1-4ndis.dat
1 16 0 0 9 8 0 0 0 0 -8 0 -1 0 1-4edge.dat
4 16 0 -22.6203 9 5.823 -21.7328 9 8 -8 9 0 -8 9
4 16 8 -8 9 5.823 -21.7328 9 22.5 0 8.9993 19 0 9
2 24 19 0 9 8 0 9
2 24 19 0 9 20.7873 8.6104 9
3 16 20.7873 8.6104 9 19 0 9 22.5 0 8.9993
3 16 19 0 9 8 0 9 8 -8 9
2 24 9 -28.558 0 8.7017 -28.6591 1.5