0 ~Plant Flower Tulip - Half
0 Name: s\5903s02.dat
0 Author: Gerald Lasser [GeraldLasser]
0 !LDRAW_ORG Unofficial_Subpart
0 !LICENSE Licensed under CC BY 4.0 : see CAreadme.txt

0 BFC CERTIFY CCW

0 !HISTORY 2026-03-21 [Cheenzo] Rounded and merged triangles to quads

1 16 0 0 0 1 0 0 0 1 0 0 0 1 s\5903s01.dat
1 16 0 0 0 -.5 0 .86603 0 1 0 -.86603 0 -.5 s\5903s01.dat
1 16 0 0 0 .5 0 .86603 0 1 0 .86603 0 -.5 s\5903s01.dat

3 16 0 -8 4 0 -8.312 5.176 1.5308 -8 3.6956
3 16 1.5308 -8 3.6956 0 -8.312 5.176 3.088 -8.312 3.971
3 16 1.5308 -8 3.6956 3.088 -8.312 3.971 2.8284 -8 2.8284
3 16 2.8284 -8 2.8284 3.088 -8.312 3.971 4.3568 -8.312 2.5154
3 16 2.8284 -8 2.8284 4.3568 -8.312 2.5154 3.6956 -8 1.5308
3 16 3.6956 -8 1.5308 4.3568 -8.312 2.5154 4.983 -8.312 .6888
3 16 3.6956 -8 1.5308 4.983 -8.312 .6888 4 -8 0
3 16 4 -8 0 4.983 -8.312 .6888 4.4826 -8.312 -2.588
3 16 4 -8 0 4.4826 -8.312 -2.588 3.6956 -8 -1.5308
3 16 3.6956 -8 -1.5308 4.4826 -8.312 -2.588 2.8284 -8 -2.8284
3 16 2.8284 -8 -2.8284 4.4826 -8.312 -2.588 1.895 -8.312 -4.6598
3 16 2.8284 -8 -2.8284 1.895 -8.312 -4.6598 1.5308 -8 -3.6956
4 16 0 -8 -4 1.5308 -8 -3.6956 1.895 -8.312 -4.6598 0 -8.312 -5.03082
3 16 0 -22.705 2.195 0 -22.6 2 .686 -22.675 2.14
3 16 .686 -22.675 2.14 0 -22.6 2 .7654 -22.6 1.8478
3 16 .686 -22.675 2.14 .7654 -22.6 1.8478 1.43 -23.339 1.697
3 16 1.43 -23.339 1.697 .7654 -22.6 1.8478 1.4142 -22.6 1.4142
4 16 1.43 -23.339 1.697 1.4142 -22.6 1.4142 1.8478 -22.6 .7654 1.921 -23.737 1.1091
3 16 1.921 -23.737 1.1091 1.8478 -22.6 .7654 2.1847 -23.339 .3899
3 16 2.1847 -23.339 .3899 1.8478 -22.6 .7654 2 -22.6 0
3 16 2.1847 -23.339 .3899 2 -22.6 0 2.1963 -22.675 -.4759
3 16 2.1963 -22.675 -.4759 2 -22.6 0 1.8478 -22.6 -.7654
3 16 2.1963 -22.675 -.4759 1.8478 -22.6 -.7654 1.9009 -22.705 -1.0975
3 16 1.9009 -22.705 -1.0975 1.8478 -22.6 -.7654 1.4142 -22.6 -1.4142
3 16 1.9009 -22.705 -1.0975 1.4142 -22.6 -1.4142 1.5103 -22.675 -1.6641
3 16 1.5103 -22.675 -1.6641 1.4142 -22.6 -1.4142 .7654 -22.6 -1.8478
3 16 1.5103 -22.675 -1.6641 .7654 -22.6 -1.8478 .7547 -23.339 -2.0869
3 16 .7547 -23.339 -2.0869 .7654 -22.6 -1.8478 0 -23.737 -2.2182
3 16 0 -23.737 -2.2182 .7654 -22.6 -1.8478 0 -22.6 -2

5 24 4.983 -8.312 .6888 4.4826 -8.312 -2.588 4 -8 0 5.5876 -9.318 -3.226
5 24 6.1133 -10.831 -3.5295 6.419 -12.932 -3.706 6.1409 -10.888 .9983 2.2059 -10.888 -5.8173
5 24 4.4826 -8.312 -2.588 5.5876 -9.318 -3.226 4.983 -8.312 .6888 1.895 -8.312 -4.6598
5 24 4.3568 -8.312 2.5154 4.983 -8.312 .6888 5.8827 -9.381 .8991 3.6956 -8 1.5308
5 24 3.6956 -8 -1.5308 4.4826 -8.312 -2.588 4 -8 0 2.8284 -8 -2.8284
5 24 .686 -22.675 2.14 0 -22.6 2 0 -22.705 2.195 .7654 -22.6 1.8478
5 24 1.5308 -8 -3.6956 1.895 -8.312 -4.6598 2.8284 -8 -2.8284 0 -8.312 -5.03082
5 24 4 -8 0 4.983 -8.312 .6888 3.6956 -8 1.5308 4.4826 -8.312 -2.588
5 24 5.2806 -10.892 3.0488 5.1037 -9.396 2.9467 6.1409 -10.888 .9983 3.935 -10.888 4.819
5 24 3.6956 -8 1.5308 4.983 -8.312 .6888 4.3568 -8.312 2.5154 4 -8 0
5 24 2.8284 -8 2.8284 4.3568 -8.312 2.5154 3.6956 -8 1.5308 3.088 -8.312 3.971
5 24 4 -8 0 4.4826 -8.312 -2.588 4.983 -8.312 .6888 3.6956 -8 -1.5308
5 24 3.1853 -23.341 -1.839 1.9009 -22.705 -1.0975 3.2956 -22.784 -.2399 1.8556 -22.784 -2.7341
5 24 5.347 -14.033 3.0871 5.3357 -12.47 3.0806 5.4994 -14.026 2.8432 5.212 -14.026 3.341
5 24 3.088 -8.312 3.971 4.3568 -8.312 2.5154 3.72 -9.381 4.645 2.8284 -8 2.8284
5 24 2.1963 -22.675 -.4759 1.8478 -22.6 -.7654 2 -22.6 0 1.9009 -22.705 -1.0975
5 24 1.4142 -22.6 -1.4142 1.9009 -22.705 -1.0975 1.8478 -22.6 -.7654 1.5103 -22.675 -1.6641
5 24 6.4069 -15.087 -3.699 5.4586 -20.086 -3.1515 3.6086 -20.151 -4.5498 5.7446 -20.151 -.8502
5 24 2.8284 -8 2.8284 3.088 -8.312 3.971 1.5308 -8 3.6956 4.3568 -8.312 2.5154
5 24 1.43 -23.339 1.697 .7654 -22.6 1.8478 .686 -22.675 2.14 1.4142 -22.6 1.4142
5 24 4.3024 -23.85 -2.484 3.1853 -23.341 -1.839 4.5719 -23.651 -1.6453 3.7109 -23.651 -3.1367
5 24 1.921 -23.737 1.1091 1.8478 -22.6 .7654 2.1847 -23.339 .3899 1.4142 -22.6 1.4142
5 24 0 -23.737 -2.2182 .7654 -22.6 -1.8478 .7547 -23.339 -2.0869 0 -22.6 -2
5 24 1.5103 -22.675 -1.6641 .7654 -22.6 -1.8478 1.4142 -22.6 -1.4142 .7547 -23.339 -2.0869
5 24 1.9009 -22.705 -1.0975 1.8478 -22.6 -.7654 2.1963 -22.675 -.4759 1.4142 -22.6 -1.4142
5 24 4.4826 -8.312 -2.588 2.8284 -8 -2.8284 3.6956 -8 -1.5308 1.895 -8.312 -4.6598
5 24 2.8991 -23.622 1.6738 4.2598 -20.613 2.4594 3.694 -20.689 2.901 4.3594 -20.689 1.7486
5 24 5.5876 -9.318 -3.226 6.1133 -10.831 -3.5295 2.1627 -9.381 -5.5441 5.8827 -9.381 .8991
5 24 5.1037 -9.396 2.9467 4.3568 -8.312 2.5154 3.72 -9.381 4.645 5.8827 -9.381 .8991
5 24 1.921 -23.737 1.1091 2.8991 -23.622 1.6738 3.1796 -23.284 .7612 2.249 -23.284 2.373
5 24 5.4586 -20.086 -3.1515 4.3024 -23.85 -2.484 4.5719 -23.651 -1.6453 3.7109 -23.651 -3.1367
5 24 1.5308 -8 3.6956 0 -8.312 5.176 0 -8 4 3.088 -8.312 3.971
5 24 2.1847 -23.339 .3899 1.8478 -22.6 .7654 2 -22.6 0 1.921 -23.737 1.1091
5 24 2.1847 -23.339 .3899 2 -22.6 0 1.8478 -22.6 .7654 2.1963 -22.675 -.4759
5 24 6.419 -12.932 -3.706 6.4069 -15.087 -3.699 6.4504 -15.036 .1084 3.1314 -15.036 -5.6404
5 24 5.3357 -12.47 3.0806 5.2806 -10.892 3.0488 6.1375 -12.711 1.2624 4.162 -12.711 4.684
5 24 2.1963 -22.675 -.4759 2 -22.6 0 2.1847 -23.339 .3899 1.8478 -22.6 -.7654
5 24 3.6956 -8 1.5308 4.3568 -8.312 2.5154 4.983 -8.312 .6888 2.8284 -8 2.8284
5 24 1.5103 -22.675 -1.6641 1.4142 -22.6 -1.4142 1.9009 -22.705 -1.0975 .7654 -22.6 -1.8478
5 24 1.4142 -22.6 1.4142 1.43 -23.339 1.697 .7654 -22.6 1.8478 1.921 -23.737 1.1091
5 24 3.088 -8.312 3.971 1.5308 -8 3.6956 0 -8.312 5.176 2.8284 -8 2.8284
5 24 1.895 -8.312 -4.6598 0 -8.312 -5.03082 2.1627 -9.381 -5.5441 1.5308 -8 -3.6956
5 24 .7547 -23.339 -2.0869 .7654 -22.6 -1.8478 1.5103 -22.675 -1.6641 0 -23.737 -2.2182
5 24 2.8284 -8 -2.8284 1.895 -8.312 -4.6598 4.4826 -8.312 -2.588 1.5308 -8 -3.6956
5 24 4.2598 -20.613 2.4594 4.616 -17.26 2.6651 4.812 -17.201 2.3626 4.452 -17.201 2.986
5 24 .686 -22.675 2.14 .7654 -22.6 1.8478 0 -22.6 2 1.43 -23.339 1.697
5 24 4.4826 -8.312 -2.588 1.895 -8.312 -4.6598 5.5876 -9.318 -3.226 2.8284 -8 -2.8284
5 24 4.616 -17.26 2.6651 5.347 -14.033 3.0871 4.812 -17.201 2.3626 4.452 -17.201 2.986
5 24 3.088 -8.312 3.971 0 -8.312 5.176 0 -9.318 6.452 0 -8 4