0 ~Dish  8 x  8  Inverted No Studs with Hinge Locking with Two Dual Fingers - without Patternable Surfaces - 1/8th With Hinges
0 Name: s\5950s03.dat
0 Author: Gerald Lasser [GeraldLasser]
0 !LDRAW_ORG Unofficial_Subpart
0 !LICENSE Licensed under CC BY 4.0 : see CAreadme.txt

0 BFC CERTIFY CCW

1 16 0 0 0 1 0 0 0 1 0 0 0 1 s\5950s04.dat

0 // Bottom
4 16 76 6 10 80 6 0 76.25 6 0 75.6928 6 8.4553
3 16 80 6 11.5 80 6 0 76 6 10
3 16 80 6 16.5 80 6 11.5 76 6 10
4 16 75.5434 6 12.2962 80 6 23.5 80 6 16.5 76 6 10
4 16 76 6 25.7574 80 6 28.5 80 6 23.5 75.5434 6 12.2962
3 16 74.9523 6 13.1807 73.6499 6 19.7335 74.2426 6 25.7574
3 16 73.6499 6 19.7335 72.2962 6 24.4566 74.2426 6 25.7574
4 16 74.9523 6 13.1807 74.2426 6 25.7574 76 6 25.7574 75.5434 6 12.2962
4 16 70 6 36 69.28 6 40 80 6 40 76 6 36
3 16 76 6 36 80 6 40 76 6 30
4 16 80 6 28.5 76 6 25.7574 76 6 30 80 6 40
2 24 69.28 6 40 80 6 40

0 // Stud Cutout
0 BFC INVERTNEXT
1 16 70 6 30 0 0 6 0 -5 0 6 0 0 3-8cylo.dat
1 16 70 6 30 0 0 6 0 -5 0 6 0 0 1-4ndis.dat
1 16 70 6 30 6 0 0 0 -5 0 0 0 -6 1-8tndis.dat
1 16 70 1 30 0 0 6 0 -5 0 6 0 0 3-8chrd.dat

0 // Clip Box
4 16 80 -2 28.5 80 -2 40 63.1539 -2 36.463 67.3763 -2 27.9088
3 16 63.1539 -2 36.463 80 -2 40 60.7937 -2 40
3 16 60.7937 -2 40 80 -2 40 69.28 1.25 40
4 16 69.28 6 40 69.28 1.25 40 80 -2 40 80 6 40
1 16 80 2 20 0 -1 0 4 0 0 0 0 3.5 rect.dat
1 16 80 2 5.75 0 -1 0 4 0 0 0 0 5.75 rect3.dat
1 16 80 2 34.25 0 -1 0 0 0 -4 5.75 0 0 rect.dat
4 16 80 -2 0 80 -2 11.5 72.2988 -2 9.5168 72.926 -2 0
3 16 80 -2 16.5 80 -2 23.5 70.4392 -2 18.8732
4 16 67.3763 -2 27.9088 70.4392 -2 18.8732 80 -2 23.5 80 -2 28.5
4 16 70.4392 -2 18.8732 72.2988 -2 9.5168 80 -2 11.5 80 -2 16.5
2 24 69.28 1.25 40 60.7937 -2 40
2 24 69.28 6 40 69.28 1.25 40
2 24 80 -2 28.5 80 -2 23.5
2 24 80 -2 40 60.7937 -2 40
2 24 63.1539 -2 36.463 60.7937 -2 40
2 24 63.1539 -2 36.463 67.3763 -2 27.9088
2 24 67.3763 -2 27.9088 70.4392 -2 18.8732
2 24 70.4392 -2 18.8732 72.2988 -2 9.5168
2 24 72.2988 -2 9.5168 72.926 -2 0

0 // Clips
1 16 86 0 20 0 0 1 0 1 0 1 0 0 clh10.dat
3 16 80 6 16.5 80.8 6 16 80 6 11.5
1 16 85.2 -6 13.75 0 0 -.8 0 1 0 2.25 0 0 rect3.dat
4 16 80 -2 11.5 80 6 11.5 86 6 11.5 86 -6 11.5
3 16 84.4 -6 11.5 80 -2 11.5 86 -6 11.5
4 16 80 6 16.5 80 -2 16.5 80.8 -2.7273 16 80.8 6 16
4 16 80.8 6 16 80.8 -2.7273 16 84.4 -6 16 86 6 16
3 16 84.4 -6 16 86 -6 16 86 6 16
4 16 86 6 11.5 80 6 11.5 80.8 6 16 86 6 16
3 16 80.8 -2.7273 16 80 -2 16.5 80 -2 11.5
4 16 80 -2 11.5 84.4 -6 11.5 84.4 -6 16 80.8 -2.7273 16
2 24 80 -2 16.5 80.8 -2.7273 16
2 24 84.4 -6 16 80.8 -2.7273 16
2 24 80.8 -2.7273 16 80.8 6 16
2 24 80 6 16.5 80.8 6 16
2 24 86 6 16 80.8 6 16
2 24 80 -2 11.5 84.4 -6 11.5
2 24 80 6 11.5 86 6 11.5
2 24 80 -2 16.5 80 -2 11.5

1 16 86 0 20 0 0 1 0 1 0 -1 0 0 clh10.dat
3 16 80.8 6 24 80 6 23.5 80 6 28.5
1 16 85.2 -6 26.25 0 0 -.8 0 1 0 -2.25 0 0 rect3.dat
4 16 86 6 28.5 80 6 28.5 80 -2 28.5 86 -6 28.5
3 16 80 -2 28.5 84.4 -6 28.5 86 -6 28.5
4 16 80.8 -2.7273 24 80 -2 23.5 80 6 23.5 80.8 6 24
4 16 84.4 -6 24 80.8 -2.7273 24 80.8 6 24 86 6 24
3 16 86 -6 24 84.4 -6 24 86 6 24
4 16 80.8 6 24 80 6 28.5 86 6 28.5 86 6 24
3 16 80 -2 23.5 80.8 -2.7273 24 80 -2 28.5
4 16 84.4 -6 24 84.4 -6 28.5 80 -2 28.5 80.8 -2.7273 24
2 24 80.8 -2.7273 24 80 -2 23.5
2 24 80.8 -2.7273 24 84.4 -6 24
2 24 80.8 6 24 80.8 -2.7273 24
2 24 80.8 6 24 80 6 23.5
2 24 80.8 6 24 86 6 24
2 24 84.4 -6 28.5 80 -2 28.5
2 24 86 6 28.5 80 6 28.5

0 // Outside Condlines
5 24 57.8595 -2 44.3973 60.7937 -2 40 63.472 1.25 48.704 47.1621 -7.645 36.1889
