0 ~Sticker  1.2 x  3.8 with White 'LL929' Left Front Stripe - Text with Outerbox
0 Name: s\6074343as02.dat
0 Author: Massimo Maso [Sirio]
0 !LDRAW_ORG Unofficial_Subpart
0 !LICENSE Licensed under CC BY 4.0 : see CAreadme.txt

0 BFC CERTIFY CCW

0 // White text "LL 929"
0 // Letter "Ll929"
4 15 -22 0 1.3 -22 0 7.1 -24.5 0 7.1 -24.5 0 -.7
4 15 -22 0 1.3 -24.5 0 -.7 -16.5 0 -.7 -16.5 0 1.3
0 // Letter "lL929"
4 15 -13.2 0 1.3 -13.2 0 7.1 -15.7 0 7.1 -15.7 0 -.7
4 15 -13.2 0 1.3 -15.7 0 -.7 -7.7 0 -.7 -7.7 0 1.3
0 // Number "9"
0 // Primitives
1 16 -3.4 0 5.1 -2 0 0 0 1 0 0 0 2 1-4ndis.dat
1 15 -3.4 0 5.1 -2 0 0 0 1 0 0 0 2 1-4chrd.dat
1 16 2.1 0 5.1 2 0 0 0 1 0 0 0 2 1-4ndis.dat
1 15 2.1 0 5.1 2 0 0 0 1 0 0 0 2 1-4chrd.dat
1 15 -2.45 0 4.65 0 0 -.45 0 1 0 .45 0 0 2-4ndis.dat
1 16 -2.45 0 4.65 0 0 -.45 0 1 0 .45 0 0 2-4chrd.dat
1 15 2.1 0 4.65 0 0 .45 0 1 0 .45 0 0 2-4ndis.dat
1 16 2.1 0 4.65 0 0 .45 0 1 0 .45 0 0 2-4chrd.dat
1 15 -3.4 0 4.2 -2 0 0 0 1 0 0 0 -2 1-4chrd.dat
1 16 -3.4 0 4.2 -2 0 0 0 1 0 0 0 -2 1-4ndis.dat
1 16 -2.45 0 1.75 -.45 0 0 0 1 0 0 0 -.45 1-4chrd.dat
1 15 -2.45 0 1.75 -.45 0 0 0 1 0 0 0 -.45 1-4ndis.dat
1 16 2.1 0 1.75 .45 0 0 0 1 0 0 0 -.45 1-4chrd.dat
1 15 2.1 0 1.75 .45 0 0 0 1 0 0 0 -.45 1-4ndis.dat
1 15 -3.4 0 1.3 -2 0 0 0 1 0 0 0 -2 1-4chrd.dat
1 16 -3.4 0 1.3 -2 0 0 0 1 0 0 0 -2 1-4ndis.dat
1 15 2.1 0 1.3 2 0 0 0 1 0 0 0 -2 1-4chrd.dat
1 16 2.1 0 1.3 2 0 0 0 1 0 0 0 -2 1-4ndis.dat
0 // Faces
4 15 -5.4 0 1.75 -5.4 0 1.3 -2.9 0 1.3 -2.9 0 1.75
3 15 -2.9 0 1.3 -5.4 0 1.3 -3.4 0 -.7
4 15 -2.9 0 1.3 -3.4 0 -.7 2.1 0 -.7 -2.45 0 1.3
3 15 -2.45 0 1.3 2.1 0 -.7 2.1 0 1.3
3 15 2.1 0 1.3 2.1 0 -.7 2.55 0 1.3
3 15 2.55 0 1.3 2.1 0 -.7 4.1 0 1.3
4 15 4.1 0 5.1 2.55 0 1.75 2.55 0 1.3 4.1 0 1.3
3 15 2.55 0 1.75 4.1 0 5.1 2.55 0 2.2
3 15 2.55 0 2.2 4.1 0 5.1 2.55 0 4.2
4 15 2.55 0 4.2 2.1 0 4.2 -3.4 0 2.2 2.55 0 2.2
3 15 -3.4 0 2.2 2.1 0 4.2 -2.45 0 4.2
3 15 -3.4 0 2.2 -2.45 0 4.2 -2.9 0 4.2
4 15 -2.9 0 4.65 -5.4 0 4.2 -3.4 0 2.2 -2.9 0 4.2
4 15 -5.4 0 4.2 -2.9 0 4.65 -2.9 0 5.1 -5.4 0 5.1
3 15 -5.4 0 5.1 -2.9 0 5.1 -3.4 0 7.1
3 15 -3.4 0 7.1 -2.9 0 5.1 -2.45 0 5.1
4 15 -2.45 0 5.1 2.1 0 5.1 2.1 0 7.1 -3.4 0 7.1
3 15 2.1 0 7.1 2.1 0 5.1 2.55 0 5.1
3 15 2.1 0 7.1 2.55 0 5.1 4.1 0 5.1
3 15 4.1 0 5.1 2.55 0 5.1 2.55 0 4.65
3 15 4.1 0 5.1 2.55 0 4.65 2.55 0 4.2
0 // Number "2"
0 // Primitives
1 16 6.8 0 5.1 -2 0 0 0 1 0 0 0 2 1-4ndis.dat
1 15 6.8 0 5.1 -2 0 0 0 1 0 0 0 2 1-4chrd.dat
1 16 12.3 0 5.1 2 0 0 0 1 0 0 0 2 1-4ndis.dat
1 15 12.3 0 5.1 2 0 0 0 1 0 0 0 2 1-4chrd.dat
1 16 7.75 0 4.65 -.45 0 0 0 1 0 0 0 .45 1-4chrd.dat
1 15 7.75 0 4.65 -.45 0 0 0 1 0 0 0 .45 1-4ndis.dat
1 16 12.3 0 4.65 0 0 .45 0 1 0 .45 0 0 2-4chrd.dat
1 15 12.3 0 4.65 0 0 .45 0 1 0 .45 0 0 2-4ndis.dat
1 15 12.3 0 4.2 2 0 0 0 1 0 0 0 -2 1-4chrd.dat
1 16 12.3 0 4.2 2 0 0 0 1 0 0 0 -2 1-4ndis.dat
1 16 6.8 0 1.75 -2 0 0 0 1 0 0 0 2 1-4ndis.dat
1 15 6.8 0 1.75 -2 0 0 0 1 0 0 0 2 1-4chrd.dat
1 16 7.75 0 1.3 -.45 0 0 0 1 0 0 0 .45 1-4chrd.dat
1 15 7.75 0 1.3 -.45 0 0 0 1 0 0 0 .45 1-4ndis.dat
0 // Faces
4 15 4.8 0 5.1 4.8 0 4.65 7.3 0 4.65 7.3 0 5.1
3 15 6.8 0 7.1 4.8 0 5.1 7.3 0 5.1
4 15 7.3 0 5.1 7.75 0 5.1 12.3 0 7.1 6.8 0 7.1
3 15 12.3 0 7.1 7.75 0 5.1 12.3 0 5.1
3 15 12.3 0 7.1 12.3 0 5.1 12.75 0 5.1
3 15 12.3 0 7.1 12.75 0 5.1 14.3 0 5.1
4 15 14.3 0 4.2 14.3 0 5.1 12.75 0 5.1 12.75 0 4.65
3 15 14.3 0 4.2 12.75 0 4.65 12.75 0 4.2
3 15 14.3 0 4.2 12.75 0 4.2 12.3 0 2.2
4 15 7.75 0 1.75 12.3 0 2.2 12.75 0 4.2 12.3 0 4.2
4 15 12.3 0 4.2 6.8 0 3.75 7.3 0 1.75 7.75 0 1.75
4 15 4.8 0 -.7 7.3 0 1.75 6.8 0 3.75 4.8 0 1.75
3 15 7.3 0 1.75 4.8 0 -.7 7.3 0 1.3
4 15 4.8 0 -.7 14.3 0 -.7 14.3 0 1.3 7.3 0 1.3
0 // Number "9"
0 // Primitives
1 16 17 0 5.1 -2 0 0 0 1 0 0 0 2 1-4ndis.dat
1 15 17 0 5.1 -2 0 0 0 1 0 0 0 2 1-4chrd.dat
1 16 22.5 0 5.1 2 0 0 0 1 0 0 0 2 1-4ndis.dat
1 15 22.5 0 5.1 2 0 0 0 1 0 0 0 2 1-4chrd.dat
1 16 17.95 0 4.65 0 0 -.45 0 1 0 .45 0 0 2-4chrd.dat
1 15 17.95 0 4.65 0 0 -.45 0 1 0 .45 0 0 2-4ndis.dat
1 16 22.5 0 4.65 0 0 .45 0 1 0 .45 0 0 2-4chrd.dat
1 15 22.5 0 4.65 0 0 .45 0 1 0 .45 0 0 2-4ndis.dat
1 15 17 0 4.2 -2 0 0 0 1 0 0 0 -2 1-4chrd.dat
1 16 17 0 4.2 -2 0 0 0 1 0 0 0 -2 1-4ndis.dat
1 16 17.95 0 1.75 -.45 0 0 0 1 0 0 0 -.45 1-4chrd.dat
1 15 17.95 0 1.75 -.45 0 0 0 1 0 0 0 -.45 1-4ndis.dat
1 16 22.5 0 1.75 .45 0 0 0 1 0 0 0 -.45 1-4chrd.dat
1 15 22.5 0 1.75 .45 0 0 0 1 0 0 0 -.45 1-4ndis.dat
1 15 17 0 1.3 -2 0 0 0 1 0 0 0 -2 1-4chrd.dat
1 16 17 0 1.3 -2 0 0 0 1 0 0 0 -2 1-4ndis.dat
1 15 22.5 0 1.3 2 0 0 0 1 0 0 0 -2 1-4chrd.dat
1 16 22.5 0 1.3 2 0 0 0 1 0 0 0 -2 1-4ndis.dat
0 // Faces
4 15 15 0 1.75 15 0 1.3 17.5 0 1.3 17.5 0 1.75
3 15 17.5 0 1.3 15 0 1.3 17 0 -.7
4 15 17.5 0 1.3 17 0 -.7 22.5 0 -.7 17.95 0 1.3
3 15 17.95 0 1.3 22.5 0 -.7 22.5 0 1.3
3 15 22.5 0 1.3 22.5 0 -.7 22.95 0 1.3
3 15 22.95 0 1.3 22.5 0 -.7 24.5 0 1.3
4 15 24.5 0 5.1 22.95 0 1.75 22.95 0 1.3 24.5 0 1.3
3 15 22.95 0 1.75 24.5 0 5.1 22.95 0 2.2
3 15 22.95 0 2.2 24.5 0 5.1 22.95 0 4.2
4 15 22.95 0 4.2 22.5 0 4.2 17 0 2.2 22.95 0 2.2
3 15 17 0 2.2 22.5 0 4.2 17.95 0 4.2
3 15 17 0 2.2 17.95 0 4.2 17.5 0 4.2
4 15 17.5 0 4.65 15 0 4.2 17 0 2.2 17.5 0 4.2
4 15 15 0 4.2 17.5 0 4.65 17.5 0 5.1 15 0 5.1
3 15 15 0 5.1 17.5 0 5.1 17 0 7.1
3 15 17 0 7.1 17.5 0 5.1 17.95 0 5.1
4 15 17.95 0 5.1 22.5 0 5.1 22.5 0 7.1 17 0 7.1
3 15 22.5 0 7.1 22.5 0 5.1 22.95 0 5.1
3 15 22.5 0 7.1 22.95 0 5.1 24.5 0 5.1
3 15 24.5 0 5.1 22.95 0 5.1 22.95 0 4.65
3 15 24.5 0 5.1 22.95 0 4.65 22.95 0 4.2
0 // Neutral faces
4 16 -2.45 0 5.1 -2.45 0 4.2 2.1 0 4.2 2.1 0 5.1
4 16 2.55 0 1.75 -2.9 0 1.75 -2.45 0 1.3 2.1 0 1.3
4 16 2.55 0 2.2 -3.4 0 2.2 -2.9 0 1.75 2.55 0 1.75
4 16 22.95 0 1.75 17.5 0 1.75 17.95 0 1.3 22.5 0 1.3
4 16 22.95 0 2.2 17 0 2.2 17.5 0 1.75 22.95 0 1.75
3 16 12.3 0 5.1 7.75 0 5.1 12.3 0 4.2
3 16 7.75 0 5.1 7.3 0 4.65 12.3 0 4.2
4 16 6.8 0 3.75 12.3 0 4.2 7.3 0 4.65 4.8 0 4.65
3 16 4.8 0 7.1 6.8 0 7.1 26.5 0 8.4
4 16 4.1 0 5.1 4.8 0 5.1 4.8 0 7.1 4.1 0 7.1
3 16 12.3 0 7.1 14.3 0 7.1 26.5 0 8.4
4 16 15 0 5.1 15 0 7.1 14.3 0 7.1 14.3 0 5.1
3 16 17 0 7.1 26.5 0 8.4 15 0 7.1
3 16 24.5 0 -.7 22.5 0 -.7 26.5 0 -2
4 16 26.5 0 -2 26.5 0 4 24.5 0 1.3 24.5 0 -.7
4 16 26.5 0 8.4 24.5 0 7.1 24.5 0 5.1 26.5 0 4
3 16 22.5 0 7.1 24.5 0 7.1 26.5 0 8.4
4 16 26.5 0 8.4 -26.5 0 8.4 -3.4 0 7.1 2.1 0 7.1
3 16 -5.4 0 5.1 -5.4 0 7.1 -7.7 0 1.3
3 16 -5.4 0 -.7 -5.4 0 1.3 -7.7 0 -.7
3 16 -3.4 0 -.7 -5.4 0 -.7 -26.5 0 -2
4 16 -26.5 0 -2 26.5 0 -2 2.1 0 -.7 -3.4 0 -.7
4 16 12.3 0 2.2 7.75 0 1.75 7.3 0 1.3 14.3 0 1.3
4 16 15 0 -.7 15 0 1.3 14.3 0 1.3 14.3 0 -.7
4 16 14.3 0 4.2 15 0 4.2 15 0 5.1 14.3 0 5.1
3 16 4.8 0 4.65 4.8 0 5.1 4.1 0 5.1
4 16 4.1 0 -.7 4.8 0 -.7 4.8 0 1.75 4.1 0 1.3
4 16 -22 0 7.1 -22 0 1.3 -16.5 0 1.3 -15.7 0 7.1
4 16 -13.2 0 7.1 -13.2 0 1.3 -7.7 0 1.3 -5.4 0 7.1
4 16 -15.7 0 -.7 -15.7 0 7.1 -16.5 0 1.3 -16.5 0 -.7
3 16 -5.4 0 5.1 -7.7 0 1.3 -5.4 0 4.2
4 16 -5.4 0 1.3 -5.4 0 1.75 -7.7 0 1.3 -7.7 0 -.7
3 16 2.1 0 7.1 4.1 0 7.1 26.5 0 8.4
3 16 -26.5 0 8.4 -5.4 0 7.1 -3.4 0 7.1
3 16 -26.5 0 8.4 -13.2 0 7.1 -5.4 0 7.1
3 16 -26.5 0 8.4 -15.7 0 7.1 -13.2 0 7.1
3 16 -26.5 0 8.4 -22 0 7.1 -15.7 0 7.1
3 16 -26.5 0 8.4 -24.5 0 7.1 -22 0 7.1
4 16 -24.5 0 7.1 -26.5 0 8.4 -26.5 0 4 -24.5 0 -.7
3 16 -26.5 0 4 -26.5 0 -2 -24.5 0 -.7
3 16 -16.5 0 -.7 -24.5 0 -.7 -26.5 0 -2
3 16 -15.7 0 -.7 -16.5 0 -.7 -26.5 0 -2
3 16 -7.7 0 -.7 -15.7 0 -.7 -26.5 0 -2
3 16 -5.4 0 -.7 -7.7 0 -.7 -26.5 0 -2
3 16 26.5 0 -2 4.1 0 -.7 2.1 0 -.7
3 16 26.5 0 -2 4.8 0 -.7 4.1 0 -.7
3 16 26.5 0 -2 14.3 0 -.7 4.8 0 -.7
3 16 15 0 -.7 14.3 0 -.7 26.5 0 -2
3 16 17 0 -.7 15 0 -.7 26.5 0 -2
3 16 22.5 0 -.7 17 0 -.7 26.5 0 -2
3 16 4.1 0 7.1 4.8 0 7.1 26.5 0 8.4
3 16 6.8 0 7.1 12.3 0 7.1 26.5 0 8.4
3 16 14.3 0 7.1 15 0 7.1 26.5 0 8.4
3 16 26.5 0 8.4 17 0 7.1 22.5 0 7.1
3 16 24.5 0 5.1 24.5 0 1.3 26.5 0 4
3 16 -5.4 0 1.75 -5.4 0 2.2 -7.7 0 1.3
3 16 -7.7 0 1.3 -5.4 0 2.2 -5.4 0 4.2
4 16 -2.9 0 1.75 -3.4 0 2.2 -5.4 0 2.2 -5.4 0 1.75
3 16 4.8 0 4.65 4.8 0 3.75 6.8 0 3.75
4 16 17.95 0 5.1 17.95 0 4.2 22.5 0 4.2 22.5 0 5.1
4 16 15 0 2.2 15 0 1.75 17.5 0 1.75 17 0 2.2
4 16 15 0 4.2 14.3 0 4.2 14.3 0 2.2 15 0 2.2
4 16 14.3 0 2.2 12.3 0 2.2 14.3 0 1.3 15 0 1.3
3 16 14.3 0 2.2 15 0 1.75 15 0 2.2
3 16 15 0 1.75 14.3 0 2.2 15 0 1.3
3 16 4.8 0 3.75 4.1 0 1.3 4.8 0 1.75
4 16 4.1 0 5.1 4.1 0 1.3 4.8 0 3.75 4.8 0 4.65