0 ~Sticker  3.0 x  6.8 with Porsche Bag Print (Half)
0 Name: s\6154914gs01.dat
0 Author: Jens Brühl [jb70]
0 !LDRAW_ORG Unofficial_Subpart
0 !LICENSE Licensed under CC BY 4.0 : see CAreadme.txt

0 BFC CERTIFY CCW

1 25 -23 -.25 36.5 -3 0 0 0 1 0 0 0 3 3-16chrd.dat
1 25 -65 -.25 7.5 -3 0 0 0 1 0 0 0 3 1-4chrd.dat
1 25 -65 -.25 -8.5 -3 0 0 0 1 0 0 0 -3 1-4chrd.dat
1 25 -36 -.25 -12.5 1 0 0 0 1 0 0 0 1 1-4ndis.dat
1 25 -32 -.25 -17.5 -3 0 0 0 1 0 0 0 -3 1-4chrd.dat
4 0 -22.4 -.25 -4.3 -23.6 -.25 -1.8 -23.6 -.25 -20.5 -22.4 -.25 -20.5
4 0 -17.1 -.25 -20.5 -17.1 -.25 -1.8 -18.3 -.25 -4.3 -18.3 -.25 -20.5
4 0 -27.461 -.25 19.4 -27.578 -.25 19 -23.6 -.25 19 -23.6 -.25 19.4
3 0 -23.6 -.25 19 -23.6 -.25 13.6 -22.4 -.25 13.6
4 0 -22.4 -.25 39.5 -23.562 -.25 39.388 -23.6 -.25 19.4 -22.4 -.25 13.6
3 0 -23.6 -.25 19.4 -23.6 -.25 19 -22.4 -.25 13.6
3 0 -17.092 -.25 19 -18.292 -.25 13.6 -17.1 -.25 13.6
4 0 -17.092 -.25 19.4 -17.092 -.25 39.5 -18.292 -.25 39.5 -18.292 -.25 13.6
3 0 -17.092 -.25 19.4 -18.292 -.25 13.6 -17.092 -.25 19
3 0 -23 -.25 39.5 -23.562 -.25 39.388 -22.4 -.25 39.5
4 25 -68 -.25 7.5 -68 -.25 -8.5 -65 -.25 -11.5 -65 -.25 10.5
4 25 -65 -.25 10.5 -65 -.25 -11.5 -36 -.25 -11.5 -38.1 -.25 10.5
4 25 -35.333 -.25 10.878 -38.1 -.25 10.5 -36 -.25 -11.5 -35 -.25 -11.5
4 25 -32 -.25 -20.5 -23.6 -.25 -20.5 -23.6 -.25 -1.8 -35 -.25 -17.5
4 25 -27.9 -.25 17.9 -28.925 -.25 15.604 -23.6 -.25 13.6 -23.6 -.25 19
3 25 -27.578 -.25 19 -27.9 -.25 17.9 -23.6 -.25 19
4 25 -23.562 -.25 39.388 -24.1481 -.25 39.2717 -26 -.25 36.5 -26 -.25 32.5
4 25 -23.562 -.25 39.388 -26 -.25 32.5 -26.089 -.25 29.547 -23.6 -.25 19.4
3 25 -26.089 -.25 29.547 -26.279 -.25 26.598 -23.6 -.25 19.4
3 25 -23.6 -.25 19.4 -26.279 -.25 26.598 -26.586 -.25 23.653
3 25 -23.6 -.25 19.4 -26.586 -.25 23.653 -27.066 -.25 20.748
3 25 -23.6 -.25 19.4 -27.066 -.25 20.748 -27.461 -.25 19.4
4 25 -17.1 -.25 -20.5 -8.44 -.25 -11.5 -8.44 -.25 6.5 -17.1 -.25 -1.8
3 25 -35 -.25 -17.5 -23.6 -.25 -1.8 -35 -.25 -12.5
3 25 -35 -.25 -12.5 -23.6 -.25 -1.8 -35 -.25 -11.5
4 25 -23.6 -.25 -1.8 -32.67 -.25 11.9 -35.333 -.25 10.878 -35 -.25 -11.5
3 25 -28.925 -.25 15.604 -30.544 -.25 13.485 -23.6 -.25 13.6
3 25 -23.6 -.25 13.6 -30.544 -.25 13.485 -32.67 -.25 11.9