0 ~Sticker  1.8 x  1.8 Triangular with White Logos on Black Background Right - Logo NGK
0 Name: s\6218812es02.dat
0 Author: Massimo Maso [Sirio]
0 !LDRAW_ORG Unofficial_Subpart
0 !LICENSE Licensed under CC BY 4.0 : see CAreadme.txt

0 !HELP Exact dimensions X = 15.73; Z = 8.2
0 !HELP Logo used only in set 75885. Some simplifications and the outerbox is made symmetrical.

0 BFC CERTIFY CCW

0 // Logo primitives
1 15 0 0 1.25 .57 0 0 0 1 0 0 0 .57 logo-ngk-text.dat
1 16 0 0 1.25 .57 0 0 0 1 0 0 0 .57 logo-ngk-text-box.dat
1 15 -.05 0 -3.0475 1 0 0 0 1 0 0 0 1 logo-ngk-spark-plugs-text.dat
1 16 -.05 0 -3.0475 1 0 0 0 1 0 0 0 1 logo-ngk-spark-plugs-text-box.dat
0 // Complementary faces
3 16 -7.865 0 4.1 -7.6551 0 3.8435 -7.6551 0 4.1
4 16 -7.865 0 4.1 -7.865 0 -1.6 -7.6551 0 -1.3435 -7.6551 0 3.8435
3 16 7.865 0 4.1 6.8628 0 4.1 7.6551 0 3.0683
4 16 7.865 0 4.1 7.6551 0 3.0683 7.6551 0 -.5683 7.865 0 -1.6
4 16 -7.6551 0 -1.6 -7.6551 0 -1.3435 -7.865 0 -1.6 -7.85 0 -2.0475
3 16 -7.6551 0 -1.6 -7.85 0 -2.0475 -4.05 0 -2.0475
4 16 -7.6551 0 -1.6 -4.05 0 -2.0475 -.05 0 -2.0475 0 0 -1.6
4 16 6.8628 0 -1.6 7.75 0 -2.0475 7.865 0 -1.6 7.6551 0 -.5683
3 16 6.8628 0 -1.6 3.95 0 -2.0475 7.75 0 -2.0475
4 16 6.8628 0 -1.6 0 0 -1.6 -.05 0 -2.0475 3.95 0 -2.0475
4 16 -7.865 0 -1.6 -7.865 0 -4.1 -7.85 0 -4.0475 -7.85 0 -2.0475
3 16 -7.865 0 -4.1 -4.05 0 -4.0475 -7.85 0 -4.0475
3 16 -7.865 0 -4.1 -.05 0 -4.0475 -4.05 0 -4.0475
3 16 -7.865 0 -4.1 7.865 0 -4.1 -.05 0 -4.0475
4 16 7.865 0 -4.1 7.865 0 -1.6 7.75 0 -2.0475 7.75 0 -4.0475
3 16 7.865 0 -4.1 7.75 0 -4.0475 3.95 0 -4.0475
3 16 7.865 0 -4.1 3.95 0 -4.0475 -.05 0 -4.0475