0 ~Sticker  0.8 x  1.6 with Headlamp on White Background Right -  Fourth Face
0 Name: s\6218812ahs04.dat
0 Author: Massimo Maso [Sirio]
0 !LDRAW_ORG Unofficial_Subpart
0 !LICENSE Licensed under CC BY 4.0 : see CAreadme.txt

0 BFC CERTIFY CCW

0 // Faces
0 // Black faces
4 0 6.8136 -.25 -1.7518 6.5283 -.25 .0128 5.095 -.25 .0128 5.3053 -.25 -1.1536
4 0 6.8136 -.25 -1.7518 5.3053 -.25 -1.1536 5.4512 -.25 -2.3297 7.0819 -.25 -3.5191
3 0 7.0819 -.25 -3.5191 5.4512 -.25 -2.3297 5.5321 -.25 -3.5121
3 0 7.0819 -.25 -3.5191 5.5321 -.25 -3.5121 5.5478 -.25 -4.6972
4 0 7.3332 -.25 -5.2889 7.0819 -.25 -3.5191 5.5478 -.25 -4.6972 5.4983 -.25 -5.8814
4 0 7.3332 -.25 -5.2889 5.4983 -.25 -5.8814 5.3838 -.25 -7.061 7.5674 -.25 -7.061
0 // Dark grey faces
3 72 -4.9647 -.25 .0128 -3.271 -.25 -.3153 -2.9225 -.25 .0128
3 72 -4.9647 -.25 .0128 -3.5622 -.25 -.5895 -3.271 -.25 -.3153
4 72 -4.9647 -.25 .0128 -5.25 -.25 -.2558 -4.2903 -.25 -1.275 -3.5622 -.25 -.5895
4 72 5.3053 -.25 -1.1536 5.095 -.25 .0128 1.0091 -.25 .0128 .9196 -.25 -.3878
4 72 5.3053 -.25 -1.1536 .9196 -.25 -.3878 .9027 -.25 -.798 .9591 -.25 -1.2046
4 72 5.3053 -.25 -1.1536 .9591 -.25 -1.2046 1.0869 -.25 -1.5948 1.282 -.25 -1.9559
4 72 5.3053 -.25 -1.1536 1.282 -.25 -1.9559 1.5384 -.25 -2.2766 1.8476 -.25 -2.5466
4 72 5.3053 -.25 -1.1536 1.8476 -.25 -2.5466 2.2 -.25 -2.7572 5.4512 -.25 -2.3297
4 72 1.052 -.25 -2.7908 .7723 -.25 -2.6559 .4625 -.25 -2.679 .2059 -.25 -2.8539
3 72 1.052 -.25 -2.7908 .2059 -.25 -2.8539 .071 -.25 -3.1337
4 72 1.052 -.25 -2.7908 .071 -.25 -3.1337 -.0444 -.25 -3.7421 1.2269 -.25 -3.0475
4 72 5.5321 -.25 -3.5121 5.4512 -.25 -2.3297 2.2 -.25 -2.7572 2.562 -.25 -3.8128
4 72 5.5321 -.25 -3.5121 2.562 -.25 -3.8128 2.8768 -.25 -4.8833 5.5478 -.25 -4.6972
4 72 -.1364 -.25 -4.2278 -.0444 -.25 -3.7421 -3.271 -.25 -.3153 -3.5622 -.25 -.5895
4 72 -.1364 -.25 -4.2278 1.25 -.25 -3.3572 1.2269 -.25 -3.0475 -.0444 -.25 -3.7421
4 72 -.1364 -.25 -4.2278 -.3667 -.25 -5.442 .65 -.25 -6.5217 1.25 -.25 -3.3572
4 72 5.4983 -.25 -5.8814 5.5478 -.25 -4.6972 2.8768 -.25 -4.8833 3.1439 -.25 -5.9668
4 72 5.4983 -.25 -5.8814 3.1439 -.25 -5.9668 3.3628 -.25 -7.061 5.3838 -.25 -7.061
0 // Grey faces (actually halftone of black and white)
3 71 -4.9647 -.25 .0128 -5.5029 -.25 .0128 -5.25 -.25 -.2558
4 71 -2.9225 -.25 .0128 -3.271 -.25 -.3153 -.0444 -.25 -3.7421 .071 -.25 -3.1337
3 71 -2.9225 -.25 .0128 .071 -.25 -3.1337 .2059 -.25 -2.8539
3 71 -2.9225 -.25 .0128 .2059 -.25 -2.8539 .4625 -.25 -2.679
4 71 -2.9225 -.25 .0128 .4625 -.25 -2.679 .7723 -.25 -2.6559 -1.2615 -.25 .0128
4 71 -.3667 -.25 -5.442 -.1364 -.25 -4.2278 -3.5622 -.25 -.5895 -4.2903 -.25 -1.275
4 71 .65 -.25 -6.5217 3.1439 -.25 -5.9668 2.8768 -.25 -4.8833 1.25 -.25 -3.3572
4 71 .65 -.25 -6.5217 1.1578 -.25 -7.061 3.3628 -.25 -7.061 3.1439 -.25 -5.9668
0 // White faces
3 15 -1.2615 -.25 .0128 .9196 -.25 -.3878 1.0091 -.25 .0128
3 15 -1.2615 -.25 .0128 .9027 -.25 -.798 .9196 -.25 -.3878
4 15 -1.2615 -.25 .0128 .7723 -.25 -2.6559 .9591 -.25 -1.2046 .9027 -.25 -.798
3 15 8 -.25 .0128 6.5283 -.25 .0128 6.8136 -.25 -1.7518
3 15 8 -.25 .0128 6.8136 -.25 -1.7518 7.0819 -.25 -3.5191
3 15 8 -.25 .0128 7.0819 -.25 -3.5191 7.3332 -.25 -5.2889
4 15 8 -.25 .0128 7.3332 -.25 -5.2889 7.5674 -.25 -7.061 8 -.25 -7.061
4 15 1.0869 -.25 -1.5948 .9591 -.25 -1.2046 .7723 -.25 -2.6559 1.052 -.25 -2.7908
4 15 1.0869 -.25 -1.5948 1.052 -.25 -2.7908 1.2269 -.25 -3.0475 1.282 -.25 -1.9559
4 15 1.25 -.25 -3.3572 1.5384 -.25 -2.2766 1.282 -.25 -1.9559 1.2269 -.25 -3.0475
3 15 1.25 -.25 -3.3572 1.8476 -.25 -2.5466 1.5384 -.25 -2.2766
4 15 1.25 -.25 -3.3572 2.562 -.25 -3.8128 2.2 -.25 -2.7572 1.8476 -.25 -2.5466
3 15 1.25 -.25 -3.3572 2.8768 -.25 -4.8833 2.562 -.25 -3.8128