0 ~Sticker  0.8 x  1.9 with White Logos on Red Background Left - Third Face
0 Name: s\6221654rs03.dat
0 Author: Massimo Maso [Sirio]
0 !LDRAW_ORG Unofficial_Subpart
0 !LICENSE Licensed under CC BY 4.0 : see CAreadme.txt

0 BFC CERTIFY CCW

0 // Faces
0 // Red faces
3 4 -8 -.25 -.0128 -1.8047 -.25 2.891 -1.8656 -.25 3.1972
3 4 -8 -.25 -.0128 -1.6313 -.25 2.6315 -1.8047 -.25 2.891
3 4 -8 -.25 -.0128 -1.3718 -.25 2.4581 -1.6313 -.25 2.6315
3 4 -8 -.25 -.0128 -1.0656 -.25 2.3972 -1.3718 -.25 2.4581
3 4 -1.406 -.25 .5052 -.7594 -.25 2.4581 -1.0656 -.25 2.3972
3 4 -1.6438 -.25 .2795 8 -.25 -.0128 -1.406 -.25 .5052
3 4 5.6018 -.25 4.0367 5.8656 -.25 3.9575 5.8656 -.25 4.2213
3 4 5.8656 -.25 4.2213 5.8656 -.25 4.4852 5.6018 -.25 4.5644
3 4 5.3876 -.25 5.0632 5.3329 -.25 5.0994 5.2448 -.25 5.0129
3 4 5.3329 -.25 5.0994 5.2866 -.25 5.1698 5.2448 -.25 5.0129
4 4 4.5344 -.25 4.3812 4.4735 -.25 4.075 5.2448 -.25 3.8023 5.2448 -.25 4.1438
4 4 4.3001 -.25 3.8155 8 -.25 -.0128 5.2448 -.25 3.8023 4.4735 -.25 4.075
3 4 5.2866 -.25 5.1698 5.2557 -.25 5.2637 5.2448 -.25 5.0129
4 4 4.5344 -.25 5.5972 5.2448 -.25 5.0129 5.2557 -.25 5.2637 5.2448 -.25 5.3667
3 4 5.431 -.25 6.1365 5.3876 -.25 6.0875 5.7228 -.25 5.9869
4 4 5.8656 -.25 6.3476 5.431 -.25 6.478 5.431 -.25 6.1365 5.7228 -.25 5.9869
3 4 4.5344 -.25 5.5972 5.2448 -.25 5.3667 5.2448 -.25 5.8696
3 4 4.0406 -.25 3.6421 8 -.25 -.0128 4.3001 -.25 3.8155
3 4 5.7775 -.25 4.966 5.7228 -.25 4.9626 5.8656 -.25 4.8266
3 4 5.8238 -.25 5.0087 5.7775 -.25 4.966 5.8656 -.25 4.8266
3 4 5.8547 -.25 5.084 5.8238 -.25 5.0087 5.8656 -.25 4.8266
3 4 5.2866 -.25 6.0414 5.3329 -.25 6.084 5.2448 -.25 6.1924
3 4 5.2557 -.25 5.9661 5.2866 -.25 6.0414 5.2448 -.25 6.1924
3 4 .9887 -.25 6.6829 .8864 -.25 7.1972 -.0096 -.25 5.3412
4 4 4.5344 -.25 5.5972 5.2448 -.25 5.8696 5.2557 -.25 5.9661 5.2448 -.25 6.1924
3 4 1.2801 -.25 6.2469 .9887 -.25 6.6829 -.0096 -.25 5.3412
3 4 1.7161 -.25 5.9555 1.2801 -.25 6.2469 -.0096 -.25 5.3412
4 4 .7691 -.25 4.8209 2.2304 -.25 5.8532 1.7161 -.25 5.9555 -.0096 -.25 5.3412
4 4 .7691 -.25 4.8209 4.5344 -.25 5.5972 2.7447 -.25 5.9555 2.2304 -.25 5.8532
3 4 3.1807 -.25 6.2469 2.7447 -.25 5.9555 4.5344 -.25 5.5972
3 4 3.4721 -.25 6.6829 3.1807 -.25 6.2469 4.5344 -.25 5.5972
4 4 5.2448 -.25 6.1924 3.5744 -.25 7.1972 3.4721 -.25 6.6829 4.5344 -.25 5.5972
3 4 5.7228 -.25 5.9869 5.7775 -.25 5.9507 5.8656 -.25 6.3476
3 4 5.7775 -.25 5.9507 5.8238 -.25 5.8803 5.8656 -.25 6.3476
3 4 5.8238 -.25 5.8803 5.8547 -.25 5.7864 5.8656 -.25 6.3476
4 4 -.0096 -.25 5.3412 .0333 -.25 5.1257 .5536 -.25 4.778 .7691 -.25 4.8209
4 4 .0333 -.25 5.1257 .1554 -.25 4.943 .3381 -.25 4.8209 .5536 -.25 4.778
4 4 -.7594 -.25 2.4581 -1.406 -.25 .5052 8 -.25 -.0128 4.0406 -.25 3.6421
3 4 8 -.25 -.0128 5.8656 -.25 3.6161 5.2448 -.25 3.8023
4 4 4.5344 -.25 4.3812 5.2448 -.25 4.1438 5.5087 -.25 4.3285 5.2448 -.25 4.6714
4 4 4.5344 -.25 4.3812 5.2448 -.25 4.6714 5.2448 -.25 5.0129 4.5344 -.25 5.5972
4 4 5.8656 -.25 4.8266 5.7228 -.25 4.9626 5.3876 -.25 5.0632 5.2448 -.25 5.0129
4 4 5.4303 -.25 5.3918 5.6784 -.25 5.3174 5.6784 -.25 5.6588 5.4303 -.25 5.7332
4 4 5.3329 -.25 6.084 5.3876 -.25 6.0875 5.431 -.25 6.1365 5.2448 -.25 6.1924
4 4 5.8656 -.25 7.0926 5.431 -.25 7.1608 5.431 -.25 6.8194 5.8656 -.25 6.689
3 4 -1.7268 -.25 .3229 -8 -.25 -.0128 -1.9894 -.25 .1151
4 4 -1.6438 -.25 .2795 -1.8615 -.25 .0332 -1.8919 -.25 -.0128 8 -.25 -.0128
3 4 -8 -.25 -.0128 -2.1114 -.25 -.0128 -1.9894 -.25 .1151
4 4 -1.7268 -.25 .3229 -1.406 -.25 .5052 -1.0656 -.25 2.3972 -8 -.25 -.0128
3 4 3.5744 -.25 7.1972 5.2448 -.25 6.1924 5.2448 -.25 7.2167
4 4 5.4128 -.25 7.2284 3.5682 -.25 7.2284 3.5744 -.25 7.1972 5.2448 -.25 7.2167
4 4 5.4128 -.25 7.2284 5.2448 -.25 7.2167 5.431 -.25 7.1608 5.8656 -.25 7.0926
4 4 -.0096 -.25 7.2284 -.0096 -.25 5.3412 .8864 -.25 7.1972 .8926 -.25 7.2284
4 4 -8 -.25 7.2284 -8 -.25 -.0128 -1.8656 -.25 3.1972 -1.8656 -.25 7.2284
4 4 8 -.25 7.2284 5.8656 -.25 6.3476 5.8547 -.25 5.7864 5.8656 -.25 5.6833
4 4 5.8547 -.25 5.084 5.8656 -.25 4.8266 8 -.25 7.2284 5.8656 -.25 5.1805
3 4 8 -.25 7.2284 5.8656 -.25 7.2284 5.8656 -.25 7.0926
3 4 8 -.25 7.2284 5.8656 -.25 7.0926 5.8656 -.25 6.689
3 4 8 -.25 7.2284 5.8656 -.25 6.689 5.8656 -.25 6.3476
3 4 8 -.25 7.2284 5.8656 -.25 5.6833 5.8656 -.25 5.1805
3 4 8 -.25 7.2284 5.8656 -.25 4.8266 5.8656 -.25 4.4852
3 4 8 -.25 7.2284 5.8656 -.25 4.4852 5.8656 -.25 4.2213
3 4 8 -.25 7.2284 5.8656 -.25 4.2213 5.8656 -.25 3.9575
4 4 5.8656 -.25 3.9575 5.8656 -.25 3.6161 8 -.25 -.0128 8 -.25 7.2284
0 // White faces
4 15 5.3876 -.25 5.0632 5.4303 -.25 5.3918 5.2866 -.25 5.1698 5.3329 -.25 5.0994
4 15 -1.8047 -.25 2.891 -1.6313 -.25 2.6315 .1554 -.25 4.943 .0333 -.25 5.1257
4 15 5.8656 -.25 5.1805 5.6784 -.25 5.3174 5.8238 -.25 5.0087 5.8547 -.25 5.084
4 15 -1.3718 -.25 2.4581 .3381 -.25 4.8209 .1554 -.25 4.943 -1.6313 -.25 2.6315
4 15 -1.3718 -.25 2.4581 -1.0656 -.25 2.3972 .5536 -.25 4.778 .3381 -.25 4.8209
4 15 -1.0656 -.25 2.3972 -.7594 -.25 2.4581 .7691 -.25 4.8209 .5536 -.25 4.778
3 15 5.2448 -.25 6.1924 5.431 -.25 6.1365 5.431 -.25 6.478
3 15 5.431 -.25 7.1608 5.2448 -.25 7.2167 5.431 -.25 6.8194
4 15 .8864 -.25 7.1972 .9887 -.25 6.6829 1.2801 -.25 6.2469 .8926 -.25 7.2284
4 15 .8926 -.25 7.2284 1.2801 -.25 6.2469 1.7161 -.25 5.9555 2.2304 -.25 5.8532
4 15 3.5682 -.25 7.2284 2.2304 -.25 5.8532 2.7447 -.25 5.9555 3.1807 -.25 6.2469
4 15 3.5744 -.25 7.1972 3.5682 -.25 7.2284 3.1807 -.25 6.2469 3.4721 -.25 6.6829
4 15 5.7228 -.25 5.9869 5.6784 -.25 5.6588 5.8238 -.25 5.8803 5.7775 -.25 5.9507
3 15 .7691 -.25 4.8209 -.7594 -.25 2.4581 4.0406 -.25 3.6421
4 15 -.0096 -.25 5.3412 -1.8656 -.25 3.1972 -1.8047 -.25 2.891 .0333 -.25 5.1257
4 15 5.7228 -.25 4.9626 5.7775 -.25 4.966 5.8238 -.25 5.0087 5.6784 -.25 5.3174
4 15 5.8656 -.25 4.4852 5.8656 -.25 4.8266 5.2448 -.25 5.0129 5.6018 -.25 4.5644
4 15 5.5087 -.25 4.3285 5.6018 -.25 4.5644 5.2448 -.25 5.0129 5.2448 -.25 4.6714
4 15 5.8656 -.25 3.6161 5.8656 -.25 3.9575 5.6018 -.25 4.0367 5.2448 -.25 3.8023
4 15 5.2448 -.25 4.1438 5.2448 -.25 3.8023 5.6018 -.25 4.0367 5.5087 -.25 4.3285
4 15 5.6018 -.25 4.0367 5.8656 -.25 4.2213 5.6018 -.25 4.5644 5.5087 -.25 4.3285
4 15 5.4303 -.25 5.3918 5.4303 -.25 5.7332 5.2448 -.25 5.8696 5.2448 -.25 5.3667
4 15 5.8656 -.25 5.6833 5.6784 -.25 5.6588 5.6784 -.25 5.3174 5.8656 -.25 5.1805
4 15 5.4303 -.25 5.7332 5.6784 -.25 5.6588 5.7228 -.25 5.9869 5.3876 -.25 6.0875
4 15 5.8238 -.25 5.8803 5.6784 -.25 5.6588 5.8656 -.25 5.6833 5.8547 -.25 5.7864
4 15 5.2866 -.25 5.1698 5.4303 -.25 5.3918 5.2448 -.25 5.3667 5.2557 -.25 5.2637
4 15 5.7228 -.25 4.9626 5.6784 -.25 5.3174 5.4303 -.25 5.3918 5.3876 -.25 5.0632
4 15 5.2448 -.25 6.1924 5.431 -.25 6.478 5.431 -.25 6.8194 5.2448 -.25 7.2167
4 15 5.8656 -.25 6.3476 5.8656 -.25 6.689 5.431 -.25 6.8194 5.431 -.25 6.478
4 15 5.2866 -.25 6.0414 5.2557 -.25 5.9661 5.2448 -.25 5.8696 5.4303 -.25 5.7332
4 15 5.3876 -.25 6.0875 5.3329 -.25 6.084 5.2866 -.25 6.0414 5.4303 -.25 5.7332
4 15 4.5344 -.25 4.3812 4.5344 -.25 5.5972 .7691 -.25 4.8209 4.4735 -.25 4.075
4 15 4.0406 -.25 3.6421 4.3001 -.25 3.8155 4.4735 -.25 4.075 .7691 -.25 4.8209
3 15 -1.6438 -.25 .2795 -1.406 -.25 .5052 -1.7268 -.25 .3229
4 15 -1.6438 -.25 .2795 -1.7268 -.25 .3229 -1.9894 -.25 .1151 -1.8615 -.25 .0332
4 15 -1.9894 -.25 .1151 -2.1114 -.25 -.0128 -1.8919 -.25 -.0128 -1.8615 -.25 .0332
4 15 -1.8656 -.25 7.2284 -1.8656 -.25 3.1972 -.0096 -.25 5.3412 -.0096 -.25 7.2284
3 15 3.5682 -.25 7.2284 .8926 -.25 7.2284 2.2304 -.25 5.8532
3 15 5.4128 -.25 7.2284 5.8656 -.25 7.0926 5.8656 -.25 7.2284
