0 ~Sticker  0.8 x  1.9 with Michelin Logo and Green Triangle on Red Background Right - Second Face
0 Name: s\6221808brs02.dat
0 Author: Massimo Maso [Sirio]
0 !LDRAW_ORG Unofficial_Subpart
0 !LICENSE Licensed under CC BY 4.0 : see CAreadme.txt

0 BFC CERTIFY CCW

0 // Faces
0 // Black face
4 0 3.8679 -.25 .0121 2.5323 -.25 -7.3435 3.7652 -.25 -7.3435 5.0814 -.25 .0121
0 // Green face
4 2 7.7896 -.25 .0121 6.8967 -.25 -7.3435 8 -.25 -7.3435 8 -.25 .0121
0 // Red faces
3 4 -8 -.25 .0121 -2.5416 -.25 -.1583 -2.5177 -.25 .0121
3 4 -8 -.25 .0121 -2.6385 -.25 -.8477 -2.5416 -.25 -.1583
3 4 -8 -.25 .0121 -2.8488 -.25 -2.3444 -2.6385 -.25 -.8477
3 4 -8 -.25 .0121 -2.9111 -.25 -2.7871 -2.8488 -.25 -2.3444
3 4 -8 -.25 .0121 -2.9318 -.25 -2.9346 -2.9111 -.25 -2.7871
3 4 -8 -.25 .0121 -3.0431 -.25 -3.7265 -2.9318 -.25 -2.9346
3 4 -8 -.25 .0121 -3.0635 -.25 -3.8717 -3.0431 -.25 -3.7265
4 4 -8 -.25 .0121 -8 -.25 -7.3435 -3.5514 -.25 -7.3435 -3.0635 -.25 -3.8717
3 4 3.8679 -.25 .0121 1.5722 -.25 .0121 1.293 -.25 -1.9745
3 4 3.8679 -.25 .0121 1.293 -.25 -1.9745 1.1187 -.25 -3.2144
4 4 3.8679 -.25 .0121 1.1187 -.25 -3.2144 .5384 -.25 -7.3435 2.5323 -.25 -7.3435
0 // White face
4 15 7.7896 -.25 .0121 5.0814 -.25 .0121 3.7652 -.25 -7.3435 6.8967 -.25 -7.3435
0 // Logo
0 // Black faces
4 0 1.2165 -.25 -2.0054 1.0632 -.25 -1.9883 1.0506 -.25 -2.0476 1.2013 -.25 -2.082
4 0 1.2013 -.25 -2.082 1.0506 -.25 -2.0476 1.0354 -.25 -2.085 1.1751 -.25 -2.151
4 0 1.2141 -.25 -1.8706 1.06 -.25 -1.8909 1.0654 -.25 -1.9319 1.2199 -.25 -1.9527
4 0 1.0632 -.25 -1.9883 1.2165 -.25 -2.0054 1.2199 -.25 -1.9527 1.0654 -.25 -1.9319
4 0 1.0354 -.25 -2.085 1.0232 -.25 -2.1043 1.1467 -.25 -2.1979 1.1751 -.25 -2.151
4 0 1.0232 -.25 -2.1043 1.0072 -.25 -2.1196 1.1082 -.25 -2.2381 1.1467 -.25 -2.1979
4 0 1.1983 -.25 -1.8073 1.051 -.25 -1.8617 1.06 -.25 -1.8909 1.2141 -.25 -1.8706
3 0 1.0072 -.25 -2.1196 .9928 -.25 -2.1242 1.1082 -.25 -2.2381
4 0 1.1983 -.25 -1.8073 1.1794 -.25 -1.7648 1.0402 -.25 -1.8404 1.051 -.25 -1.8617
4 0 1.033 -.25 -1.8318 1.0402 -.25 -1.8404 1.1794 -.25 -1.7648 1.1594 -.25 -1.7349
4 0 .9429 -.25 -2.1158 .8901 -.25 -2.2254 1.0682 -.25 -2.2645 .98 -.25 -2.1209
4 0 1.1082 -.25 -2.2381 .9928 -.25 -2.1242 .98 -.25 -2.1209 1.0682 -.25 -2.2645
4 0 1.1025 -.25 -1.6902 1.033 -.25 -1.8318 1.1594 -.25 -1.7349 1.1391 -.25 -1.7136
4 0 .8345 -.25 -2.3027 .9759 -.25 -2.3729 1.038 -.25 -2.2751 .8901 -.25 -2.2254
4 0 1.0209 -.25 -1.8364 1.033 -.25 -1.8318 1.1025 -.25 -1.6902 .9641 -.25 -1.7614
4 0 1.074 -.25 -1.598 .9401 -.25 -1.6781 .9641 -.25 -1.7614 1.1025 -.25 -1.6902
4 0 .775 -.25 -2.3608 .8973 -.25 -2.4573 .9759 -.25 -2.3729 .8345 -.25 -2.3027
3 0 .8901 -.25 -2.2254 1.038 -.25 -2.2751 1.0682 -.25 -2.2645
4 0 .9714 -.25 -2.1061 .9484 -.25 -2.1009 .9429 -.25 -2.1158 .98 -.25 -2.1209
4 0 .9641 -.25 -1.7614 .9715 -.25 -1.8293 1.0054 -.25 -1.8605 1.0209 -.25 -1.8364
4 0 .9905 -.25 -1.8974 1.0054 -.25 -1.8605 .9715 -.25 -1.8293 .9675 -.25 -1.8915
3 0 .9752 -.25 -1.903 .9905 -.25 -1.8974 .9675 -.25 -1.8915
4 0 .8973 -.25 -2.4573 .775 -.25 -2.3608 .7186 -.25 -2.3999 .8086 -.25 -2.523
4 0 1.0293 -.25 -1.5116 .9034 -.25 -1.6039 .9401 -.25 -1.6781 1.074 -.25 -1.598
4 0 .966 -.25 -1.4284 .8524 -.25 -1.5354 .9034 -.25 -1.6039 1.0293 -.25 -1.5116
4 0 .8086 -.25 -2.523 .7186 -.25 -2.3999 .6526 -.25 -2.4304 .7117 -.25 -2.5702
4 0 .8847 -.25 -1.3526 .7932 -.25 -1.4804 .8524 -.25 -1.5354 .966 -.25 -1.4284
4 0 .7932 -.25 -1.4804 .8847 -.25 -1.3526 .7827 -.25 -1.2863 .7153 -.25 -1.4312
4 0 .7117 -.25 -2.5702 .6526 -.25 -2.4304 .582 -.25 -2.4481 .6161 -.25 -2.5969
4 0 .7052 -.25 -2.2302 .6533 -.25 -2.2282 .6918 -.25 -2.2726 .7004 -.25 -2.2522
4 0 .6539 -.25 -2.2073 .6533 -.25 -2.2282 .7052 -.25 -2.2302 .7044 -.25 -2.1998
4 0 .7044 -.25 -2.1998 .6991 -.25 -2.1796 .648 -.25 -2.1889 .6539 -.25 -2.2073
3 0 .6634 -.25 -2.3076 .6796 -.25 -2.291 .6415 -.25 -2.2575
4 0 .6533 -.25 -2.2282 .6415 -.25 -2.2575 .6796 -.25 -2.291 .6918 -.25 -2.2726
4 0 .7515 -.25 -1.832 .7008 -.25 -1.8249 .6936 -.25 -1.847 .7458 -.25 -1.8554
4 0 .6965 -.25 -1.7899 .7008 -.25 -1.8249 .7515 -.25 -1.832 .7515 -.25 -1.7977
3 0 .7458 -.25 -1.8554 .6936 -.25 -1.847 .736 -.25 -1.877
3 0 .648 -.25 -2.1889 .6991 -.25 -2.1796 .6897 -.25 -2.1591
4 0 .736 -.25 -1.877 .6936 -.25 -1.847 .6756 -.25 -1.8721 .7224 -.25 -1.8964
4 0 .7515 -.25 -1.7977 .7461 -.25 -1.7752 .7362 -.25 -1.7523 .6965 -.25 -1.7899
4 0 .6897 -.25 -2.1591 .6753 -.25 -2.138 .6347 -.25 -2.1671 .648 -.25 -2.1889
3 0 .6756 -.25 -1.8721 .7046 -.25 -1.9136 .7224 -.25 -1.8964
3 0 .6196 -.25 -2.3371 .6499 -.25 -2.3186 .622 -.25 -2.2775
4 0 .6415 -.25 -2.2575 .622 -.25 -2.2775 .6499 -.25 -2.3186 .6634 -.25 -2.3076
4 0 .681 -.25 -1.7591 .6965 -.25 -1.7899 .7362 -.25 -1.7523 .7208 -.25 -1.7285
4 0 .5053 -.25 -2.4522 .5213 -.25 -2.6058 .6161 -.25 -2.5969 .582 -.25 -2.4481
4 0 .6753 -.25 -2.138 .6543 -.25 -2.1161 .6167 -.25 -2.1487 .6347 -.25 -2.1671
4 0 .6578 -.25 -1.8867 .689 -.25 -1.9256 .7046 -.25 -1.9136 .6756 -.25 -1.8721
4 0 .7208 -.25 -1.7285 .6982 -.25 -1.7038 .6652 -.25 -1.7411 .681 -.25 -1.7591
4 0 .689 -.25 -1.9256 .6578 -.25 -1.8867 .6337 -.25 -1.9001 .6571 -.25 -1.9435
4 0 .5882 -.25 -2.1286 .6167 -.25 -2.1487 .6543 -.25 -2.1161 .6204 -.25 -2.091
4 0 .622 -.25 -2.2775 .594 -.25 -2.2955 .577 -.25 -2.354 .6196 -.25 -2.3371
4 0 .5204 -.25 -2.3657 .577 -.25 -2.354 .594 -.25 -2.2955 .5599 -.25 -2.3089
4 0 .6982 -.25 -1.7038 .6614 -.25 -1.6755 .637 -.25 -1.7184 .6652 -.25 -1.7411
4 0 .6571 -.25 -1.9435 .6337 -.25 -1.9001 .5985 -.25 -1.9124 .6132 -.25 -1.9589
4 0 .7153 -.25 -1.4312 .7827 -.25 -1.2863 .667 -.25 -1.2383 .6233 -.25 -1.3948
4 0 .4472 -.25 -1.3738 .5078 -.25 -1.372 .5624 -.25 -1.2158 .5139 -.25 -1.212
4 0 .5448 -.25 -2.1086 .5882 -.25 -2.1286 .6204 -.25 -2.091 .578 -.25 -2.0697
4 0 .4462 -.25 -2.3675 .5204 -.25 -2.3657 .5599 -.25 -2.3089 .512 -.25 -2.3186
4 0 .6614 -.25 -1.6755 .6163 -.25 -1.6518 .6016 -.25 -1.6986 .637 -.25 -1.7184
4 0 .6132 -.25 -1.9589 .5985 -.25 -1.9124 .5506 -.25 -1.9204 .5566 -.25 -1.9684
4 0 .5213 -.25 -2.6058 .5053 -.25 -2.4522 .4262 -.25 -2.4412 .4265 -.25 -2.5974
4 0 .578 -.25 -2.0697 .5216 -.25 -2.0521 .4938 -.25 -2.0951 .5448 -.25 -2.1086
4 0 .4959 -.25 -2.1215 .4304 -.25 -2.2896 .4651 -.25 -2.2833 .5176 -.25 -2.138
4 0 .5362 -.25 -2.2396 .5489 -.25 -2.1989 .5433 -.25 -2.1736 .526 -.25 -2.2513
3 0 .526 -.25 -2.2513 .5433 -.25 -2.1736 .5128 -.25 -2.2621
4 0 .5128 -.25 -2.2621 .5433 -.25 -2.1736 .5317 -.25 -2.1532 .4911 -.25 -2.2741
3 0 .5448 -.25 -2.2234 .5489 -.25 -2.1989 .5362 -.25 -2.2396
4 0 .5176 -.25 -2.138 .4651 -.25 -2.2833 .4911 -.25 -2.2741 .5317 -.25 -2.1532
4 0 .6163 -.25 -1.6518 .5577 -.25 -1.6326 .5536 -.25 -1.6812 .6016 -.25 -1.6986
4 0 .404 -.25 -1.8874 .4607 -.25 -1.8893 .5131 -.25 -1.7091 .4765 -.25 -1.6963
4 0 .5866 -.25 -1.7993 .583 -.25 -1.7765 .5729 -.25 -1.8384 .5819 -.25 -1.822
3 0 .562 -.25 -1.8504 .5729 -.25 -1.8384 .583 -.25 -1.7765
4 0 .4654 -.25 -2.1057 .3856 -.25 -2.29 .4304 -.25 -2.2896 .4959 -.25 -2.1215
4 0 .4901 -.25 -1.9195 .4849 -.25 -1.9673 .5566 -.25 -1.9684 .5506 -.25 -1.9204
4 0 .4973 -.25 -1.8832 .525 -.25 -1.8739 .561 -.25 -1.7417 .5404 -.25 -1.7245
4 0 .5216 -.25 -2.0521 .4603 -.25 -2.0433 .4574 -.25 -2.0907 .4938 -.25 -2.0951
4 0 .5729 -.25 -1.756 .561 -.25 -1.7417 .525 -.25 -1.8739 .5479 -.25 -1.8615
4 0 .583 -.25 -1.7765 .5729 -.25 -1.756 .5479 -.25 -1.8615 .562 -.25 -1.8504
4 0 .5577 -.25 -1.6326 .5077 -.25 -1.6242 .5031 -.25 -1.6719 .5536 -.25 -1.6812
4 0 .512 -.25 -2.3186 .4494 -.25 -2.3201 .3746 -.25 -2.3563 .4462 -.25 -2.3675
4 0 .3197 -.25 -2.3378 .3746 -.25 -2.3563 .4494 -.25 -2.3201 .4216 -.25 -2.3171
3 0 .3876 -.25 -2.4274 .3687 -.25 -2.4476 .4262 -.25 -2.4412
4 0 .4149 -.25 -2.417 .3876 -.25 -2.4274 .4262 -.25 -2.4412 .4227 -.25 -2.4227
4 0 .3201 -.25 -2.488 .4265 -.25 -2.5974 .4262 -.25 -2.4412 .3687 -.25 -2.4476
4 0 .3042 -.25 -2.6706 .3791 -.25 -2.6319 .2398 -.25 -2.5306 .1749 -.25 -2.5492
4 0 .3201 -.25 -2.488 .2398 -.25 -2.5306 .3791 -.25 -2.6319 .4265 -.25 -2.5974
4 0 .4849 -.25 -1.9673 .4901 -.25 -1.9195 .4753 -.25 -1.9176 .4222 -.25 -1.9556
4 0 .4195 -.25 -1.9042 .3652 -.25 -1.9351 .4222 -.25 -1.9556 .4753 -.25 -1.9176
4 0 .4494 -.25 -1.6712 .5031 -.25 -1.6719 .5077 -.25 -1.6242 .4365 -.25 -1.6234
4 0 .3875 -.25 -2.0452 .4252 -.25 -2.092 .4574 -.25 -2.0907 .4603 -.25 -2.0433
4 0 .5404 -.25 -1.7245 .5131 -.25 -1.7091 .4607 -.25 -1.8893 .4973 -.25 -1.8832
4 0 .4765 -.25 -1.6963 .4269 -.25 -1.6889 .3704 -.25 -1.882 .404 -.25 -1.8874
4 0 .4654 -.25 -2.1057 .4252 -.25 -2.092 .3362 -.25 -2.2813 .3856 -.25 -2.29
4 0 .5104 -.25 -1.4811 .5121 -.25 -1.4607 .4704 -.25 -1.453 .4711 -.25 -1.4906
4 0 .5104 -.25 -1.4811 .4711 -.25 -1.4906 .4776 -.25 -1.5057 .5013 -.25 -1.5056
4 0 .4704 -.25 -1.453 .5121 -.25 -1.4607 .5117 -.25 -1.4299 .4624 -.25 -1.4127
3 0 .4924 -.25 -1.5108 .5013 -.25 -1.5056 .4776 -.25 -1.5057
4 0 .667 -.25 -1.2383 .5624 -.25 -1.2158 .5078 -.25 -1.372 .6233 -.25 -1.3948
4 0 .4624 -.25 -1.4127 .5117 -.25 -1.4299 .5078 -.25 -1.372 .4472 -.25 -1.3738
4 0 .4005 -.25 -1.1147 .3268 -.25 -1.0793 .3465 -.25 -1.2632 .3895 -.25 -1.2971
4 0 .3465 -.25 -1.2632 .3268 -.25 -1.0793 .2401 -.25 -1.0547 .2927 -.25 -1.234
4 0 .5139 -.25 -1.212 .4618 -.25 -1.1585 .424 -.25 -1.3359 .4472 -.25 -1.3738
4 0 .3895 -.25 -1.2971 .424 -.25 -1.3359 .4618 -.25 -1.1585 .4005 -.25 -1.1147
4 0 .4216 -.25 -2.3171 .3672 -.25 -2.3043 .2792 -.25 -2.3163 .3197 -.25 -2.3378
4 0 .3652 -.25 -1.9351 .4195 -.25 -1.9042 .3704 -.25 -1.882 .3224 -.25 -1.9111
4 0 .4365 -.25 -1.6234 .3795 -.25 -1.6331 .4024 -.25 -1.679 .4494 -.25 -1.6712
4 0 .3672 -.25 -2.3043 .327 -.25 -2.2876 .2468 -.25 -2.2914 .2792 -.25 -2.3163
4 0 .3743 -.25 -1.6895 .4024 -.25 -1.679 .3795 -.25 -1.6331 .3353 -.25 -1.649
4 0 .4269 -.25 -1.6889 .3743 -.25 -1.6895 .2394 -.25 -1.7924 .3704 -.25 -1.882
4 0 .2462 -.25 -1.7366 .24 -.25 -1.7605 .2394 -.25 -1.7924 .3743 -.25 -1.6895
4 0 .3224 -.25 -1.9111 .3704 -.25 -1.882 .2673 -.25 -1.8596 .2884 -.25 -1.8836
4 0 .2441 -.25 -1.8143 .2531 -.25 -1.8365 .2673 -.25 -1.8596 .3704 -.25 -1.882
4 0 .2444 -.25 -2.1028 .2967 -.25 -2.2671 .2871 -.25 -2.0743 .2561 -.25 -2.0934
4 0 .213 -.25 -2.1415 .2967 -.25 -2.2671 .2444 -.25 -2.1028 .2257 -.25 -2.1224
4 0 .213 -.25 -2.1415 .2049 -.25 -2.1601 .2002 -.25 -2.1808 .2967 -.25 -2.2671
4 0 .2137 -.25 -2.2494 .2967 -.25 -2.2671 .2004 -.25 -2.2097 .2051 -.25 -2.2295
4 0 .2004 -.25 -2.2097 .2967 -.25 -2.2671 .2002 -.25 -2.1808 .1995 -.25 -2.1884
4 0 .327 -.25 -2.2876 .2967 -.25 -2.2671 .2271 -.25 -2.27 .2468 -.25 -2.2914
3 0 .2271 -.25 -2.27 .2967 -.25 -2.2671 .2137 -.25 -2.2494
4 0 .2709 -.25 -1.6949 .3743 -.25 -1.6895 .3353 -.25 -1.649 .3029 -.25 -1.6673
4 0 .2462 -.25 -1.7366 .3743 -.25 -1.6895 .2709 -.25 -1.6949 .2567 -.25 -1.7145
3 0 .2441 -.25 -1.8143 .3704 -.25 -1.882 .2394 -.25 -1.7924
4 0 .1031 -.25 -2.7098 .2071 -.25 -2.6996 .1 -.25 -2.5561 .016 -.25 -2.548
4 0 .1749 -.25 -2.5492 .1 -.25 -2.5561 .2071 -.25 -2.6996 .3042 -.25 -2.6706
4 0 .1675 -.25 -1.2044 .236 -.25 -1.2148 .1374 -.25 -1.0445 .0328 -.25 -1.0534
4 0 .236 -.25 -1.2148 .2927 -.25 -1.234 .2401 -.25 -1.0547 .1374 -.25 -1.0445
4 0 .016 -.25 -2.548 -.0358 -.25 -2.5357 -.0023 -.25 -2.7003 .1031 -.25 -2.7098
4 0 .1256 -.25 -1.7043 .1284 -.25 -1.69 .1149 -.25 -1.6738 .1175 -.25 -1.7117
4 0 .0407 -.25 -2.1836 -.0256 -.25 -2.186 -.0335 -.25 -2.2291 .0514 -.25 -2.2039
4 0 .0514 -.25 -2.2039 .0367 -.25 -2.2363 .0519 -.25 -2.2266 .0548 -.25 -2.2208
4 0 -.1344 -.25 -1.9274 .0773 -.25 -2.0365 .0858 -.25 -1.9104 -.0993 -.25 -1.8748
4 0 -.0097 -.25 -1.7917 -.0516 -.25 -1.8294 -.0993 -.25 -1.8748 .0858 -.25 -1.9104
3 0 .0773 -.25 -2.0365 -.0369 -.25 -2.1482 -.0308 -.25 -2.1598
3 0 -.1435 -.25 -1.965 -.14 -.25 -1.9971 -.1111 -.25 -2.0505
4 0 -.0369 -.25 -2.1482 .0773 -.25 -2.0365 -.1435 -.25 -1.965 -.1111 -.25 -2.0505
3 0 -.1435 -.25 -1.965 .0773 -.25 -2.0365 -.1344 -.25 -1.9274
3 0 .0867 -.25 -1.7136 .0273 -.25 -1.7313 .0124 -.25 -1.7619
4 0 .0867 -.25 -1.7136 .0124 -.25 -1.7619 -.0097 -.25 -1.7917 .0858 -.25 -1.9104
3 0 -.0256 -.25 -2.186 .0407 -.25 -2.1836 -.0263 -.25 -2.174
4 0 -.0308 -.25 -2.1598 -.0263 -.25 -2.174 .0407 -.25 -2.1836 .0773 -.25 -2.0365
4 0 .0261 -.25 -1.6145 .0867 -.25 -1.7136 .1149 -.25 -1.6738 .0473 -.25 -1.6208
4 0 .0975 -.25 -1.2073 .1675 -.25 -1.2044 .0328 -.25 -1.0534 -.0692 -.25 -1.082
4 0 .0514 -.25 -2.2039 -.0335 -.25 -2.2291 -.0298 -.25 -2.2428 .0367 -.25 -2.2363
4 0 .1175 -.25 -1.7117 .1149 -.25 -1.6738 .0867 -.25 -1.7136 .0979 -.25 -1.7153
3 0 .0367 -.25 -1.6988 .0867 -.25 -1.7136 .0396 -.25 -1.6736
4 0 .0867 -.25 -1.7136 .0261 -.25 -1.6145 .015 -.25 -1.6215 .0396 -.25 -1.6736
3 0 .0367 -.25 -1.6988 .0273 -.25 -1.7313 .0867 -.25 -1.7136
4 0 -.0157 -.25 -2.2455 .0102 -.25 -2.2434 .0367 -.25 -2.2363 -.0298 -.25 -2.2428
4 0 -.1895 -.25 -2.6298 -.1003 -.25 -2.673 -.1017 -.25 -2.5105 -.1505 -.25 -2.4814
4 0 -.0358 -.25 -2.5357 -.1017 -.25 -2.5105 -.1003 -.25 -2.673 -.0023 -.25 -2.7003
4 0 -.1382 -.25 -1.1151 .0305 -.25 -1.2235 .0975 -.25 -1.2073 -.0692 -.25 -1.082
3 0 .015 -.25 -1.6215 .0189 -.25 -1.6477 .0396 -.25 -1.6736
3 0 -.1876 -.25 -2.4485 -.2302 -.25 -2.3822 -.2702 -.25 -2.5706
4 0 -.1505 -.25 -2.4814 -.1876 -.25 -2.4485 -.2702 -.25 -2.5706 -.1895 -.25 -2.6298
4 0 -.293 -.25 -2.3396 -.2702 -.25 -2.5706 -.2302 -.25 -2.3822 -.243 -.25 -2.3256
4 0 -.2702 -.25 -2.5706 -.4534 -.25 -2.652 -.5375 -.25 -2.85 -.3391 -.25 -2.7803
4 0 -.0488 -.25 -.2798 .0022 -.25 -.2054 .044 -.25 -.1253 -.1413 -.25 -.1478
4 0 -.1836 -.25 -1.3985 -.1753 -.25 -1.3951 -.2148 -.25 -1.3551 -.1909 -.25 -1.3936
3 0 -.2148 -.25 -1.3551 -.1753 -.25 -1.3951 -.1198 -.25 -1.3232
4 0 -.2756 -.25 -1.0303 -.2945 -.25 -1.1444 -.1382 -.25 -1.1151 -.1263 -.25 -.9288
4 0 -.2782 -.25 -.8659 -.2756 -.25 -1.0303 -.1263 -.25 -.9288 -.1242 -.25 -.8019
4 0 -.276 -.25 -.4915 -.065 -.25 -.4142 -.0488 -.25 -.2798 -.2343 -.25 -.4063
4 0 -.4534 -.25 -2.652 -.3323 -.25 -2.3389 -.374 -.25 -2.3174 -.4156 -.25 -2.3782
4 0 -.561 -.25 -2.8902 -.4218 -.25 -2.9377 -.3391 -.25 -2.7803 -.5375 -.25 -2.85
4 0 -.6159 -.25 -2.964 -.496 -.25 -3.0324 -.4218 -.25 -2.9377 -.561 -.25 -2.8902
4 0 -.2343 -.25 -.4063 -.0488 -.25 -.2798 -.1413 -.25 -.1478 -.1892 -.25 -.2092
4 0 -.4166 -.25 -.6643 -.159 -.25 -.6295 -.102 -.25 -.5263 -.3414 -.25 -.5873
4 0 -.065 -.25 -.4142 -.276 -.25 -.4915 -.3414 -.25 -.5873 -.102 -.25 -.5263
4 0 -.374 -.25 -2.3174 -.3984 -.25 -2.2853 -.4355 -.25 -2.3333 -.4156 -.25 -2.3782
4 0 -.4472 -.25 -2.2851 -.4355 -.25 -2.3333 -.3984 -.25 -2.2853 -.4162 -.25 -2.2445
4 0 -.6159 -.25 -2.964 -.6659 -.25 -3.0086 -.5095 -.25 -3.0788 -.496 -.25 -3.0324
4 0 -.1242 -.25 -.8019 -.159 -.25 -.6295 -.2957 -.25 -.7401 -.2782 -.25 -.8659
4 0 -.5055 -.25 -.7268 -.2957 -.25 -.7401 -.159 -.25 -.6295 -.4166 -.25 -.6643
4 0 -.7223 -.25 -3.151 -.7473 -.25 -3.1951 -.5555 -.25 -3.1824 -.5095 -.25 -3.0788
4 0 -.8539 -.25 -3.1434 -.8213 -.25 -3.1564 -.7621 -.25 -3.0396 -.8149 -.25 -3.0272
4 0 -.7009 -.25 -3.0285 -.7621 -.25 -3.0396 -.8213 -.25 -3.1564 -.7647 -.25 -3.1586
4 0 -.6659 -.25 -3.0086 -.7009 -.25 -3.0285 -.7647 -.25 -3.1586 -.7223 -.25 -3.151
4 0 -.4476 -.25 -2.2527 -.4472 -.25 -2.2851 -.4162 -.25 -2.2445 -.4319 -.25 -2.2334
4 0 -.3276 -.25 -1.3693 -.2967 -.25 -1.338 -.3222 -.25 -1.223 -.364 -.25 -1.2969
3 0 -.5555 -.25 -3.1824 -.7473 -.25 -3.1951 -.7972 -.25 -3.2573
4 0 -.0517 -.25 -.003 -.1314 -.25 -.0265 -.2713 -.25 -.1436 -.1413 -.25 -.1478
3 0 -.1314 -.25 -.0265 -.2178 -.25 -.0353 -.2713 -.25 -.1436
4 0 -.364 -.25 -1.2969 -.3823 -.25 -1.3372 -.3517 -.25 -1.3828 -.3276 -.25 -1.3693
3 0 -.1892 -.25 -.2092 -.2393 -.25 -.2456 -.2343 -.25 -.4063
4 0 -.5555 -.25 -3.1824 -.7972 -.25 -3.2573 -.7141 -.25 -3.3879 -.631 -.25 -3.2972
4 0 -.475 -.25 -.4719 -.2343 -.25 -.4063 -.2393 -.25 -.2456 -.3547 -.25 -.3018
4 0 -.3823 -.25 -1.3372 -.383 -.25 -1.3629 -.3722 -.25 -1.3791 -.3517 -.25 -1.3828
4 0 -.6077 -.25 -.773 -.3854 -.25 -.8051 -.2957 -.25 -.7401 -.5055 -.25 -.7268
3 0 -.2713 -.25 -.1436 -.2178 -.25 -.0353 -.307 -.25 -.0276
4 0 -.307 -.25 -.0276 -.3963 -.25 -.0026 -.3915 -.25 -.1167 -.2713 -.25 -.1436
4 0 -.7972 -.25 -3.2573 -.8549 -.25 -3.309 -.8091 -.25 -3.4619 -.7141 -.25 -3.3879
3 0 -.6659 -.25 -3.0086 -.7223 -.25 -3.151 -.5095 -.25 -3.0788
4 0 -.9942 -.25 -3.538 -.8926 -.25 -3.5063 -.9149 -.25 -3.3475 -.9812 -.25 -3.3753
4 0 -.8549 -.25 -3.309 -.9149 -.25 -3.3475 -.8926 -.25 -3.5063 -.8091 -.25 -3.4619
4 0 -.3854 -.25 -.8051 -.6077 -.25 -.773 -.6728 -.25 -.9134 -.5204 -.25 -.8698
4 0 -.3547 -.25 -.3018 -.4883 -.25 -.3402 -.6486 -.25 -.4861 -.475 -.25 -.4719
3 0 -1.0448 -.25 -3.3895 -1.1133 -.25 -3.3922 -1.0824 -.25 -3.5474
4 0 -.9812 -.25 -3.3753 -1.0448 -.25 -3.3895 -1.0824 -.25 -3.5474 -.9942 -.25 -3.538
4 0 -.6728 -.25 -.9134 -.6077 -.25 -.773 -.7236 -.25 -.8015 -.7798 -.25 -.9299
4 0 -1.0562 -.25 -3.2682 -.9679 -.25 -3.2314 -1.0885 -.25 -3.1273 -1.2044 -.25 -3.162
4 0 -.8149 -.25 -3.0272 -.9742 -.25 -3.0746 -.9074 -.25 -3.1927 -.8539 -.25 -3.1434
4 0 -.8149 -.25 -3.0272 -.876 -.25 -2.9849 -1.0154 -.25 -3.0205 -.9742 -.25 -3.0746
4 0 -1.0705 -.25 -2.9133 -1.0154 -.25 -3.0205 -.876 -.25 -2.9849 -.913 -.25 -2.9426
4 0 -1.1394 -.25 -2.6898 -1.0705 -.25 -2.9133 -.913 -.25 -2.9426 -.9591 -.25 -2.8667
4 0 -.9237 -.25 -.435 -.8023 -.25 -.4705 -.6334 -.25 -.356 -.7416 -.25 -.3492
4 0 -.4883 -.25 -.3402 -.6334 -.25 -.356 -.8023 -.25 -.4705 -.6486 -.25 -.4861
4 0 -1.3905 -.25 -3.1699 -1.3275 -.25 -3.3 -1.1751 -.25 -3.294 -1.3026 -.25 -3.1743
4 0 -1.2044 -.25 -3.162 -1.3026 -.25 -3.1743 -1.1751 -.25 -3.294 -1.0562 -.25 -3.2682
4 0 -.7798 -.25 -.9299 -.7236 -.25 -.8015 -.8689 -.25 -.8111 -.9217 -.25 -.9378
4 0 -.8689 -.25 -.8111 -1.0894 -.25 -.7848 -1.0579 -.25 -.9198 -.9217 -.25 -.9378
4 0 -1.2357 -.25 -.8637 -1.0579 -.25 -.9198 -1.0894 -.25 -.7848 -1.2295 -.25 -.7426
4 0 -1.1394 -.25 -2.6898 -1.0117 -.25 -2.7334 -1.0505 -.25 -2.5709 -1.1929 -.25 -2.2814
3 0 -.9591 -.25 -2.8667 -1.0117 -.25 -2.7334 -1.1394 -.25 -2.6898
4 0 -1.0824 -.25 -3.5474 -1.1133 -.25 -3.3922 -1.1864 -.25 -3.3812 -1.1802 -.25 -3.5391
4 0 -1.2634 -.25 -3.3548 -1.3059 -.25 -3.5274 -1.1802 -.25 -3.5391 -1.1864 -.25 -3.3812
4 0 -1.0018 -.25 -1.0992 -.9144 -.25 -1.1929 -.7798 -.25 -.9299 -.9217 -.25 -.9378
4 0 -1.0363 -.25 -.378 -.9237 -.25 -.435 -.7416 -.25 -.3492 -.8458 -.25 -.3245
4 0 -1.1157 -.25 -1.4398 -1.0343 -.25 -1.6251 -.9144 -.25 -1.1929 -1.0018 -.25 -1.0992
4 0 -1.1929 -.25 -2.2814 -1.0505 -.25 -2.5709 -1.0828 -.25 -2.1791 -1.1831 -.25 -1.8405
4 0 -1.0343 -.25 -1.6251 -1.1157 -.25 -1.4398 -1.1831 -.25 -1.8405 -1.0828 -.25 -2.1791
4 0 -1.3059 -.25 -3.5274 -1.4024 -.25 -3.414 -1.4502 -.25 -3.4436 -1.3848 -.25 -3.5796
4 0 -1.4734 -.25 -3.1498 -1.3639 -.25 -3.2976 -1.3275 -.25 -3.3 -1.3905 -.25 -3.1699
4 0 -1.4698 -.25 -3.6163 -1.3848 -.25 -3.5796 -1.4502 -.25 -3.4436 -1.5391 -.25 -3.4741
4 0 -1.2104 -.25 -.2167 -1.1313 -.25 -.3049 -.9292 -.25 -.2882 -1.0056 -.25 -.2371
4 0 -.8458 -.25 -.3245 -.9292 -.25 -.2882 -1.1313 -.25 -.3049 -1.0363 -.25 -.378
3 0 -1.4024 -.25 -3.414 -1.3059 -.25 -3.5274 -1.2634 -.25 -3.3548
4 0 -1.6797 -.25 -3.1884 -1.3639 -.25 -3.2976 -1.4734 -.25 -3.1498 -1.5415 -.25 -3.1197
4 0 -1.2634 -.25 -3.3548 -1.3639 -.25 -3.2976 -1.5014 -.25 -3.3531 -1.4024 -.25 -3.414
4 0 -1.649 -.25 -3.2216 -1.5014 -.25 -3.3531 -1.3639 -.25 -3.2976 -1.6797 -.25 -3.1884
4 0 -1.4265 -.25 -.7639 -1.2357 -.25 -.8637 -1.2295 -.25 -.7426 -1.3329 -.25 -.6902
4 0 -1.5391 -.25 -3.4741 -1.6519 -.25 -3.4924 -1.5643 -.25 -3.6386 -1.4698 -.25 -3.6163
3 0 -1.0748 -.25 -.1692 -1.145 -.25 -.0718 -1.2696 -.25 -.1222
4 0 -1.0056 -.25 -.2371 -1.0748 -.25 -.1692 -1.2696 -.25 -.1222 -1.2104 -.25 -.2167
4 0 -1.6519 -.25 -3.4924 -1.7455 -.25 -3.4907 -1.6712 -.25 -3.6448 -1.5643 -.25 -3.6386
4 0 -1.7536 -.25 -3.2249 -1.6797 -.25 -3.1884 -1.5415 -.25 -3.1197 -1.6126 -.25 -3.0724
4 0 -1.4978 -.25 -.713 -1.4265 -.25 -.7639 -1.3329 -.25 -.6902 -1.441 -.25 -.6008
4 0 -1.3215 -.25 .0087 -1.2696 -.25 -.1222 -1.145 -.25 -.0718 -1.186 -.25 .0093
4 0 -1.7455 -.25 -3.4907 -1.8132 -.25 -3.478 -1.8047 -.25 -3.6282 -1.6712 -.25 -3.6448
4 0 -1.7536 -.25 -3.2249 -1.6126 -.25 -3.0724 -1.6845 -.25 -3.0036 -1.7927 -.25 -3.0939
4 0 -1.8681 -.25 -2.9782 -1.7927 -.25 -3.0939 -1.6845 -.25 -3.0036 -1.7584 -.25 -2.9032
4 0 -1.8721 -.25 -3.4565 -1.9308 -.25 -3.5882 -1.8047 -.25 -3.6282 -1.8132 -.25 -3.478
4 0 -1.7584 -.25 -2.9032 -1.8329 -.25 -2.7552 -1.958 -.25 -2.766 -1.8681 -.25 -2.9782
4 0 -1.7927 -.25 -3.0939 -1.8639 -.25 -3.114 -1.8384 -.25 -3.2497 -1.7536 -.25 -3.2249
3 0 -1.441 -.25 -.6008 -1.5829 -.25 -.6136 -1.4978 -.25 -.713
4 0 -1.9267 -.25 -3.425 -2 -.25 -3.5521 -1.9308 -.25 -3.5882 -1.8721 -.25 -3.4565
4 0 -2.0408 -.25 -2.4008 -1.958 -.25 -2.766 -1.8329 -.25 -2.7552 -1.9144 -.25 -2.4757
4 0 -1.441 -.25 -.6008 -1.5182 -.25 -.4989 -1.646 -.25 -.5154 -1.5829 -.25 -.6136
4 0 -2.1335 -.25 -3.463 -2 -.25 -3.5521 -1.9267 -.25 -3.425 -2.0954 -.25 -3.4357
4 0 -1.7284 -.25 -.7822 -1.8557 -.25 -.9984 -1.7443 -.25 -1.0459 -1.6293 -.25 -.8594
4 0 -1.5829 -.25 -.6136 -1.7284 -.25 -.7822 -1.6293 -.25 -.8594 -1.4978 -.25 -.713
4 0 -2.0564 -.25 -3.2576 -1.9426 -.25 -3.2621 -1.9527 -.25 -3.1228 -2.0665 -.25 -3.1133
4 0 -1.8639 -.25 -3.114 -1.9527 -.25 -3.1228 -1.9426 -.25 -3.2621 -1.8384 -.25 -3.2497
4 0 -1.7132 -.25 -.3027 -1.6881 -.25 -.4133 -1.5572 -.25 -.413 -1.5857 -.25 -.2832
4 0 -1.5182 -.25 -.4989 -1.5572 -.25 -.413 -1.6881 -.25 -.4133 -1.646 -.25 -.5154
3 0 -2 -.25 -3.5521 -2.1335 -.25 -3.463 -2.2006 -.25 -3.4991
4 0 -2.0513 -.25 -3.5904 -2 -.25 -3.5521 -2.2006 -.25 -3.4991 -2.2645 -.25 -3.5201
4 0 -1.9755 -.25 -3.383 -2.1384 -.25 -3.3867 -2.0954 -.25 -3.4357 -1.9267 -.25 -3.425
4 0 -1.722 -.25 -.1445 -1.7132 -.25 -.3027 -1.5857 -.25 -.2832 -1.5869 -.25 -.1441
4 0 -1.9538 -.25 -2.0654 -2.0664 -.25 -1.9746 -2.0408 -.25 -2.4008 -1.9144 -.25 -2.4757
4 0 -2.2333 -.25 -3.2027 -2.0564 -.25 -3.2576 -2.0665 -.25 -3.1133 -2.1857 -.25 -3.0803
4 0 -2.1384 -.25 -3.3867 -1.9755 -.25 -3.383 -2.0166 -.25 -3.3318 -2.2022 -.25 -3.2831
4 0 -2.2022 -.25 -3.2831 -2.0166 -.25 -3.3318 -2.0564 -.25 -3.2576 -2.2333 -.25 -3.2027
3 0 -2.0513 -.25 -3.5904 -2.2645 -.25 -3.5201 -2.36 -.25 -3.5281
4 0 -1.9217 -.25 -1.6348 -2.0467 -.25 -1.6851 -2.0664 -.25 -1.9746 -1.9538 -.25 -2.0654
4 0 -1.856 -.25 -1.3348 -1.7443 -.25 -1.0459 -1.8557 -.25 -.9984 -1.9713 -.25 -1.3054
4 0 -2.0467 -.25 -1.6851 -1.9217 -.25 -1.6348 -1.856 -.25 -1.3348 -1.9713 -.25 -1.3054
4 0 -2.0513 -.25 -3.5904 -2.36 -.25 -3.5281 -2.4181 -.25 -3.5193 -2.1373 -.25 -3.6369
3 0 -2.4181 -.25 -3.5193 -2.2348 -.25 -3.6658 -2.1373 -.25 -3.6369
4 0 -2.0005 -.25 -.0371 -1.9578 -.25 -.2052 -1.8713 -.25 -.1682 -1.9158 -.25 -.0021
4 0 -2.0005 -.25 -.0371 -2.1321 -.25 -.1662 -2.0801 -.25 -.2848 -1.9578 -.25 -.2052
4 0 -2.2718 -.25 -.1358 -2.1321 -.25 -.1662 -2.0005 -.25 -.0371 -2.0916 -.25 -.0027
4 0 -2.5617 -.25 -3.5879 -2.4773 -.25 -3.4993 -2.5384 -.25 -3.4657 -2.6419 -.25 -3.534
4 0 -2.5617 -.25 -3.5879 -2.6096 -.25 -3.6515 -2.4998 -.25 -3.7552 -2.4773 -.25 -3.4993
4 0 -2.4773 -.25 -3.4993 -2.4998 -.25 -3.7552 -2.2348 -.25 -3.6658 -2.4181 -.25 -3.5193
4 0 -2.4998 -.25 -3.7552 -2.6096 -.25 -3.6515 -2.6601 -.25 -3.6983 -2.5886 -.25 -3.8314
4 0 -2.6751 -.25 -2.8407 -2.5669 -.25 -2.9719 -2.4647 -.25 -2.891 -2.5595 -.25 -2.7694
4 0 -2.4146 -.25 -2.94 -2.4647 -.25 -2.891 -2.5669 -.25 -2.9719 -2.4342 -.25 -3.0978
4 0 -2.2549 -.25 -.2778 -2.2325 -.25 -.4295 -2.0801 -.25 -.2848 -2.1321 -.25 -.1662
4 0 -2.7147 -.25 -3.7327 -2.6862 -.25 -3.8826 -2.5886 -.25 -3.8314 -2.6601 -.25 -3.6983
4 0 -2.5858 -.25 -3.4292 -2.7099 -.25 -3.4673 -2.6419 -.25 -3.534 -2.5384 -.25 -3.4657
3 0 -2.7147 -.25 -3.7327 -2.7746 -.25 -3.756 -2.6862 -.25 -3.8826
3 0 -2.6896 -.25 -2.971 -2.5669 -.25 -2.9719 -2.6751 -.25 -2.8407
4 0 -2.7746 -.25 -3.756 -2.8366 -.25 -3.7672 -2.7878 -.25 -3.9106 -2.6862 -.25 -3.8826
4 0 -2.4399 -.25 -.5021 -2.3292 -.25 -.5503 -2.2325 -.25 -.4295 -2.2549 -.25 -.2778
4 0 -2.6477 -.25 -3.3641 -2.7673 -.25 -3.3867 -2.7099 -.25 -3.4673 -2.5858 -.25 -3.4292
4 0 -2.7878 -.25 -3.9106 -2.8366 -.25 -3.7672 -2.8995 -.25 -3.7669 -2.8736 -.25 -3.9157
4 0 -2.7088 -.25 -3.2702 -2.751 -.25 -3.1677 -2.8532 -.25 -3.1542 -2.8188 -.25 -3.278
4 0 -2.7088 -.25 -3.2702 -2.8188 -.25 -3.278 -2.7673 -.25 -3.3867 -2.6477 -.25 -3.3641
4 0 -2.4085 -.25 -.6697 -2.3292 -.25 -.5503 -2.4399 -.25 -.5021 -2.5206 -.25 -.6276
4 0 -2.871 -.25 -2.9468 -2.7771 -.25 -2.9654 -2.7193 -.25 -2.8394 -2.8122 -.25 -2.8232
4 0 -2.6751 -.25 -2.8407 -2.7193 -.25 -2.8394 -2.7771 -.25 -2.9654 -2.6896 -.25 -2.971
3 0 -2.6438 -.25 -2.6097 -2.7123 -.25 -2.3953 -2.7737 -.25 -2.6248
4 0 -2.5595 -.25 -2.7694 -2.6438 -.25 -2.6097 -2.7737 -.25 -2.6248 -2.6751 -.25 -2.8407
4 0 -2.8488 -.25 -2.3444 -2.7737 -.25 -2.6248 -2.7123 -.25 -2.3953 -2.755 -.25 -2.0457
4 0 -2.8532 -.25 -3.1542 -2.751 -.25 -3.1677 -2.7732 -.25 -3.0666 -2.8705 -.25 -3.0004
3 0 -2.5644 -.25 -.9795 -2.4085 -.25 -.6697 -2.5206 -.25 -.6276
4 0 -2.8736 -.25 -3.9157 -2.8995 -.25 -3.7669 -2.9664 -.25 -3.7548 -2.9655 -.25 -3.9037
4 0 -2.7771 -.25 -2.9654 -2.871 -.25 -2.9468 -2.8705 -.25 -3.0004 -2.7732 -.25 -3.0666
4 0 -3.0431 -.25 -3.7265 -3.0635 -.25 -3.8717 -2.9655 -.25 -3.9037 -2.9664 -.25 -3.7548
4 0 -2.5206 -.25 -.6276 -2.6385 -.25 -.8477 -2.6913 -.25 -1.3852 -2.5644 -.25 -.9795
4 0 -2.8122 -.25 -2.8232 -2.9111 -.25 -2.7871 -2.9318 -.25 -2.9346 -2.871 -.25 -2.9468
3 0 -2.8488 -.25 -2.3444 -2.755 -.25 -2.0457 -2.7307 -.25 -1.609
3 0 -2.7307 -.25 -1.609 -2.6913 -.25 -1.3852 -2.6385 -.25 -.8477
3 0 -2.8488 -.25 -2.3444 -2.7307 -.25 -1.609 -2.6385 -.25 -.8477
4 0 .2871 -.25 -2.0743 .2967 -.25 -2.2671 .3362 -.25 -2.2813 .3304 -.25 -2.0571
4 0 .3875 -.25 -2.0452 .3304 -.25 -2.0571 .3362 -.25 -2.2813 .4252 -.25 -2.092
4 0 -.9679 -.25 -3.2314 -.9074 -.25 -3.1927 -.9742 -.25 -3.0746 -1.0885 -.25 -3.1273
4 0 -2.2333 -.25 -3.2027 -2.4146 -.25 -2.94 -2.4342 -.25 -3.0978 -2.3265 -.25 -3.1653
3 0 -2.2333 -.25 -3.2027 -2.3025 -.25 -3.0233 -2.4146 -.25 -2.94
3 0 -2.1857 -.25 -3.0803 -2.3025 -.25 -3.0233 -2.2333 -.25 -3.2027
4 0 -.4534 -.25 -2.652 -.2702 -.25 -2.5706 -.293 -.25 -2.3396 -.3323 -.25 -2.3389
4 0 .0305 -.25 -1.2235 -.1382 -.25 -1.1151 -.2945 -.25 -1.1444 -.0072 -.25 -1.2391
4 0 -.2945 -.25 -1.1444 -.3222 -.25 -1.223 -.0656 -.25 -1.2745 -.0072 -.25 -1.2391
4 0 -.1198 -.25 -1.3232 -.0656 -.25 -1.2745 -.2562 -.25 -1.3285 -.2148 -.25 -1.3551
4 0 -.0656 -.25 -1.2745 -.3222 -.25 -1.223 -.2967 -.25 -1.338 -.2562 -.25 -1.3285
4 0 -.0208 -.25 .0121 -.0517 -.25 -.003 -.1413 -.25 -.1478 .044 -.25 -.1253
3 0 -2.5177 -.25 .0121 -2.0916 -.25 -.0027 -2.1544 -.25 .0121
4 0 -2.2718 -.25 -.1358 -2.0916 -.25 -.0027 -2.5177 -.25 .0121 -2.3894 -.25 -.1319
4 0 -1.186 -.25 .0093 -1.3181 -.25 .0121 -1.3221 -.25 .0121 -1.3215 -.25 .0087
3 0 -1.3181 -.25 .0121 -1.186 -.25 .0093 -1.1869 -.25 .0121
4 0 -.6166 -.25 .0121 -.6095 -.25 .0047 -.4999 -.25 -.0701 -.4257 -.25 .0121
4 0 -1.8713 -.25 -.1682 -1.7954 -.25 -.1495 -1.8583 -.25 .0121 -1.9158 -.25 -.0021
4 0 -.4257 -.25 .0121 -.4999 -.25 -.0701 -.3915 -.25 -.1167 -.3963 -.25 -.0026
4 0 -1.5611 -.25 -.0145 -1.8583 -.25 .0121 -1.7954 -.25 -.1495 -1.722 -.25 -.1445
3 0 -2.5416 -.25 -.1583 -2.5059 -.25 -.1496 -2.5177 -.25 .0121
3 0 -1.722 -.25 -.1445 -1.5869 -.25 -.1441 -1.5611 -.25 -.0145
3 0 .1317 -.25 -.0725 .2083 -.25 -.0041 .2221 -.25 .0121
3 0 -1.8583 -.25 .0121 -1.5611 -.25 -.0145 -1.551 -.25 .0121
4 0 .2221 -.25 .0121 -.0208 -.25 .0121 .044 -.25 -.1253 .1317 -.25 -.0725
3 0 -2.5059 -.25 -.1496 -2.3894 -.25 -.1319 -2.5177 -.25 .0121
0 // Blue faces
4 1 1.1187 -.25 -3.2144 1.293 -.25 -1.9745 1.2165 -.25 -2.0054 1.2013 -.25 -2.082
3 1 1.2013 -.25 -2.082 1.1751 -.25 -2.151 1.1187 -.25 -3.2144
3 1 1.1751 -.25 -2.151 1.1467 -.25 -2.1979 1.1187 -.25 -3.2144
3 1 1.1467 -.25 -2.1979 1.1082 -.25 -2.2381 1.1187 -.25 -3.2144
3 1 1.1082 -.25 -2.2381 1.0682 -.25 -2.2645 1.1187 -.25 -3.2144
4 1 1.1187 -.25 -3.2144 1.0682 -.25 -2.2645 1.038 -.25 -2.2751 .9759 -.25 -2.3729
3 1 .8973 -.25 -2.4573 1.1187 -.25 -3.2144 .9759 -.25 -2.3729
3 1 .8086 -.25 -2.523 1.1187 -.25 -3.2144 .8973 -.25 -2.4573
3 1 .7117 -.25 -2.5702 1.1187 -.25 -3.2144 .8086 -.25 -2.523
4 1 1.1187 -.25 -3.2144 .7117 -.25 -2.5702 .6161 -.25 -2.5969 .1037 -.25 -3.6244
4 1 .6161 -.25 -2.5969 .5213 -.25 -2.6058 .3042 -.25 -2.6706 .1037 -.25 -3.6244
3 1 .4265 -.25 -2.5974 .3791 -.25 -2.6319 .5213 -.25 -2.6058
3 1 .3791 -.25 -2.6319 .3042 -.25 -2.6706 .5213 -.25 -2.6058
3 1 .2071 -.25 -2.6996 .1037 -.25 -3.6244 .3042 -.25 -2.6706
3 1 .2071 -.25 -2.6996 .1031 -.25 -2.7098 .1037 -.25 -3.6244
4 1 .1037 -.25 -3.6244 .1031 -.25 -2.7098 -.0023 -.25 -2.7003 -.5555 -.25 -3.1824
3 1 -.631 -.25 -3.2972 .1037 -.25 -3.6244 -.5555 -.25 -3.1824
3 1 -.7141 -.25 -3.3879 .1037 -.25 -3.6244 -.631 -.25 -3.2972
3 1 -.8091 -.25 -3.4619 .1037 -.25 -3.6244 -.7141 -.25 -3.3879
4 1 .1037 -.25 -3.6244 -.8091 -.25 -3.4619 -.8926 -.25 -3.5063 -1.8234 -.25 -4.403
4 1 -.0023 -.25 -2.7003 -.1003 -.25 -2.673 -.3391 -.25 -2.7803 -.4218 -.25 -2.9377
4 1 -.0023 -.25 -2.7003 -.4218 -.25 -2.9377 -.496 -.25 -3.0324 -.5095 -.25 -3.0788
3 1 -.5555 -.25 -3.1824 -.0023 -.25 -2.7003 -.5095 -.25 -3.0788
3 1 -.3391 -.25 -2.7803 -.1003 -.25 -2.673 -.1895 -.25 -2.6298
3 1 -.3391 -.25 -2.7803 -.1895 -.25 -2.6298 -.2702 -.25 -2.5706
3 1 -1.8234 -.25 -4.403 -.8926 -.25 -3.5063 -.9942 -.25 -3.538
3 1 -1.8234 -.25 -4.403 -.9942 -.25 -3.538 -1.0824 -.25 -3.5474
4 1 -1.0824 -.25 -3.5474 -1.1802 -.25 -3.5391 -1.3848 -.25 -3.5796 -1.8234 -.25 -4.403
3 1 -1.1802 -.25 -3.5391 -1.3059 -.25 -3.5274 -1.3848 -.25 -3.5796
3 1 -1.3848 -.25 -3.5796 -1.4698 -.25 -3.6163 -1.8234 -.25 -4.403
3 1 -1.4698 -.25 -3.6163 -1.5643 -.25 -3.6386 -1.8234 -.25 -4.403
3 1 -1.5643 -.25 -3.6386 -1.6712 -.25 -3.6448 -1.8234 -.25 -4.403
4 1 -1.6712 -.25 -3.6448 -1.8047 -.25 -3.6282 -2.2348 -.25 -3.6658 -1.8234 -.25 -4.403
3 1 -2.2348 -.25 -3.6658 -2.3691 -.25 -4.6214 -1.8234 -.25 -4.403
4 1 -1.8047 -.25 -3.6282 -1.9308 -.25 -3.5882 -2.1373 -.25 -3.6369 -2.2348 -.25 -3.6658
3 1 -2.0513 -.25 -3.5904 -1.9308 -.25 -3.5882 -2 -.25 -3.5521
3 1 -2.1373 -.25 -3.6369 -1.9308 -.25 -3.5882 -2.0513 -.25 -3.5904
3 1 -2.5886 -.25 -3.8314 -2.637 -.25 -4.7318 -2.4998 -.25 -3.7552
3 1 -2.6862 -.25 -3.8826 -2.637 -.25 -4.7318 -2.5886 -.25 -3.8314
3 1 -2.7878 -.25 -3.9106 -2.637 -.25 -4.7318 -2.6862 -.25 -3.8826
3 1 -2.8736 -.25 -3.9157 -2.637 -.25 -4.7318 -2.7878 -.25 -3.9106
3 1 -2.9655 -.25 -3.9037 -2.637 -.25 -4.7318 -2.8736 -.25 -3.9157
4 1 -2.637 -.25 -4.7318 -2.9655 -.25 -3.9037 -3.0635 -.25 -3.8717 -3.5514 -.25 -7.3435
4 1 -.1396 -.25 -5.3561 1.1187 -.25 -3.2144 .1037 -.25 -3.6244 -1.831 -.25 -4.4569
3 1 1.1187 -.25 -3.2144 -.1396 -.25 -5.3561 -.2858 -.25 -6.3959
3 1 .1037 -.25 -3.6244 -1.8234 -.25 -4.403 -1.831 -.25 -4.4569
3 1 -.2858 -.25 -6.3959 -.395 -.25 -7.1732 1.1187 -.25 -3.2144
3 1 -.342 -.25 -6.488 -.395 -.25 -7.1732 -.2858 -.25 -6.3959
3 1 -.4363 -.25 -6.5405 -.395 -.25 -7.1732 -.342 -.25 -6.488
3 1 -.5429 -.25 -6.5577 -.395 -.25 -7.1732 -.4363 -.25 -6.5405
3 1 -.6503 -.25 -6.5464 -.395 -.25 -7.1732 -.5429 -.25 -6.5577
3 1 -1.2665 -.25 -6.4045 -.395 -.25 -7.1732 -.6503 -.25 -6.5464
3 1 -.7208 -.25 -5.8986 -1.9423 -.25 -5.2492 -1.9924 -.25 -5.6057
3 1 -1.8234 -.25 -4.403 -2.3691 -.25 -4.6214 -1.831 -.25 -4.4569
3 1 -1.831 -.25 -4.4569 -2.3691 -.25 -4.6214 -1.9423 -.25 -5.2492
3 1 -1.9423 -.25 -5.2492 -2.3691 -.25 -4.6214 -1.9924 -.25 -5.6057
3 1 -1.9924 -.25 -5.6057 -2.3691 -.25 -4.6214 -2.0926 -.25 -6.3187
3 1 -2.7516 -.25 -7.3435 -2.2366 -.25 -7.3435 -2.1455 -.25 -6.695
4 1 -2.0926 -.25 -6.3187 -2.3691 -.25 -4.6214 -2.7516 -.25 -7.3435 -2.1455 -.25 -6.695
3 1 -3.5514 -.25 -7.3435 -3.0041 -.25 -7.3435 -2.637 -.25 -4.7318
4 1 .5384 -.25 -7.3435 1.1187 -.25 -3.2144 -.395 -.25 -7.1732 -.4189 -.25 -7.3435
4 1 -.9256 -.25 -7.3435 -.9249 -.25 -7.3435 -2.0926 -.25 -6.3187 -2.1455 -.25 -6.695
0 // Yellow faces
4 14 -2.3691 -.25 -4.6214 -2.2348 -.25 -3.6658 -2.4998 -.25 -3.7552 -2.637 -.25 -4.7318
4 14 1.5722 -.25 .0121 1.2199 -.25 -1.9527 1.2165 -.25 -2.0054 1.293 -.25 -1.9745
3 14 1.5722 -.25 .0121 1.2141 -.25 -1.8706 1.2199 -.25 -1.9527
3 14 1.2141 -.25 -1.8706 1.5722 -.25 .0121 1.1983 -.25 -1.8073
3 14 1.1983 -.25 -1.8073 1.5722 -.25 .0121 1.1794 -.25 -1.7648
3 14 1.1794 -.25 -1.7648 1.5722 -.25 .0121 1.1594 -.25 -1.7349
3 14 1.1594 -.25 -1.7349 1.5722 -.25 .0121 1.1391 -.25 -1.7136
4 14 1.1025 -.25 -1.6902 1.1391 -.25 -1.7136 1.5722 -.25 .0121 1.074 -.25 -1.598
3 14 1.5722 -.25 .0121 1.0293 -.25 -1.5116 1.074 -.25 -1.598
3 14 1.5722 -.25 .0121 .966 -.25 -1.4284 1.0293 -.25 -1.5116
3 14 .8847 -.25 -1.3526 .966 -.25 -1.4284 1.5722 -.25 .0121
3 14 .2083 -.25 -.0041 .1317 -.25 -.0725 .3268 -.25 -1.0793
4 14 .3268 -.25 -1.0793 .1317 -.25 -.0725 .044 -.25 -.1253 .0022 -.25 -.2054
3 14 .3268 -.25 -1.0793 .0022 -.25 -.2054 -.0488 -.25 -.2798
4 14 .2401 -.25 -1.0547 .3268 -.25 -1.0793 -.0488 -.25 -.2798 -.065 -.25 -.4142
3 14 -.102 -.25 -.5263 .2401 -.25 -1.0547 -.065 -.25 -.4142
4 14 -.102 -.25 -.5263 -.159 -.25 -.6295 .1374 -.25 -1.0445 .2401 -.25 -1.0547
3 14 -.1263 -.25 -.9288 -.1382 -.25 -1.1151 -.0692 -.25 -1.082
4 14 .1374 -.25 -1.0445 -.159 -.25 -.6295 -.1242 -.25 -.8019 .0328 -.25 -1.0534
4 14 -.1242 -.25 -.8019 -.1263 -.25 -.9288 -.0692 -.25 -1.082 .0328 -.25 -1.0534
3 14 .4005 -.25 -1.1147 .4618 -.25 -1.1585 1.5722 -.25 .0121
4 14 .5624 -.25 -1.2158 1.5722 -.25 .0121 .4618 -.25 -1.1585 .5139 -.25 -1.212
4 14 1.5722 -.25 .0121 .2221 -.25 .0121 .2083 -.25 -.0041 .3268 -.25 -1.0793
3 14 .667 -.25 -1.2383 .7827 -.25 -1.2863 1.5722 -.25 .0121
3 14 .7827 -.25 -1.2863 .8847 -.25 -1.3526 1.5722 -.25 .0121
4 14 -2.637 -.25 -4.7318 -3.0041 -.25 -7.3435 -2.7516 -.25 -7.3435 -2.3691 -.25 -4.6214
3 14 1.5722 -.25 .0121 .3268 -.25 -1.0793 .4005 -.25 -1.1147
3 14 .5624 -.25 -1.2158 .667 -.25 -1.2383 1.5722 -.25 .0121
3 14 -2.1544 -.25 .0121 -2.0916 -.25 -.0027 -2.0005 -.25 -.0371
3 14 -2.0005 -.25 -.0371 -1.9158 -.25 -.0021 -1.8583 -.25 .0121
3 14 -2.1544 -.25 .0121 -2.0005 -.25 -.0371 -1.8583 -.25 .0121
0 // White faces
4 15 .98 -.25 -2.1209 .9928 -.25 -2.1242 1.0072 -.25 -2.1196 .9714 -.25 -2.1061
4 15 1.0354 -.25 -2.085 1.0506 -.25 -2.0476 .9752 -.25 -1.903 .9714 -.25 -2.1061
3 15 .9752 -.25 -1.903 1.0506 -.25 -2.0476 1.0632 -.25 -1.9883
4 15 1.0632 -.25 -1.9883 1.0654 -.25 -1.9319 .9905 -.25 -1.8974 .9752 -.25 -1.903
4 15 1.0354 -.25 -2.085 .9714 -.25 -2.1061 1.0072 -.25 -2.1196 1.0232 -.25 -2.1043
4 15 1.033 -.25 -1.8318 1.0209 -.25 -1.8364 1.051 -.25 -1.8617 1.0402 -.25 -1.8404
4 15 1.0654 -.25 -1.9319 1.06 -.25 -1.8909 1.0054 -.25 -1.8605 .9905 -.25 -1.8974
4 15 1.06 -.25 -1.8909 1.051 -.25 -1.8617 1.0209 -.25 -1.8364 1.0054 -.25 -1.8605
3 15 .9752 -.25 -1.903 .9484 -.25 -2.1009 .9714 -.25 -2.1061
4 15 .9484 -.25 -2.1009 .6991 -.25 -2.1796 .7044 -.25 -2.1998 .9429 -.25 -2.1158
4 15 .9675 -.25 -1.8915 .7515 -.25 -1.832 .7458 -.25 -1.8554 .9752 -.25 -1.903
4 15 .736 -.25 -1.877 .9484 -.25 -2.1009 .9752 -.25 -1.903 .7458 -.25 -1.8554
4 15 .6991 -.25 -2.1796 .9484 -.25 -2.1009 .736 -.25 -1.877 .7224 -.25 -1.8964
4 15 .7515 -.25 -1.7977 .7515 -.25 -1.832 .9675 -.25 -1.8915 .9715 -.25 -1.8293
4 15 .9429 -.25 -2.1158 .7044 -.25 -2.1998 .7052 -.25 -2.2302 .8901 -.25 -2.2254
4 15 .7208 -.25 -1.7285 .7362 -.25 -1.7523 .9401 -.25 -1.6781 .9034 -.25 -1.6039
4 15 .5078 -.25 -1.372 .5117 -.25 -1.4299 .5577 -.25 -1.6326 .6233 -.25 -1.3948
4 15 .775 -.25 -2.3608 .8345 -.25 -2.3027 .7052 -.25 -2.2302 .7004 -.25 -2.2522
3 15 .8345 -.25 -2.3027 .8901 -.25 -2.2254 .7052 -.25 -2.2302
3 15 .7004 -.25 -2.2522 .6918 -.25 -2.2726 .775 -.25 -2.3608
3 15 .6796 -.25 -2.291 .775 -.25 -2.3608 .6918 -.25 -2.2726
4 15 .775 -.25 -2.3608 .6796 -.25 -2.291 .6634 -.25 -2.3076 .7186 -.25 -2.3999
4 15 .6163 -.25 -1.6518 .6614 -.25 -1.6755 .7932 -.25 -1.4804 .7153 -.25 -1.4312
4 15 .5577 -.25 -1.6326 .6163 -.25 -1.6518 .7153 -.25 -1.4312 .6233 -.25 -1.3948
4 15 .6499 -.25 -2.3186 .6526 -.25 -2.4304 .7186 -.25 -2.3999 .6634 -.25 -2.3076
4 15 .6753 -.25 -2.138 .6897 -.25 -2.1591 .7046 -.25 -1.9136 .689 -.25 -1.9256
4 15 .7224 -.25 -1.8964 .7046 -.25 -1.9136 .6897 -.25 -2.1591 .6991 -.25 -2.1796
4 15 .6196 -.25 -2.3371 .582 -.25 -2.4481 .6526 -.25 -2.4304 .6499 -.25 -2.3186
4 15 .6543 -.25 -2.1161 .6753 -.25 -2.138 .689 -.25 -1.9256 .6571 -.25 -1.9435
4 15 .9641 -.25 -1.7614 .9401 -.25 -1.6781 .7362 -.25 -1.7523 .7461 -.25 -1.7752
4 15 .7515 -.25 -1.7977 .9715 -.25 -1.8293 .9641 -.25 -1.7614 .7461 -.25 -1.7752
4 15 .6539 -.25 -2.2073 .5448 -.25 -2.2234 .6415 -.25 -2.2575 .6533 -.25 -2.2282
4 15 .5489 -.25 -2.1989 .5448 -.25 -2.2234 .6539 -.25 -2.2073 .648 -.25 -2.1889
4 15 .9034 -.25 -1.6039 .8524 -.25 -1.5354 .6982 -.25 -1.7038 .7208 -.25 -1.7285
4 15 .681 -.25 -1.7591 .5866 -.25 -1.7993 .7008 -.25 -1.8249 .6965 -.25 -1.7899
4 15 .5448 -.25 -2.2234 .5362 -.25 -2.2396 .622 -.25 -2.2775 .6415 -.25 -2.2575
4 15 .6936 -.25 -1.847 .7008 -.25 -1.8249 .5866 -.25 -1.7993 .5819 -.25 -1.822
4 15 .6571 -.25 -1.9435 .6132 -.25 -1.9589 .6204 -.25 -2.091 .6543 -.25 -2.1161
4 15 .6936 -.25 -1.847 .5819 -.25 -1.822 .6578 -.25 -1.8867 .6756 -.25 -1.8721
4 15 .582 -.25 -2.4481 .6196 -.25 -2.3371 .577 -.25 -2.354 .5053 -.25 -2.4522
3 15 .5362 -.25 -2.2396 .526 -.25 -2.2513 .622 -.25 -2.2775
3 15 .5433 -.25 -2.1736 .6347 -.25 -2.1671 .6167 -.25 -2.1487
4 15 .5489 -.25 -2.1989 .648 -.25 -2.1889 .6347 -.25 -2.1671 .5433 -.25 -2.1736
4 15 .8524 -.25 -1.5354 .7932 -.25 -1.4804 .6614 -.25 -1.6755 .6982 -.25 -1.7038
4 15 .526 -.25 -2.2513 .5128 -.25 -2.2621 .594 -.25 -2.2955 .622 -.25 -2.2775
4 15 .5819 -.25 -1.822 .5729 -.25 -1.8384 .6337 -.25 -1.9001 .6578 -.25 -1.8867
4 15 .5985 -.25 -1.9124 .6337 -.25 -1.9001 .5729 -.25 -1.8384 .562 -.25 -1.8504
3 15 .6652 -.25 -1.7411 .637 -.25 -1.7184 .583 -.25 -1.7765
4 15 .5866 -.25 -1.7993 .681 -.25 -1.7591 .6652 -.25 -1.7411 .583 -.25 -1.7765
4 15 .5128 -.25 -2.2621 .4911 -.25 -2.2741 .5599 -.25 -2.3089 .594 -.25 -2.2955
4 15 .578 -.25 -2.0697 .6204 -.25 -2.091 .6132 -.25 -1.9589 .5566 -.25 -1.9684
3 15 .5053 -.25 -2.4522 .577 -.25 -2.354 .5204 -.25 -2.3657
4 15 .4227 -.25 -2.4227 .4262 -.25 -2.4412 .5053 -.25 -2.4522 .4462 -.25 -2.3675
3 15 .5053 -.25 -2.4522 .5204 -.25 -2.3657 .4462 -.25 -2.3675
4 15 .5317 -.25 -2.1532 .5882 -.25 -2.1286 .5448 -.25 -2.1086 .5176 -.25 -2.138
4 15 .5433 -.25 -2.1736 .6167 -.25 -2.1487 .5882 -.25 -2.1286 .5317 -.25 -2.1532
4 15 .4911 -.25 -2.2741 .4651 -.25 -2.2833 .512 -.25 -2.3186 .5599 -.25 -2.3089
4 15 .5536 -.25 -1.6812 .561 -.25 -1.7417 .5729 -.25 -1.756 .6016 -.25 -1.6986
4 15 .5729 -.25 -1.756 .583 -.25 -1.7765 .637 -.25 -1.7184 .6016 -.25 -1.6986
4 15 .5566 -.25 -1.9684 .4849 -.25 -1.9673 .5216 -.25 -2.0521 .578 -.25 -2.0697
4 15 .4901 -.25 -1.9195 .5506 -.25 -1.9204 .5479 -.25 -1.8615 .525 -.25 -1.8739
4 15 .562 -.25 -1.8504 .5479 -.25 -1.8615 .5506 -.25 -1.9204 .5985 -.25 -1.9124
3 15 .525 -.25 -1.8739 .4973 -.25 -1.8832 .4901 -.25 -1.9195
4 15 .4494 -.25 -2.3201 .512 -.25 -2.3186 .4651 -.25 -2.2833 .4304 -.25 -2.2896
4 15 .4973 -.25 -1.8832 .4607 -.25 -1.8893 .4753 -.25 -1.9176 .4901 -.25 -1.9195
4 15 .4938 -.25 -2.0951 .4959 -.25 -2.1215 .5176 -.25 -2.138 .5448 -.25 -2.1086
3 15 .5216 -.25 -2.0521 .4849 -.25 -1.9673 .4603 -.25 -2.0433
4 15 .4938 -.25 -2.0951 .4574 -.25 -2.0907 .4654 -.25 -2.1057 .4959 -.25 -2.1215
4 15 .561 -.25 -1.7417 .5536 -.25 -1.6812 .5031 -.25 -1.6719 .5404 -.25 -1.7245
3 15 .5117 -.25 -1.4299 .5121 -.25 -1.4607 .5577 -.25 -1.6326
3 15 .4462 -.25 -2.3675 .4149 -.25 -2.417 .4227 -.25 -2.4227
3 15 .4216 -.25 -2.3171 .4494 -.25 -2.3201 .4304 -.25 -2.2896
4 15 .4304 -.25 -2.2896 .3856 -.25 -2.29 .3672 -.25 -2.3043 .4216 -.25 -2.3171
4 15 .3875 -.25 -2.0452 .4849 -.25 -1.9673 .4222 -.25 -1.9556 .3304 -.25 -2.0571
3 15 .4222 -.25 -1.9556 .2871 -.25 -2.0743 .3304 -.25 -2.0571
3 15 .4849 -.25 -1.9673 .3875 -.25 -2.0452 .4603 -.25 -2.0433
3 15 .4494 -.25 -1.6712 .4765 -.25 -1.6963 .5131 -.25 -1.7091
4 15 .5404 -.25 -1.7245 .5031 -.25 -1.6719 .4494 -.25 -1.6712 .5131 -.25 -1.7091
4 15 .3876 -.25 -2.4274 .4149 -.25 -2.417 .4462 -.25 -2.3675 .3746 -.25 -2.3563
3 15 .3876 -.25 -2.4274 .3746 -.25 -2.3563 .3197 -.25 -2.3378
3 15 .4574 -.25 -2.0907 .4252 -.25 -2.092 .4654 -.25 -2.1057
3 15 .5104 -.25 -1.4811 .5013 -.25 -1.5056 .5077 -.25 -1.6242
4 15 .5121 -.25 -1.4607 .5104 -.25 -1.4811 .5077 -.25 -1.6242 .5577 -.25 -1.6326
4 15 .4924 -.25 -1.5108 .4365 -.25 -1.6234 .5077 -.25 -1.6242 .5013 -.25 -1.5056
4 15 .4776 -.25 -1.5057 .3795 -.25 -1.6331 .4365 -.25 -1.6234 .4924 -.25 -1.5108
4 15 .3197 -.25 -2.3378 .2792 -.25 -2.3163 .3687 -.25 -2.4476 .3876 -.25 -2.4274
4 15 .4195 -.25 -1.9042 .4753 -.25 -1.9176 .4607 -.25 -1.8893 .404 -.25 -1.8874
4 15 .3672 -.25 -2.3043 .3856 -.25 -2.29 .3362 -.25 -2.2813 .327 -.25 -2.2876
4 15 .2871 -.25 -2.0743 .4222 -.25 -1.9556 .3652 -.25 -1.9351 .2561 -.25 -2.0934
3 15 .404 -.25 -1.8874 .3704 -.25 -1.882 .4195 -.25 -1.9042
4 15 .4776 -.25 -1.5057 .4711 -.25 -1.4906 .3353 -.25 -1.649 .3795 -.25 -1.6331
4 15 .4765 -.25 -1.6963 .4494 -.25 -1.6712 .4024 -.25 -1.679 .4269 -.25 -1.6889
3 15 .3353 -.25 -1.649 .4711 -.25 -1.4906 .4704 -.25 -1.453
4 15 .3029 -.25 -1.6673 .3353 -.25 -1.649 .4704 -.25 -1.453 .4624 -.25 -1.4127
4 15 .4472 -.25 -1.3738 .2709 -.25 -1.6949 .3029 -.25 -1.6673 .4624 -.25 -1.4127
3 15 .2398 -.25 -2.5306 .3201 -.25 -2.488 .0519 -.25 -2.2266
4 15 .1749 -.25 -2.5492 .2398 -.25 -2.5306 .0519 -.25 -2.2266 .0367 -.25 -2.2363
4 15 .0548 -.25 -2.2208 .0519 -.25 -2.2266 .3201 -.25 -2.488 .3687 -.25 -2.4476
3 15 .3362 -.25 -2.2813 .2967 -.25 -2.2671 .327 -.25 -2.2876
3 15 .4269 -.25 -1.6889 .4024 -.25 -1.679 .3743 -.25 -1.6895
4 15 .4472 -.25 -1.3738 .424 -.25 -1.3359 .2567 -.25 -1.7145 .2709 -.25 -1.6949
4 15 .3224 -.25 -1.9111 .2444 -.25 -2.1028 .2561 -.25 -2.0934 .3652 -.25 -1.9351
4 15 .3687 -.25 -2.4476 .2792 -.25 -2.3163 .2468 -.25 -2.2914 .0548 -.25 -2.2208
4 15 .0773 -.25 -2.0365 .2444 -.25 -2.1028 .3224 -.25 -1.9111 .2884 -.25 -1.8836
4 15 .3895 -.25 -1.2971 .3465 -.25 -1.2632 .0473 -.25 -1.6208 .1149 -.25 -1.6738
3 15 .2927 -.25 -1.234 .0473 -.25 -1.6208 .3465 -.25 -1.2632
4 15 .0548 -.25 -2.2208 .2468 -.25 -2.2914 .2271 -.25 -2.27 .0514 -.25 -2.2039
3 15 .2271 -.25 -2.27 .2137 -.25 -2.2494 .0514 -.25 -2.2039
3 15 .2444 -.25 -2.1028 .0773 -.25 -2.0365 .2257 -.25 -2.1224
4 15 .1749 -.25 -2.5492 .0367 -.25 -2.2363 .0102 -.25 -2.2434 .1 -.25 -2.5561
3 15 .2051 -.25 -2.2295 .0514 -.25 -2.2039 .2137 -.25 -2.2494
4 15 .2884 -.25 -1.8836 .2673 -.25 -1.8596 .0858 -.25 -1.9104 .0773 -.25 -2.0365
3 15 .2673 -.25 -1.8596 .2531 -.25 -1.8365 .0858 -.25 -1.9104
3 15 .0773 -.25 -2.0365 .213 -.25 -2.1415 .2257 -.25 -2.1224
3 15 .2004 -.25 -2.2097 .0514 -.25 -2.2039 .2051 -.25 -2.2295
4 15 .2049 -.25 -2.1601 .213 -.25 -2.1415 .0773 -.25 -2.0365 .0407 -.25 -2.1836
3 15 .2531 -.25 -1.8365 .2441 -.25 -1.8143 .0858 -.25 -1.9104
4 15 .0514 -.25 -2.2039 .2004 -.25 -2.2097 .1995 -.25 -2.1884 .0407 -.25 -2.1836
3 15 .2049 -.25 -2.1601 .0407 -.25 -2.1836 .2002 -.25 -2.1808
3 15 .2002 -.25 -2.1808 .0407 -.25 -2.1836 .1995 -.25 -2.1884
4 15 .2441 -.25 -1.8143 .2394 -.25 -1.7924 .1175 -.25 -1.7117 .0858 -.25 -1.9104
4 15 .1149 -.25 -1.6738 .1284 -.25 -1.69 .2462 -.25 -1.7366 .2567 -.25 -1.7145
4 15 .2394 -.25 -1.7924 .24 -.25 -1.7605 .1256 -.25 -1.7043 .1175 -.25 -1.7117
4 15 .1256 -.25 -1.7043 .24 -.25 -1.7605 .2462 -.25 -1.7366 .1284 -.25 -1.69
4 15 .0261 -.25 -1.6145 .0473 -.25 -1.6208 .2927 -.25 -1.234 .236 -.25 -1.2148
4 15 .0102 -.25 -2.2434 -.0157 -.25 -2.2455 .016 -.25 -2.548 .1 -.25 -2.5561
3 15 .0858 -.25 -1.9104 .1175 -.25 -1.7117 .0979 -.25 -1.7153
3 15 .0979 -.25 -1.7153 .0867 -.25 -1.7136 .0858 -.25 -1.9104
4 15 .424 -.25 -1.3359 .3895 -.25 -1.2971 .1149 -.25 -1.6738 .2567 -.25 -1.7145
3 15 .0261 -.25 -1.6145 .236 -.25 -1.2148 .1675 -.25 -1.2044
4 15 -.4319 -.25 -2.2334 -.4162 -.25 -2.2445 -.14 -.25 -1.9971 -.1435 -.25 -1.965
4 15 -.14 -.25 -1.9971 -.4162 -.25 -2.2445 -.243 -.25 -2.3256 -.1111 -.25 -2.0505
4 15 -.1111 -.25 -2.0505 -.243 -.25 -2.3256 -.0308 -.25 -2.1598 -.0369 -.25 -2.1482
4 15 -.0308 -.25 -2.1598 -.243 -.25 -2.3256 -.0256 -.25 -2.186 -.0263 -.25 -2.174
4 15 -.0335 -.25 -2.2291 -.0256 -.25 -2.186 -.243 -.25 -2.3256 -.2302 -.25 -2.3822
4 15 -.0298 -.25 -2.2428 -.0335 -.25 -2.2291 -.2302 -.25 -2.3822 -.1876 -.25 -2.4485
4 15 -.0298 -.25 -2.2428 -.1876 -.25 -2.4485 -.1505 -.25 -2.4814 -.1017 -.25 -2.5105
3 15 -.0298 -.25 -2.2428 -.1017 -.25 -2.5105 -.0358 -.25 -2.5357
4 15 -.0157 -.25 -2.2455 -.0298 -.25 -2.2428 -.0358 -.25 -2.5357 .016 -.25 -2.548
4 15 .0189 -.25 -1.6477 .0273 -.25 -1.7313 .0367 -.25 -1.6988 .0396 -.25 -1.6736
4 15 .0124 -.25 -1.7619 .0273 -.25 -1.7313 .0189 -.25 -1.6477 -.0097 -.25 -1.7917
4 15 .1675 -.25 -1.2044 .0975 -.25 -1.2073 .015 -.25 -1.6215 .0261 -.25 -1.6145
4 15 -.1836 -.25 -1.3985 -.3517 -.25 -1.3828 .0189 -.25 -1.6477 .015 -.25 -1.6215
4 15 -.3517 -.25 -1.3828 -.0993 -.25 -1.8748 -.0516 -.25 -1.8294 .0189 -.25 -1.6477
3 15 -.0516 -.25 -1.8294 -.0097 -.25 -1.7917 .0189 -.25 -1.6477
4 15 .0975 -.25 -1.2073 .0305 -.25 -1.2235 -.0072 -.25 -1.2391 .015 -.25 -1.6215
3 15 .015 -.25 -1.6215 -.0072 -.25 -1.2391 -.0656 -.25 -1.2745
4 15 -.1198 -.25 -1.3232 -.1753 -.25 -1.3951 .015 -.25 -1.6215 -.0656 -.25 -1.2745
3 15 .015 -.25 -1.6215 -.1753 -.25 -1.3951 -.1836 -.25 -1.3985
3 15 -.3517 -.25 -1.3828 -.1344 -.25 -1.9274 -.0993 -.25 -1.8748
4 15 -.3517 -.25 -1.3828 -.4319 -.25 -2.2334 -.1435 -.25 -1.965 -.1344 -.25 -1.9274
4 15 -1.0343 -.25 -1.6251 -1.0828 -.25 -2.1791 -.4319 -.25 -2.2334 -.3517 -.25 -1.3828
4 15 -.4162 -.25 -2.2445 -.374 -.25 -2.3174 -.293 -.25 -2.3396 -.243 -.25 -2.3256
3 15 -.4162 -.25 -2.2445 -.3984 -.25 -2.2853 -.374 -.25 -2.3174
3 15 -.293 -.25 -2.3396 -.374 -.25 -2.3174 -.3323 -.25 -2.3389
4 15 -.1909 -.25 -1.3936 -.3276 -.25 -1.3693 -.3517 -.25 -1.3828 -.1836 -.25 -1.3985
4 15 -.1909 -.25 -1.3936 -.2148 -.25 -1.3551 -.2967 -.25 -1.338 -.3276 -.25 -1.3693
3 15 -.2967 -.25 -1.338 -.2148 -.25 -1.3551 -.2562 -.25 -1.3285
4 15 -.4534 -.25 -2.652 -.4156 -.25 -2.3782 -.4355 -.25 -2.3333 -1.0117 -.25 -2.7334
4 15 -1.0117 -.25 -2.7334 -.4355 -.25 -2.3333 -.4472 -.25 -2.2851 -1.0505 -.25 -2.5709
4 15 -.2393 -.25 -.2456 -.1892 -.25 -.2092 -.1413 -.25 -.1478 -.2713 -.25 -.1436
3 15 -1.0828 -.25 -2.1791 -.4476 -.25 -2.2527 -.4319 -.25 -2.2334
4 15 -.4476 -.25 -2.2527 -1.0828 -.25 -2.1791 -1.0505 -.25 -2.5709 -.4472 -.25 -2.2851
4 15 -.3854 -.25 -.8051 -.2945 -.25 -1.1444 -.2756 -.25 -1.0303 -.2782 -.25 -.8659
4 15 -.2945 -.25 -1.1444 -.3854 -.25 -.8051 -.5204 -.25 -.8698 -.3222 -.25 -1.223
4 15 -.4534 -.25 -2.652 -1.0117 -.25 -2.7334 -.561 -.25 -2.8902 -.5375 -.25 -2.85
4 15 -.6659 -.25 -3.0086 -.6159 -.25 -2.964 -.561 -.25 -2.8902 -1.0117 -.25 -2.7334
4 15 -.364 -.25 -1.2969 -.3222 -.25 -1.223 -.5204 -.25 -.8698 -.6728 -.25 -.9134
3 15 -.3854 -.25 -.8051 -.2782 -.25 -.8659 -.2957 -.25 -.7401
3 15 -1.0343 -.25 -1.6251 -.3517 -.25 -1.3828 -.3722 -.25 -1.3791
4 15 -.276 -.25 -.4915 -.2343 -.25 -.4063 -.475 -.25 -.4719 -.3414 -.25 -.5873
4 15 -.7798 -.25 -.9299 -.3823 -.25 -1.3372 -.364 -.25 -1.2969 -.6728 -.25 -.9134
4 15 -.7798 -.25 -.9299 -.9144 -.25 -1.1929 -.3722 -.25 -1.3791 -.383 -.25 -1.3629
3 15 -.9144 -.25 -1.1929 -1.0343 -.25 -1.6251 -.3722 -.25 -1.3791
3 15 -.383 -.25 -1.3629 -.3823 -.25 -1.3372 -.7798 -.25 -.9299
4 15 -.3547 -.25 -.3018 -.2393 -.25 -.2456 -.2713 -.25 -.1436 -.3915 -.25 -.1167
3 15 -.4166 -.25 -.6643 -.3414 -.25 -.5873 -.475 -.25 -.4719
4 15 -.5055 -.25 -.7268 -.4166 -.25 -.6643 -.475 -.25 -.4719 -.6486 -.25 -.4861
4 15 -.7972 -.25 -3.2573 -.7473 -.25 -3.1951 -.7223 -.25 -3.151 -.7647 -.25 -3.1586
4 15 -.6659 -.25 -3.0086 -1.0117 -.25 -2.7334 -.7621 -.25 -3.0396 -.7009 -.25 -3.0285
4 15 -.4883 -.25 -.3402 -.3547 -.25 -.3018 -.3915 -.25 -.1167 -.4999 -.25 -.0701
4 15 -.8213 -.25 -3.1564 -.8549 -.25 -3.309 -.7972 -.25 -3.2573 -.7647 -.25 -3.1586
4 15 -.7621 -.25 -3.0396 -1.0117 -.25 -2.7334 -.876 -.25 -2.9849 -.8149 -.25 -3.0272
4 15 -.8549 -.25 -3.309 -.8213 -.25 -3.1564 -.8539 -.25 -3.1434 -.9074 -.25 -3.1927
4 15 -.9074 -.25 -3.1927 -.9679 -.25 -3.2314 -.9149 -.25 -3.3475 -.8549 -.25 -3.309
4 15 -.6334 -.25 -.356 -.4883 -.25 -.3402 -.4999 -.25 -.0701 -.7416 -.25 -.3492
3 15 -.4999 -.25 -.0701 -.8458 -.25 -.3245 -.7416 -.25 -.3492
4 15 -.9679 -.25 -3.2314 -1.0562 -.25 -3.2682 -.9812 -.25 -3.3753 -.9149 -.25 -3.3475
4 15 -.9591 -.25 -2.8667 -.913 -.25 -2.9426 -.876 -.25 -2.9849 -1.0117 -.25 -2.7334
4 15 -.6486 -.25 -.4861 -.8023 -.25 -.4705 -.6077 -.25 -.773 -.5055 -.25 -.7268
4 15 -1.0562 -.25 -3.2682 -1.1751 -.25 -3.294 -1.0448 -.25 -3.3895 -.9812 -.25 -3.3753
4 15 -1.1133 -.25 -3.3922 -1.0448 -.25 -3.3895 -1.1751 -.25 -3.294 -1.1864 -.25 -3.3812
3 15 -1.3905 -.25 -3.1699 -1.3026 -.25 -3.1743 -.9742 -.25 -3.0746
4 15 -1.4734 -.25 -3.1498 -1.3905 -.25 -3.1699 -.9742 -.25 -3.0746 -1.0154 -.25 -3.0205
4 15 -1.0885 -.25 -3.1273 -.9742 -.25 -3.0746 -1.3026 -.25 -3.1743 -1.2044 -.25 -3.162
4 15 -.4999 -.25 -.0701 -.6095 -.25 .0047 -.9292 -.25 -.2882 -.8458 -.25 -.3245
4 15 -.8023 -.25 -.4705 -.8689 -.25 -.8111 -.7236 -.25 -.8015 -.6077 -.25 -.773
4 15 -.9237 -.25 -.435 -1.0894 -.25 -.7848 -.8689 -.25 -.8111 -.8023 -.25 -.4705
4 15 -1.3275 -.25 -3.3 -1.2634 -.25 -3.3548 -1.1864 -.25 -3.3812 -1.1751 -.25 -3.294
4 15 -1.6126 -.25 -3.0724 -1.5415 -.25 -3.1197 -1.0705 -.25 -2.9133 -1.1394 -.25 -2.6898
4 15 -1.0154 -.25 -3.0205 -1.0705 -.25 -2.9133 -1.5415 -.25 -3.1197 -1.4734 -.25 -3.1498
3 15 -1.3275 -.25 -3.3 -1.3639 -.25 -3.2976 -1.2634 -.25 -3.3548
4 15 -1.9144 -.25 -2.4757 -1.0018 -.25 -1.0992 -.9217 -.25 -.9378 -1.9538 -.25 -2.0654
4 15 -1.856 -.25 -1.3348 -1.9217 -.25 -1.6348 -1.0579 -.25 -.9198 -1.2357 -.25 -.8637
4 15 -1.1831 -.25 -1.8405 -1.1157 -.25 -1.4398 -1.8329 -.25 -2.7552 -1.7584 -.25 -2.9032
4 15 -1.1394 -.25 -2.6898 -1.1929 -.25 -2.2814 -1.6845 -.25 -3.0036 -1.6126 -.25 -3.0724
4 15 -1.1929 -.25 -2.2814 -1.1831 -.25 -1.8405 -1.7584 -.25 -2.9032 -1.6845 -.25 -3.0036
3 15 -1.4502 -.25 -3.4436 -1.4024 -.25 -3.414 -1.5014 -.25 -3.3531
4 15 -1.0894 -.25 -.7848 -.9237 -.25 -.435 -1.0363 -.25 -.378 -1.2295 -.25 -.7426
4 15 -1.2295 -.25 -.7426 -1.0363 -.25 -.378 -1.1313 -.25 -.3049 -1.3329 -.25 -.6902
4 15 -1.5014 -.25 -3.3531 -1.6519 -.25 -3.4924 -1.5391 -.25 -3.4741 -1.4502 -.25 -3.4436
4 15 -1.6519 -.25 -3.4924 -1.5014 -.25 -3.3531 -1.649 -.25 -3.2216 -1.7455 -.25 -3.4907
3 15 -1.1313 -.25 -.3049 -1.441 -.25 -.6008 -1.3329 -.25 -.6902
4 15 -1.0018 -.25 -1.0992 -1.9144 -.25 -2.4757 -1.8329 -.25 -2.7552 -1.1157 -.25 -1.4398
4 15 -.9217 -.25 -.9378 -1.0579 -.25 -.9198 -1.9217 -.25 -1.6348 -1.9538 -.25 -2.0654
4 15 -1.9267 -.25 -3.425 -1.8721 -.25 -3.4565 -1.7536 -.25 -3.2249 -1.8384 -.25 -3.2497
4 15 -1.649 -.25 -3.2216 -1.6797 -.25 -3.1884 -1.8132 -.25 -3.478 -1.7455 -.25 -3.4907
4 15 -1.5869 -.25 -.1441 -1.5857 -.25 -.2832 -1.2104 -.25 -.2167 -1.2696 -.25 -.1222
4 15 -1.2104 -.25 -.2167 -1.5182 -.25 -.4989 -1.441 -.25 -.6008 -1.1313 -.25 -.3049
4 15 -1.2104 -.25 -.2167 -1.5857 -.25 -.2832 -1.5572 -.25 -.413 -1.5182 -.25 -.4989
4 15 -1.4265 -.25 -.7639 -1.4978 -.25 -.713 -1.6293 -.25 -.8594 -1.7443 -.25 -1.0459
4 15 -1.7443 -.25 -1.0459 -1.856 -.25 -1.3348 -1.2357 -.25 -.8637 -1.4265 -.25 -.7639
4 15 -1.5869 -.25 -.1441 -1.2696 -.25 -.1222 -1.3215 -.25 .0087 -1.5611 -.25 -.0145
4 15 -1.8639 -.25 -3.114 -1.7927 -.25 -3.0939 -1.8681 -.25 -2.9782 -1.9527 -.25 -3.1228
4 15 -1.6797 -.25 -3.1884 -1.7536 -.25 -3.2249 -1.8721 -.25 -3.4565 -1.8132 -.25 -3.478
4 15 -1.9426 -.25 -3.2621 -1.9755 -.25 -3.383 -1.9267 -.25 -3.425 -1.8384 -.25 -3.2497
4 15 -1.9527 -.25 -3.1228 -1.8681 -.25 -2.9782 -1.958 -.25 -2.766 -2.0665 -.25 -3.1133
4 15 -2.0166 -.25 -3.3318 -1.9755 -.25 -3.383 -1.9426 -.25 -3.2621 -2.0564 -.25 -3.2576
4 15 -2.4085 -.25 -.6697 -2.5644 -.25 -.9795 -1.5829 -.25 -.6136 -1.646 -.25 -.5154
4 15 -2.4146 -.25 -2.94 -2.0408 -.25 -2.4008 -2.5595 -.25 -2.7694 -2.4647 -.25 -2.891
4 15 -2.3025 -.25 -3.0233 -1.958 -.25 -2.766 -2.0408 -.25 -2.4008 -2.4146 -.25 -2.94
4 15 -2.3025 -.25 -3.0233 -2.1857 -.25 -3.0803 -2.0665 -.25 -3.1133 -1.958 -.25 -2.766
4 15 -2.3292 -.25 -.5503 -2.4085 -.25 -.6697 -1.646 -.25 -.5154 -1.6881 -.25 -.4133
4 15 -2.1384 -.25 -3.3867 -2.2006 -.25 -3.4991 -2.1335 -.25 -3.463 -2.0954 -.25 -3.4357
4 15 -1.5829 -.25 -.6136 -2.5644 -.25 -.9795 -2.6913 -.25 -1.3852 -1.7284 -.25 -.7822
4 15 -2.1384 -.25 -3.3867 -2.36 -.25 -3.5281 -2.2645 -.25 -3.5201 -2.2006 -.25 -3.4991
4 15 -1.7954 -.25 -.1495 -1.8713 -.25 -.1682 -1.7132 -.25 -.3027 -1.722 -.25 -.1445
4 15 -1.9578 -.25 -.2052 -2.0801 -.25 -.2848 -1.7132 -.25 -.3027 -1.8713 -.25 -.1682
3 15 -1.6881 -.25 -.4133 -1.7132 -.25 -.3027 -2.0801 -.25 -.2848
4 15 -2.2325 -.25 -.4295 -2.3292 -.25 -.5503 -1.6881 -.25 -.4133 -2.0801 -.25 -.2848
4 15 -2.0467 -.25 -1.6851 -2.7123 -.25 -2.3953 -2.6438 -.25 -2.6097 -2.0664 -.25 -1.9746
4 15 -2.0664 -.25 -1.9746 -2.6438 -.25 -2.6097 -2.5595 -.25 -2.7694 -2.0408 -.25 -2.4008
4 15 -1.7284 -.25 -.7822 -2.6913 -.25 -1.3852 -2.7307 -.25 -1.609 -1.8557 -.25 -.9984
4 15 -2.755 -.25 -2.0457 -1.9713 -.25 -1.3054 -1.8557 -.25 -.9984 -2.7307 -.25 -1.609
4 15 -2.4181 -.25 -3.5193 -2.2022 -.25 -3.2831 -2.2333 -.25 -3.2027 -2.4773 -.25 -3.4993
4 15 -2.2022 -.25 -3.2831 -2.4181 -.25 -3.5193 -2.36 -.25 -3.5281 -2.1384 -.25 -3.3867
4 15 -2.7123 -.25 -2.3953 -2.0467 -.25 -1.6851 -1.9713 -.25 -1.3054 -2.755 -.25 -2.0457
4 15 -2.5858 -.25 -3.4292 -2.5384 -.25 -3.4657 -2.3265 -.25 -3.1653 -2.4342 -.25 -3.0978
4 15 -2.3265 -.25 -3.1653 -2.5384 -.25 -3.4657 -2.4773 -.25 -3.4993 -2.2333 -.25 -3.2027
4 15 -2.4342 -.25 -3.0978 -2.5669 -.25 -2.9719 -2.6477 -.25 -3.3641 -2.5858 -.25 -3.4292
4 15 -2.6096 -.25 -3.6515 -2.5617 -.25 -3.5879 -2.6419 -.25 -3.534 -2.6601 -.25 -3.6983
4 15 -2.2718 -.25 -.1358 -2.3894 -.25 -.1319 -2.2549 -.25 -.2778 -2.1321 -.25 -.1662
4 15 -2.5669 -.25 -2.9719 -2.6896 -.25 -2.971 -2.7088 -.25 -3.2702 -2.6477 -.25 -3.3641
4 15 -2.7147 -.25 -3.7327 -2.6601 -.25 -3.6983 -2.6419 -.25 -3.534 -2.7099 -.25 -3.4673
4 15 -2.7147 -.25 -3.7327 -2.7099 -.25 -3.4673 -2.7673 -.25 -3.3867 -2.7746 -.25 -3.756
4 15 -2.5059 -.25 -.1496 -2.4399 -.25 -.5021 -2.2549 -.25 -.2778 -2.3894 -.25 -.1319
4 15 -2.9664 -.25 -3.7548 -2.8995 -.25 -3.7669 -2.8188 -.25 -3.278 -2.8532 -.25 -3.1542
3 15 -2.8366 -.25 -3.7672 -2.7746 -.25 -3.756 -2.7673 -.25 -3.3867
4 15 -2.8995 -.25 -3.7669 -2.8366 -.25 -3.7672 -2.7673 -.25 -3.3867 -2.8188 -.25 -3.278
4 15 -2.751 -.25 -3.1677 -2.7088 -.25 -3.2702 -2.6896 -.25 -2.971 -2.7732 -.25 -3.0666
3 15 -2.6896 -.25 -2.971 -2.7771 -.25 -2.9654 -2.7732 -.25 -3.0666
4 15 -2.8122 -.25 -2.8232 -2.7193 -.25 -2.8394 -2.7737 -.25 -2.6248 -2.9111 -.25 -2.7871
3 15 -2.7193 -.25 -2.8394 -2.6751 -.25 -2.8407 -2.7737 -.25 -2.6248
4 15 -3.0431 -.25 -3.7265 -2.9664 -.25 -3.7548 -2.8532 -.25 -3.1542 -2.8705 -.25 -3.0004
4 15 -2.5416 -.25 -.1583 -2.5206 -.25 -.6276 -2.4399 -.25 -.5021 -2.5059 -.25 -.1496
3 15 -2.7737 -.25 -2.6248 -2.8488 -.25 -2.3444 -2.9111 -.25 -2.7871
3 15 -2.5416 -.25 -.1583 -2.6385 -.25 -.8477 -2.5206 -.25 -.6276
4 15 -3.0431 -.25 -3.7265 -2.8705 -.25 -3.0004 -2.871 -.25 -2.9468 -2.9318 -.25 -2.9346
4 15 -.2858 -.25 -6.3959 -.1396 -.25 -5.3561 -.7208 -.25 -5.8986 -.342 -.25 -6.488
4 15 -.4363 -.25 -6.5405 -.342 -.25 -6.488 -.7208 -.25 -5.8986 -.5429 -.25 -6.5577
4 15 -.6503 -.25 -6.5464 -.5429 -.25 -6.5577 -.7208 -.25 -5.8986 -1.9924 -.25 -5.6057
3 15 -.6503 -.25 -6.5464 -1.9924 -.25 -5.6057 -1.2665 -.25 -6.4045
4 15 -.7208 -.25 -5.8986 -.1396 -.25 -5.3561 -1.831 -.25 -4.4569 -1.9423 -.25 -5.2492
3 15 -2.0926 -.25 -6.3187 -1.2665 -.25 -6.4045 -1.9924 -.25 -5.6057
4 15 -1.3215 -.25 .0087 -1.3221 -.25 .0121 -1.551 -.25 .0121 -1.5611 -.25 -.0145
3 15 -2.0926 -.25 -6.3187 -.395 -.25 -7.1732 -1.2665 -.25 -6.4045
4 15 -.9292 -.25 -.2882 -.6095 -.25 .0047 -.6166 -.25 .0121 -1.0056 -.25 -.2371
4 15 -.4257 -.25 .0121 -.3963 -.25 -.0026 -.307 -.25 -.0276 -.0208 -.25 .0121
4 15 -.4189 -.25 -7.3435 -.395 -.25 -7.1732 -2.0926 -.25 -6.3187 -.9249 -.25 -7.3435
4 15 -.1314 -.25 -.0265 -.0208 -.25 .0121 -.307 -.25 -.0276 -.2178 -.25 -.0353
3 15 -.1314 -.25 -.0265 -.0517 -.25 -.003 -.0208 -.25 .0121
4 15 -1.1869 -.25 .0121 -1.186 -.25 .0093 -1.145 -.25 -.0718 -.6166 -.25 .0121
4 15 -1.0748 -.25 -.1692 -1.0056 -.25 -.2371 -.6166 -.25 .0121 -1.145 -.25 -.0718
3 15 -2.2366 -.25 -7.3435 -.9256 -.25 -7.3435 -2.1455 -.25 -6.695