0 ~Sticker  1.2 x  3.9 with Red "PORSCHE" on Black Background - Eleventh Face
0 Name: s\6221655is11.dat
0 Author: Massimo Maso [Sirio]
0 !LDRAW_ORG Unofficial_Subpart
0 !LICENSE Licensed under CC BY 4.0 : see CAreadme.txt

0 BFC CERTIFY CCW

0 // Faces
0 // Black faces
4 0 -5.8637 -.25 11.8885 .0061 -.25 12.7534 .0061 -.25 21.9918 -5.8637 -.25 19.5054
4 0 -5.8637 -.25 9.6221 .0061 -.25 10.487 .0061 -.25 11.4861 -5.8637 -.25 10.6212
4 0 -5.8637 -.25 7.3558 .0061 -.25 8.2207 .0061 -.25 9.2197 -5.8637 -.25 8.3548
4 0 -5.8637 -.25 1.6985 .0061 -.25 2.4568 .0061 -.25 6.9534 -5.8637 -.25 6.0885
0 // Neutral faces
4 16 -5.8637 -.25 11.8885 -5.8637 -.25 10.6212 .0061 -.25 11.4861 .0061 -.25 12.7534
4 16 -5.8637 -.25 9.6221 -5.8637 -.25 8.3548 .0061 -.25 9.2197 .0061 -.25 10.487
4 16 -5.8637 -.25 7.3558 -5.8637 -.25 6.0885 .0061 -.25 6.9534 .0061 -.25 8.2207