0 ~Sticker  0.8 x  1.9 with White Logos on Black and Red Background Left - Fifth Face
0 Name: s\6221808bos05.dat
0 Author: Massimo Maso [Sirio]
0 !LDRAW_ORG Unofficial_Subpart
0 !LICENSE Licensed under CC BY 4.0 : see CAreadme.txt

0 BFC CERTIFY CCW

0 // Primitives
1 0 4.0394 -.25 6.6482 1.2818 0 0 0 1 0 0 0 -1.4152 1-4chrd.dat
1 15 4.0394 -.25 6.6482 1.2818 0 0 0 1 0 0 0 -1.4152 1-4ndis.dat
1 15 4.2076 -.25 6.6482 0 0 2.1924 0 1 0 -2.494 0 0 1-8chrd.dat
1 15 4.2076 -.25 6.6482 2.1924 0 0 0 1 0 0 0 -2.494 1-8chrd.dat
1 0 4.2076 -.25 6.6482 2.1924 0 0 0 1 0 0 0 -2.494 1-4ndis.dat
0 // Faces
0 // Black faces
4 0 4.2076 -.25 4.1542 .803 -.25 4.1542 .803 -.25 2.6404 6.197 -.25 2.6404
3 0 4.2076 -.25 4.1542 6.197 -.25 2.6404 6.4 -.25 4.1542
4 0 -.7652 -.25 6.8484 -.6026 -.25 -.0144 .803 -.25 4.1542 .803 -.25 5.233
3 0 -.6026 -.25 -.0144 .803 -.25 2.6404 .803 -.25 4.1542
3 0 -.6026 -.25 -.0144 .803 -.25 1.5616 .803 -.25 2.6404
4 0 .803 -.25 1.5616 -.6026 -.25 -.0144 2.8446 -.25 -.0144 2.8446 -.25 1.5616
3 0 .803 -.25 5.233 4.0394 -.25 5.233 -.7652 -.25 6.8484
4 0 8 -.25 -.0144 6.197 -.25 1.5616 3.9234 -.25 1.5616 3.9234 -.25 -.0144
4 0 8 -.25 -.0144 6.4 -.25 4.1542 6.197 -.25 2.6404 6.197 -.25 1.5616
3 0 8 -.25 6.8484 6.3884 -.25 6.8484 6.4 -.25 6.6482
4 0 6.4 -.25 6.6482 6.4 -.25 4.1542 8 -.25 -.0144 8 -.25 6.8484
3 0 5.3102 -.25 6.8329 5.3074 -.25 6.8484 -.7652 -.25 6.8484
4 0 5.3212 -.25 6.6482 5.3102 -.25 6.8329 -.7652 -.25 6.8484 4.0394 -.25 5.233
0 // Red faces
4 4 -4.4028 -.25 6.7252 -4.408 -.25 6.6992 -4.272 -.25 6.6992 -4.2772 -.25 6.7252
4 4 -4.3881 -.25 6.7473 -4.4028 -.25 6.7252 -4.2772 -.25 6.7252 -4.2919 -.25 6.7473
4 4 -4.366 -.25 6.762 -4.3881 -.25 6.7473 -4.2919 -.25 6.7473 -4.314 -.25 6.762
3 4 -4.314 -.25 6.762 -4.34 -.25 6.7672 -4.366 -.25 6.762
3 4 -3.235 -.25 .2392 -1.5026 -.25 -.0144 -3.235 -.25 1.5822
4 4 -3.592 -.25 .8324 -3.32 -.25 .38 -3.32 -.25 1.4567 -3.592 -.25 1.3479
4 4 -4.7347 -.25 1.1246 -3.32 -.25 .38 -3.592 -.25 .8324 -4.4745 -.25 1.2969
4 4 -4.765 -.25 1.4737 -4.4745 -.25 1.2969 -3.32 -.25 1.7587 -3.32 -.25 2.0517
3 4 -4.765 -.25 1.0671 -4.7347 -.25 1.1246 -4.765 -.25 1.4737
3 4 -4.765 -.25 1.4737 -4.7347 -.25 1.1246 -4.4745 -.25 1.2969
3 4 -3.677 -.25 1.4054 -4.272 -.25 1.2864 -3.677 -.25 .9732
4 4 -4.272 -.25 1.2864 -3.677 -.25 1.4054 -3.235 -.25 1.5822 -3.235 -.25 1.7012
4 4 -4.578 -.25 3.0102 -4.578 -.25 2.8232 -3.422 -.25 2.8232 -3.422 -.25 3.0102
4 4 -3.847 -.25 3.6052 -3.7895 -.25 3.6112 -3.7347 -.25 3.6293 -3.6854 -.25 3.6594
4 4 -3.847 -.25 3.6052 -3.6854 -.25 3.6594 -3.6452 -.25 3.701 -3.6185 -.25 3.7522
3 4 -3.847 -.25 3.6052 -3.6185 -.25 3.7522 -3.609 -.25 3.8092
4 4 -3.609 -.25 3.8092 -3.6185 -.25 3.8662 -3.6452 -.25 3.9174 -3.847 -.25 3.6052
4 4 -3.6452 -.25 3.9174 -3.6854 -.25 3.9589 -3.694 -.25 3.9642 -3.847 -.25 3.6052
4 4 -3.847 -.25 3.6052 -3.694 -.25 3.9642 -3.694 -.25 4.1728 -3.847 -.25 4.2002
4 4 -3.9334 -.25 4.6194 -3.8704 -.25 4.6082 -3.422 -.25 4.6082 -3.9887 -.25 4.6516
4 4 -4.0296 -.25 4.7009 -3.9887 -.25 4.6516 -3.422 -.25 4.6082 -4.051 -.25 4.7612
3 4 -4.578 -.25 2.6022 -4.289 -.25 2.3812 -4.2832 -.25 2.4356
3 4 -4.578 -.25 2.6022 -4.2832 -.25 2.4356 -4.2661 -.25 2.4876
3 4 -4.578 -.25 2.6022 -4.2661 -.25 2.4876 -4.2385 -.25 2.5349
3 4 -4.578 -.25 2.6022 -4.2385 -.25 2.5349 -4.2015 -.25 2.5753
3 4 -3.235 -.25 .2392 -4.6239 -.25 .9702 -4.7581 -.25 .7152
4 4 -4.408 -.25 5.6792 -4.272 -.25 5.6792 -4.272 -.25 6.6992 -4.408 -.25 6.6992
4 4 -4.493 -.25 6.6992 -4.765 -.25 6.6992 -4.765 -.25 5.7642 -4.493 -.25 5.7642
4 4 -3.915 -.25 6.0362 -4.187 -.25 5.7642 -3.32 -.25 5.7642 -3.32 -.25 6.0362
4 4 -4.187 -.25 5.7642 -3.915 -.25 6.0362 -3.915 -.25 6.6992 -4.187 -.25 6.6992
4 4 -1.6652 -.25 6.8484 -3.83 -.25 6.6992 -3.83 -.25 6.1212 -3.235 -.25 6.1212
4 4 -4.0153 -.25 2.237 -3.9381 -.25 2.1927 -4.085 -.25 2.3812 -4.0669 -.25 2.3031
4 4 -3.9381 -.25 2.1927 -3.847 -.25 2.1772 -4.0669 -.25 2.4593 -4.085 -.25 2.3812
4 4 -3.847 -.25 2.1772 -3.7559 -.25 2.1927 -4.0153 -.25 2.5254 -4.0669 -.25 2.4593
4 4 -3.7559 -.25 2.1927 -3.6787 -.25 2.237 -3.9381 -.25 2.5697 -4.0153 -.25 2.5254
4 4 -3.6787 -.25 2.237 -3.6271 -.25 2.3031 -3.847 -.25 2.5852 -3.9381 -.25 2.5697
4 4 -3.6271 -.25 2.3031 -3.609 -.25 2.3812 -3.7559 -.25 2.5697 -3.847 -.25 2.5852
4 4 -3.609 -.25 2.3812 -3.6271 -.25 2.4593 -3.6787 -.25 2.5254 -3.7559 -.25 2.5697
4 4 -4.085 -.25 3.8092 -4.0755 -.25 3.7522 -4.0488 -.25 3.701 -4.0086 -.25 3.6594
4 4 -4.0488 -.25 3.9174 -4.0755 -.25 3.8662 -4.085 -.25 3.8092 -4.0086 -.25 3.9589
4 4 -4.0086 -.25 3.6594 -3.966 -.25 3.6334 -3.966 -.25 3.985 -4.0086 -.25 3.9589
3 4 -4.085 -.25 3.8092 -4.0086 -.25 3.6594 -4.0086 -.25 3.9589
3 4 -3.4925 -.25 2.5753 -3.4555 -.25 2.5349 -3.422 -.25 2.6291
3 4 -3.422 -.25 2.6291 -3.4555 -.25 2.5349 -3.4279 -.25 2.4876
3 4 -3.422 -.25 2.6291 -3.4279 -.25 2.4876 -3.4108 -.25 2.4356
3 4 -3.405 -.25 2.3812 -3.4386 -.25 2.2511 -3.235 -.25 2.1772
3 4 -3.235 -.25 2.1772 -3.4386 -.25 2.2511 -3.5345 -.25 2.1408
3 4 -3.235 -.25 2.1772 -3.5345 -.25 2.1408 -3.6779 -.25 2.0671
3 4 -3.235 -.25 2.1772 -3.6779 -.25 2.0671 -4.85 -.25 1.5312
3 4 -4.85 -.25 1.5312 -3.6779 -.25 2.0671 -3.847 -.25 2.0412
3 4 -4.85 -.25 1.5312 -3.847 -.25 2.0412 -4.0162 -.25 2.0671
3 4 -4.85 -.25 1.5312 -4.0162 -.25 2.0671 -4.1595 -.25 2.1408
3 4 -4.85 -.25 1.5312 -4.1595 -.25 2.1408 -4.2554 -.25 2.2511
4 4 -4.85 -.25 1.5312 -4.2554 -.25 2.2511 -4.289 -.25 2.3812 -4.578 -.25 2.6022
4 4 -3.4108 -.25 2.4356 -3.405 -.25 2.3812 -3.235 -.25 2.1772 -3.422 -.25 2.6291
3 4 -3.235 -.25 2.1772 -3.422 -.25 2.8232 -3.422 -.25 2.6291
3 4 -3.422 -.25 2.8232 -3.235 -.25 2.1772 -3.422 -.25 3.0102
3 4 -3.422 -.25 3.0102 -3.235 -.25 2.1772 -3.422 -.25 3.2312
3 4 -3.235 -.25 1.5822 -1.5026 -.25 -.0144 -3.235 -.25 1.7012
3 4 -3.235 -.25 1.7012 -1.5026 -.25 -.0144 -3.235 -.25 2.1772
3 4 -4.272 -.25 4.5813 -4.187 -.25 4.6351 -4.218 -.25 4.659
3 4 -4.272 -.25 4.5813 -4.218 -.25 4.659 -4.2432 -.25 4.6889
3 4 -4.272 -.25 4.5813 -4.2432 -.25 4.6889 -4.2615 -.25 4.7235
3 4 -4.272 -.25 4.5813 -4.2615 -.25 4.7235 -4.272 -.25 4.7612
4 4 -3.235 -.25 5.6792 -4.068 -.25 4.8632 -4.051 -.25 4.7612 -3.422 -.25 4.6082
4 4 -4.068 -.25 4.8632 -3.235 -.25 5.6792 -4.272 -.25 5.6792 -4.289 -.25 4.8632
4 4 -4.272 -.25 4.3872 -3.847 -.25 4.2002 -3.694 -.25 4.1728 -3.422 -.25 4.3872
4 4 -3.422 -.25 3.2312 -3.847 -.25 3.4182 -3.9552 -.25 3.4301 -4.578 -.25 3.2312
3 4 -4.578 -.25 3.2312 -3.9552 -.25 3.4301 -4.058 -.25 3.4656
3 4 -4.578 -.25 3.2312 -4.058 -.25 3.4656 -4.1497 -.25 3.5243
3 4 -4.578 -.25 3.2312 -4.1497 -.25 3.5243 -4.2234 -.25 3.6043
3 4 -4.578 -.25 3.2312 -4.2234 -.25 3.6043 -4.272 -.25 3.7017
3 4 -4.578 -.25 3.2312 -4.272 -.25 3.7017 -4.289 -.25 3.8092
3 4 -3.422 -.25 3.2312 -3.7388 -.25 3.4301 -3.847 -.25 3.4182
3 4 -3.7388 -.25 3.4301 -3.422 -.25 3.2312 -3.636 -.25 3.4656
3 4 -3.636 -.25 3.4656 -3.422 -.25 3.2312 -3.5443 -.25 3.5243
3 4 -3.5443 -.25 3.5243 -3.422 -.25 3.2312 -3.4706 -.25 3.6043
3 4 -3.4706 -.25 3.6043 -3.422 -.25 3.2312 -3.422 -.25 3.7017
4 4 -3.235 -.25 2.1772 -3.405 -.25 3.8092 -3.422 -.25 3.7017 -3.422 -.25 3.2312
3 4 -4.272 -.25 4.3872 -3.9552 -.25 4.1883 -3.847 -.25 4.2002
3 4 -3.9552 -.25 4.1883 -4.272 -.25 4.3872 -4.058 -.25 4.1528
3 4 -4.058 -.25 4.1528 -4.272 -.25 4.3872 -4.1497 -.25 4.0941
3 4 -4.1497 -.25 4.0941 -4.272 -.25 4.3872 -4.2234 -.25 4.0141
3 4 -4.2234 -.25 4.0141 -4.272 -.25 4.3872 -4.272 -.25 3.9167
4 4 -4.578 -.25 3.2312 -4.289 -.25 3.8092 -4.272 -.25 3.9167 -4.272 -.25 4.3872
3 4 -3.422 -.25 4.3872 -3.694 -.25 4.1728 -3.636 -.25 4.1528
3 4 -3.422 -.25 4.3872 -3.636 -.25 4.1528 -3.5443 -.25 4.0941
3 4 -3.422 -.25 4.3872 -3.5443 -.25 4.0941 -3.4706 -.25 4.0141
3 4 -3.422 -.25 4.3872 -3.4706 -.25 4.0141 -3.422 -.25 3.9167
3 4 -3.422 -.25 4.3872 -3.422 -.25 3.9167 -3.405 -.25 3.8092
4 4 -3.235 -.25 2.1772 -3.422 -.25 4.6082 -3.422 -.25 4.3872 -3.405 -.25 3.8092
4 4 -3.422 -.25 4.6082 -3.235 -.25 2.1772 -1.5026 -.25 -.0144 -3.235 -.25 5.6792
4 4 -1.6652 -.25 6.8484 -3.235 -.25 6.1212 -3.235 -.25 5.6792 -1.5026 -.25 -.0144
3 4 -4.272 -.25 5.6792 -4.408 -.25 5.6792 -4.289 -.25 4.8632
3 4 -4.289 -.25 4.8632 -4.408 -.25 5.6792 -4.85 -.25 5.6792
4 4 -4.85 -.25 5.6792 -4.272 -.25 4.5813 -4.272 -.25 4.7612 -4.289 -.25 4.8632
4 4 -4.272 -.25 4.3872 -4.272 -.25 4.5813 -4.85 -.25 5.6792 -4.578 -.25 3.2312
3 4 -4.3209 -.25 6.8484 -4.2814 -.25 6.8406 -3.9447 -.25 6.8484
3 4 -3.8597 -.25 6.8484 -3.83 -.25 6.6992 -1.6652 -.25 6.8484
3 4 -4.7353 -.25 6.8484 -4.4814 -.25 6.7578 -4.4482 -.25 6.8074
3 4 -4.3591 -.25 6.8484 -4.7353 -.25 6.8484 -4.3986 -.25 6.8406
3 4 -4.2814 -.25 6.8406 -4.2318 -.25 6.8074 -3.9447 -.25 6.8484
3 4 -4.7353 -.25 6.8484 -4.4482 -.25 6.8074 -4.3986 -.25 6.8406
3 4 -4.2318 -.25 6.8074 -4.1986 -.25 6.7578 -3.9447 -.25 6.8484
4 4 -3.915 -.25 6.6992 -3.9447 -.25 6.8484 -4.1986 -.25 6.7578 -4.187 -.25 6.6992
3 4 -4.85 -.25 6.6992 -4.8203 -.25 6.8484 -8 -.25 6.8484
4 4 -4.4814 -.25 6.7578 -4.7353 -.25 6.8484 -4.765 -.25 6.6992 -4.493 -.25 6.6992
4 4 -8 -.25 -.0144 -4.85 -.25 5.6792 -4.85 -.25 6.6992 -8 -.25 6.8484
3 4 -8 -.25 -.0144 -1.5026 -.25 -.0144 -3.235 -.25 .2392
4 4 -8 -.25 -.0144 -3.235 -.25 .2392 -4.7581 -.25 .7152 -4.85 -.25 .7152
3 4 -8 -.25 -.0144 -4.85 -.25 .7152 -4.85 -.25 1.5312
4 4 -8 -.25 -.0144 -4.85 -.25 1.5312 -4.578 -.25 2.6022 -4.578 -.25 2.8232
3 4 -4.578 -.25 2.8232 -4.578 -.25 3.0102 -8 -.25 -.0144
4 4 -8 -.25 -.0144 -4.578 -.25 3.0102 -4.578 -.25 3.2312 -4.85 -.25 5.6792
0 // White faces
3 15 2.8446 -.25 1.5616 .803 -.25 2.6404 .803 -.25 1.5616
4 15 2.8446 -.25 1.5616 3.9234 -.25 1.5616 6.197 -.25 2.6404 .803 -.25 2.6404
3 15 3.9234 -.25 1.5616 6.197 -.25 1.5616 6.197 -.25 2.6404
4 15 4.0394 -.25 5.233 .803 -.25 5.233 .803 -.25 4.1542 4.2076 -.25 4.1542
4 15 4.0394 -.25 5.233 4.2076 -.25 4.1542 5.7578 -.25 4.8847 5.3212 -.25 5.233
4 15 5.3212 -.25 6.6482 5.3212 -.25 5.233 5.7578 -.25 4.8847 6.4 -.25 6.6482
4 15 -.7652 -.25 6.8484 -1.6652 -.25 6.8484 -1.5026 -.25 -.0144 -.6026 -.25 -.0144
3 15 5.3074 -.25 6.8484 5.3102 -.25 6.8329 6.3884 -.25 6.8484
4 15 3.9234 -.25 -.0144 3.9234 -.25 1.5616 2.8446 -.25 1.5616 2.8446 -.25 -.0144
4 15 5.3102 -.25 6.8329 5.3212 -.25 6.6482 6.4 -.25 6.6482 6.3884 -.25 6.8484
4 15 -4.493 -.25 6.6992 -4.408 -.25 6.6992 -4.4028 -.25 6.7252 -4.4814 -.25 6.7578
4 15 -4.4814 -.25 6.7578 -4.4028 -.25 6.7252 -4.3881 -.25 6.7473 -4.4482 -.25 6.8074
4 15 -4.4482 -.25 6.8074 -4.3881 -.25 6.7473 -4.366 -.25 6.762 -4.3986 -.25 6.8406
4 15 -4.2814 -.25 6.8406 -4.314 -.25 6.762 -4.2919 -.25 6.7473 -4.2318 -.25 6.8074
4 15 -4.2318 -.25 6.8074 -4.2919 -.25 6.7473 -4.2772 -.25 6.7252 -4.1986 -.25 6.7578
4 15 -4.1986 -.25 6.7578 -4.2772 -.25 6.7252 -4.272 -.25 6.6992 -4.187 -.25 6.6992
3 15 -4.6239 -.25 .9702 -4.7347 -.25 1.1246 -4.765 -.25 1.0671
4 15 -4.7347 -.25 1.1246 -4.6239 -.25 .9702 -3.235 -.25 .2392 -3.32 -.25 .38
4 15 -3.32 -.25 .38 -3.235 -.25 .2392 -3.235 -.25 1.5822 -3.32 -.25 1.4567
4 15 -3.32 -.25 1.4567 -3.235 -.25 1.5822 -3.677 -.25 1.4054 -3.592 -.25 1.3479
4 15 -3.592 -.25 1.3479 -3.677 -.25 1.4054 -3.677 -.25 .9732 -3.592 -.25 .8324
4 15 -3.592 -.25 .8324 -3.677 -.25 .9732 -4.272 -.25 1.2864 -4.4745 -.25 1.2969
4 15 -4.4745 -.25 1.2969 -4.272 -.25 1.2864 -3.235 -.25 1.7012 -3.32 -.25 1.7587
4 15 -3.235 -.25 2.1772 -3.32 -.25 2.0517 -3.32 -.25 1.7587 -3.235 -.25 1.7012
4 15 -4.85 -.25 1.5312 -4.765 -.25 1.4737 -3.32 -.25 2.0517 -3.235 -.25 2.1772
4 15 -4.85 -.25 .7152 -4.765 -.25 1.0671 -4.765 -.25 1.4737 -4.85 -.25 1.5312
4 15 -4.6239 -.25 .9702 -4.765 -.25 1.0671 -4.85 -.25 .7152 -4.7581 -.25 .7152
4 15 -4.578 -.25 2.8232 -4.578 -.25 2.6022 -4.2015 -.25 2.5753 -3.422 -.25 2.8232
4 15 -3.6271 -.25 2.4593 -3.609 -.25 2.3812 -3.405 -.25 2.3812 -3.4108 -.25 2.4356
4 15 -3.422 -.25 2.6291 -3.422 -.25 2.8232 -3.847 -.25 2.5852 -3.4925 -.25 2.5753
3 15 -3.847 -.25 2.5852 -3.422 -.25 2.8232 -4.2015 -.25 2.5753
4 15 -4.289 -.25 2.3812 -4.2554 -.25 2.2511 -4.0669 -.25 2.3031 -4.085 -.25 2.3812
4 15 -4.2554 -.25 2.2511 -4.1595 -.25 2.1408 -4.0153 -.25 2.237 -4.0669 -.25 2.3031
4 15 -4.1595 -.25 2.1408 -4.0162 -.25 2.0671 -3.9381 -.25 2.1927 -4.0153 -.25 2.237
4 15 -4.0162 -.25 2.0671 -3.847 -.25 2.0412 -3.847 -.25 2.1772 -3.9381 -.25 2.1927
4 15 -3.7559 -.25 2.1927 -3.847 -.25 2.1772 -3.847 -.25 2.0412 -3.6779 -.25 2.0671
4 15 -3.7559 -.25 2.1927 -3.6779 -.25 2.0671 -3.5345 -.25 2.1408 -3.6787 -.25 2.237
4 15 -3.6787 -.25 2.237 -3.5345 -.25 2.1408 -3.4386 -.25 2.2511 -3.6271 -.25 2.3031
4 15 -3.6271 -.25 2.3031 -3.4386 -.25 2.2511 -3.405 -.25 2.3812 -3.609 -.25 2.3812
4 15 -4.289 -.25 2.3812 -4.085 -.25 2.3812 -4.0669 -.25 2.4593 -4.2832 -.25 2.4356
4 15 -4.2661 -.25 2.4876 -4.2832 -.25 2.4356 -4.0669 -.25 2.4593 -4.0153 -.25 2.5254
4 15 -4.2385 -.25 2.5349 -4.2661 -.25 2.4876 -4.0153 -.25 2.5254 -3.9381 -.25 2.5697
4 15 -4.2015 -.25 2.5753 -4.2385 -.25 2.5349 -3.9381 -.25 2.5697 -3.847 -.25 2.5852
4 15 -3.6787 -.25 2.5254 -3.6271 -.25 2.4593 -3.4108 -.25 2.4356 -3.4279 -.25 2.4876
4 15 -3.7559 -.25 2.5697 -3.6787 -.25 2.5254 -3.4279 -.25 2.4876 -3.4555 -.25 2.5349
4 15 -3.847 -.25 2.5852 -3.7559 -.25 2.5697 -3.4555 -.25 2.5349 -3.4925 -.25 2.5753
4 15 -3.422 -.25 3.2312 -4.578 -.25 3.2312 -4.578 -.25 3.0102 -3.422 -.25 3.0102
4 15 -3.694 -.25 4.1728 -3.694 -.25 3.9642 -3.6854 -.25 3.9589 -3.636 -.25 4.1528
4 15 -4.058 -.25 3.4656 -3.9552 -.25 3.4301 -3.847 -.25 3.4182 -3.966 -.25 3.6334
4 15 -4.058 -.25 4.1528 -3.966 -.25 3.985 -3.847 -.25 4.2002 -3.9552 -.25 4.1883
4 15 -3.966 -.25 3.985 -4.058 -.25 4.1528 -4.1497 -.25 4.0941 -4.0086 -.25 3.9589
4 15 -4.2234 -.25 4.0141 -4.0488 -.25 3.9174 -4.0086 -.25 3.9589 -4.1497 -.25 4.0941
4 15 -4.272 -.25 3.9167 -4.0755 -.25 3.8662 -4.0488 -.25 3.9174 -4.2234 -.25 4.0141
4 15 -4.289 -.25 3.8092 -4.085 -.25 3.8092 -4.0755 -.25 3.8662 -4.272 -.25 3.9167
4 15 -4.085 -.25 3.8092 -4.289 -.25 3.8092 -4.272 -.25 3.7017 -4.0755 -.25 3.7522
4 15 -4.2234 -.25 3.6043 -4.0488 -.25 3.701 -4.0755 -.25 3.7522 -4.272 -.25 3.7017
4 15 -4.0488 -.25 3.701 -4.2234 -.25 3.6043 -4.1497 -.25 3.5243 -4.0086 -.25 3.6594
4 15 -3.966 -.25 3.6334 -4.0086 -.25 3.6594 -4.1497 -.25 3.5243 -4.058 -.25 3.4656
4 15 -3.847 -.25 4.2002 -3.966 -.25 3.985 -3.966 -.25 3.6334 -3.847 -.25 3.6052
3 15 -3.847 -.25 3.6052 -3.966 -.25 3.6334 -3.847 -.25 3.4182
4 15 -3.847 -.25 3.6052 -3.847 -.25 3.4182 -3.7388 -.25 3.4301 -3.7895 -.25 3.6112
4 15 -3.7895 -.25 3.6112 -3.7388 -.25 3.4301 -3.636 -.25 3.4656 -3.7347 -.25 3.6293
4 15 -3.7347 -.25 3.6293 -3.636 -.25 3.4656 -3.5443 -.25 3.5243 -3.6854 -.25 3.6594
4 15 -3.6854 -.25 3.6594 -3.5443 -.25 3.5243 -3.4706 -.25 3.6043 -3.6452 -.25 3.701
4 15 -3.6452 -.25 3.701 -3.4706 -.25 3.6043 -3.422 -.25 3.7017 -3.6185 -.25 3.7522
4 15 -3.6185 -.25 3.7522 -3.422 -.25 3.7017 -3.405 -.25 3.8092 -3.609 -.25 3.8092
4 15 -3.609 -.25 3.8092 -3.405 -.25 3.8092 -3.422 -.25 3.9167 -3.6185 -.25 3.8662
4 15 -3.6185 -.25 3.8662 -3.422 -.25 3.9167 -3.4706 -.25 4.0141 -3.6452 -.25 3.9174
4 15 -3.6452 -.25 3.9174 -3.4706 -.25 4.0141 -3.5443 -.25 4.0941 -3.6854 -.25 3.9589
3 15 -3.6854 -.25 3.9589 -3.5443 -.25 4.0941 -3.636 -.25 4.1528
3 15 -3.9334 -.25 4.6194 -4.187 -.25 4.6351 -4.272 -.25 4.5813
4 15 -4.272 -.25 4.3872 -3.8704 -.25 4.6082 -3.9334 -.25 4.6194 -4.272 -.25 4.5813
4 15 -3.8704 -.25 4.6082 -4.272 -.25 4.3872 -3.422 -.25 4.3872 -3.422 -.25 4.6082
4 15 -4.0296 -.25 4.7009 -4.051 -.25 4.7612 -4.272 -.25 4.7612 -4.2615 -.25 4.7235
4 15 -4.051 -.25 4.7612 -4.068 -.25 4.8632 -4.289 -.25 4.8632 -4.272 -.25 4.7612
4 15 -4.2615 -.25 4.7235 -4.2432 -.25 4.6889 -3.9887 -.25 4.6516 -4.0296 -.25 4.7009
3 15 -4.218 -.25 4.659 -4.187 -.25 4.6351 -3.9334 -.25 4.6194
4 15 -3.9334 -.25 4.6194 -3.9887 -.25 4.6516 -4.2432 -.25 4.6889 -4.218 -.25 4.659
4 15 -3.235 -.25 6.1212 -3.83 -.25 6.1212 -3.915 -.25 6.0362 -3.32 -.25 6.0362
4 15 -3.915 -.25 6.0362 -3.83 -.25 6.1212 -3.83 -.25 6.6992 -3.915 -.25 6.6992
4 15 -4.85 -.25 5.6792 -4.765 -.25 5.7642 -4.765 -.25 6.6992 -4.85 -.25 6.6992
4 15 -4.765 -.25 5.7642 -4.85 -.25 5.6792 -4.408 -.25 5.6792 -4.493 -.25 5.7642
4 15 -4.493 -.25 5.7642 -4.408 -.25 5.6792 -4.408 -.25 6.6992 -4.493 -.25 6.6992
4 15 -4.187 -.25 6.6992 -4.272 -.25 6.6992 -4.272 -.25 5.6792 -4.187 -.25 5.7642
4 15 -4.187 -.25 5.7642 -4.272 -.25 5.6792 -3.235 -.25 5.6792 -3.32 -.25 5.7642
4 15 -3.235 -.25 6.1212 -3.32 -.25 6.0362 -3.32 -.25 5.7642 -3.235 -.25 5.6792
4 15 -4.8203 -.25 6.8484 -4.85 -.25 6.6992 -4.765 -.25 6.6992 -4.7353 -.25 6.8484
4 15 -3.83 -.25 6.6992 -3.8597 -.25 6.8484 -3.9447 -.25 6.8484 -3.915 -.25 6.6992
4 15 -4.3591 -.25 6.8484 -4.3986 -.25 6.8406 -4.366 -.25 6.762 -4.34 -.25 6.7672
4 15 -4.3209 -.25 6.8484 -4.34 -.25 6.7672 -4.314 -.25 6.762 -4.2814 -.25 6.8406
3 15 -4.3209 -.25 6.8484 -4.3591 -.25 6.8484 -4.34 -.25 6.7672