0 ~Sticker  0.8 x  1.9 with Headlamp on Red Background Right - First Face
0 Name: s\6221654us01.dat
0 Author: Massimo Maso [Sirio]
0 !LDRAW_ORG Unofficial_Subpart
0 !LICENSE Licensed under CC BY 4.0 : see CAreadme.txt

0 BFC CERTIFY CCW

0 // Primitives
1 16 -6.5 -.25 3.6211 -1.5 0 0 0 1 0 0 0 1.5 1-4chrd.dat
1 16 6.5 -.25 3.6211 1.5 0 0 0 1 0 0 0 1.5 1-4chrd.dat
0 // Faces
0 // Black faces
4 0 -5.3827 -.25 2.545 -4.2929 -.25 2.3282 -4.6173 -.25 2.545 -5 -.25 2.6211
4 0 -5.3827 -.25 2.545 -5.7071 -.25 2.3282 -3.8948 -.25 1.7734 -4.2929 -.25 2.3282
4 0 -5.9239 -.25 2.0038 -3.534 -.25 1.1936 -3.8948 -.25 1.7734 -5.7071 -.25 2.3282
4 0 -5.9239 -.25 2.0038 -6 -.25 1.6211 -3.2 -.25 .5981 -3.534 -.25 1.1936
4 0 -5.9597 -.25 -.0121 -2.8934 -.25 -.0121 -3.2 -.25 .5981 -6 -.25 1.6211
0 // Neutral faces
4 16 -6.5 -.25 5.1211 -8 -.25 3.6211 -6 -.25 1.6211 -5.9239 -.25 2.0038
3 16 -6.5 -.25 5.1211 -5.9239 -.25 2.0038 -5.7071 -.25 2.3282
3 16 -6.5 -.25 5.1211 -5.7071 -.25 2.3282 -5.3827 -.25 2.545
3 16 -6.5 -.25 5.1211 -5.3827 -.25 2.545 -5 -.25 2.6211
4 16 -6.5 -.25 5.1211 -5 -.25 2.6211 -4.6173 -.25 2.545 6.5 -.25 5.1211
3 16 6.5 -.25 5.1211 -4.6173 -.25 2.545 -4.2929 -.25 2.3282
3 16 6.5 -.25 5.1211 -4.2929 -.25 2.3282 -3.8948 -.25 1.7734
3 16 6.5 -.25 5.1211 -3.8948 -.25 1.7734 -3.534 -.25 1.1936
4 16 6.5 -.25 5.1211 -3.534 -.25 1.1936 -3.2 -.25 .5981 8 -.25 3.6211
4 16 -8 -.25 3.6211 -8 -.25 -.0121 -5.9597 -.25 -.0121 -6 -.25 1.6211
4 16 8 -.25 3.6211 -3.2 -.25 .5981 -2.8934 -.25 -.0121 8 -.25 -.0121