0 ~Sticker  1.8 x  1.9 with Ferrari Rounded Badge on Tricolor Stripe on White Background - Fourth Face
0 Name: s\6221805afs04.dat
0 Author: Massimo Maso [Sirio]
0 !LDRAW_ORG Unofficial_Subpart
0 !LICENSE Licensed under CC BY 4.0 : see CAreadme.txt

0 BFC CERTIFY CCW

0 // Faces
0 // Tricolor
3 4 6.3 -.25 -7.061 3.9147 -.25 -6.737 2.9605 -.25 -7.061
3 4 6.3 -.25 -7.061 5.8507 -.25 -5.7825 3.9147 -.25 -6.737
3 4 6.3 -.25 -7.061 6.3 -.25 -5.4823 5.8507 -.25 -5.7825
0 // Tricolor of badge
4 2 -11.4236 -.25 .0128 -12.0016 -.25 .0128 -10.4663 -.25 -7.061 -9.8689 -.25 -7.061
4 15 -11.4236 -.25 .0128 -9.8689 -.25 -7.061 -9.2425 -.25 -7.061 -10.9009 -.25 .0128
3 4 -10.9009 -.25 .0128 -10.171 -.25 -.3644 -10.1809 -.25 .0128
3 4 -10.9009 -.25 .0128 -10.0842 -.25 -1.4686 -10.171 -.25 -.3644
3 4 -10.9009 -.25 .0128 -9.9395 -.25 -2.5666 -10.0842 -.25 -1.4686
3 4 -10.9009 -.25 .0128 -9.7378 -.25 -3.6556 -9.9395 -.25 -2.5666
4 4 -10.9009 -.25 .0128 -9.2425 -.25 -7.061 -9.4792 -.25 -4.7326 -9.7378 -.25 -3.6556
3 4 -9.2425 -.25 -7.061 -9.1646 -.25 -5.7945 -9.4792 -.25 -4.7326
3 4 -9.2425 -.25 -7.061 -8.7949 -.25 -6.8386 -9.1646 -.25 -5.7945
3 4 -9.2425 -.25 -7.061 -8.7028 -.25 -7.061 -8.7949 -.25 -6.8386
0 // Black frame
4 0 -9.551 -.25 -1.4126 -9.6357 -.25 -.3364 -10.171 -.25 -.3644 -10.0842 -.25 -1.4686
4 0 -9.4101 -.25 -2.4828 -9.551 -.25 -1.4126 -10.0842 -.25 -1.4686 -9.9395 -.25 -2.5666
4 0 -9.2134 -.25 -3.5442 -9.4101 -.25 -2.4828 -9.9395 -.25 -2.5666 -9.7378 -.25 -3.6556
4 0 -8.9614 -.25 -4.5938 -9.2134 -.25 -3.5442 -9.7378 -.25 -3.6556 -9.4792 -.25 -4.7326
4 0 -8.6549 -.25 -5.6289 -8.9614 -.25 -4.5938 -9.4792 -.25 -4.7326 -9.1646 -.25 -5.7945
4 0 -8.2944 -.25 -6.6465 -8.6549 -.25 -5.6289 -9.1646 -.25 -5.7945 -8.7949 -.25 -6.8386
4 0 -10.171 -.25 -.3644 -9.6357 -.25 -.3364 -9.6448 -.25 .0128 -10.1809 -.25 .0128
4 0 -8.7949 -.25 -6.8386 -8.7028 -.25 -7.061 -8.1251 -.25 -7.061 -8.2944 -.25 -6.6465
4 0 9.2682 -.25 -3.1601 8.8891 -.25 -2.781 7.319 -.25 -4.158 7.6454 -.25 -4.5833
4 0 10.6914 -.25 -1.5372 10.2661 -.25 -1.211 8.8891 -.25 -2.781 9.2682 -.25 -3.1601
4 0 3.9147 -.25 -6.737 1.7322 -.25 -6.9132 .989 -.25 -7.061 2.9605 -.25 -7.061
4 0 10.6914 -.25 -1.5372 11.727 -.25 .0128 11.0838 -.25 .0128 10.2661 -.25 -1.211
4 0 3.7096 -.25 -6.2418 5.8507 -.25 -5.7825 6.3 -.25 -5.4823 5.5827 -.25 -5.3183
4 0 7.6454 -.25 -4.5833 7.319 -.25 -4.158 5.5827 -.25 -5.3183 6.3 -.25 -5.4823
4 0 5.8507 -.25 -5.7825 3.7096 -.25 -6.2418 1.7322 -.25 -6.9132 3.9147 -.25 -6.737
0 // Black letter "S"
4 0 5.944 -.25 -.8972 5.928 -.25 -.8172 5.904 -.25 -.8412 5.92 -.25 -.8732
4 0 5.984 -.25 -.8012 5.928 -.25 -.8172 5.944 -.25 -.8972 5.984 -.25 -.9292
4 0 6.048 -.25 -.8012 5.984 -.25 -.8012 5.984 -.25 -.9292 6.024 -.25 -.9692
4 0 6.104 -.25 -1.5372 5.912 -.25 -1.4412 5.896 -.25 -1.5452 6.104 -.25 -1.6572
4 0 6.112 -.25 -1.4732 5.936 -.25 -1.3292 5.912 -.25 -1.4412 6.104 -.25 -1.5372
4 0 6.128 -.25 -1.7452 6.104 -.25 -1.6572 5.896 -.25 -1.5452 5.896 -.25 -1.6732
4 0 6.128 -.25 -.8012 6.048 -.25 -.8012 6.024 -.25 -.9692 6.04 -.25 -1.0172
4 0 6.144 -.25 -1.3772 5.968 -.25 -1.2492 5.936 -.25 -1.3292 6.112 -.25 -1.4732
4 0 6.152 -.25 -1.8092 6.128 -.25 -1.7452 5.896 -.25 -1.6732 5.904 -.25 -1.7932
4 0 6.184 -.25 -1.8572 6.152 -.25 -1.8092 5.904 -.25 -1.7932 5.928 -.25 -1.8812
4 0 6.192 -.25 -1.2732 6.008 -.25 -1.1692 5.968 -.25 -1.2492 6.144 -.25 -1.3772
4 0 6.224 -.25 -1.9052 6.184 -.25 -1.8572 5.928 -.25 -1.8812 5.96 -.25 -1.9612
4 0 6.248 -.25 -1.1772 6.04 -.25 -1.0812 6.008 -.25 -1.1692 6.192 -.25 -1.2732
4 0 6.272 -.25 -1.9292 6.224 -.25 -1.9052 5.96 -.25 -1.9612 6.024 -.25 -2.0572
4 0 6.312 -.25 -1.0892 6.04 -.25 -1.0172 6.04 -.25 -1.0812 6.248 -.25 -1.1772
4 0 6.312 -.25 -1.0892 6.24 -.25 -.7932 6.128 -.25 -.8012 6.04 -.25 -1.0172
4 0 6.328 -.25 -1.9372 6.272 -.25 -1.9292 6.024 -.25 -2.0572 6.088 -.25 -2.1292
4 0 6.376 -.25 -1.9372 6.328 -.25 -1.9372 6.088 -.25 -2.1292 6.168 -.25 -2.1932
4 0 6.384 -.25 -1.0092 6.376 -.25 -.7692 6.24 -.25 -.7932 6.312 -.25 -1.0892
4 0 6.424 -.25 -1.9212 6.376 -.25 -1.9372 6.168 -.25 -2.1932 6.272 -.25 -2.2492
4 0 6.464 -.25 -1.8972 6.424 -.25 -1.9212 6.272 -.25 -2.2492 6.344 -.25 -2.2572
4 0 6.496 -.25 -.7372 6.376 -.25 -.7692 6.384 -.25 -1.0092 6.456 -.25 -.9452
4 0 6.512 -.25 -1.8572 6.464 -.25 -1.8972 6.344 -.25 -2.2572 6.464 -.25 -2.2572
4 0 6.552 -.25 -.6892 6.496 -.25 -.7372 6.456 -.25 -.9452 6.52 -.25 -.9052
4 0 6.576 -.25 -.8732 6.568 -.25 -.6492 6.552 -.25 -.6892 6.52 -.25 -.9052
4 0 6.584 -.25 -2.2492 6.56 -.25 -1.8012 6.512 -.25 -1.8572 6.464 -.25 -2.2572
4 0 6.632 -.25 -.8252 6.616 -.25 -.6492 6.568 -.25 -.6492 6.576 -.25 -.8732
4 0 6.672 -.25 -.7852 6.664 -.25 -.6652 6.616 -.25 -.6492 6.632 -.25 -.8252
4 0 6.704 -.25 -.7372 6.704 -.25 -.6972 6.664 -.25 -.6652 6.672 -.25 -.7852
4 0 6.712 -.25 -2.2172 6.608 -.25 -1.7372 6.56 -.25 -1.8012 6.584 -.25 -2.2492
4 0 6.84 -.25 -2.1532 6.656 -.25 -1.6572 6.608 -.25 -1.7372 6.712 -.25 -2.2172
4 0 6.936 -.25 -2.0732 6.696 -.25 -1.5772 6.656 -.25 -1.6572 6.84 -.25 -2.1532
4 0 7.016 -.25 -1.9852 6.728 -.25 -1.4892 6.696 -.25 -1.5772 6.936 -.25 -2.0732
4 0 7.072 -.25 -1.8732 6.768 -.25 -1.3852 6.728 -.25 -1.4892 7.016 -.25 -1.9852
4 0 7.12 -.25 -1.7292 6.792 -.25 -1.3052 6.768 -.25 -1.3852 7.072 -.25 -1.8732
4 0 7.152 -.25 -1.5612 6.824 -.25 -1.2012 6.792 -.25 -1.3052 7.12 -.25 -1.7292
4 0 7.192 -.25 -1.4172 6.864 -.25 -1.1052 6.824 -.25 -1.2012 7.152 -.25 -1.5612
4 0 7.232 -.25 -1.2892 6.912 -.25 -1.0012 6.864 -.25 -1.1052 7.192 -.25 -1.4172
4 0 7.28 -.25 -1.1772 6.984 -.25 -.8892 6.912 -.25 -1.0012 7.232 -.25 -1.2892
4 0 7.32 -.25 -1.1052 7.064 -.25 -.7852 6.984 -.25 -.8892 7.28 -.25 -1.1772
4 0 7.36 -.25 -1.0332 7.168 -.25 -.6972 7.064 -.25 -.7852 7.32 -.25 -1.1052
4 0 7.408 -.25 -.9772 7.288 -.25 -.6252 7.168 -.25 -.6972 7.36 -.25 -1.0332
4 0 7.472 -.25 -.9132 7.392 -.25 -.5852 7.288 -.25 -.6252 7.408 -.25 -.9772
4 0 7.536 -.25 -.8652 7.52 -.25 -.5532 7.392 -.25 -.5852 7.472 -.25 -.9132
4 0 7.616 -.25 -.5372 7.52 -.25 -.5532 7.536 -.25 -.8652 7.6 -.25 -.8332
4 0 7.632 -.25 -2.1372 7.272 -.25 -1.9692 7.272 -.25 -2.0652 7.28 -.25 -2.1372
4 0 7.632 -.25 -2.1372 7.28 -.25 -2.1372 7.304 -.25 -2.2252 7.36 -.25 -2.3292
4 0 7.632 -.25 -2.1372 7.328 -.25 -1.8412 7.288 -.25 -1.9052 7.272 -.25 -1.9692
4 0 7.632 -.25 -2.1372 7.36 -.25 -2.3292 7.432 -.25 -2.3772 7.528 -.25 -2.4012
4 0 7.632 -.25 -2.1372 7.44 -.25 -1.7852 7.384 -.25 -1.7932 7.328 -.25 -1.8412
4 0 7.632 -.25 -2.1372 7.568 -.25 -1.8332 7.488 -.25 -1.7932 7.44 -.25 -1.7852
4 0 7.664 -.25 -1.9452 7.632 -.25 -1.8972 7.568 -.25 -1.8332 7.632 -.25 -2.1372
4 0 7.672 -.25 -2.1612 7.632 -.25 -2.1372 7.528 -.25 -2.4012 7.624 -.25 -2.4092
3 0 7.68 -.25 -2.0252 7.632 -.25 -2.1372 7.664 -.25 -2.0812
4 0 7.68 -.25 -1.9772 7.664 -.25 -1.9452 7.632 -.25 -2.1372 7.68 -.25 -2.0252
4 0 7.712 -.25 -2.4092 7.712 -.25 -2.1692 7.672 -.25 -2.1612 7.624 -.25 -2.4092
4 0 7.72 -.25 -.8252 7.72 -.25 -.5372 7.616 -.25 -.5372 7.6 -.25 -.8332
4 0 7.808 -.25 -2.4012 7.8 -.25 -2.1772 7.712 -.25 -2.1692 7.712 -.25 -2.4092
4 0 7.84 -.25 -.5532 7.72 -.25 -.5372 7.72 -.25 -.8252 7.808 -.25 -.8332
4 0 7.896 -.25 -2.3852 7.88 -.25 -2.1692 7.8 -.25 -2.1772 7.808 -.25 -2.4012
4 0 7.96 -.25 -2.3692 7.952 -.25 -2.1532 7.88 -.25 -2.1692 7.896 -.25 -2.3852
4 0 7.968 -.25 -.5772 7.84 -.25 -.5532 7.808 -.25 -.8332 7.888 -.25 -.8572
4 0 8.048 -.25 -2.3372 8.008 -.25 -2.1212 7.952 -.25 -2.1532 7.96 -.25 -2.3692
4 0 8.08 -.25 -.6252 7.968 -.25 -.5772 7.888 -.25 -.8572 7.952 -.25 -.8812
4 0 8.12 -.25 -2.2972 8.056 -.25 -2.0812 8.008 -.25 -2.1212 8.048 -.25 -2.3372
4 0 8.184 -.25 -.6892 8.08 -.25 -.6252 7.952 -.25 -.8812 8.024 -.25 -.9212
4 0 8.208 -.25 -2.2332 8.112 -.25 -2.0252 8.056 -.25 -2.0812 8.12 -.25 -2.2972
4 0 8.288 -.25 -2.1452 8.152 -.25 -1.9692 8.112 -.25 -2.0252 8.208 -.25 -2.2332
4 0 8.288 -.25 -.7852 8.184 -.25 -.6892 8.024 -.25 -.9212 8.088 -.25 -.9692
4 0 8.344 -.25 -2.0732 8.184 -.25 -1.9132 8.152 -.25 -1.9692 8.288 -.25 -2.1452
4 0 8.36 -.25 -.8732 8.288 -.25 -.7852 8.088 -.25 -.9692 8.144 -.25 -1.0332
4 0 8.384 -.25 -1.9932 8.208 -.25 -1.8492 8.184 -.25 -1.9132 8.344 -.25 -2.0732
4 0 8.432 -.25 -1.8812 8.232 -.25 -1.7772 8.208 -.25 -1.8492 8.384 -.25 -1.9932
4 0 8.44 -.25 -1.0412 8.36 -.25 -.8732 8.144 -.25 -1.0332 8.176 -.25 -1.0892
4 0 8.464 -.25 -1.7692 8.248 -.25 -1.7052 8.232 -.25 -1.7772 8.432 -.25 -1.8812
4 0 8.472 -.25 -1.1532 8.44 -.25 -1.0412 8.176 -.25 -1.0892 8.216 -.25 -1.1612
4 0 8.48 -.25 -1.6892 8.264 -.25 -1.6092 8.248 -.25 -1.7052 8.464 -.25 -1.7692
4 0 8.488 -.25 -1.5932 8.272 -.25 -1.5052 8.264 -.25 -1.6092 8.48 -.25 -1.6892
4 0 8.488 -.25 -1.2572 8.472 -.25 -1.1532 8.216 -.25 -1.1612 8.24 -.25 -1.2332
4 0 8.496 -.25 -1.4892 8.272 -.25 -1.4172 8.272 -.25 -1.5052 8.488 -.25 -1.5932
4 0 8.496 -.25 -1.3692 8.256 -.25 -1.3052 8.272 -.25 -1.4172 8.496 -.25 -1.4892
4 0 8.496 -.25 -1.3692 8.488 -.25 -1.2572 8.24 -.25 -1.2332 8.256 -.25 -1.3052
0 // Black horse
4 0 -8.672 -.25 -.2252 -8.712 -.25 -.2252 -8.712 -.25 -.2492 -8.688 -.25 -.2492
4 0 -8.664 -.25 -.1932 -8.712 -.25 -.2012 -8.712 -.25 -.2252 -8.672 -.25 -.2252
4 0 -8.656 -.25 -.1692 -8.712 -.25 -.1692 -8.712 -.25 -.2012 -8.664 -.25 -.1932
4 0 -8.64 -.25 -.1292 -8.72 -.25 -.1292 -8.712 -.25 -.1692 -8.656 -.25 -.1692
4 0 -8.632 -.25 -.0812 -8.728 -.25 -.0812 -8.72 -.25 -.1292 -8.64 -.25 -.1292
4 0 -8.624 -.25 -.0412 -8.736 -.25 -.0332 -8.728 -.25 -.0812 -8.632 -.25 -.0812
3 0 -8.504 -.25 -.4892 -8.456 -.25 -.5132 -8.456 -.25 -.4812
4 0 -8.472 -.25 -.3532 -8.472 -.25 -.2732 -8.56 -.25 -.2492 -8.56 -.25 -.3132
4 0 -8.464 -.25 -.3932 -8.472 -.25 -.3532 -8.56 -.25 -.3132 -8.544 -.25 -.3932
4 0 -8.464 -.25 -.2092 -8.552 -.25 -.1692 -8.56 -.25 -.2492 -8.472 -.25 -.2732
4 0 -8.456 -.25 -.5132 -8.504 -.25 -.4892 -8.488 -.25 -.5212 -8.464 -.25 -.5292
4 0 -8.456 -.25 -.4812 -8.456 -.25 -.4412 -8.528 -.25 -.4412 -8.504 -.25 -.4892
4 0 -8.456 -.25 -.4412 -8.464 -.25 -.3932 -8.544 -.25 -.3932 -8.528 -.25 -.4412
4 0 -8.448 -.25 -.1372 -8.552 -.25 -.1132 -8.552 -.25 -.1692 -8.464 -.25 -.2092
4 0 -8.432 -.25 -.0732 -8.552 -.25 -.0332 -8.552 -.25 -.1132 -8.448 -.25 -.1372
4 0 -8.416 -.25 -.0172 -8.56 -.25 -.0012 -8.552 -.25 -.0332 -8.432 -.25 -.0732
4 0 -7.88 -.25 -.0252 -7.888 -.25 -.0092 -8.064 -.25 -.0892 -8.04 -.25 -.1372
4 0 -7.864 -.25 -.0492 -7.88 -.25 -.0252 -8.04 -.25 -.1372 -8.016 -.25 -.1692
4 0 -7.84 -.25 -.0812 -7.864 -.25 -.0492 -8.016 -.25 -.1692 -7.984 -.25 -.2172
4 0 -7.816 -.25 -.1132 -7.84 -.25 -.0812 -7.984 -.25 -.2172 -7.952 -.25 -.2572
4 0 -7.784 -.25 -.1612 -7.816 -.25 -.1132 -7.952 -.25 -.2572 -7.912 -.25 -.3212
4 0 -7.752 -.25 -.2092 -7.784 -.25 -.1612 -7.912 -.25 -.3212 -7.872 -.25 -.4092
4 0 -7.712 -.25 -.2812 -7.752 -.25 -.2092 -7.872 -.25 -.4092 -7.84 -.25 -.4732
4 0 -7.68 -.25 -.3372 -7.712 -.25 -.2812 -7.84 -.25 -.4732 -7.808 -.25 -.5452
4 0 -7.656 -.25 -.4012 -7.68 -.25 -.3372 -7.808 -.25 -.5452 -7.776 -.25 -.6172
4 0 -7.632 -.25 -.4572 -7.656 -.25 -.4012 -7.776 -.25 -.6172 -7.744 -.25 -.7052
4 0 -7.6 -.25 -.5372 -7.632 -.25 -.4572 -7.744 -.25 -.7052 -7.712 -.25 -.7932
4 0 -7.584 -.25 -.5932 -7.6 -.25 -.5372 -7.712 -.25 -.7932 -7.672 -.25 -.8892
4 0 -7.568 -.25 -.6332 -7.584 -.25 -.5932 -7.672 -.25 -.8892 -7.648 -.25 -.9532
3 0 -7.56 -.25 -1.3852 -7.36 -.25 -.5372 -7.52 -.25 -.7132
4 0 -7.56 -.25 -.6652 -7.568 -.25 -.6332 -7.648 -.25 -.9532 -7.624 -.25 -1.0332
4 0 -7.552 -.25 -.7052 -7.56 -.25 -.6652 -7.624 -.25 -1.0332 -7.608 -.25 -1.1052
3 0 -7.544 -.25 -.4492 -7.36 -.25 -.5372 -7.56 -.25 -.3932
4 0 -7.536 -.25 -.7292 -7.552 -.25 -.7052 -7.608 -.25 -1.1052 -7.592 -.25 -1.2892
3 0 -7.528 -.25 -.5132 -7.36 -.25 -.5372 -7.544 -.25 -.4492
3 0 -7.52 -.25 -1.4572 -7.152 -.25 -1.3612 -7.56 -.25 -1.3852
4 0 -7.52 -.25 -.7132 -7.536 -.25 -.7292 -7.592 -.25 -1.2892 -7.56 -.25 -1.3852
3 0 -7.52 -.25 -.7132 -7.36 -.25 -.5372 -7.52 -.25 -.6812
3 0 -7.52 -.25 -.6812 -7.36 -.25 -.5372 -7.52 -.25 -.6412
3 0 -7.52 -.25 -.6412 -7.36 -.25 -.5372 -7.52 -.25 -.5852
3 0 -7.52 -.25 -.5852 -7.36 -.25 -.5372 -7.528 -.25 -.5132
4 0 -7.36 -.25 -.5372 -7.616 -.25 -.2492 -7.592 -.25 -.3132 -7.56 -.25 -.3932
3 0 -7.36 -.25 -.5372 -6.928 -.25 -.8092 -6.936 -.25 -.7772
3 0 -7.36 -.25 -.5372 -6.912 -.25 -.8332 -6.928 -.25 -.8092
4 0 -7.208 -.25 -1.4972 -7.216 -.25 -1.4572 -7.376 -.25 -1.5932 -7.32 -.25 -1.6332
4 0 -7.2 -.25 -1.4172 -7.432 -.25 -1.5532 -7.376 -.25 -1.5932 -7.216 -.25 -1.4572
4 0 -7.184 -.25 -1.5372 -7.208 -.25 -1.4972 -7.32 -.25 -1.6332 -7.264 -.25 -1.6652
4 0 -7.176 -.25 -1.3852 -7.472 -.25 -1.5132 -7.432 -.25 -1.5532 -7.2 -.25 -1.4172
4 0 -7.152 -.25 -1.5612 -7.184 -.25 -1.5372 -7.264 -.25 -1.6652 -7.2 -.25 -1.7052
4 0 -7.152 -.25 -1.3612 -7.52 -.25 -1.4572 -7.472 -.25 -1.5132 -7.176 -.25 -1.3852
4 0 -7.104 -.25 -1.5932 -7.152 -.25 -1.5612 -7.2 -.25 -1.7052 -7.152 -.25 -1.7292
3 0 -7.08 -.25 -1.3612 -6.824 -.25 -1.1372 -7.12 -.25 -1.3532
4 0 -7.056 -.25 -1.6092 -7.104 -.25 -1.5932 -7.152 -.25 -1.7292 -7.08 -.25 -1.7612
4 0 -7.016 -.25 -1.7772 -7.016 -.25 -1.6172 -7.056 -.25 -1.6092 -7.08 -.25 -1.7612
3 0 -6.952 -.25 -1.5532 -6.688 -.25 -1.5852 -6.968 -.25 -1.5372
3 0 -6.936 -.25 -1.5692 -6.688 -.25 -1.5852 -6.952 -.25 -1.5532
3 0 -6.936 -.25 -.7772 -6.928 -.25 -.7532 -7.36 -.25 -.5372
3 0 -6.928 -.25 -1.5852 -6.688 -.25 -1.5852 -6.936 -.25 -1.5692
3 0 -6.912 -.25 -.8332 -6.824 -.25 -1.1372 -6.888 -.25 -.8492
4 0 -6.896 -.25 -1.7852 -7.016 -.25 -1.6172 -7.016 -.25 -1.7772 -6.96 -.25 -1.7852
3 0 -6.888 -.25 -.8492 -6.824 -.25 -1.1372 -6.848 -.25 -.8572
4 0 -6.84 -.25 -1.7772 -6.976 -.25 -1.6252 -7.016 -.25 -1.6172 -6.896 -.25 -1.7852
4 0 -6.824 -.25 -1.1372 -7.56 -.25 -1.3852 -7.152 -.25 -1.3612 -7.12 -.25 -1.3532
4 0 -6.824 -.25 -1.1372 -6.912 -.25 -.8332 -7.36 -.25 -.5372 -7.56 -.25 -1.3852
4 0 -6.808 -.25 -1.1692 -6.824 -.25 -1.1372 -7.08 -.25 -1.3612 -7.072 -.25 -1.3692
4 0 -6.8 -.25 -1.0732 -6.824 -.25 -.8492 -6.848 -.25 -.8572 -6.824 -.25 -1.1372
4 0 -6.792 -.25 -1.7692 -6.952 -.25 -1.6172 -6.976 -.25 -1.6252 -6.84 -.25 -1.7772
4 0 -6.792 -.25 -1.2172 -6.808 -.25 -1.1692 -7.072 -.25 -1.3692 -7.064 -.25 -1.3852
4 0 -6.768 -.25 -1.2732 -6.792 -.25 -1.2172 -7.064 -.25 -1.3852 -7.056 -.25 -1.4172
4 0 -6.752 -.25 -1.3292 -6.768 -.25 -1.2732 -7.056 -.25 -1.4172 -7.04 -.25 -1.4412
4 0 -6.752 -.25 -1.0652 -6.816 -.25 -.8172 -6.824 -.25 -.8492 -6.8 -.25 -1.0732
4 0 -6.728 -.25 -1.4252 -6.752 -.25 -1.3292 -7.04 -.25 -1.4412 -7.016 -.25 -1.4812
4 0 -6.704 -.25 -1.4972 -6.728 -.25 -1.4252 -7.016 -.25 -1.4812 -6.992 -.25 -1.5132
4 0 -6.696 -.25 -1.7212 -6.952 -.25 -1.6172 -6.792 -.25 -1.7692 -6.744 -.25 -1.7532
4 0 -6.688 -.25 -1.5852 -6.704 -.25 -1.4972 -6.992 -.25 -1.5132 -6.968 -.25 -1.5372
4 0 -6.68 -.25 -1.6812 -6.936 -.25 -1.6092 -6.952 -.25 -1.6172 -6.696 -.25 -1.7212
4 0 -6.68 -.25 -1.6812 -6.688 -.25 -1.5852 -6.928 -.25 -1.5852 -6.936 -.25 -1.6092
4 0 -6.568 -.25 -.8092 -6.568 -.25 -.7292 -6.84 -.25 -.7692 -6.824 -.25 -.7932
4 0 -6.56 -.25 -.8892 -6.568 -.25 -.8092 -6.824 -.25 -.7932 -6.816 -.25 -.8172
4 0 -6.56 -.25 -.6092 -6.872 -.25 -.7452 -6.84 -.25 -.7692 -6.568 -.25 -.7292
4 0 -6.544 -.25 -.5132 -6.896 -.25 -.7372 -6.872 -.25 -.7452 -6.56 -.25 -.6092
4 0 -6.528 -.25 -.9692 -6.56 -.25 -.8892 -6.816 -.25 -.8172 -6.752 -.25 -1.0652
4 0 -6.504 -.25 -1.0252 -6.528 -.25 -.9692 -6.752 -.25 -1.0652 -6.728 -.25 -1.0812
4 0 -6.472 -.25 -1.4572 -6.6 -.25 -1.4892 -6.568 -.25 -1.5212 -6.512 -.25 -1.5052
4 0 -6.472 -.25 -1.1132 -6.504 -.25 -1.0252 -6.728 -.25 -1.0812 -6.704 -.25 -1.1292
4 0 -6.448 -.25 -1.3932 -6.624 -.25 -1.4172 -6.6 -.25 -1.4892 -6.472 -.25 -1.4572
4 0 -6.44 -.25 -1.1852 -6.472 -.25 -1.1132 -6.704 -.25 -1.1292 -6.68 -.25 -1.2012
4 0 -6.432 -.25 -1.3292 -6.64 -.25 -1.3452 -6.624 -.25 -1.4172 -6.448 -.25 -1.3932
4 0 -6.432 -.25 -1.3292 -6.432 -.25 -1.2492 -6.664 -.25 -1.2652 -6.64 -.25 -1.3452
4 0 -6.432 -.25 -1.2492 -6.44 -.25 -1.1852 -6.68 -.25 -1.2012 -6.664 -.25 -1.2652
4 0 -3.832 -.25 -.0652 -4.904 -.25 -.2252 -4.744 -.25 -.3692 -3.856 -.25 -.1372
4 0 -3.856 -.25 -.1372 -4.744 -.25 -.3692 -4.68 -.25 -.4332 -3.872 -.25 -.2172
3 0 -4.328 -.25 -2.9212 -3.68 -.25 -2.6172 -4.256 -.25 -2.8492
4 0 -4.304 -.25 -3.4252 -4.32 -.25 -3.3692 -4.52 -.25 -3.5292 -4.496 -.25 -3.6012
4 0 -4.304 -.25 -3.3132 -4.536 -.25 -3.4412 -4.52 -.25 -3.5292 -4.32 -.25 -3.3692
4 0 -4.304 -.25 -3.3132 -4.512 -.25 -3.2572 -4.528 -.25 -3.3532 -4.536 -.25 -3.4412
4 0 -4.304 -.25 -3.3132 -4.416 -.25 -3.0412 -4.472 -.25 -3.1452 -4.512 -.25 -3.2572
4 0 -4.28 -.25 -3.4732 -4.304 -.25 -3.4252 -4.496 -.25 -3.6012 -4.448 -.25 -3.6892
4 0 -4.28 -.25 -3.2892 -4.328 -.25 -2.9212 -4.416 -.25 -3.0412 -4.304 -.25 -3.3132
3 0 -4.28 -.25 -3.2892 -4.248 -.25 -3.2892 -4.328 -.25 -2.9212
4 0 -4.264 -.25 -3.4972 -4.28 -.25 -3.4732 -4.448 -.25 -3.6892 -4.392 -.25 -3.7612
4 0 -4.248 -.25 -3.5132 -4.264 -.25 -3.4972 -4.392 -.25 -3.7612 -4.328 -.25 -3.8092
3 0 -4.248 -.25 -3.5132 -3.928 -.25 -3.7852 -4.216 -.25 -3.5052
3 0 -4.248 -.25 -3.2892 -4.224 -.25 -3.3212 -4.328 -.25 -2.9212
3 0 -4.224 -.25 -3.3212 -3.928 -.25 -3.7852 -4.328 -.25 -2.9212
3 0 -4.216 -.25 -3.5052 -3.928 -.25 -3.7852 -4.216 -.25 -3.4812
3 0 -4.216 -.25 -3.4812 -3.928 -.25 -3.7852 -4.216 -.25 -3.4412
3 0 -4.216 -.25 -3.4412 -3.928 -.25 -3.7852 -4.216 -.25 -3.3852
3 0 -4.216 -.25 -3.3852 -3.928 -.25 -3.7852 -4.224 -.25 -3.3212
4 0 -3.872 -.25 -.2172 -4.68 -.25 -.4332 -4.6 -.25 -.5292 -3.88 -.25 -.2972
4 0 -3.88 -.25 -.2972 -4.6 -.25 -.5292 -4.488 -.25 -.6252 -3.88 -.25 -.3932
4 0 -4.352 -.25 -.7212 -3.872 -.25 -.4812 -3.88 -.25 -.3932 -4.488 -.25 -.6252
3 0 -4.352 -.25 -.7212 -3.856 -.25 -.5532 -3.872 -.25 -.4812
3 0 -4.168 -.25 -3.9052 -3.928 -.25 -4.0652 -3.928 -.25 -3.7852
4 0 -4.112 -.25 -.9212 -4.032 -.25 -1.0172 -3.776 -.25 -.7612 -3.808 -.25 -.7052
3 0 -4.032 -.25 -1.0172 -3.744 -.25 -.8012 -3.776 -.25 -.7612
3 0 -3.928 -.25 -4.0652 -3.744 -.25 -4.0172 -3.784 -.25 -3.9692
3 0 -3.928 -.25 -4.0652 -3.664 -.25 -4.0652 -3.744 -.25 -4.0172
4 0 -3.928 -.25 -3.7852 -4.248 -.25 -3.5132 -4.328 -.25 -3.8092 -4.168 -.25 -3.9052
4 0 -4.904 -.25 -.2252 -3.832 -.25 -.0652 -3.8 -.25 .0068 -5.08 -.25 -.0812
4 0 -4.352 -.25 -.7212 -4.24 -.25 -.7932 -3.832 -.25 -.6412 -3.856 -.25 -.5532
4 0 -4.24 -.25 -.7932 -4.112 -.25 -.9212 -3.808 -.25 -.7052 -3.832 -.25 -.6412
3 0 -3.792 -.25 -3.9212 -3.744 -.25 -3.9132 -3.928 -.25 -3.7852
4 0 -3.784 -.25 -3.9692 -3.792 -.25 -3.9212 -3.928 -.25 -3.7852 -3.928 -.25 -4.0652
3 0 -3.744 -.25 -.8012 -3.584 -.25 -1.2172 -3.704 -.25 -.8172
3 0 -3.704 -.25 -.8172 -3.584 -.25 -1.2172 -3.672 -.25 -.8012
3 0 -3.704 -.25 -.1052 .5572 -.25 .0128 -3.68 -.25 -.0332
3 0 -3.704 -.25 -.6332 -3.688 -.25 -.6812 -.52 -.25 -1.0012
4 0 -3.68 -.25 -2.6172 -4.08 -.25 -2.6812 -4.168 -.25 -2.7612 -4.256 -.25 -2.8492
4 0 -3.68 -.25 -2.6172 -3.864 -.25 -2.3452 -3.976 -.25 -2.5132 -4.08 -.25 -2.6812
3 0 -3.68 -.25 -2.6172 -3.52 -.25 -1.8492 -3.648 -.25 -2.0332
3 0 -3.68 -.25 -2.6172 -3.488 -.25 -3.0492 -3.488 -.25 -3.0252
3 0 -3.68 -.25 -2.6172 -3.128 -.25 -1.9052 -3.168 -.25 -1.8572
3 0 -3.68 -.25 -2.6172 -3.064 -.25 -1.9692 -3.128 -.25 -1.9052
3 0 -3.68 -.25 -2.6172 -2.984 -.25 -2.0252 -3.064 -.25 -1.9692
3 0 -3.68 -.25 -2.6172 -2.888 -.25 -2.0812 -2.984 -.25 -2.0252
3 0 -3.68 -.25 -2.6172 -2.8 -.25 -2.1292 -2.888 -.25 -2.0812
3 0 -3.68 -.25 -2.6172 -2.728 -.25 -2.1612 -2.8 -.25 -2.1292
3 0 -3.68 -.25 -2.6172 -2.568 -.25 -2.2332 -2.608 -.25 -2.2172
3 0 -3.68 -.25 -2.6172 -2.528 -.25 -2.2332 -2.568 -.25 -2.2332
4 0 -3.648 -.25 -2.0332 -3.744 -.25 -2.1692 -3.864 -.25 -2.3452 -3.68 -.25 -2.6172
4 0 -3.608 -.25 -3.6012 -3.68 -.25 -2.6172 -4.328 -.25 -2.9212 -3.928 -.25 -3.7852
3 0 -3.608 -.25 -3.6012 -3.536 -.25 -3.5692 -3.536 -.25 -3.4972
3 0 -3.608 -.25 -3.6012 -3.504 -.25 -3.6092 -3.536 -.25 -3.5692
4 0 -3.584 -.25 -1.2172 -4 -.25 -1.0972 -3.96 -.25 -1.2172 -3.888 -.25 -1.3612
4 0 -3.584 -.25 -1.2172 -3.888 -.25 -1.3612 -3.792 -.25 -1.5132 -3.704 -.25 -1.6332
4 0 -3.584 -.25 -1.2172 -3.744 -.25 -.8012 -4.032 -.25 -1.0172 -4 -.25 -1.0972
3 0 -3.576 -.25 -3.9852 -3.232 -.25 -3.9292 -3.672 -.25 -3.9292
4 0 -3.528 -.25 -3.4332 -3.68 -.25 -2.6172 -3.608 -.25 -3.6012 -3.536 -.25 -3.4972
3 0 -3.528 -.25 -3.4332 -3.512 -.25 -3.3852 -3.68 -.25 -2.6172
4 0 -3.52 -.25 -1.8492 -3.584 -.25 -1.2172 -3.704 -.25 -1.6332 -3.616 -.25 -1.7452
4 0 -3.488 -.25 -3.3452 -3.488 -.25 -3.0492 -3.68 -.25 -2.6172 -3.512 -.25 -3.3852
3 0 -3.488 -.25 -3.0252 -3.464 -.25 -2.9852 -3.68 -.25 -2.6172
4 0 -3.48 -.25 -4.3292 -3.56 -.25 -4.1292 -3.664 -.25 -4.0652 -3.928 -.25 -4.0652
3 0 -3.48 -.25 -4.3292 -3.288 -.25 -4.2812 -3.36 -.25 -4.2412
3 0 -3.48 -.25 -4.3292 -3.248 -.25 -4.2892 -3.288 -.25 -4.2812
3 0 -3.48 -.25 -4.0492 -3.232 -.25 -3.9292 -3.576 -.25 -3.9852
3 0 -3.464 -.25 -2.9852 -3.44 -.25 -2.9532 -3.68 -.25 -2.6172
3 0 -3.44 -.25 -2.9532 -3.4 -.25 -2.9132 -3.68 -.25 -2.6172
3 0 -3.416 -.25 -3.0412 -3.256 -.25 -3.1932 -3.384 -.25 -3.0252
4 0 -3.408 -.25 -3.2812 -3.464 -.25 -3.0492 -3.488 -.25 -3.0492 -3.488 -.25 -3.3452
4 0 -3.304 -.25 -4.1692 -3.232 -.25 -3.9292 -3.48 -.25 -4.0492 -3.4 -.25 -4.1052
3 0 -3.4 -.25 -2.9132 -3.36 -.25 -2.8732 -3.68 -.25 -2.6172
3 0 -3.384 -.25 -3.0252 -3.256 -.25 -3.1932 -3.344 -.25 -3.0012
4 0 -3.36 -.25 -4.2412 -3.456 -.25 -4.1852 -3.56 -.25 -4.1292 -3.48 -.25 -4.3292
3 0 -3.36 -.25 -2.8732 -3.312 -.25 -2.8412 -3.68 -.25 -2.6172
3 0 -3.344 -.25 -3.0012 -3.256 -.25 -3.1932 -3.296 -.25 -2.9692
4 0 -3.304 -.25 -3.7132 -3.416 -.25 -3.6492 -3.504 -.25 -3.6092 -3.608 -.25 -3.6012
3 0 -3.256 -.25 -4.2092 -3.232 -.25 -3.9292 -3.304 -.25 -4.1692
4 0 -3.256 -.25 -3.1932 -3.416 -.25 -3.0412 -3.464 -.25 -3.0492 -3.408 -.25 -3.2812
3 0 -3.248 -.25 -4.2892 -3.048 -.25 -4.4012 -3.216 -.25 -4.2812
3 0 -3.248 -.25 -2.9372 -3.056 -.25 -3.0492 -3.2 -.25 -2.8972
4 0 -3.232 -.25 -3.9292 -3.928 -.25 -3.7852 -3.744 -.25 -3.9132 -3.672 -.25 -3.9292
4 0 -3.232 -.25 -3.9292 -3.304 -.25 -3.7132 -3.608 -.25 -3.6012 -3.928 -.25 -3.7852
3 0 -3.216 -.25 -4.2812 -3.048 -.25 -4.4012 -3.224 -.25 -4.2492
4 0 -3.208 -.25 -2.7852 -3.68 -.25 -2.6172 -3.312 -.25 -2.8412 -3.264 -.25 -2.8172
3 0 -3.2 -.25 -2.8972 -3.056 -.25 -3.0492 -3.16 -.25 -2.8572
4 0 -3.176 -.25 -1.7852 -3.584 -.25 -1.2172 -3.52 -.25 -1.8492 -3.184 -.25 -1.8012
3 0 -3.176 -.25 -1.7852 -3.16 -.25 -1.7852 -3.584 -.25 -1.2172
4 0 -3.168 -.25 -1.8572 -3.184 -.25 -1.8012 -3.52 -.25 -1.8492 -3.68 -.25 -2.6172
3 0 -3.16 -.25 -2.8572 -3.056 -.25 -3.0492 -3.136 -.25 -2.8252
3 0 -3.16 -.25 -1.7852 -3.112 -.25 -1.8172 -3.584 -.25 -1.2172
3 0 -3.144 -.25 -2.7932 -2.816 -.25 -2.5692 -3.168 -.25 -2.7772
3 0 -3.136 -.25 -2.8252 -2.816 -.25 -2.5692 -3.144 -.25 -2.7932
4 0 -3.056 -.25 -3.0492 -3.248 -.25 -2.9372 -3.296 -.25 -2.9692 -3.256 -.25 -3.1932
4 0 -3.048 -.25 -4.4012 -3.232 -.25 -3.9292 -3.256 -.25 -4.2092 -3.224 -.25 -4.2492
4 0 .344 -.25 -.2012 -3.736 -.25 -.3772 -3.736 -.25 -.4572 .224 -.25 -.3132
4 0 .552 -.25 .0068 -3.728 -.25 -.2332 -3.736 -.25 -.2972 .464 -.25 -.0812
4 0 -3.728 -.25 -.2332 .5572 -.25 .0128 -3.704 -.25 -.1052 -3.72 -.25 -.1772
4 0 -.52 -.25 -1.0012 -3.688 -.25 -.6812 -3.68 -.25 -.7292 -.64 -.25 -1.1132
4 0 -.8 -.25 -1.2732 -3.672 -.25 -.7612 -3.672 -.25 -.8012 -1.44 -.25 -1.9772
4 0 -3.016 -.25 -3.9292 -3.2 -.25 -3.7852 -3.304 -.25 -3.7132 -3.232 -.25 -3.9292
4 0 -2.952 -.25 -1.9292 -3.584 -.25 -1.2172 -3.112 -.25 -1.8172 -3.048 -.25 -1.8652
4 0 -2.872 -.25 -4.6492 -3.048 -.25 -4.4012 -3.248 -.25 -4.2892 -3.48 -.25 -4.3292
3 0 -2.84 -.25 -3.7292 -2.608 -.25 -3.9132 -2.832 -.25 -3.6172
4 0 -2.816 -.25 -2.8092 -3.136 -.25 -2.8252 -3.056 -.25 -3.0492 -2.936 -.25 -2.9372
4 0 -2.816 -.25 -2.5692 -3.68 -.25 -2.6172 -3.208 -.25 -2.7852 -3.168 -.25 -2.7772
4 0 -2.72 -.25 -2.6972 -2.816 -.25 -2.5692 -3.136 -.25 -2.8252 -2.816 -.25 -2.8092
4 0 -2.712 -.25 -4.2012 -2.896 -.25 -4.0332 -3.016 -.25 -3.9292 -3.232 -.25 -3.9292
3 0 -2.712 -.25 -4.2012 -2.4 -.25 -4.6972 -2.592 -.25 -4.2972
3 0 -2.648 -.25 -2.1292 -2.32 -.25 -2.2172 -2.712 -.25 -2.0892
4 0 -2.624 -.25 -3.9372 -2.84 -.25 -3.8252 -2.824 -.25 -3.9052 -2.792 -.25 -3.9692
4 0 -2.624 -.25 -3.9372 -2.792 -.25 -3.9692 -2.76 -.25 -4.0252 -2.72 -.25 -4.0812
4 0 -2.616 -.25 -3.9612 -2.624 -.25 -3.9372 -2.72 -.25 -4.0812 -2.672 -.25 -4.1292
4 0 -2.616 -.25 -2.5772 -2.816 -.25 -2.5692 -2.72 -.25 -2.6972 -2.656 -.25 -2.6252
4 0 -2.608 -.25 -3.9132 -2.84 -.25 -3.7292 -2.84 -.25 -3.8252 -2.624 -.25 -3.9372
3 0 -2.608 -.25 -2.7452 -2.24 -.25 -3.7372 -2.56 -.25 -2.6412
4 0 -2.608 -.25 -2.2172 -2.656 -.25 -2.1932 -2.728 -.25 -2.1612 -3.68 -.25 -2.6172
3 0 -2.6 -.25 -2.1612 -2.32 -.25 -2.2172 -2.648 -.25 -2.1292
3 0 -2.592 -.25 -4.2972 -2.4 -.25 -4.6972 -2.472 -.25 -4.3932
4 0 -2.592 -.25 -3.9852 -2.616 -.25 -3.9612 -2.672 -.25 -4.1292 -2.624 -.25 -4.1692
4 0 -2.56 -.25 -4.0092 -2.592 -.25 -3.9852 -2.624 -.25 -4.1692 -2.568 -.25 -4.2092
3 0 -2.552 -.25 -2.5452 -2.32 -.25 -2.2172 -2.584 -.25 -2.5452
3 0 -2.544 -.25 -3.9292 -2.24 -.25 -3.7372 -2.576 -.25 -3.9132
3 0 -2.544 -.25 -2.6012 -2.08 -.25 -2.7772 -2.536 -.25 -2.5692
3 0 -2.544 -.25 -2.2012 -2.32 -.25 -2.2172 -2.6 -.25 -2.1612
3 0 -2.528 -.25 -2.2332 -2.32 -.25 -2.2172 -2.544 -.25 -2.2012
4 0 -2.512 -.25 -4.2492 -2.52 -.25 -4.0332 -2.56 -.25 -4.0092 -2.568 -.25 -4.2092
3 0 -2.512 -.25 -3.9532 -2.24 -.25 -3.7372 -2.544 -.25 -3.9292
4 0 -2.448 -.25 -4.2812 -2.488 -.25 -4.0492 -2.52 -.25 -4.0332 -2.512 -.25 -4.2492
3 0 -2.424 -.25 -4.0172 -2.24 -.25 -3.7372 -2.456 -.25 -3.9932
4 0 -2.4 -.25 -4.6972 -3.048 -.25 -4.4012 -2.872 -.25 -4.6492 -2.456 -.25 -4.9052
4 0 -2.4 -.25 -4.6972 -2.712 -.25 -4.2012 -3.232 -.25 -3.9292 -3.048 -.25 -4.4012
3 0 -2.4 -.25 -4.6972 -2.368 -.25 -4.4412 -2.472 -.25 -4.3932
3 0 -2.4 -.25 -4.6972 -2.248 -.25 -4.4732 -2.368 -.25 -4.4412
4 0 -2.376 -.25 -4.3212 -2.456 -.25 -4.0572 -2.488 -.25 -4.0492 -2.448 -.25 -4.2812
4 0 -2.32 -.25 -2.2172 -3.584 -.25 -1.2172 -2.952 -.25 -1.9292 -2.864 -.25 -1.9932
4 0 -2.32 -.25 -2.2172 -2.864 -.25 -1.9932 -2.792 -.25 -2.0412 -2.712 -.25 -2.0892
4 0 -2.32 -.25 -2.2172 -2.816 -.25 -2.5692 -2.616 -.25 -2.5772 -2.584 -.25 -2.5452
4 0 -2.32 -.25 -2.2172 -2.528 -.25 -2.2332 -3.68 -.25 -2.6172 -2.816 -.25 -2.5692
3 0 -2.312 -.25 -4.8572 -2.288 -.25 -4.8492 -2.4 -.25 -4.6972
4 0 -2.304 -.25 -4.8812 -2.312 -.25 -4.8572 -2.4 -.25 -4.6972 -2.456 -.25 -4.9052
4 0 -2.288 -.25 -4.9052 -2.304 -.25 -4.8812 -2.456 -.25 -4.9052 -2.344 -.25 -4.9692
3 0 -2.288 -.25 -4.8492 -2.256 -.25 -4.8492 -2.4 -.25 -4.6972
4 0 -2.28 -.25 -4.3372 -2.416 -.25 -4.0492 -2.456 -.25 -4.0572 -2.376 -.25 -4.3212
3 0 -2.264 -.25 -5.0172 -2.2 -.25 -4.9692 -2.24 -.25 -4.9452
4 0 -2.24 -.25 -4.9452 -2.288 -.25 -4.9052 -2.344 -.25 -4.9692 -2.264 -.25 -5.0172
4 0 -2.24 -.25 -3.7372 -2.832 -.25 -3.6172 -2.608 -.25 -3.9132 -2.576 -.25 -3.9132
4 0 -2.24 -.25 -3.7372 -2.76 -.25 -3.2252 -2.808 -.25 -3.4732 -2.832 -.25 -3.6172
4 0 -2.24 -.25 -3.7372 -2.608 -.25 -2.7452 -2.672 -.25 -2.9052 -2.76 -.25 -3.2252
4 0 -2.24 -.25 -3.7372 -2.512 -.25 -3.9532 -2.48 -.25 -3.9772 -2.456 -.25 -3.9932
3 0 -2.24 -.25 -3.7372 -2.016 -.25 -3.2972 -2.016 -.25 -3.2652
3 0 -2.24 -.25 -3.7372 -1.984 -.25 -3.6812 -1.984 -.25 -3.6332
3 0 -2.24 -.25 -3.7372 -1.968 -.25 -3.7212 -1.984 -.25 -3.6812
3 0 -2.24 -.25 -3.7372 -1.928 -.25 -3.7532 -1.968 -.25 -3.7212
4 0 -2.144 -.25 -4.9932 -2.2 -.25 -4.9692 -2.264 -.25 -5.0172 -2.16 -.25 -5.0652
3 0 -2.08 -.25 -4.9932 -2.016 -.25 -5.0972 -2.056 -.25 -4.9772
4 0 -2.08 -.25 -2.7772 -2.544 -.25 -2.6012 -2.56 -.25 -2.6412 -2.24 -.25 -3.7372
4 0 -2.08 -.25 -2.7772 -2.32 -.25 -2.2172 -2.552 -.25 -2.5452 -2.536 -.25 -2.5692
3 0 -2.08 -.25 -2.7772 -1.44 -.25 -1.9772 -2.32 -.25 -2.2172
3 0 -2.056 -.25 -4.9772 -1.92 -.25 -4.8572 -2.056 -.25 -4.9532
3 0 -2.056 -.25 -4.9532 -1.92 -.25 -4.8572 -2.08 -.25 -4.9292
4 0 -2.016 -.25 -5.0972 -2.08 -.25 -4.9932 -2.144 -.25 -4.9932 -2.16 -.25 -5.0652
3 0 -2.016 -.25 -3.2652 -2 -.25 -3.2092 -2.24 -.25 -3.7372
4 0 -1.984 -.25 -4.3292 -2.416 -.25 -4.0492 -2.28 -.25 -4.3372 -2.168 -.25 -4.3452
4 0 -1.984 -.25 -4.3292 -2.24 -.25 -3.7372 -2.424 -.25 -4.0172 -2.416 -.25 -4.0492
3 0 -1.984 -.25 -3.6332 -1.976 -.25 -3.5772 -2.24 -.25 -3.7372
4 0 -1.984 -.25 -3.1612 -2.08 -.25 -2.7772 -2.24 -.25 -3.7372 -2 -.25 -3.2092
3 0 -1.984 -.25 -3.1612 -1.96 -.25 -3.1052 -2.08 -.25 -2.7772
4 0 -1.976 -.25 -3.5772 -1.992 -.25 -3.3292 -2.016 -.25 -3.2972 -2.24 -.25 -3.7372
3 0 -1.976 -.25 -3.5772 -1.952 -.25 -3.5292 -1.992 -.25 -3.3292
3 0 -1.96 -.25 -3.3132 -1.864 -.25 -3.4092 -1.936 -.25 -3.2732
3 0 -1.96 -.25 -3.1052 -1.928 -.25 -3.0332 -2.08 -.25 -2.7772
3 0 -1.952 -.25 -3.5292 -1.92 -.25 -3.4812 -1.992 -.25 -3.3292
3 0 -1.944 -.25 -5.0972 -1.888 -.25 -5.1052 -1.92 -.25 -4.8572
3 0 -1.936 -.25 -3.2732 -1.864 -.25 -3.4092 -1.92 -.25 -3.2332
3 0 -1.928 -.25 -3.0332 -1.904 -.25 -2.9852 -2.08 -.25 -2.7772
4 0 -1.92 -.25 -4.8572 -2.4 -.25 -4.6972 -2.256 -.25 -4.8492 -2.184 -.25 -4.8732
4 0 -1.92 -.25 -4.8572 -2.184 -.25 -4.8732 -2.128 -.25 -4.9052 -2.08 -.25 -4.9292
4 0 -1.92 -.25 -4.8572 -2.128 -.25 -4.5052 -2.248 -.25 -4.4732 -2.4 -.25 -4.6972
4 0 -1.92 -.25 -4.8572 -2.056 -.25 -4.9772 -2.016 -.25 -5.0972 -1.944 -.25 -5.0972
4 0 -1.92 -.25 -4.8572 -1.992 -.25 -4.5212 -2.064 -.25 -4.4972 -2.128 -.25 -4.5052
3 0 -1.92 -.25 -4.8572 -1.904 -.25 -4.5852 -1.992 -.25 -4.5212
3 0 -1.92 -.25 -4.8572 -1.856 -.25 -4.6172 -1.904 -.25 -4.5852
3 0 -1.92 -.25 -4.8572 -1.8 -.25 -4.6252 -1.856 -.25 -4.6172
3 0 -1.904 -.25 -2.9852 -1.872 -.25 -2.9212 -2.08 -.25 -2.7772
3 0 -1.88 -.25 -3.7692 -1.76 -.25 -3.8972 -1.792 -.25 -3.7612
3 0 -1.872 -.25 -2.9212 -1.848 -.25 -2.8732 -2.08 -.25 -2.7772
4 0 -1.864 -.25 -3.4092 -1.96 -.25 -3.3132 -1.992 -.25 -3.3292 -1.92 -.25 -3.4812
4 0 -1.864 -.25 -3.4092 -1.864 -.25 -3.1052 -1.896 -.25 -3.1692 -1.92 -.25 -3.2332
4 0 -1.864 -.25 -3.4092 -1.816 -.25 -3.3452 -1.736 -.25 -3.2332 -1.8 -.25 -3.0012
3 0 -1.848 -.25 -2.8732 -1.824 -.25 -2.8332 -2.08 -.25 -2.7772
3 0 -1.824 -.25 -2.8332 -1.792 -.25 -2.7852 -2.08 -.25 -2.7772
4 0 -1.8 -.25 -3.0012 -1.832 -.25 -3.0492 -1.864 -.25 -3.1052 -1.864 -.25 -3.4092
4 0 -1.76 -.25 -3.8972 -1.88 -.25 -3.7692 -1.928 -.25 -3.7532 -2.24 -.25 -3.7372
3 0 -1.76 -.25 -3.8972 -1.688 -.25 -3.7372 -1.792 -.25 -3.7612
3 0 -1.76 -.25 -3.8972 -1.352 -.25 -3.6732 -1.456 -.25 -3.6892
3 0 -1.744 -.25 -2.9132 -1.568 -.25 -2.9532 -1.712 -.25 -2.8652
4 0 -1.728 -.25 -2.6892 -2.08 -.25 -2.7772 -1.792 -.25 -2.7852 -1.752 -.25 -2.7292
3 0 -1.712 -.25 -2.8652 -1.568 -.25 -2.9532 -1.68 -.25 -2.8172
4 0 -1.688 -.25 -4.2972 -1.76 -.25 -3.8972 -2.24 -.25 -3.7372 -1.984 -.25 -4.3292
3 0 -1.688 -.25 -4.2972 -1.56 -.25 -4.0972 -1.592 -.25 -4.0892
3 0 -1.688 -.25 -4.2972 -1.528 -.25 -4.1052 -1.56 -.25 -4.0972
3 0 -1.688 -.25 -4.2972 -1.48 -.25 -4.1052 -1.528 -.25 -4.1052
3 0 -1.688 -.25 -4.2972 -1.416 -.25 -4.1052 -1.48 -.25 -4.1052
3 0 -1.688 -.25 -4.2972 -1.368 -.25 -4.1052 -1.416 -.25 -4.1052
3 0 -1.648 -.25 -2.7612 -1.44 -.25 -1.9772 -1.64 -.25 -2.6972
3 0 -1.648 -.25 -2.6492 -1.44 -.25 -1.9772 -1.704 -.25 -2.6572
3 0 -1.64 -.25 -2.6972 -1.44 -.25 -1.9772 -1.648 -.25 -2.6492
3 0 -1.608 -.25 -4.0652 -1.592 -.25 -4.0332 -1.76 -.25 -3.8972
4 0 -1.6 -.25 -5.1772 -1.92 -.25 -4.8572 -1.888 -.25 -5.1052 -1.816 -.25 -5.1292
4 0 -1.6 -.25 -5.1772 -1.816 -.25 -5.1292 -1.72 -.25 -5.1772 -1.632 -.25 -5.2172
3 0 -1.6 -.25 -5.1772 -1.424 -.25 -5.1452 -1.432 -.25 -5.1212
4 0 -1.592 -.25 -4.0892 -1.608 -.25 -4.0652 -1.76 -.25 -3.8972 -1.688 -.25 -4.2972
3 0 -1.592 -.25 -4.0332 -1.56 -.25 -4.0252 -1.76 -.25 -3.8972
4 0 -1.568 -.25 -2.9532 -1.8 -.25 -3.0012 -1.736 -.25 -3.2332 -1.656 -.25 -3.1052
4 0 -1.568 -.25 -2.9532 -1.744 -.25 -2.9132 -1.776 -.25 -2.9612 -1.8 -.25 -3.0012
3 0 -1.56 -.25 -4.0252 -1.52 -.25 -4.0212 -1.76 -.25 -3.8972
4 0 -1.496 -.25 -2.8252 -1.648 -.25 -2.7612 -1.68 -.25 -2.8172 -1.568 -.25 -2.9532
3 0 -1.496 -.25 -2.8252 -1.408 -.25 -2.6812 -1.648 -.25 -2.7612
4 0 -1.48 -.25 -4.6332 -1.72 -.25 -4.6092 -1.8 -.25 -4.6252 -1.92 -.25 -4.8572
4 0 -1.48 -.25 -4.6332 -1.568 -.25 -4.5132 -1.648 -.25 -4.5532 -1.72 -.25 -4.6092
4 0 -1.456 -.25 -3.6892 -1.576 -.25 -3.7052 -1.688 -.25 -3.7372 -1.76 -.25 -3.8972
4 0 -3.672 -.25 -.8012 -3.584 -.25 -1.2172 -2.32 -.25 -2.2172 -1.44 -.25 -1.9772
4 0 -1.44 -.25 -1.9772 -2.08 -.25 -2.7772 -1.728 -.25 -2.6892 -1.704 -.25 -2.6572
3 0 -1.44 -.25 -1.9772 -.8 -.25 -1.3212 -.8 -.25 -1.2732
3 0 -1.44 -.25 -1.9772 -.752 -.25 -1.3212 -.8 -.25 -1.3212
3 0 -1.44 -.25 -1.9772 -.656 -.25 -1.2812 -.752 -.25 -1.3212
4 0 -1.424 -.25 -5.1452 -1.6 -.25 -5.1772 -1.632 -.25 -5.2172 -1.576 -.25 -5.2412
4 0 -1.424 -.25 -4.5212 -1.496 -.25 -4.5052 -1.568 -.25 -4.5132 -1.48 -.25 -4.6332
4 0 -1.408 -.25 -4.0092 -1.76 -.25 -3.8972 -1.52 -.25 -4.0212 -1.464 -.25 -4.0172
3 0 -1.408 -.25 -4.0092 -1.352 -.25 -4.0092 -1.76 -.25 -3.8972
3 0 -1.408 -.25 -2.6812 -1.312 -.25 -2.5372 -1.648 -.25 -2.7612
4 0 -1.4 -.25 -5.1692 -1.424 -.25 -5.1452 -1.576 -.25 -5.2412 -1.512 -.25 -5.2572
3 0 -1.376 -.25 -5.0892 -1.28 -.25 -4.8572 -1.408 -.25 -5.0972
4 0 -1.36 -.25 -5.1852 -1.4 -.25 -5.1692 -1.512 -.25 -5.2572 -1.448 -.25 -5.2732
3 0 -1.352 -.25 -3.6732 -.96 -.25 -3.7372 -1.112 -.25 -3.6652
3 0 -1.328 -.25 -5.0892 -1.28 -.25 -4.8572 -1.376 -.25 -5.0892
3 0 -1.328 -.25 -5.0892 -1.272 -.25 -5.1052 -1.28 -.25 -4.8572
4 0 -1.312 -.25 -4.1052 -1.368 -.25 -4.1052 -1.688 -.25 -4.2972 -1.36 -.25 -4.2332
4 0 -1.296 -.25 -5.3052 -1.36 -.25 -5.1852 -1.448 -.25 -5.2732 -1.376 -.25 -5.2892
4 0 -1.296 -.25 -4.6012 -1.368 -.25 -4.5532 -1.424 -.25 -4.5212 -1.48 -.25 -4.6332
4 0 -1.28 -.25 -4.8572 -1.6 -.25 -5.1772 -1.432 -.25 -5.1212 -1.408 -.25 -5.0972
4 0 -1.28 -.25 -4.8572 -1.48 -.25 -4.6332 -1.92 -.25 -4.8572 -1.6 -.25 -5.1772
4 0 -1.28 -.25 -2.5052 -1.44 -.25 -1.9772 -1.648 -.25 -2.7612 -1.312 -.25 -2.5372
3 0 -1.28 -.25 -2.5052 -1.232 -.25 -2.4732 -1.44 -.25 -1.9772
3 0 -1.272 -.25 -5.1052 -1.232 -.25 -5.1212 -1.28 -.25 -4.8572
3 0 -1.248 -.25 -4.0972 -1.144 -.25 -4.2012 -1.2 -.25 -4.0892
4 0 -1.24 -.25 -3.9932 -1.76 -.25 -3.8972 -1.352 -.25 -4.0092 -1.288 -.25 -4.0012
3 0 -1.232 -.25 -5.1212 -1.216 -.25 -5.1452 -1.28 -.25 -4.8572
4 0 -1.232 -.25 -4.6572 -1.296 -.25 -4.6012 -1.48 -.25 -4.6332 -1.28 -.25 -4.8572
4 0 -1.216 -.25 -5.3132 -1.312 -.25 -5.1932 -1.36 -.25 -5.1852 -1.296 -.25 -5.3052
4 0 -1.152 -.25 -5.3132 -1.256 -.25 -5.1852 -1.312 -.25 -5.1932 -1.216 -.25 -5.3132
4 0 -1.144 -.25 -4.2012 -1.248 -.25 -4.0972 -1.312 -.25 -4.1052 -1.36 -.25 -4.2332
3 0 -1.112 -.25 -3.6652 -.96 -.25 -3.7372 -.96 -.25 -3.6572
4 0 -1.088 -.25 -4.9372 -1.16 -.25 -4.7852 -1.232 -.25 -4.6572 -1.28 -.25 -4.8572
3 0 -1.088 -.25 -4.0572 -.848 -.25 -4.1612 -1.032 -.25 -4.0332
3 0 -1.08 -.25 -3.9532 -.96 -.25 -3.7372 -1.136 -.25 -3.9692
4 0 -1.056 -.25 -2.2972 -1.44 -.25 -1.9772 -1.232 -.25 -2.4732 -1.152 -.25 -2.4092
3 0 -1.032 -.25 -4.0332 -.8 -.25 -4.0572 -.984 -.25 -4.0092
3 0 -1.032 -.25 -3.9452 -.96 -.25 -3.7372 -1.08 -.25 -3.9532
4 0 -1.024 -.25 -4.1852 -1.144 -.25 -4.0732 -1.2 -.25 -4.0892 -1.144 -.25 -4.2012
4 0 -1.016 -.25 -5.3052 -1.256 -.25 -5.1852 -1.152 -.25 -5.3132 -1.072 -.25 -5.3132
4 0 -1.008 -.25 -5.1292 -1.088 -.25 -4.9372 -1.28 -.25 -4.8572 -1.216 -.25 -5.1452
4 0 -.992 -.25 -5.2812 -1.224 -.25 -5.1692 -1.256 -.25 -5.1852 -1.016 -.25 -5.3052
4 0 -.992 -.25 -5.2492 -1.216 -.25 -5.1452 -1.224 -.25 -5.1692 -.992 -.25 -5.2812
4 0 -.992 -.25 -5.1852 -1.008 -.25 -5.1292 -1.216 -.25 -5.1452 -.992 -.25 -5.2492
4 0 -.96 -.25 -3.7372 -1.352 -.25 -3.6732 -1.76 -.25 -3.8972 -1.24 -.25 -3.9932
4 0 -.96 -.25 -3.7372 -1.24 -.25 -3.9932 -1.192 -.25 -3.9852 -1.136 -.25 -3.9692
3 0 -.96 -.25 -3.6572 -.8 -.25 -3.7372 -.8 -.25 -3.6332
4 0 -.928 -.25 -3.9292 -.96 -.25 -3.7372 -1.032 -.25 -3.9452 -.976 -.25 -3.9372
3 0 -.928 -.25 -3.9292 -.896 -.25 -3.9452 -.96 -.25 -3.7372
4 0 -.928 -.25 -2.0252 -1.44 -.25 -1.9772 -1.056 -.25 -2.2972 -.992 -.25 -2.1852
3 0 -.912 -.25 -3.9692 -.8 -.25 -4.0572 -.896 -.25 -3.9452
3 0 -.896 -.25 -3.9452 -.8 -.25 -4.0572 -.96 -.25 -3.7372
4 0 -.888 -.25 -1.8572 -1.44 -.25 -1.9772 -.928 -.25 -2.0252 -.904 -.25 -1.9372
3 0 -.888 -.25 -1.8572 -.848 -.25 -1.8012 -1.44 -.25 -1.9772
4 0 -.848 -.25 -4.1612 -1.088 -.25 -4.0572 -1.144 -.25 -4.0732 -1.024 -.25 -4.1852
3 0 -.848 -.25 -1.8012 -.792 -.25 -1.7612 -1.44 -.25 -1.9772
4 0 -.8 -.25 -4.0572 -.912 -.25 -3.9692 -.936 -.25 -3.9772 -.984 -.25 -4.0092
4 0 -.8 -.25 -4.0572 -.8 -.25 -3.7372 -.96 -.25 -3.6572 -.96 -.25 -3.7372
3 0 -.8 -.25 -3.7372 -.64 -.25 -3.5612 -.8 -.25 -3.6332
3 0 -.792 -.25 -1.7612 -.64 -.25 -1.6652 -1.44 -.25 -1.9772
4 0 -.744 -.25 -4.1532 -.8 -.25 -4.0572 -1.032 -.25 -4.0332 -.848 -.25 -4.1612
4 0 -.504 -.25 -4.0972 -.8 -.25 -4.0572 -.744 -.25 -4.1532 -.592 -.25 -4.1292
4 0 -.408 -.25 -3.4572 -.64 -.25 -3.5612 -.8 -.25 -3.7372 -.8 -.25 -4.0572
3 0 -.272 -.25 -3.4332 0 -.25 -3.5772 -.192 -.25 -3.4332
3 0 -.24 -.25 -.9772 .064 -.25 -.9852 -.096 -.25 -.8572
3 0 -.208 -.25 -1.3692 .064 -.25 -.9852 -.408 -.25 -1.5052
3 0 -.192 -.25 -3.4332 0 -.25 -3.5772 -.12 -.25 -3.4332
3 0 -.12 -.25 -3.4332 0 -.25 -3.5772 -.072 -.25 -3.4172
3 0 -.096 -.25 -.8572 .064 -.25 -.9852 .048 -.25 -.7292
3 0 -.072 -.25 -3.4172 0 -.25 -3.5772 -.04 -.25 -3.3852
4 0 0 -.25 -3.9452 0 -.25 -3.8972 -.144 -.25 -4.0492 -.072 -.25 -4.0172
3 0 0 -.25 -3.9452 .08 -.25 -3.8892 0 -.25 -3.8972
4 0 0 -.25 -3.8972 -.8 -.25 -4.0572 -.504 -.25 -4.0972 -.352 -.25 -4.0812
4 0 0 -.25 -3.8972 -.352 -.25 -4.0812 -.24 -.25 -4.0812 -.144 -.25 -4.0492
4 0 0 -.25 -3.8972 0 -.25 -3.5772 -.408 -.25 -3.4572 -.8 -.25 -4.0572
4 0 0 -.25 -3.5772 -.272 -.25 -3.4332 -.344 -.25 -3.4412 -.408 -.25 -3.4572
3 0 0 -.25 -3.5772 .008 -.25 -3.3212 -.04 -.25 -3.3852
3 0 .008 -.25 -3.3212 .16 -.25 -3.0972 .04 -.25 -3.2332
4 0 .064 -.25 -.9852 -1.44 -.25 -1.9772 -.64 -.25 -1.6652 -.408 -.25 -1.5052
4 0 .064 -.25 -.9852 -.544 -.25 -1.2092 -.656 -.25 -1.2812 -1.44 -.25 -1.9772
4 0 .064 -.25 -.9852 -.24 -.25 -.9772 -.4 -.25 -1.0972 -.544 -.25 -1.2092
3 0 .064 -.25 -.9852 .176 -.25 -.6012 .048 -.25 -.7292
3 0 .064 -.25 -.9852 .312 -.25 -.4652 .176 -.25 -.6012
4 0 .16 -.25 -3.0972 .008 -.25 -3.3212 0 -.25 -3.5772 0 -.25 -3.8972
4 0 .16 -.25 -3.0972 .112 -.25 -3.0572 .064 -.25 -3.1292 .04 -.25 -3.2332
4 0 .208 -.25 -2.9932 .152 -.25 -3.0252 .112 -.25 -3.0572 .16 -.25 -3.0972
4 0 .384 -.25 -2.9532 .28 -.25 -2.9692 .208 -.25 -2.9932 .16 -.25 -3.0972
3 0 .424 -.25 -.3292 1.104 -.25 -.0172 .528 -.25 -.2012
4 0 .464 -.25 -.7532 .064 -.25 -.9852 -.208 -.25 -1.3692 .16 -.25 -1.0732
4 0 .48 -.25 -3.5772 0 -.25 -3.8972 .08 -.25 -3.8892 .232 -.25 -3.8092
3 0 .48 -.25 -3.5772 .664 -.25 -3.4172 .664 -.25 -3.3932
3 0 .48 -.25 -3.5772 .688 -.25 -3.4172 .664 -.25 -3.4172
4 0 .632 -.25 -3.6172 .48 -.25 -3.5772 .232 -.25 -3.8092 .48 -.25 -3.6972
3 0 .664 -.25 -3.3932 .676 -.25 -3.3692 .48 -.25 -3.5772
3 0 .676 -.25 -3.3692 .696 -.25 -3.3372 .48 -.25 -3.5772
4 0 .72 -.25 -3.4092 .688 -.25 -3.4172 .48 -.25 -3.5772 .632 -.25 -3.6172
3 0 .752 -.25 -3.2652 .8 -.25 -3.0972 .72 -.25 -3.2972
3 0 .752 -.25 -3.2652 .808 -.25 -3.2332 .8 -.25 -3.0972
4 0 .76 -.25 -3.3932 .72 -.25 -3.4092 .632 -.25 -3.6172 .72 -.25 -3.5692
4 0 .8 -.25 -3.0972 .16 -.25 -3.0972 0 -.25 -3.8972 .48 -.25 -3.5772
4 0 .8 -.25 -3.0972 .48 -.25 -3.5772 .696 -.25 -3.3372 .72 -.25 -3.2972
4 0 .8 -.25 -3.0972 .52 -.25 -2.9452 .384 -.25 -2.9532 .16 -.25 -3.0972
4 0 .8 -.25 -3.0972 .8 -.25 -2.9772 .664 -.25 -2.9532 .52 -.25 -2.9452
3 0 .808 -.25 -3.2332 .84 -.25 -3.2332 .8 -.25 -3.0972
4 0 .816 -.25 -3.5052 .8 -.25 -3.3692 .76 -.25 -3.3932 .72 -.25 -3.5692
4 0 .904 -.25 -3.4412 .84 -.25 -3.3452 .8 -.25 -3.3692 .816 -.25 -3.5052
4 0 .936 -.25 -3.0172 .872 -.25 -2.9932 .8 -.25 -2.9772 .8 -.25 -3.0972
4 0 1 -.25 -3.3692 .864 -.25 -3.3052 .84 -.25 -3.3452 .904 -.25 -3.4412
4 0 1.064 -.25 -3.1212 1.016 -.25 -3.0652 .936 -.25 -3.0172 .8 -.25 -3.0972
4 0 1.072 -.25 -3.2972 .864 -.25 -3.2732 .864 -.25 -3.3052 1 -.25 -3.3692
3 0 1.072 -.25 -3.2972 1.096 -.25 -3.2412 .864 -.25 -3.2732
4 0 1.096 -.25 -3.2412 .8 -.25 -3.0972 .84 -.25 -3.2332 .864 -.25 -3.2732
4 0 1.096 -.25 -3.1772 1.064 -.25 -3.1212 .8 -.25 -3.0972 1.096 -.25 -3.2412
4 0 1.104 -.25 -.0172 .064 -.25 -.9852 .464 -.25 -.7532 .72 -.25 -.4812
4 0 1.104 -.25 -.0172 .424 -.25 -.3292 .312 -.25 -.4652 .064 -.25 -.9852
3 0 4.184 -.25 -1.2892 4.328 -.25 -1.0652 4.184 -.25 -1.1292
3 0 4.248 -.25 -1.8076 4.32 -.25 -1.8172 4.24 -.25 -1.6172
3 0 4.304 -.25 -2.2812 4.392 -.25 -2.3132 4.392 -.25 -2.2572
4 0 4.32 -.25 -1.8172 4.248 -.25 -1.8076 4.248 -.25 -1.9612 4.264 -.25 -2.1052
4 0 4.32 -.25 -1.3372 4.184 -.25 -1.2892 4.2 -.25 -1.4412 4.24 -.25 -1.6172
3 0 4.32 -.25 -1.3372 4.68 -.25 -1.6012 4.672 -.25 -1.5372
3 0 4.32 -.25 -1.3372 4.688 -.25 -1.0092 4.68 -.25 -.9132
3 0 4.32 -.25 -1.3372 4.704 -.25 -1.6492 4.68 -.25 -1.6012
3 0 4.32 -.25 -1.3372 4.704 -.25 -1.0652 4.688 -.25 -1.0092
3 0 4.32 -.25 -1.3372 4.736 -.25 -1.1772 4.704 -.25 -1.0652
4 0 4.3216 -.25 -.9868 4.208 -.25 -.8732 4.2 -.25 -.9772 4.312 -.25 -1.0252
4 0 4.328 -.25 -1.0652 4.312 -.25 -1.0252 4.2 -.25 -.9772 4.184 -.25 -1.1292
4 0 4.336 -.25 -.9532 4.224 -.25 -.7532 4.208 -.25 -.8732 4.3216 -.25 -.9868
4 0 4.336 -.25 -.5612 4.336 -.25 -.5132 4.24 -.25 -.4572 4.224 -.25 -.7532
3 0 4.336 -.25 -.5132 4.344 -.25 -.4652 4.24 -.25 -.4572
4 0 4.344 -.25 -.5852 4.336 -.25 -.5612 4.224 -.25 -.7532 4.336 -.25 -.9532
4 0 4.352 -.25 -1.0732 4.328 -.25 -1.0652 4.184 -.25 -1.2892 4.32 -.25 -1.3372
4 0 4.352 -.25 -.4092 4.248 -.25 -.2332 4.24 -.25 -.4572 4.344 -.25 -.4652
4 0 4.368 -.25 -.9612 4.36 -.25 -.5852 4.344 -.25 -.5852 4.336 -.25 -.9532
3 0 4.376 -.25 -1.0332 4.512 -.25 -1.0172 4.376 -.25 -.9932
3 0 4.376 -.25 -.9932 4.512 -.25 -1.0172 4.368 -.25 -.9612
4 0 4.376 -.25 -.2732 4.248 -.25 -.2332 4.352 -.25 -.4092 4.368 -.25 -.3372
3 0 4.392 -.25 -.5612 4.512 -.25 -1.0172 4.408 -.25 -.5292
4 0 4.4 -.25 -2.2092 4.264 -.25 -2.1052 4.304 -.25 -2.2812 4.392 -.25 -2.2572
4 0 4.408 -.25 -2.3532 4.392 -.25 -2.3132 4.304 -.25 -2.2812 4.352 -.25 -2.4412
3 0 4.408 -.25 -.5292 4.512 -.25 -1.0172 4.424 -.25 -.4812
4 0 4.424 -.25 -2.2012 4.32 -.25 -1.8172 4.264 -.25 -2.1052 4.4 -.25 -2.2092
3 0 4.424 -.25 -.4812 4.512 -.25 -1.0172 4.44 -.25 -.4332
3 0 4.432 -.25 -2.6012 4.456 -.25 -2.3852 4.432 -.25 -2.3852
4 0 4.432 -.25 -2.3852 4.408 -.25 -2.3532 4.352 -.25 -2.4412 4.432 -.25 -2.6012
3 0 4.48 -.25 -2.3612 4.64 -.25 -2.6172 4.504 -.25 -2.3052
3 0 4.488 -.25 -2.2572 4.64 -.25 -1.9772 4.456 -.25 -2.2252
4 0 4.512 -.25 -1.0172 4.376 -.25 -1.0332 4.352 -.25 -1.0732 4.32 -.25 -1.3372
4 0 4.512 -.25 -1.0172 4.392 -.25 -.5612 4.36 -.25 -.5852 4.368 -.25 -.9612
4 0 4.512 -.25 -1.0172 4.472 -.25 -.2972 4.456 -.25 -.3612 4.44 -.25 -.4332
3 0 4.512 -.25 -1.0172 4.664 -.25 -.7772 4.664 -.25 -.6172
4 0 4.64 -.25 -2.6172 4.432 -.25 -2.6012 4.48 -.25 -2.6812 4.544 -.25 -2.7452
4 0 4.64 -.25 -2.6172 4.48 -.25 -2.3612 4.456 -.25 -2.3852 4.432 -.25 -2.6012
4 0 4.64 -.25 -2.6172 4.544 -.25 -2.7452 4.592 -.25 -2.7772 4.632 -.25 -2.7852
4 0 4.64 -.25 -1.9772 4.32 -.25 -1.8172 4.424 -.25 -2.2012 4.456 -.25 -2.2252
4 0 4.64 -.25 -1.9772 4.32 -.25 -1.3372 4.24 -.25 -1.6172 4.32 -.25 -1.8172
4 0 4.64 -.25 -1.9772 4.488 -.25 -2.2572 4.504 -.25 -2.3052 4.64 -.25 -2.6172
3 0 4.64 -.25 -1.9772 4.808 -.25 -1.7532 4.744 -.25 -1.7052
3 0 4.64 -.25 -1.9772 4.872 -.25 -1.7852 4.808 -.25 -1.7532
3 0 4.664 -.25 -.6172 4.672 -.25 -.3932 4.512 -.25 -1.0172
3 0 4.672 -.25 -1.5372 4.688 -.25 -1.4732 4.32 -.25 -1.3372
3 0 4.672 -.25 -.3932 4.696 -.25 -.2012 4.512 -.25 -1.0172
4 0 4.68 -.25 -.9132 4.664 -.25 -.7772 4.512 -.25 -1.0172 4.32 -.25 -1.3372
3 0 4.688 -.25 -1.4732 4.704 -.25 -1.4332 4.32 -.25 -1.3372
4 0 4.72 -.25 -2.7132 4.64 -.25 -2.6172 4.632 -.25 -2.7852 4.672 -.25 -2.7692
4 0 4.744 -.25 -1.7052 4.704 -.25 -1.6492 4.32 -.25 -1.3372 4.64 -.25 -1.9772
4 0 4.744 -.25 -1.3292 4.32 -.25 -1.3372 4.704 -.25 -1.4332 4.736 -.25 -1.3772
4 0 4.7488 -.25 -1.27 4.736 -.25 -1.1772 4.32 -.25 -1.3372 4.744 -.25 -1.3292
4 0 4.832 -.25 -2.5452 4.64 -.25 -2.6172 4.72 -.25 -2.7132 4.784 -.25 -2.6252
4 0 4.904 -.25 -2.3692 4.64 -.25 -1.9772 4.64 -.25 -2.6172 4.832 -.25 -2.5452
4 0 4.976 -.25 -2.0572 4.64 -.25 -1.9772 4.904 -.25 -2.3692 4.952 -.25 -2.1692
4 0 4.976 -.25 -1.8812 4.944 -.25 -1.8412 4.872 -.25 -1.7852 4.64 -.25 -1.9772
4 0 4.984 -.25 -1.9772 4.976 -.25 -1.8812 4.64 -.25 -1.9772 4.976 -.25 -2.0572
4 0 7.4144 -.25 -.0604 7.3824 -.25 -.0332 7.3328 -.25 .0052 7.3136 -.25 -.1324
4 0 7.4672 -.25 -.2572 7.448 -.25 -.0716 7.4144 -.25 -.0604 7.3136 -.25 -.1324
4 0 7.648 -.25 -.2476 7.4928 -.25 -.07 7.5472 -.25 -.2844 7.6192 -.25 -.2828
4 0 7.5472 -.25 -.2844 7.4928 -.25 -.07 7.448 -.25 -.0716 7.4672 -.25 -.2572
4 0 7.5072 -.25 -.0316 7.4928 -.25 -.07 7.648 -.25 -.2476 7.6656 -.25 -.1868
3 0 -7.832 -.25 -.0172 -7.784 -.25 -.0492 -6.4231 -.25 .0128
4 0 1.44 -.25 -.0332 1.52 -.25 -.0412 1.33 -.25 .0128 1.32 -.25 -.0172
4 0 -3.736 -.25 -.3772 .344 -.25 -.2012 .464 -.25 -.0812 -3.736 -.25 -.2972
3 0 -7.736 -.25 -.0892 -7.688 -.25 -.1372 -6.4231 -.25 .0128
4 0 -3.68 -.25 -.7292 -3.672 -.25 -.7612 -.736 -.25 -1.1932 -.64 -.25 -1.1132
3 0 -6.4231 -.25 .0128 -6.504 -.25 -.2972 -6.472 -.25 -.1852
3 0 -8.736 -.25 -.0332 -8.624 -.25 -.0412 -8.616 -.25 -.0012
4 0 1.33 -.25 .0128 1.6 -.25 -.0412 1.76 -.25 -.0412 1.856 -.25 -.0332
4 0 7.5024 -.25 .0116 7.5072 -.25 -.0316 7.6656 -.25 -.1868 7.696 -.25 .0068
4 0 4.48 -.25 -.1772 4.7349 -.25 .0128 4.4681 -.25 .0128 4.472 -.25 -.0572
3 0 -3.68 -.25 -.0332 .5572 -.25 .0128 -3.6669 -.25 .0128
4 0 -6.928 -.25 -.7532 -6.912 -.25 -.7372 -6.4231 -.25 .0128 -7.36 -.25 -.5372
4 0 4.384 -.25 -.1772 4.392 -.25 -.0892 4.392 -.25 .0128 4.248 -.25 .0128
4 0 -8.064 -.25 -.0892 -7.888 -.25 -.0092 -8.1182 -.25 .0128 -8.112 -.25 -.0012
4 0 -3.728 -.25 -.5292 -3.72 -.25 -.5852 -.36 -.25 -.8572 -.192 -.25 -.7132
3 0 -6.4231 -.25 .0128 -6.432 -.25 -.0492 -6.424 -.25 .0068
4 0 7.3234 -.25 .0128 7.1872 -.25 -.006 7.3136 -.25 -.1324 7.3328 -.25 .0052
4 0 .6909 -.25 .0128 .624 -.25 -.0732 .528 -.25 -.2012 1.104 -.25 -.0172
4 0 7.696 -.25 .0068 7.6964 -.25 .0128 7.5018 -.25 .0128 7.5024 -.25 .0116
3 0 -7.888 -.25 -.0092 -7.864 -.25 -.0012 -8.1182 -.25 .0128
3 0 1.52 -.25 -.0412 1.6 -.25 -.0412 1.33 -.25 .0128
3 0 1.104 -.25 -.0172 1.1276 -.25 .0128 .6909 -.25 .0128
3 0 1.856 -.25 -.0332 2 -.25 -.0172 1.33 -.25 .0128
4 0 -6.4231 -.25 .0128 -7.648 -.25 -.1932 -7.616 -.25 -.2492 -7.36 -.25 -.5372
4 0 -8.416 -.25 -.0172 -8.4074 -.25 .0128 -8.5647 -.25 .0128 -8.56 -.25 -.0012
3 0 7.166 -.25 .0128 7.1872 -.25 -.006 7.3234 -.25 .0128
3 0 -7.688 -.25 -.1372 -7.648 -.25 -.1932 -6.4231 -.25 .0128
3 0 -6.4231 -.25 .0128 -6.528 -.25 -.4092 -6.504 -.25 -.2972
4 0 -3.728 -.25 -.5292 -.192 -.25 -.7132 -.032 -.25 -.5692 .112 -.25 -.4252
4 0 -3.728 -.25 -.5292 .112 -.25 -.4252 .224 -.25 -.3132 -3.736 -.25 -.4572
4 0 -8.736 -.25 -.0332 -8.616 -.25 -.0012 -8.6113 -.25 .0128 -8.7426 -.25 .0128
3 0 -8.1182 -.25 .0128 -7.864 -.25 -.0012 -6.4231 -.25 .0128
3 0 -6.896 -.25 -.7372 -6.544 -.25 -.5132 -6.528 -.25 -.4092
3 0 -7.864 -.25 -.0012 -7.832 -.25 -.0172 -6.4231 -.25 .0128
4 0 -6.912 -.25 -.7372 -6.896 -.25 -.7372 -6.528 -.25 -.4092 -6.4231 -.25 .0128
4 0 1.33 -.25 .0128 2 -.25 -.0172 2.16 -.25 .0068 2.184 -.25 .0128
3 0 -3.672 -.25 -.7612 -.8 -.25 -1.2732 -.736 -.25 -1.1932
3 0 -7.784 -.25 -.0492 -7.736 -.25 -.0892 -6.4231 -.25 .0128
3 0 -6.4231 -.25 .0128 -6.472 -.25 -.1852 -6.432 -.25 -.0492
3 0 4.512 -.25 -1.0172 4.696 -.25 -.2012 4.7349 -.25 .0128
4 0 4.472 -.25 -.2972 4.512 -.25 -1.0172 4.7349 -.25 .0128 4.48 -.25 -.1772
4 0 -3.72 -.25 -.5852 -3.704 -.25 -.6332 -.52 -.25 -1.0012 -.36 -.25 -.8572
4 0 -5.2229 -.25 .0128 -5.08 -.25 -.0812 -3.8 -.25 .0068 -3.7966 -.25 .0128
4 0 4.376 -.25 -.2732 4.384 -.25 -.1772 4.248 -.25 .0128 4.248 -.25 -.2332
3 0 -3.728 -.25 -.2332 .552 -.25 .0068 .5572 -.25 .0128
0 // Yellow faces
4 14 -7.864 -.25 -.0012 -7.888 -.25 -.0092 -7.88 -.25 -.0252 -7.864 -.25 -.0492
4 14 -7.832 -.25 -.0172 -7.864 -.25 -.0012 -7.864 -.25 -.0492 -7.84 -.25 -.0812
4 14 -7.784 -.25 -.0492 -7.832 -.25 -.0172 -7.84 -.25 -.0812 -7.816 -.25 -.1132
4 14 -7.736 -.25 -.0892 -7.784 -.25 -.0492 -7.816 -.25 -.1132 -7.784 -.25 -.1612
4 14 -7.688 -.25 -.1372 -7.736 -.25 -.0892 -7.784 -.25 -.1612 -7.752 -.25 -.2092
4 14 -7.648 -.25 -.1932 -7.688 -.25 -.1372 -7.752 -.25 -.2092 -7.712 -.25 -.2812
4 14 -7.616 -.25 -.2492 -7.648 -.25 -.1932 -7.712 -.25 -.2812 -7.68 -.25 -.3372
4 14 -7.592 -.25 -.3132 -7.616 -.25 -.2492 -7.68 -.25 -.3372 -7.656 -.25 -.4012
4 14 -7.56 -.25 -.3932 -7.592 -.25 -.3132 -7.656 -.25 -.4012 -7.632 -.25 -.4572
4 14 -7.544 -.25 -.4492 -7.56 -.25 -.3932 -7.632 -.25 -.4572 -7.6 -.25 -.5372
4 14 -7.528 -.25 -.5132 -7.544 -.25 -.4492 -7.6 -.25 -.5372 -7.584 -.25 -.5932
4 14 -7.52 -.25 -.7132 -7.52 -.25 -.6812 -7.552 -.25 -.7052 -7.536 -.25 -.7292
4 14 -7.52 -.25 -.6812 -7.52 -.25 -.6412 -7.56 -.25 -.6652 -7.552 -.25 -.7052
4 14 -7.52 -.25 -.6412 -7.52 -.25 -.5852 -7.568 -.25 -.6332 -7.56 -.25 -.6652
4 14 -7.52 -.25 -.5852 -7.528 -.25 -.5132 -7.584 -.25 -.5932 -7.568 -.25 -.6332
3 14 -7.12 -.25 -1.3532 -7.152 -.25 -1.3612 -7.176 -.25 -1.3852
4 14 -7.08 -.25 -1.3612 -7.12 -.25 -1.3532 -7.176 -.25 -1.3852 -7.2 -.25 -1.4172
4 14 -7.072 -.25 -1.3692 -7.08 -.25 -1.3612 -7.2 -.25 -1.4172 -7.216 -.25 -1.4572
4 14 -7.064 -.25 -1.3852 -7.072 -.25 -1.3692 -7.216 -.25 -1.4572 -7.208 -.25 -1.4972
4 14 -7.056 -.25 -1.4172 -7.064 -.25 -1.3852 -7.208 -.25 -1.4972 -7.184 -.25 -1.5372
4 14 -7.04 -.25 -1.4412 -7.056 -.25 -1.4172 -7.184 -.25 -1.5372 -7.152 -.25 -1.5612
4 14 -7.016 -.25 -1.4812 -7.04 -.25 -1.4412 -7.152 -.25 -1.5612 -7.104 -.25 -1.5932
4 14 -6.992 -.25 -1.5132 -7.016 -.25 -1.4812 -7.104 -.25 -1.5932 -7.056 -.25 -1.6092
4 14 -6.968 -.25 -1.5372 -6.992 -.25 -1.5132 -7.056 -.25 -1.6092 -7.016 -.25 -1.6172
4 14 -6.952 -.25 -1.5532 -6.968 -.25 -1.5372 -7.016 -.25 -1.6172 -6.976 -.25 -1.6252
4 14 -6.936 -.25 -1.5692 -6.952 -.25 -1.5532 -6.976 -.25 -1.6252 -6.952 -.25 -1.6172
4 14 -6.928 -.25 -1.5852 -6.936 -.25 -1.5692 -6.952 -.25 -1.6172 -6.936 -.25 -1.6092
4 14 -6.896 -.25 -.7372 -6.912 -.25 -.7372 -6.928 -.25 -.7532 -6.936 -.25 -.7772
4 14 -6.872 -.25 -.7452 -6.896 -.25 -.7372 -6.936 -.25 -.7772 -6.928 -.25 -.8092
4 14 -6.84 -.25 -.7692 -6.872 -.25 -.7452 -6.928 -.25 -.8092 -6.912 -.25 -.8332
4 14 -6.824 -.25 -.7932 -6.84 -.25 -.7692 -6.912 -.25 -.8332 -6.888 -.25 -.8492
3 14 -6.816 -.25 -.8172 -6.848 -.25 -.8572 -6.824 -.25 -.8492
4 14 -6.816 -.25 -.8172 -6.824 -.25 -.7932 -6.888 -.25 -.8492 -6.848 -.25 -.8572
3 14 -4.248 -.25 -3.2892 -4.28 -.25 -3.2892 -4.304 -.25 -3.3132
4 14 -4.224 -.25 -3.3212 -4.248 -.25 -3.2892 -4.304 -.25 -3.3132 -4.32 -.25 -3.3692
4 14 -4.216 -.25 -3.5052 -4.216 -.25 -3.4812 -4.264 -.25 -3.4972 -4.248 -.25 -3.5132
4 14 -4.216 -.25 -3.4812 -4.216 -.25 -3.4412 -4.28 -.25 -3.4732 -4.264 -.25 -3.4972
4 14 -4.216 -.25 -3.4412 -4.216 -.25 -3.3852 -4.304 -.25 -3.4252 -4.28 -.25 -3.4732
4 14 -4.216 -.25 -3.3852 -4.224 -.25 -3.3212 -4.32 -.25 -3.3692 -4.304 -.25 -3.4252
4 14 -3.744 -.25 -4.0172 -3.744 -.25 -3.9132 -3.792 -.25 -3.9212 -3.784 -.25 -3.9692
4 14 -3.736 -.25 -.4572 -3.736 -.25 -.3772 -3.88 -.25 -.2972 -3.88 -.25 -.3932
4 14 -3.736 -.25 -.3772 -3.736 -.25 -.2972 -3.872 -.25 -.2172 -3.88 -.25 -.2972
4 14 -3.728 -.25 -.5292 -3.736 -.25 -.4572 -3.88 -.25 -.3932 -3.872 -.25 -.4812
4 14 -3.728 -.25 -.2332 -3.856 -.25 -.1372 -3.872 -.25 -.2172 -3.736 -.25 -.2972
4 14 -3.72 -.25 -.5852 -3.728 -.25 -.5292 -3.872 -.25 -.4812 -3.856 -.25 -.5532
4 14 -3.72 -.25 -.1772 -3.832 -.25 -.0652 -3.856 -.25 -.1372 -3.728 -.25 -.2332
4 14 -3.704 -.25 -.6332 -3.72 -.25 -.5852 -3.856 -.25 -.5532 -3.832 -.25 -.6412
4 14 -3.704 -.25 -.1052 -3.8 -.25 .0068 -3.832 -.25 -.0652 -3.72 -.25 -.1772
4 14 -3.688 -.25 -.6812 -3.704 -.25 -.6332 -3.832 -.25 -.6412 -3.808 -.25 -.7052
4 14 -3.68 -.25 -.7292 -3.688 -.25 -.6812 -3.808 -.25 -.7052 -3.776 -.25 -.7612
4 14 -3.672 -.25 -.8012 -3.672 -.25 -.7612 -3.744 -.25 -.8012 -3.704 -.25 -.8172
4 14 -3.672 -.25 -.7612 -3.68 -.25 -.7292 -3.776 -.25 -.7612 -3.744 -.25 -.8012
4 14 -3.664 -.25 -4.0652 -3.672 -.25 -3.9292 -3.744 -.25 -3.9132 -3.744 -.25 -4.0172
4 14 -3.56 -.25 -4.1292 -3.576 -.25 -3.9852 -3.672 -.25 -3.9292 -3.664 -.25 -4.0652
4 14 -3.456 -.25 -4.1852 -3.48 -.25 -4.0492 -3.576 -.25 -3.9852 -3.56 -.25 -4.1292
4 14 -3.416 -.25 -3.0412 -3.488 -.25 -3.0252 -3.488 -.25 -3.0492 -3.464 -.25 -3.0492
4 14 -3.384 -.25 -3.0252 -3.464 -.25 -2.9852 -3.488 -.25 -3.0252 -3.416 -.25 -3.0412
4 14 -3.36 -.25 -4.2412 -3.4 -.25 -4.1052 -3.48 -.25 -4.0492 -3.456 -.25 -4.1852
4 14 -3.344 -.25 -3.0012 -3.44 -.25 -2.9532 -3.464 -.25 -2.9852 -3.384 -.25 -3.0252
4 14 -3.296 -.25 -2.9692 -3.4 -.25 -2.9132 -3.44 -.25 -2.9532 -3.344 -.25 -3.0012
4 14 -3.288 -.25 -4.2812 -3.304 -.25 -4.1692 -3.4 -.25 -4.1052 -3.36 -.25 -4.2412
4 14 -3.248 -.25 -4.2892 -3.256 -.25 -4.2092 -3.304 -.25 -4.1692 -3.288 -.25 -4.2812
4 14 -3.248 -.25 -2.9372 -3.36 -.25 -2.8732 -3.4 -.25 -2.9132 -3.296 -.25 -2.9692
4 14 -3.216 -.25 -4.2812 -3.224 -.25 -4.2492 -3.256 -.25 -4.2092 -3.248 -.25 -4.2892
4 14 -3.2 -.25 -2.8972 -3.312 -.25 -2.8412 -3.36 -.25 -2.8732 -3.248 -.25 -2.9372
4 14 -3.16 -.25 -2.8572 -3.264 -.25 -2.8172 -3.312 -.25 -2.8412 -3.2 -.25 -2.8972
4 14 -3.16 -.25 -1.7852 -3.176 -.25 -1.7852 -3.184 -.25 -1.8012 -3.168 -.25 -1.8572
4 14 -3.136 -.25 -2.8252 -3.208 -.25 -2.7852 -3.264 -.25 -2.8172 -3.16 -.25 -2.8572
4 14 -3.136 -.25 -2.8252 -3.144 -.25 -2.7932 -3.168 -.25 -2.7772 -3.208 -.25 -2.7852
4 14 -3.112 -.25 -1.8172 -3.16 -.25 -1.7852 -3.168 -.25 -1.8572 -3.128 -.25 -1.9052
4 14 -3.048 -.25 -1.8652 -3.112 -.25 -1.8172 -3.128 -.25 -1.9052 -3.064 -.25 -1.9692
4 14 -2.952 -.25 -1.9292 -3.048 -.25 -1.8652 -3.064 -.25 -1.9692 -2.984 -.25 -2.0252
4 14 -2.864 -.25 -1.9932 -2.952 -.25 -1.9292 -2.984 -.25 -2.0252 -2.888 -.25 -2.0812
4 14 -2.792 -.25 -2.0412 -2.864 -.25 -1.9932 -2.888 -.25 -2.0812 -2.8 -.25 -2.1292
4 14 -2.712 -.25 -2.0892 -2.792 -.25 -2.0412 -2.8 -.25 -2.1292 -2.728 -.25 -2.1612
4 14 -2.648 -.25 -2.1292 -2.712 -.25 -2.0892 -2.728 -.25 -2.1612 -2.656 -.25 -2.1932
4 14 -2.6 -.25 -2.1612 -2.648 -.25 -2.1292 -2.656 -.25 -2.1932 -2.608 -.25 -2.2172
4 14 -2.576 -.25 -3.9132 -2.608 -.25 -3.9132 -2.624 -.25 -3.9372 -2.616 -.25 -3.9612
4 14 -2.544 -.25 -3.9292 -2.576 -.25 -3.9132 -2.616 -.25 -3.9612 -2.592 -.25 -3.9852
4 14 -2.544 -.25 -2.2012 -2.6 -.25 -2.1612 -2.608 -.25 -2.2172 -2.568 -.25 -2.2332
3 14 -2.528 -.25 -2.2332 -2.544 -.25 -2.2012 -2.568 -.25 -2.2332
4 14 -2.512 -.25 -3.9532 -2.544 -.25 -3.9292 -2.592 -.25 -3.9852 -2.56 -.25 -4.0092
4 14 -2.48 -.25 -3.9772 -2.512 -.25 -3.9532 -2.56 -.25 -4.0092 -2.52 -.25 -4.0332
4 14 -2.456 -.25 -3.9932 -2.48 -.25 -3.9772 -2.52 -.25 -4.0332 -2.488 -.25 -4.0492
4 14 -2.424 -.25 -4.0172 -2.456 -.25 -3.9932 -2.488 -.25 -4.0492 -2.456 -.25 -4.0572
3 14 -2.416 -.25 -4.0492 -2.424 -.25 -4.0172 -2.456 -.25 -4.0572
4 14 -2.288 -.25 -4.8492 -2.312 -.25 -4.8572 -2.304 -.25 -4.8812 -2.288 -.25 -4.9052
4 14 -2.24 -.25 -4.9452 -2.256 -.25 -4.8492 -2.288 -.25 -4.8492 -2.288 -.25 -4.9052
4 14 -2.184 -.25 -4.8732 -2.256 -.25 -4.8492 -2.24 -.25 -4.9452 -2.2 -.25 -4.9692
4 14 -2.128 -.25 -4.9052 -2.184 -.25 -4.8732 -2.2 -.25 -4.9692 -2.144 -.25 -4.9932
4 14 -2.08 -.25 -4.9292 -2.128 -.25 -4.9052 -2.144 -.25 -4.9932 -2.08 -.25 -4.9932
4 14 -2.056 -.25 -4.9532 -2.08 -.25 -4.9292 -2.08 -.25 -4.9932 -2.056 -.25 -4.9772
4 14 -1.96 -.25 -3.3132 -2.016 -.25 -3.2652 -2.016 -.25 -3.2972 -1.992 -.25 -3.3292
4 14 -1.936 -.25 -3.2732 -2 -.25 -3.2092 -2.016 -.25 -3.2652 -1.96 -.25 -3.3132
4 14 -1.92 -.25 -3.2332 -1.984 -.25 -3.1612 -2 -.25 -3.2092 -1.936 -.25 -3.2732
4 14 -1.896 -.25 -3.1692 -1.96 -.25 -3.1052 -1.984 -.25 -3.1612 -1.92 -.25 -3.2332
4 14 -1.864 -.25 -3.1052 -1.928 -.25 -3.0332 -1.96 -.25 -3.1052 -1.896 -.25 -3.1692
4 14 -1.832 -.25 -3.0492 -1.904 -.25 -2.9852 -1.928 -.25 -3.0332 -1.864 -.25 -3.1052
4 14 -1.8 -.25 -3.0012 -1.872 -.25 -2.9212 -1.904 -.25 -2.9852 -1.832 -.25 -3.0492
4 14 -1.776 -.25 -2.9612 -1.848 -.25 -2.8732 -1.872 -.25 -2.9212 -1.8 -.25 -3.0012
4 14 -1.744 -.25 -2.9132 -1.824 -.25 -2.8332 -1.848 -.25 -2.8732 -1.776 -.25 -2.9612
4 14 -1.712 -.25 -2.8652 -1.792 -.25 -2.7852 -1.824 -.25 -2.8332 -1.744 -.25 -2.9132
4 14 -1.68 -.25 -2.8172 -1.752 -.25 -2.7292 -1.792 -.25 -2.7852 -1.712 -.25 -2.8652
4 14 -1.648 -.25 -2.7612 -1.728 -.25 -2.6892 -1.752 -.25 -2.7292 -1.68 -.25 -2.8172
4 14 -1.64 -.25 -2.6972 -1.704 -.25 -2.6572 -1.728 -.25 -2.6892 -1.648 -.25 -2.7612
3 14 -1.64 -.25 -2.6972 -1.648 -.25 -2.6492 -1.704 -.25 -2.6572
4 14 -1.56 -.25 -4.0972 -1.592 -.25 -4.0332 -1.608 -.25 -4.0652 -1.592 -.25 -4.0892
4 14 -1.528 -.25 -4.1052 -1.56 -.25 -4.0252 -1.592 -.25 -4.0332 -1.56 -.25 -4.0972
4 14 -1.48 -.25 -4.1052 -1.52 -.25 -4.0212 -1.56 -.25 -4.0252 -1.528 -.25 -4.1052
4 14 -1.416 -.25 -4.1052 -1.464 -.25 -4.0172 -1.52 -.25 -4.0212 -1.48 -.25 -4.1052
4 14 -1.4 -.25 -5.1692 -1.408 -.25 -5.0972 -1.432 -.25 -5.1212 -1.424 -.25 -5.1452
4 14 -1.368 -.25 -4.1052 -1.408 -.25 -4.0092 -1.464 -.25 -4.0172 -1.416 -.25 -4.1052
4 14 -1.36 -.25 -5.1852 -1.376 -.25 -5.0892 -1.408 -.25 -5.0972 -1.4 -.25 -5.1692
4 14 -1.312 -.25 -5.1932 -1.328 -.25 -5.0892 -1.376 -.25 -5.0892 -1.36 -.25 -5.1852
4 14 -1.312 -.25 -4.1052 -1.352 -.25 -4.0092 -1.408 -.25 -4.0092 -1.368 -.25 -4.1052
4 14 -1.256 -.25 -5.1852 -1.272 -.25 -5.1052 -1.328 -.25 -5.0892 -1.312 -.25 -5.1932
4 14 -1.248 -.25 -4.0972 -1.288 -.25 -4.0012 -1.352 -.25 -4.0092 -1.312 -.25 -4.1052
4 14 -1.224 -.25 -5.1692 -1.232 -.25 -5.1212 -1.272 -.25 -5.1052 -1.256 -.25 -5.1852
3 14 -1.216 -.25 -5.1452 -1.232 -.25 -5.1212 -1.224 -.25 -5.1692
4 14 -1.2 -.25 -4.0892 -1.24 -.25 -3.9932 -1.288 -.25 -4.0012 -1.248 -.25 -4.0972
4 14 -1.144 -.25 -4.0732 -1.192 -.25 -3.9852 -1.24 -.25 -3.9932 -1.2 -.25 -4.0892
4 14 -1.088 -.25 -4.0572 -1.136 -.25 -3.9692 -1.192 -.25 -3.9852 -1.144 -.25 -4.0732
4 14 -1.032 -.25 -4.0332 -1.08 -.25 -3.9532 -1.136 -.25 -3.9692 -1.088 -.25 -4.0572
4 14 -.984 -.25 -4.0092 -1.032 -.25 -3.9452 -1.08 -.25 -3.9532 -1.032 -.25 -4.0332
4 14 -.936 -.25 -3.9772 -.976 -.25 -3.9372 -1.032 -.25 -3.9452 -.984 -.25 -4.0092
4 14 -.912 -.25 -3.9692 -.928 -.25 -3.9292 -.976 -.25 -3.9372 -.936 -.25 -3.9772
3 14 -.896 -.25 -3.9452 -.928 -.25 -3.9292 -.912 -.25 -3.9692
4 14 -.656 -.25 -1.2812 -.8 -.25 -1.2732 -.8 -.25 -1.3212 -.752 -.25 -1.3212
4 14 -.544 -.25 -1.2092 -.736 -.25 -1.1932 -.8 -.25 -1.2732 -.656 -.25 -1.2812
4 14 -.4 -.25 -1.0972 -.64 -.25 -1.1132 -.736 -.25 -1.1932 -.544 -.25 -1.2092
4 14 -.24 -.25 -.9772 -.52 -.25 -1.0012 -.64 -.25 -1.1132 -.4 -.25 -1.0972
4 14 -.096 -.25 -.8572 -.36 -.25 -.8572 -.52 -.25 -1.0012 -.24 -.25 -.9772
4 14 .048 -.25 -.7292 -.192 -.25 -.7132 -.36 -.25 -.8572 -.096 -.25 -.8572
4 14 .176 -.25 -.6012 -.032 -.25 -.5692 -.192 -.25 -.7132 .048 -.25 -.7292
4 14 .312 -.25 -.4652 .112 -.25 -.4252 -.032 -.25 -.5692 .176 -.25 -.6012
4 14 .424 -.25 -.3292 .224 -.25 -.3132 .112 -.25 -.4252 .312 -.25 -.4652
4 14 .528 -.25 -.2012 .344 -.25 -.2012 .224 -.25 -.3132 .424 -.25 -.3292
4 14 .624 -.25 -.0732 .464 -.25 -.0812 .344 -.25 -.2012 .528 -.25 -.2012
4 14 .72 -.25 -3.4092 .664 -.25 -3.3932 .664 -.25 -3.4172 .688 -.25 -3.4172
4 14 .76 -.25 -3.3932 .676 -.25 -3.3692 .664 -.25 -3.3932 .72 -.25 -3.4092
4 14 .8 -.25 -3.3692 .696 -.25 -3.3372 .676 -.25 -3.3692 .76 -.25 -3.3932
4 14 .84 -.25 -3.3452 .72 -.25 -3.2972 .696 -.25 -3.3372 .8 -.25 -3.3692
4 14 .864 -.25 -3.3052 .752 -.25 -3.2652 .72 -.25 -3.2972 .84 -.25 -3.3452
4 14 .864 -.25 -3.3052 .864 -.25 -3.2732 .808 -.25 -3.2332 .752 -.25 -3.2652
3 14 .864 -.25 -3.2732 .84 -.25 -3.2332 .808 -.25 -3.2332
4 14 4.376 -.25 -1.0332 4.312 -.25 -1.0252 4.328 -.25 -1.0652 4.352 -.25 -1.0732
4 14 4.376 -.25 -1.0332 4.376 -.25 -.9932 4.3216 -.25 -.9868 4.312 -.25 -1.0252
4 14 4.376 -.25 -.9932 4.368 -.25 -.9612 4.336 -.25 -.9532 4.3216 -.25 -.9868
4 14 4.392 -.25 -.5612 4.336 -.25 -.5612 4.344 -.25 -.5852 4.36 -.25 -.5852
4 14 4.408 -.25 -.5292 4.336 -.25 -.5132 4.336 -.25 -.5612 4.392 -.25 -.5612
4 14 4.424 -.25 -.4812 4.344 -.25 -.4652 4.336 -.25 -.5132 4.408 -.25 -.5292
4 14 4.44 -.25 -.4332 4.352 -.25 -.4092 4.344 -.25 -.4652 4.424 -.25 -.4812
4 14 4.456 -.25 -2.2252 4.424 -.25 -2.2012 4.4 -.25 -2.2092 4.392 -.25 -2.2572
4 14 4.456 -.25 -.3612 4.368 -.25 -.3372 4.352 -.25 -.4092 4.44 -.25 -.4332
4 14 4.472 -.25 -.2972 4.376 -.25 -.2732 4.368 -.25 -.3372 4.456 -.25 -.3612
4 14 4.48 -.25 -2.3612 4.408 -.25 -2.3532 4.432 -.25 -2.3852 4.456 -.25 -2.3852
4 14 4.48 -.25 -.1772 4.384 -.25 -.1772 4.376 -.25 -.2732 4.472 -.25 -.2972
4 14 4.48 -.25 -.1772 4.472 -.25 -.0572 4.392 -.25 -.0892 4.384 -.25 -.1772
4 14 4.488 -.25 -2.2572 4.456 -.25 -2.2252 4.392 -.25 -2.2572 4.392 -.25 -2.3132
4 14 4.504 -.25 -2.3052 4.392 -.25 -2.3132 4.408 -.25 -2.3532 4.48 -.25 -2.3612
3 14 4.504 -.25 -2.3052 4.488 -.25 -2.2572 4.392 -.25 -2.3132
3 14 -8.8 -.25 -4.0572 -9.551 -.25 -1.4126 -9.4101 -.25 -2.4828
4 14 -8.8 -.25 -4.0572 -9.4101 -.25 -2.4828 -9.2134 -.25 -3.5442 -8.9614 -.25 -4.5938
4 14 -8.56 -.25 -.2492 -8.64 -.25 -.1292 -8.656 -.25 -.1692 -8.56 -.25 -.3132
4 14 -8.552 -.25 -.1692 -8.632 -.25 -.0812 -8.64 -.25 -.1292 -8.56 -.25 -.2492
4 14 -8.552 -.25 -.1132 -8.624 -.25 -.0412 -8.632 -.25 -.0812 -8.552 -.25 -.1692
4 14 -8.552 -.25 -.0332 -8.616 -.25 -.0012 -8.624 -.25 -.0412 -8.552 -.25 -.1132
4 14 -8.544 -.25 -.3932 -8.56 -.25 -.3132 -8.656 -.25 -.1692 -8.664 -.25 -.1932
4 14 -8.528 -.25 -.4412 -8.544 -.25 -.3932 -8.664 -.25 -.1932 -8.672 -.25 -.2252
3 14 -8.504 -.25 -.4892 -8.688 -.25 -.2492 -8.712 -.25 -.2492
4 14 -8.504 -.25 -.4892 -8.528 -.25 -.4412 -8.672 -.25 -.2252 -8.688 -.25 -.2492
4 14 -8.488 -.25 -.5212 -8.504 -.25 -.4892 -8.712 -.25 -.2492 -8.8 -.25 -4.0572
4 14 -8.2944 -.25 -6.6465 -8.8 -.25 -4.0572 -8.9614 -.25 -4.5938 -8.6549 -.25 -5.6289
4 14 -8.04 -.25 -.1372 -8.064 -.25 -.0892 -8.416 -.25 -.0172 -8.432 -.25 -.0732
4 14 -8.016 -.25 -.1692 -8.04 -.25 -.1372 -8.432 -.25 -.0732 -8.448 -.25 -.1372
4 14 -7.984 -.25 -.2172 -8.016 -.25 -.1692 -8.448 -.25 -.1372 -8.464 -.25 -.2092
4 14 -7.952 -.25 -.2572 -7.984 -.25 -.2172 -8.464 -.25 -.2092 -8.472 -.25 -.2732
4 14 -7.912 -.25 -.3212 -7.952 -.25 -.2572 -8.472 -.25 -.2732 -8.472 -.25 -.3532
4 14 -7.872 -.25 -.4092 -7.912 -.25 -.3212 -8.472 -.25 -.3532 -8.464 -.25 -.3932
4 14 -7.84 -.25 -.4732 -7.872 -.25 -.4092 -8.464 -.25 -.3932 -8.456 -.25 -.4412
4 14 -7.808 -.25 -.5452 -7.84 -.25 -.4732 -8.456 -.25 -.4412 -8.456 -.25 -.4812
4 14 -7.776 -.25 -.6172 -7.808 -.25 -.5452 -8.456 -.25 -.4812 -8.456 -.25 -.5132
4 14 -7.744 -.25 -.7052 -7.776 -.25 -.6172 -8.456 -.25 -.5132 -8.464 -.25 -.5292
4 14 -7.712 -.25 -.7932 -8.464 -.25 -.5292 -8.488 -.25 -.5212 -8.8 -.25 -4.0572
3 14 -7.712 -.25 -.7932 -7.744 -.25 -.7052 -8.464 -.25 -.5292
4 14 -7.648 -.25 -.9532 -7.672 -.25 -.8892 -7.712 -.25 -.7932 -8.8 -.25 -4.0572
3 14 -7.624 -.25 -1.0332 -7.648 -.25 -.9532 -8.8 -.25 -4.0572
4 14 -7.592 -.25 -1.2892 -7.608 -.25 -1.1052 -7.624 -.25 -1.0332 -8.8 -.25 -4.0572
3 14 -7.56 -.25 -1.3852 -7.592 -.25 -1.2892 -8.8 -.25 -4.0572
3 14 -7.52 -.25 -1.4572 -7.56 -.25 -1.3852 -8.8 -.25 -4.0572
3 14 -7.472 -.25 -1.5132 -7.52 -.25 -1.4572 -8.8 -.25 -4.0572
3 14 -7.432 -.25 -1.5532 -7.472 -.25 -1.5132 -8.8 -.25 -4.0572
4 14 -6.88 -.25 -4.0572 -7.376 -.25 -1.5932 -7.432 -.25 -1.5532 -8.8 -.25 -4.0572
3 14 -6.88 -.25 -4.0572 -7.32 -.25 -1.6332 -7.376 -.25 -1.5932
4 14 -6.88 -.25 -4.0572 -7.2 -.25 -1.7052 -7.264 -.25 -1.6652 -7.32 -.25 -1.6332
3 14 -6.88 -.25 -4.0572 -7.152 -.25 -1.7292 -7.2 -.25 -1.7052
3 14 -6.88 -.25 -4.0572 -7.08 -.25 -1.7612 -7.152 -.25 -1.7292
3 14 -6.88 -.25 -4.0572 -7.016 -.25 -1.7772 -7.08 -.25 -1.7612
3 14 -6.88 -.25 -4.0572 -6.96 -.25 -1.7852 -7.016 -.25 -1.7772
3 14 -6.88 -.25 -4.0572 -6.896 -.25 -1.7852 -6.96 -.25 -1.7852
3 14 -6.84 -.25 -1.7772 -6.896 -.25 -1.7852 -6.88 -.25 -4.0572
3 14 -6.792 -.25 -1.7692 -6.84 -.25 -1.7772 -6.88 -.25 -4.0572
3 14 -6.744 -.25 -1.7532 -6.792 -.25 -1.7692 -6.88 -.25 -4.0572
4 14 -6.728 -.25 -1.0812 -6.752 -.25 -1.0652 -6.8 -.25 -1.0732 -6.824 -.25 -1.1372
4 14 -6.704 -.25 -1.1292 -6.728 -.25 -1.0812 -6.824 -.25 -1.1372 -6.808 -.25 -1.1692
4 14 -6.68 -.25 -1.2012 -6.704 -.25 -1.1292 -6.808 -.25 -1.1692 -6.792 -.25 -1.2172
4 14 -6.664 -.25 -1.2652 -6.68 -.25 -1.2012 -6.792 -.25 -1.2172 -6.768 -.25 -1.2732
4 14 -6.64 -.25 -1.3452 -6.664 -.25 -1.2652 -6.768 -.25 -1.2732 -6.752 -.25 -1.3292
4 14 -6.624 -.25 -1.4172 -6.64 -.25 -1.3452 -6.752 -.25 -1.3292 -6.728 -.25 -1.4252
4 14 -6.6 -.25 -1.4892 -6.624 -.25 -1.4172 -6.728 -.25 -1.4252 -6.704 -.25 -1.4972
4 14 -6.568 -.25 -1.5212 -6.6 -.25 -1.4892 -6.704 -.25 -1.4972 -6.688 -.25 -1.5852
4 14 -5.28 -.25 -1.6572 -6.696 -.25 -1.7212 -6.744 -.25 -1.7532 -6.88 -.25 -4.0572
3 14 -5.28 -.25 -1.6572 -6.68 -.25 -1.6812 -6.696 -.25 -1.7212
4 14 -5.28 -.25 -1.6572 -6.568 -.25 -1.5212 -6.688 -.25 -1.5852 -6.68 -.25 -1.6812
4 14 -5.28 -.25 -1.6572 -6.568 -.25 -.7292 -6.568 -.25 -.8092 -6.56 -.25 -.8892
4 14 -5.28 -.25 -1.6572 -6.56 -.25 -.8892 -6.528 -.25 -.9692 -6.504 -.25 -1.0252
4 14 -5.28 -.25 -1.6572 -6.544 -.25 -.5132 -6.56 -.25 -.6092 -6.568 -.25 -.7292
3 14 -5.28 -.25 -1.6572 -6.512 -.25 -1.5052 -6.568 -.25 -1.5212
4 14 -5.28 -.25 -1.6572 -6.504 -.25 -1.0252 -6.472 -.25 -1.1132 -6.44 -.25 -1.1852
4 14 -5.28 -.25 -1.6572 -6.504 -.25 -.2972 -6.528 -.25 -.4092 -6.544 -.25 -.5132
3 14 -5.28 -.25 -1.6572 -6.472 -.25 -1.4572 -6.512 -.25 -1.5052
3 14 -5.28 -.25 -1.6572 -6.448 -.25 -1.3932 -6.472 -.25 -1.4572
3 14 -5.28 -.25 -1.6572 -6.44 -.25 -1.1852 -6.432 -.25 -1.2492
3 14 -5.28 -.25 -1.6572 -6.432 -.25 -1.3292 -6.448 -.25 -1.3932
3 14 -5.28 -.25 -1.6572 -6.432 -.25 -1.2492 -6.432 -.25 -1.3292
4 14 -5.28 -.25 -1.6572 -6.432 -.25 -.0492 -6.472 -.25 -.1852 -6.504 -.25 -.2972
3 14 -5.28 -.25 -1.6572 -6.424 -.25 .0068 -6.432 -.25 -.0492
4 14 -4.744 -.25 -.3692 -4.904 -.25 -.2252 -5.08 -.25 -.0812 -5.28 -.25 -1.6572
4 14 -4.6 -.25 -.5292 -4.68 -.25 -.4332 -4.744 -.25 -.3692 -5.28 -.25 -1.6572
3 14 -4.528 -.25 -3.3532 -5.28 -.25 -4.0572 -4.536 -.25 -3.4412
3 14 -4.52 -.25 -3.5292 -4.536 -.25 -3.4412 -5.28 -.25 -4.0572
4 14 -4.512 -.25 -3.2572 -5.28 -.25 -1.6572 -5.28 -.25 -4.0572 -4.528 -.25 -3.3532
3 14 -4.496 -.25 -3.6012 -4.52 -.25 -3.5292 -5.28 -.25 -4.0572
3 14 -4.488 -.25 -.6252 -4.6 -.25 -.5292 -5.28 -.25 -1.6572
3 14 -4.472 -.25 -3.1452 -5.28 -.25 -1.6572 -4.512 -.25 -3.2572
3 14 -4.448 -.25 -3.6892 -4.496 -.25 -3.6012 -5.28 -.25 -4.0572
3 14 -4.416 -.25 -3.0412 -5.28 -.25 -1.6572 -4.472 -.25 -3.1452
3 14 -4.392 -.25 -3.7612 -4.448 -.25 -3.6892 -5.28 -.25 -4.0572
3 14 -4.352 -.25 -.7212 -4.488 -.25 -.6252 -5.28 -.25 -1.6572
3 14 -4.328 -.25 -3.8092 -4.392 -.25 -3.7612 -5.28 -.25 -4.0572
3 14 -4.328 -.25 -2.9212 -5.28 -.25 -1.6572 -4.416 -.25 -3.0412
3 14 -4.256 -.25 -2.8492 -5.28 -.25 -1.6572 -4.328 -.25 -2.9212
3 14 -4.24 -.25 -.7932 -4.352 -.25 -.7212 -5.28 -.25 -1.6572
3 14 -4.168 -.25 -2.7612 -5.28 -.25 -1.6572 -4.256 -.25 -2.8492
4 14 -4.032 -.25 -1.0172 -4.112 -.25 -.9212 -4.24 -.25 -.7932 -5.28 -.25 -1.6572
4 14 -3.976 -.25 -2.5132 -5.28 -.25 -1.6572 -4.168 -.25 -2.7612 -4.08 -.25 -2.6812
4 14 -3.96 -.25 -1.2172 -4 -.25 -1.0972 -4.032 -.25 -1.0172 -5.28 -.25 -1.6572
4 14 -3.928 -.25 -4.0652 -4.168 -.25 -3.9052 -4.328 -.25 -3.8092 -5.28 -.25 -4.0572
3 14 -3.888 -.25 -1.3612 -3.96 -.25 -1.2172 -5.28 -.25 -1.6572
3 14 -3.864 -.25 -2.3452 -5.28 -.25 -1.6572 -3.976 -.25 -2.5132
3 14 -3.792 -.25 -1.5132 -3.888 -.25 -1.3612 -5.28 -.25 -1.6572
3 14 -3.744 -.25 -2.1692 -5.28 -.25 -1.6572 -3.864 -.25 -2.3452
3 14 -3.704 -.25 -1.6332 -3.792 -.25 -1.5132 -5.28 -.25 -1.6572
3 14 -3.616 -.25 -1.7452 -3.704 -.25 -1.6332 -5.28 -.25 -1.6572
4 14 -3.52 -.25 -1.8492 -5.28 -.25 -1.6572 -3.744 -.25 -2.1692 -3.648 -.25 -2.0332
3 14 -3.52 -.25 -1.8492 -3.616 -.25 -1.7452 -5.28 -.25 -1.6572
4 14 -3.416 -.25 -3.6492 -3.536 -.25 -3.4972 -3.536 -.25 -3.5692 -3.504 -.25 -3.6092
4 14 -3.304 -.25 -3.7132 -3.528 -.25 -3.4332 -3.536 -.25 -3.4972 -3.416 -.25 -3.6492
4 14 -3.2 -.25 -3.7852 -3.512 -.25 -3.3852 -3.528 -.25 -3.4332 -3.304 -.25 -3.7132
4 14 -3.016 -.25 -3.9292 -3.488 -.25 -3.3452 -3.512 -.25 -3.3852 -3.2 -.25 -3.7852
4 14 -3.016 -.25 -3.9292 -2.896 -.25 -4.0332 -2.76 -.25 -4.0252 -2.792 -.25 -3.9692
3 14 -2.84 -.25 -3.8252 -2.84 -.25 -3.7292 -3.016 -.25 -3.9292
4 14 -2.84 -.25 -3.7292 -3.408 -.25 -3.2812 -3.488 -.25 -3.3452 -3.016 -.25 -3.9292
4 14 -2.832 -.25 -3.6172 -3.256 -.25 -3.1932 -3.408 -.25 -3.2812 -2.84 -.25 -3.7292
3 14 -2.824 -.25 -3.9052 -2.84 -.25 -3.8252 -3.016 -.25 -3.9292
4 14 -2.808 -.25 -3.4732 -3.056 -.25 -3.0492 -3.256 -.25 -3.1932 -2.832 -.25 -3.6172
3 14 -2.792 -.25 -3.9692 -2.824 -.25 -3.9052 -3.016 -.25 -3.9292
4 14 -2.76 -.25 -3.2252 -2.936 -.25 -2.9372 -3.056 -.25 -3.0492 -2.808 -.25 -3.4732
3 14 -2.72 -.25 -4.0812 -2.76 -.25 -4.0252 -2.896 -.25 -4.0332
3 14 -2.672 -.25 -4.1292 -2.72 -.25 -4.0812 -2.896 -.25 -4.0332
4 14 -2.672 -.25 -2.9052 -2.816 -.25 -2.8092 -2.936 -.25 -2.9372 -2.76 -.25 -3.2252
4 14 -2.624 -.25 -4.1692 -2.672 -.25 -4.1292 -2.896 -.25 -4.0332 -2.712 -.25 -4.2012
4 14 -2.608 -.25 -2.7452 -2.72 -.25 -2.6972 -2.816 -.25 -2.8092 -2.672 -.25 -2.9052
3 14 -2.568 -.25 -4.2092 -2.624 -.25 -4.1692 -2.712 -.25 -4.2012
4 14 -2.56 -.25 -2.6412 -2.656 -.25 -2.6252 -2.72 -.25 -2.6972 -2.608 -.25 -2.7452
4 14 -2.544 -.25 -2.6012 -2.616 -.25 -2.5772 -2.656 -.25 -2.6252 -2.56 -.25 -2.6412
4 14 -2.536 -.25 -2.5692 -2.584 -.25 -2.5452 -2.616 -.25 -2.5772 -2.544 -.25 -2.6012
3 14 -2.536 -.25 -2.5692 -2.552 -.25 -2.5452 -2.584 -.25 -2.5452
4 14 -2.512 -.25 -4.2492 -2.568 -.25 -4.2092 -2.712 -.25 -4.2012 -2.592 -.25 -4.2972
4 14 -2.376 -.25 -4.3212 -2.448 -.25 -4.2812 -2.512 -.25 -4.2492 -2.592 -.25 -4.2972
3 14 -2.28 -.25 -4.3372 -2.472 -.25 -4.3932 -2.368 -.25 -4.4412
4 14 -2.28 -.25 -4.3372 -2.376 -.25 -4.3212 -2.592 -.25 -4.2972 -2.472 -.25 -4.3932
4 14 -2.24 -.25 -5.6572 -3.48 -.25 -4.3292 -3.928 -.25 -4.0652 -5.28 -.25 -4.0572
4 14 -2.24 -.25 -5.6572 -2.456 -.25 -4.9052 -2.872 -.25 -4.6492 -3.48 -.25 -4.3292
4 14 -2.24 -.25 -5.6572 -2.264 -.25 -5.0172 -2.344 -.25 -4.9692 -2.456 -.25 -4.9052
4 14 -2.168 -.25 -4.3452 -2.28 -.25 -4.3372 -2.368 -.25 -4.4412 -2.248 -.25 -4.4732
3 14 -2.16 -.25 -5.0652 -2.264 -.25 -5.0172 -2.24 -.25 -5.6572
4 14 -2.064 -.25 -4.4972 -2.168 -.25 -4.3452 -2.248 -.25 -4.4732 -2.128 -.25 -4.5052
3 14 -2.016 -.25 -5.0972 -2.16 -.25 -5.0652 -2.24 -.25 -5.6572
4 14 -1.984 -.25 -4.3292 -2.168 -.25 -4.3452 -2.064 -.25 -4.4972 -1.992 -.25 -4.5212
3 14 -1.984 -.25 -3.6332 -1.984 -.25 -3.6812 -1.968 -.25 -3.7212
4 14 -1.928 -.25 -3.7532 -1.976 -.25 -3.5772 -1.984 -.25 -3.6332 -1.968 -.25 -3.7212
4 14 -1.888 -.25 -5.1052 -1.944 -.25 -5.0972 -2.016 -.25 -5.0972 -2.24 -.25 -5.6572
4 14 -1.88 -.25 -3.7692 -1.952 -.25 -3.5292 -1.976 -.25 -3.5772 -1.928 -.25 -3.7532
4 14 -1.792 -.25 -3.7612 -1.92 -.25 -3.4812 -1.952 -.25 -3.5292 -1.88 -.25 -3.7692
4 14 -1.72 -.25 -5.1772 -1.816 -.25 -5.1292 -1.888 -.25 -5.1052 -2.24 -.25 -5.6572
4 14 -1.688 -.25 -4.2972 -1.984 -.25 -4.3292 -1.992 -.25 -4.5212 -1.904 -.25 -4.5852
4 14 -1.688 -.25 -4.2972 -1.904 -.25 -4.5852 -1.856 -.25 -4.6172 -1.8 -.25 -4.6252
4 14 -1.688 -.25 -3.7372 -1.864 -.25 -3.4092 -1.92 -.25 -3.4812 -1.792 -.25 -3.7612
4 14 -1.648 -.25 -4.5532 -1.688 -.25 -4.2972 -1.8 -.25 -4.6252 -1.72 -.25 -4.6092
3 14 -1.632 -.25 -5.2172 -1.72 -.25 -5.1772 -2.24 -.25 -5.6572
3 14 -1.576 -.25 -5.2412 -1.632 -.25 -5.2172 -2.24 -.25 -5.6572
4 14 -1.576 -.25 -3.7052 -1.816 -.25 -3.3452 -1.864 -.25 -3.4092 -1.688 -.25 -3.7372
3 14 -1.568 -.25 -4.5132 -1.688 -.25 -4.2972 -1.648 -.25 -4.5532
3 14 -1.512 -.25 -5.2572 -1.576 -.25 -5.2412 -2.24 -.25 -5.6572
4 14 -1.456 -.25 -3.6892 -1.736 -.25 -3.2332 -1.816 -.25 -3.3452 -1.576 -.25 -3.7052
3 14 -1.448 -.25 -5.2732 -1.512 -.25 -5.2572 -2.24 -.25 -5.6572
3 14 -1.376 -.25 -5.2892 -1.448 -.25 -5.2732 -2.24 -.25 -5.6572
4 14 -1.36 -.25 -4.2332 -1.688 -.25 -4.2972 -1.568 -.25 -4.5132 -1.496 -.25 -4.5052
3 14 -1.36 -.25 -4.2332 -1.496 -.25 -4.5052 -1.424 -.25 -4.5212
3 14 -1.36 -.25 -4.2332 -1.424 -.25 -4.5212 -1.368 -.25 -4.5532
4 14 -1.352 -.25 -3.6732 -1.656 -.25 -3.1052 -1.736 -.25 -3.2332 -1.456 -.25 -3.6892
3 14 -1.296 -.25 -5.3052 -1.376 -.25 -5.2892 -2.24 -.25 -5.6572
4 14 -1.144 -.25 -4.2012 -1.36 -.25 -4.2332 -1.368 -.25 -4.5532 -1.296 -.25 -4.6012
4 14 -1.112 -.25 -3.6652 -1.568 -.25 -2.9532 -1.656 -.25 -3.1052 -1.352 -.25 -3.6732
4 14 -1.024 -.25 -4.1852 -1.144 -.25 -4.2012 -1.296 -.25 -4.6012 -1.232 -.25 -4.6572
4 14 -.96 -.25 -3.6572 -1.496 -.25 -2.8252 -1.568 -.25 -2.9532 -1.112 -.25 -3.6652
4 14 -.848 -.25 -4.1612 -1.024 -.25 -4.1852 -1.232 -.25 -4.6572 -1.16 -.25 -4.7852
4 14 -.8 -.25 -3.6332 -1.408 -.25 -2.6812 -1.496 -.25 -2.8252 -.96 -.25 -3.6572
4 14 -.744 -.25 -4.1532 -.848 -.25 -4.1612 -1.16 -.25 -4.7852 -1.088 -.25 -4.9372
4 14 -.64 -.25 -3.5612 -1.312 -.25 -2.5372 -1.408 -.25 -2.6812 -.8 -.25 -3.6332
4 14 -.592 -.25 -4.1292 -.744 -.25 -4.1532 -1.088 -.25 -4.9372 -1.008 -.25 -5.1292
4 14 -.504 -.25 -4.0972 -.592 -.25 -4.1292 -1.008 -.25 -5.1292 -.992 -.25 -5.1852
3 14 -.48 -.25 -5.6572 -1.152 -.25 -5.3132 -1.216 -.25 -5.3132
3 14 -.48 -.25 -5.6572 -1.072 -.25 -5.3132 -1.152 -.25 -5.3132
3 14 -.48 -.25 -5.6572 -1.016 -.25 -5.3052 -1.072 -.25 -5.3132
3 14 -.48 -.25 -5.6572 -.992 -.25 -5.2812 -1.016 -.25 -5.3052
3 14 -.48 -.25 -5.6572 -.992 -.25 -5.2492 -.992 -.25 -5.2812
4 14 -.48 -.25 -5.6572 -.504 -.25 -4.0972 -.992 -.25 -5.1852 -.992 -.25 -5.2492
4 14 -.408 -.25 -3.4572 -1.28 -.25 -2.5052 -1.312 -.25 -2.5372 -.64 -.25 -3.5612
4 14 -.344 -.25 -3.4412 -1.232 -.25 -2.4732 -1.28 -.25 -2.5052 -.408 -.25 -3.4572
4 14 -.272 -.25 -3.4332 -1.152 -.25 -2.4092 -1.232 -.25 -2.4732 -.344 -.25 -3.4412
4 14 -.192 -.25 -3.4332 -1.056 -.25 -2.2972 -1.152 -.25 -2.4092 -.272 -.25 -3.4332
4 14 -.12 -.25 -3.4332 -.992 -.25 -2.1852 -1.056 -.25 -2.2972 -.192 -.25 -3.4332
4 14 -.072 -.25 -3.4172 -.928 -.25 -2.0252 -.992 -.25 -2.1852 -.12 -.25 -3.4332
4 14 -.04 -.25 -3.3852 -.904 -.25 -1.9372 -.928 -.25 -2.0252 -.072 -.25 -3.4172
4 14 .008 -.25 -3.3212 -.888 -.25 -1.8572 -.904 -.25 -1.9372 -.04 -.25 -3.3852
4 14 .04 -.25 -3.2332 -.848 -.25 -1.8012 -.888 -.25 -1.8572 .008 -.25 -3.3212
4 14 .064 -.25 -3.1292 -.792 -.25 -1.7612 -.848 -.25 -1.8012 .04 -.25 -3.2332
4 14 .112 -.25 -3.0572 -.64 -.25 -1.6652 -.792 -.25 -1.7612 .064 -.25 -3.1292
4 14 .152 -.25 -3.0252 -.408 -.25 -1.5052 -.64 -.25 -1.6652 .112 -.25 -3.0572
4 14 .208 -.25 -2.9932 -.208 -.25 -1.3692 -.408 -.25 -1.5052 .152 -.25 -3.0252
4 14 .28 -.25 -2.9692 .16 -.25 -1.0732 -.208 -.25 -1.3692 .208 -.25 -2.9932
4 14 2.72 -.25 -5.6572 -.352 -.25 -4.0812 -.504 -.25 -4.0972 -.48 -.25 -5.6572
3 14 2.72 -.25 -5.6572 -.24 -.25 -4.0812 -.352 -.25 -4.0812
3 14 2.72 -.25 -5.6572 -.144 -.25 -4.0492 -.24 -.25 -4.0812
3 14 2.72 -.25 -5.6572 -.072 -.25 -4.0172 -.144 -.25 -4.0492
4 14 2.72 -.25 -5.6572 .08 -.25 -3.8892 0 -.25 -3.9452 -.072 -.25 -4.0172
4 14 2.72 -.25 -5.6572 .48 -.25 -3.6972 .232 -.25 -3.8092 .08 -.25 -3.8892
3 14 2.72 -.25 -5.6572 .632 -.25 -3.6172 .48 -.25 -3.6972
3 14 2.72 -.25 -5.6572 .72 -.25 -3.5692 .632 -.25 -3.6172
3 14 2.72 -.25 -5.6572 .816 -.25 -3.5052 .72 -.25 -3.5692
3 14 2.72 -.25 -5.6572 .904 -.25 -3.4412 .816 -.25 -3.5052
3 14 2.72 -.25 -5.6572 1 -.25 -3.3692 .904 -.25 -3.4412
3 14 2.72 -.25 -5.6572 1.072 -.25 -3.2972 1 -.25 -3.3692
3 14 2.72 -.25 -5.6572 1.096 -.25 -3.2412 1.072 -.25 -3.2972
4 14 2.72 -.25 -5.6572 2.72 -.25 -1.3372 1.096 -.25 -3.1772 1.096 -.25 -3.2412
4 14 2.72 -.25 -1.3372 .16 -.25 -1.0732 .28 -.25 -2.9692 .384 -.25 -2.9532
3 14 2.72 -.25 -1.3372 .384 -.25 -2.9532 .52 -.25 -2.9452
3 14 2.72 -.25 -1.3372 .464 -.25 -.7532 .16 -.25 -1.0732
3 14 2.72 -.25 -1.3372 .52 -.25 -2.9452 .664 -.25 -2.9532
3 14 2.72 -.25 -1.3372 .664 -.25 -2.9532 .8 -.25 -2.9772
3 14 2.72 -.25 -1.3372 .72 -.25 -.4812 .464 -.25 -.7532
3 14 2.72 -.25 -1.3372 .8 -.25 -2.9772 .872 -.25 -2.9932
3 14 2.72 -.25 -1.3372 .872 -.25 -2.9932 .936 -.25 -3.0172
3 14 2.72 -.25 -1.3372 .936 -.25 -3.0172 1.016 -.25 -3.0652
3 14 2.72 -.25 -1.3372 1.016 -.25 -3.0652 1.064 -.25 -3.1212
3 14 2.72 -.25 -1.3372 1.064 -.25 -3.1212 1.096 -.25 -3.1772
4 14 2.72 -.25 -1.3372 1.32 -.25 -.0172 1.104 -.25 -.0172 .72 -.25 -.4812
3 14 2.72 -.25 -1.3372 1.44 -.25 -.0332 1.32 -.25 -.0172
3 14 2.72 -.25 -1.3372 1.52 -.25 -.0412 1.44 -.25 -.0332
3 14 2.72 -.25 -1.3372 1.6 -.25 -.0412 1.52 -.25 -.0412
3 14 2.72 -.25 -1.3372 1.76 -.25 -.0412 1.6 -.25 -.0412
3 14 2.72 -.25 -1.3372 1.856 -.25 -.0332 1.76 -.25 -.0412
3 14 2.72 -.25 -1.3372 2 -.25 -.0172 1.856 -.25 -.0332
3 14 2.72 -.25 -1.3372 2.16 -.25 .0068 2 -.25 -.0172
3 14 4.184 -.25 -1.2892 4.184 -.25 -1.1292 2.72 -.25 -1.3372
3 14 4.2 -.25 -1.4412 4.184 -.25 -1.2892 2.72 -.25 -1.3372
4 14 4.208 -.25 -.8732 2.72 -.25 -1.3372 4.184 -.25 -1.1292 4.2 -.25 -.9772
3 14 4.24 -.25 -1.6172 4.2 -.25 -1.4412 2.72 -.25 -1.3372
4 14 4.24 -.25 -.4572 2.72 -.25 -1.3372 4.208 -.25 -.8732 4.224 -.25 -.7532
4 14 4.248 -.25 -1.9612 4.248 -.25 -1.8076 4.24 -.25 -1.6172 2.72 -.25 -1.3372
3 14 4.264 -.25 -2.1052 4.248 -.25 -1.9612 2.72 -.25 -1.3372
4 14 4.304 -.25 -2.2812 4.264 -.25 -2.1052 2.72 -.25 -1.3372 2.72 -.25 -5.6572
3 14 4.352 -.25 -2.4412 4.304 -.25 -2.2812 2.72 -.25 -5.6572
3 14 4.432 -.25 -2.6012 4.352 -.25 -2.4412 2.72 -.25 -5.6572
3 14 4.48 -.25 -2.6812 4.432 -.25 -2.6012 2.72 -.25 -5.6572
3 14 4.544 -.25 -2.7452 4.48 -.25 -2.6812 2.72 -.25 -5.6572
3 14 4.592 -.25 -2.7772 4.544 -.25 -2.7452 2.72 -.25 -5.6572
3 14 4.632 -.25 -2.7852 4.592 -.25 -2.7772 2.72 -.25 -5.6572
3 14 5.896 -.25 -1.6732 5.896 -.25 -1.5452 5.608 -.25 -1.2892
3 14 5.912 -.25 -1.4412 5.608 -.25 -1.2892 5.896 -.25 -1.5452
4 14 5.92 -.25 -2.2972 4.664 -.25 -.6172 4.664 -.25 -.7772 4.68 -.25 -.9132
4 14 5.92 -.25 -2.2972 4.672 -.25 -2.7692 4.632 -.25 -2.7852 2.72 -.25 -5.6572
4 14 5.92 -.25 -2.2972 4.68 -.25 -1.6012 4.704 -.25 -1.6492 4.744 -.25 -1.7052
4 14 5.92 -.25 -2.2972 4.68 -.25 -.9132 4.688 -.25 -1.0092 4.704 -.25 -1.0652
4 14 5.92 -.25 -2.2972 4.688 -.25 -1.4732 4.672 -.25 -1.5372 4.68 -.25 -1.6012
4 14 5.92 -.25 -2.2972 4.696 -.25 -.2012 4.672 -.25 -.3932 4.664 -.25 -.6172
3 14 5.92 -.25 -2.2972 4.704 -.25 -1.0652 4.736 -.25 -1.1772
3 14 5.92 -.25 -2.2972 4.72 -.25 -2.7132 4.672 -.25 -2.7692
4 14 5.92 -.25 -2.2972 4.736 -.25 -1.3772 4.704 -.25 -1.4332 4.688 -.25 -1.4732
3 14 5.92 -.25 -2.2972 4.736 -.25 -1.1772 4.7488 -.25 -1.27
4 14 5.92 -.25 -2.2972 4.744 -.25 -1.7052 4.808 -.25 -1.7532 4.872 -.25 -1.7852
3 14 5.92 -.25 -2.2972 4.744 -.25 -1.3292 4.736 -.25 -1.3772
3 14 5.92 -.25 -2.2972 4.7488 -.25 -1.27 4.744 -.25 -1.3292
3 14 5.92 -.25 -2.2972 4.784 -.25 -2.6252 4.72 -.25 -2.7132
3 14 5.92 -.25 -2.2972 4.832 -.25 -2.5452 4.784 -.25 -2.6252
3 14 5.92 -.25 -2.2972 4.872 -.25 -1.7852 4.944 -.25 -1.8412
3 14 5.92 -.25 -2.2972 4.904 -.25 -2.3692 4.832 -.25 -2.5452
3 14 5.92 -.25 -2.2972 4.944 -.25 -1.8412 4.976 -.25 -1.8812
3 14 5.92 -.25 -2.2972 4.952 -.25 -2.1692 4.904 -.25 -2.3692
3 14 5.92 -.25 -2.2972 4.976 -.25 -2.0572 4.952 -.25 -2.1692
3 14 5.92 -.25 -2.2972 4.976 -.25 -1.8812 4.984 -.25 -1.9772
3 14 5.92 -.25 -2.2972 4.984 -.25 -1.9772 4.976 -.25 -2.0572
3 14 5.92 -.25 -2.2972 5.608 -.25 -1.2892 4.696 -.25 -.2012
4 14 5.92 -.25 -2.2972 5.904 -.25 -1.7932 5.896 -.25 -1.6732 5.608 -.25 -1.2892
3 14 5.92 -.25 -2.2972 6.088 -.25 -2.1292 6.024 -.25 -2.0572
3 14 5.92 -.25 -2.2972 6.168 -.25 -2.1932 6.088 -.25 -2.1292
3 14 5.92 -.25 -2.2972 6.272 -.25 -2.2492 6.168 -.25 -2.1932
3 14 5.92 -.25 -2.2972 6.344 -.25 -2.2572 6.272 -.25 -2.2492
3 14 5.92 -.25 -2.2972 6.464 -.25 -2.2572 6.344 -.25 -2.2572
4 14 5.92 -.25 -.8732 5.904 -.25 -.8412 4.696 -.25 -.2012 5.608 -.25 -1.2892
3 14 5.928 -.25 -1.8812 5.904 -.25 -1.7932 5.92 -.25 -2.2972
3 14 5.928 -.25 -.8172 4.696 -.25 -.2012 5.904 -.25 -.8412
3 14 5.936 -.25 -1.3292 5.608 -.25 -1.2892 5.912 -.25 -1.4412
3 14 5.944 -.25 -.8972 5.92 -.25 -.8732 5.608 -.25 -1.2892
3 14 5.96 -.25 -1.9612 5.928 -.25 -1.8812 5.92 -.25 -2.2972
3 14 5.968 -.25 -1.2492 5.608 -.25 -1.2892 5.936 -.25 -1.3292
3 14 5.984 -.25 -.8012 4.696 -.25 -.2012 5.928 -.25 -.8172
3 14 6.024 -.25 -2.0572 5.96 -.25 -1.9612 5.92 -.25 -2.2972
4 14 6.024 -.25 -.9692 5.984 -.25 -.9292 5.944 -.25 -.8972 5.608 -.25 -1.2892
4 14 6.04 -.25 -1.0812 5.608 -.25 -1.2892 5.968 -.25 -1.2492 6.008 -.25 -1.1692
4 14 6.04 -.25 -1.0172 6.024 -.25 -.9692 5.608 -.25 -1.2892 6.04 -.25 -1.0812
3 14 6.272 -.25 -1.9292 6.184 -.25 -1.8572 6.224 -.25 -1.9052
4 14 6.328 -.25 -1.9372 6.152 -.25 -1.8092 6.184 -.25 -1.8572 6.272 -.25 -1.9292
4 14 6.376 -.25 -1.9372 6.128 -.25 -1.7452 6.152 -.25 -1.8092 6.328 -.25 -1.9372
4 14 6.4 -.25 -.5132 4.696 -.25 -.2012 5.984 -.25 -.8012 6.048 -.25 -.8012
4 14 6.4 -.25 -.5132 6.048 -.25 -.8012 6.128 -.25 -.8012 6.24 -.25 -.7932
4 14 6.424 -.25 -1.9212 6.104 -.25 -1.6572 6.128 -.25 -1.7452 6.376 -.25 -1.9372
4 14 6.464 -.25 -1.8972 6.104 -.25 -1.5372 6.104 -.25 -1.6572 6.424 -.25 -1.9212
4 14 6.496 -.25 -.7372 6.4 -.25 -.5132 6.24 -.25 -.7932 6.376 -.25 -.7692
4 14 6.512 -.25 -1.8572 6.112 -.25 -1.4732 6.104 -.25 -1.5372 6.464 -.25 -1.8972
4 14 6.56 -.25 -1.8012 6.144 -.25 -1.3772 6.112 -.25 -1.4732 6.512 -.25 -1.8572
4 14 6.568 -.25 -.6492 6.4 -.25 -.5132 6.496 -.25 -.7372 6.552 -.25 -.6892
4 14 6.608 -.25 -1.7372 6.192 -.25 -1.2732 6.144 -.25 -1.3772 6.56 -.25 -1.8012
3 14 6.616 -.25 -.6492 6.4 -.25 -.5132 6.568 -.25 -.6492
4 14 6.656 -.25 -1.6572 6.248 -.25 -1.1772 6.192 -.25 -1.2732 6.608 -.25 -1.7372
3 14 6.664 -.25 -.6652 6.4 -.25 -.5132 6.616 -.25 -.6492
4 14 6.696 -.25 -1.5772 6.312 -.25 -1.0892 6.248 -.25 -1.1772 6.656 -.25 -1.6572
4 14 6.728 -.25 -1.4892 6.384 -.25 -1.0092 6.312 -.25 -1.0892 6.696 -.25 -1.5772
4 14 6.768 -.25 -1.3852 6.456 -.25 -.9452 6.384 -.25 -1.0092 6.728 -.25 -1.4892
4 14 6.792 -.25 -1.3052 6.52 -.25 -.9052 6.456 -.25 -.9452 6.768 -.25 -1.3852
4 14 6.824 -.25 -1.2012 6.576 -.25 -.8732 6.52 -.25 -.9052 6.792 -.25 -1.3052
4 14 6.864 -.25 -1.1052 6.632 -.25 -.8252 6.576 -.25 -.8732 6.824 -.25 -1.2012
4 14 6.912 -.25 -1.0012 6.672 -.25 -.7852 6.632 -.25 -.8252 6.864 -.25 -1.1052
4 14 6.984 -.25 -.8892 6.704 -.25 -.7372 6.672 -.25 -.7852 6.912 -.25 -1.0012
4 14 7.064 -.25 -.7852 6.704 -.25 -.6972 6.704 -.25 -.7372 6.984 -.25 -.8892
4 14 7.168 -.25 -.6972 6.664 -.25 -.6652 6.704 -.25 -.6972 7.064 -.25 -.7852
4 14 7.272 -.25 -2.0652 7.272 -.25 -1.9692 6.936 -.25 -2.0732 6.84 -.25 -2.1532
4 14 7.28 -.25 -2.1372 7.272 -.25 -2.0652 6.84 -.25 -2.1532 6.712 -.25 -2.2172
4 14 7.288 -.25 -1.9052 7.016 -.25 -1.9852 6.936 -.25 -2.0732 7.272 -.25 -1.9692
4 14 7.304 -.25 -2.2252 7.28 -.25 -2.1372 6.712 -.25 -2.2172 6.584 -.25 -2.2492
4 14 7.319 -.25 -4.158 2.72 -.25 -5.6572 3.7096 -.25 -6.2418 5.5827 -.25 -5.3183
4 14 7.328 -.25 -1.8412 7.072 -.25 -1.8732 7.016 -.25 -1.9852 7.288 -.25 -1.9052
4 14 7.36 -.25 -2.3292 7.304 -.25 -2.2252 6.584 -.25 -2.2492 6.464 -.25 -2.2572
4 14 7.384 -.25 -1.7932 7.12 -.25 -1.7292 7.072 -.25 -1.8732 7.328 -.25 -1.8412
4 14 7.432 -.25 -2.3772 7.36 -.25 -2.3292 6.464 -.25 -2.2572 5.92 -.25 -2.2972
4 14 7.44 -.25 -1.7852 7.152 -.25 -1.5612 7.12 -.25 -1.7292 7.384 -.25 -1.7932
4 14 4.7349 -.25 .0128 6.4 -.25 -.5132 7.4672 -.25 -.2572 7.3136 -.25 -.1324
4 14 7.488 -.25 -1.7932 7.192 -.25 -1.4172 7.152 -.25 -1.5612 7.44 -.25 -1.7852
3 14 7.5472 -.25 -.2844 7.4672 -.25 -.2572 6.4 -.25 -.5132
4 14 7.568 -.25 -1.8332 7.232 -.25 -1.2892 7.192 -.25 -1.4172 7.488 -.25 -1.7932
4 14 7.568 -.25 -1.8332 7.32 -.25 -1.1052 7.28 -.25 -1.1772 7.232 -.25 -1.2892
4 14 7.568 -.25 -1.8332 7.408 -.25 -.9772 7.36 -.25 -1.0332 7.32 -.25 -1.1052
4 14 7.568 -.25 -1.8332 7.536 -.25 -.8652 7.472 -.25 -.9132 7.408 -.25 -.9772
4 14 7.6192 -.25 -.2828 6.664 -.25 -.6652 7.168 -.25 -.6972 7.288 -.25 -.6252
3 14 7.6192 -.25 -.2828 7.288 -.25 -.6252 7.392 -.25 -.5852
3 14 7.6192 -.25 -.2828 7.392 -.25 -.5852 7.52 -.25 -.5532
3 14 7.6192 -.25 -.2828 7.52 -.25 -.5532 7.616 -.25 -.5372
4 14 7.6192 -.25 -.2828 7.5472 -.25 -.2844 6.4 -.25 -.5132 6.664 -.25 -.6652
4 14 7.712 -.25 -2.1692 7.664 -.25 -2.0812 7.632 -.25 -2.1372 7.672 -.25 -2.1612
4 14 7.72 -.25 -.8252 7.6 -.25 -.8332 7.536 -.25 -.8652 7.568 -.25 -1.8332
3 14 7.72 -.25 -.5372 7.6192 -.25 -.2828 7.616 -.25 -.5372
4 14 7.8 -.25 -2.1772 7.68 -.25 -2.0252 7.664 -.25 -2.0812 7.712 -.25 -2.1692
4 14 7.88 -.25 -2.1692 7.68 -.25 -1.9772 7.68 -.25 -2.0252 7.8 -.25 -2.1772
4 14 7.888 -.25 -.8572 7.808 -.25 -.8332 7.72 -.25 -.8252 7.568 -.25 -1.8332
4 14 7.952 -.25 -2.1532 7.664 -.25 -1.9452 7.68 -.25 -1.9772 7.88 -.25 -2.1692
4 14 8.008 -.25 -2.1212 7.632 -.25 -1.8972 7.664 -.25 -1.9452 7.952 -.25 -2.1532
4 14 8.024 -.25 -.9212 7.952 -.25 -.8812 7.888 -.25 -.8572 7.568 -.25 -1.8332
4 14 8.056 -.25 -2.0812 7.568 -.25 -1.8332 7.632 -.25 -1.8972 8.008 -.25 -2.1212
4 14 8.144 -.25 -1.0332 8.088 -.25 -.9692 8.024 -.25 -.9212 7.568 -.25 -1.8332
4 14 8.152 -.25 -1.9692 7.568 -.25 -1.8332 8.056 -.25 -2.0812 8.112 -.25 -2.0252
4 14 8.208 -.25 -1.8492 7.568 -.25 -1.8332 8.152 -.25 -1.9692 8.184 -.25 -1.9132
4 14 8.216 -.25 -1.1612 8.176 -.25 -1.0892 8.144 -.25 -1.0332 7.568 -.25 -1.8332
4 14 8.248 -.25 -1.7052 7.568 -.25 -1.8332 8.208 -.25 -1.8492 8.232 -.25 -1.7772
4 14 8.256 -.25 -1.3052 8.24 -.25 -1.2332 8.216 -.25 -1.1612 7.568 -.25 -1.8332
4 14 8.272 -.25 -1.5052 7.568 -.25 -1.8332 8.248 -.25 -1.7052 8.264 -.25 -1.6092
4 14 8.272 -.25 -1.5052 8.272 -.25 -1.4172 8.256 -.25 -1.3052 7.568 -.25 -1.8332
4 14 8.8891 -.25 -2.781 5.92 -.25 -2.2972 2.72 -.25 -5.6572 7.319 -.25 -4.158
4 14 8.8891 -.25 -2.781 7.528 -.25 -2.4012 7.432 -.25 -2.3772 5.92 -.25 -2.2972
3 14 8.8891 -.25 -2.781 7.624 -.25 -2.4092 7.528 -.25 -2.4012
3 14 8.8891 -.25 -2.781 7.712 -.25 -2.4092 7.624 -.25 -2.4092
3 14 8.8891 -.25 -2.781 7.808 -.25 -2.4012 7.712 -.25 -2.4092
3 14 8.8891 -.25 -2.781 7.896 -.25 -2.3852 7.808 -.25 -2.4012
3 14 8.8891 -.25 -2.781 7.96 -.25 -2.3692 7.896 -.25 -2.3852
3 14 8.8891 -.25 -2.781 8.048 -.25 -2.3372 7.96 -.25 -2.3692
3 14 8.8891 -.25 -2.781 8.12 -.25 -2.2972 8.048 -.25 -2.3372
3 14 8.8891 -.25 -2.781 8.208 -.25 -2.2332 8.12 -.25 -2.2972
3 14 8.8891 -.25 -2.781 8.288 -.25 -2.1452 8.208 -.25 -2.2332
3 14 8.8891 -.25 -2.781 8.344 -.25 -2.0732 8.288 -.25 -2.1452
3 14 8.8891 -.25 -2.781 8.384 -.25 -1.9932 8.344 -.25 -2.0732
3 14 8.8891 -.25 -2.781 8.432 -.25 -1.8812 8.384 -.25 -1.9932
3 14 8.8891 -.25 -2.781 8.464 -.25 -1.7692 8.432 -.25 -1.8812
3 14 8.8891 -.25 -2.781 8.48 -.25 -1.6892 8.464 -.25 -1.7692
3 14 8.8891 -.25 -2.781 8.488 -.25 -1.5932 8.48 -.25 -1.6892
3 14 8.288 -.25 -.7852 8.36 -.25 -.8732 11.0838 -.25 .0128
4 14 .624 -.25 -.0732 .6909 -.25 .0128 .5572 -.25 .0128 .552 -.25 .0068
4 14 7.1872 -.25 -.006 7.166 -.25 .0128 4.7349 -.25 .0128 7.3136 -.25 -.1324
4 14 8.496 -.25 -1.4892 8.8891 -.25 -2.781 10.2661 -.25 -1.211 11.0838 -.25 .0128
3 14 8.184 -.25 -.6892 8.288 -.25 -.7852 11.0838 -.25 .0128
3 14 8.36 -.25 -.8732 8.44 -.25 -1.0412 11.0838 -.25 .0128
3 14 2.72 -.25 -1.3372 4.24 -.25 -.4572 4.248 -.25 -.2332
4 14 2.184 -.25 .0128 2.72 -.25 -1.3372 4.248 -.25 -.2332 4.248 -.25 .0128
3 14 -9.6448 -.25 .0128 -8.72 -.25 -.1292 -8.728 -.25 -.0812
4 14 -8.72 -.25 -.1292 -9.6448 -.25 .0128 -8.712 -.25 -.2012 -8.712 -.25 -.1692
3 14 8.44 -.25 -1.0412 8.472 -.25 -1.1532 11.0838 -.25 .0128
4 14 -6.424 -.25 .0068 -5.28 -.25 -1.6572 -5.2229 -.25 .0128 -6.4231 -.25 .0128
3 14 4.696 -.25 -.2012 6.4 -.25 -.5132 4.7349 -.25 .0128
4 14 -.48 -.25 -5.6572 -2.24 -.25 -5.6572 -8.1251 -.25 -7.061 .989 -.25 -7.061
4 14 -6.88 -.25 -4.0572 -8.1251 -.25 -7.061 -2.24 -.25 -5.6572 -5.28 -.25 -4.0572
4 14 2.72 -.25 -5.6572 .989 -.25 -7.061 1.7322 -.25 -6.9132 3.7096 -.25 -6.2418
4 14 -8.416 -.25 -.0172 -8.064 -.25 -.0892 -8.112 -.25 -.0012 -8.4074 -.25 .0128
4 14 -8.1251 -.25 -7.061 -6.88 -.25 -4.0572 -8.8 -.25 -4.0572 -8.2944 -.25 -6.6465
4 14 -3.7966 -.25 .0128 -3.8 -.25 .0068 -3.704 -.25 -.1052 -3.68 -.25 -.0332
3 14 8.496 -.25 -1.4892 11.0838 -.25 .0128 8.496 -.25 -1.3692
4 14 -8.552 -.25 -.0332 -8.56 -.25 -.0012 -8.5647 -.25 .0128 -8.6113 -.25 .0128
3 14 -3.7966 -.25 .0128 -3.68 -.25 -.0332 -3.6669 -.25 .0128
4 14 4.392 -.25 -.0892 4.472 -.25 -.0572 4.4681 -.25 .0128 4.392 -.25 .0128
4 14 -8.8 -.25 -4.0572 -9.6448 -.25 .0128 -9.6357 -.25 -.3364 -9.551 -.25 -1.4126
3 14 2.16 -.25 .0068 2.72 -.25 -1.3372 2.184 -.25 .0128
3 14 8.488 -.25 -1.2572 8.496 -.25 -1.3692 11.0838 -.25 .0128
3 14 7.696 -.25 .0068 11.0838 -.25 .0128 7.6964 -.25 .0128
3 14 -9.6448 -.25 .0128 -8.728 -.25 -.0812 -8.736 -.25 -.0332
3 14 8.488 -.25 -1.5932 8.8891 -.25 -2.781 8.496 -.25 -1.4892
3 14 7.968 -.25 -.5772 8.08 -.25 -.6252 11.0838 -.25 .0128
4 14 -1.296 -.25 -5.3052 -2.24 -.25 -5.6572 -.48 -.25 -5.6572 -1.216 -.25 -5.3132
3 14 .989 -.25 -7.061 2.72 -.25 -5.6572 -.48 -.25 -5.6572
4 14 7.72 -.25 -.5372 7.84 -.25 -.5532 7.648 -.25 -.2476 7.6192 -.25 -.2828
4 14 7.6656 -.25 -.1868 7.648 -.25 -.2476 7.84 -.25 -.5532 11.0838 -.25 .0128
3 14 -8.616 -.25 -.0012 -8.552 -.25 -.0332 -8.6113 -.25 .0128
3 14 7.84 -.25 -.5532 7.968 -.25 -.5772 11.0838 -.25 .0128
3 14 -5.2229 -.25 .0128 -5.28 -.25 -1.6572 -5.08 -.25 -.0812
3 14 -8.4074 -.25 .0128 -8.112 -.25 -.0012 -8.1182 -.25 .0128
3 14 -6.88 -.25 -4.0572 -5.28 -.25 -4.0572 -5.28 -.25 -1.6572
3 14 8.08 -.25 -.6252 8.184 -.25 -.6892 11.0838 -.25 .0128
3 14 7.6656 -.25 -.1868 11.0838 -.25 .0128 7.696 -.25 .0068
4 14 1.32 -.25 -.0172 1.33 -.25 .0128 1.1276 -.25 .0128 1.104 -.25 -.0172
3 14 8.472 -.25 -1.1532 8.488 -.25 -1.2572 11.0838 -.25 .0128
3 14 -9.6448 -.25 .0128 -8.712 -.25 -.2252 -8.712 -.25 -.2012
4 14 -8.712 -.25 -.2252 -9.6448 -.25 .0128 -8.8 -.25 -4.0572 -8.712 -.25 -.2492
3 14 7.4144 -.25 -.0604 7.448 -.25 -.0716 7.4928 -.25 -.07
3 14 .464 -.25 -.0812 .624 -.25 -.0732 .552 -.25 .0068
3 14 -9.6448 -.25 .0128 -8.736 -.25 -.0332 -8.7426 -.25 .0128
4 14 7.3234 -.25 .0128 7.3328 -.25 .0052 7.5024 -.25 .0116 7.5018 -.25 .0128
4 14 7.3328 -.25 .0052 7.3824 -.25 -.0332 7.5072 -.25 -.0316 7.5024 -.25 .0116
4 14 7.3824 -.25 -.0332 7.4144 -.25 -.0604 7.4928 -.25 -.07 7.5072 -.25 -.0316
0 // White faces
4 15 -18 -.25 -7.061 -10.4663 -.25 -7.061 -12.0016 -.25 .0128 -18 -.25 .0128
4 15 18 -.25 -7.061 18 -.25 .0128 11.727 -.25 .0128 10.6914 -.25 -1.5372
3 15 18 -.25 -7.061 10.6914 -.25 -1.5372 9.2682 -.25 -3.1601
3 15 18 -.25 -7.061 9.2682 -.25 -3.1601 7.6454 -.25 -4.5833
4 15 18 -.25 -7.061 7.6454 -.25 -4.5833 6.3 -.25 -5.4823 6.3 -.25 -7.061