0 ~Sticker  0.8 x  1.9 with White Logos on Black Background Left - Sixth Face
0 Name: s\6221655as14.dat
0 Author: Massimo Maso [Sirio]
0 !LDRAW_ORG Unofficial_Subpart
0 !LICENSE Licensed under CC BY 4.0 : see CAreadme.txt

0 BFC CERTIFY CCW

0 // Primitives
1 0 -6.5 -.25 -2.819 -1.5 0 0 0 1 0 0 0 -1.5 1-4chrd.dat
1 0 6.5 -.25 -2.819 1.5 0 0 0 1 0 0 0 -1.5 1-4chrd.dat
0 // Faces
0 // Black faces
4 0 -5.8 -.25 -.871 -.94 -.25 -.871 -.94 -.25 .0144 -5.8 -.25 .0144
4 0 .06 -.25 -1.871 8 -.25 -2.819 8 -.25 .0144 .06 -.25 .0144
4 0 -8 -.25 -2.819 -6.8 -.25 -1.871 -6.8 -.25 .0144 -8 -.25 .0144
4 0 -8 -.25 -2.819 8 -.25 -2.819 .06 -.25 -1.871 -6.8 -.25 -1.871
4 0 -8 -.25 -2.819 -6.5 -.25 -4.319 6.5 -.25 -4.319 8 -.25 -2.819
0 // White faces
4 15 -5.8 -.25 -.871 -5.8 -.25 .0144 -6.8 -.25 .0144 -6.8 -.25 -1.871
4 15 -5.8 -.25 -.871 -6.8 -.25 -1.871 .06 -.25 -1.871 -.94 -.25 -.871
4 15 .06 -.25 -1.871 .06 -.25 .0144 -.94 -.25 .0144 -.94 -.25 -.871