0 ~Sticker  0.8 x  2.8 with Black Air Vent and Yellow Stripe on Red Background Right - Air Vent
0 Name: s\6221805ws01.dat
0 Author: Massimo Maso [Sirio]
0 !LDRAW_ORG Unofficial_Subpart
0 !LICENSE Licensed under CC BY 4.0 : see CAreadme.txt

0 BFC CERTIFY CCW

0 // Stickerback
1 16 0 0 0 1 0 0 0 1 0 0 0 1 s\stickerback008x028.dat
0 // Primitives
1 4 -26.5 -.25 6.5 -1.5 0 0 0 1 0 0 0 1.5 1-4chrd.dat
1 4 26.5 -.25 6.5 1.5 0 0 0 1 0 0 0 1.5 1-4chrd.dat
1 4 -26.5 -.25 -6.5 -1.5 0 0 0 1 0 0 0 -1.5 1-4chrd.dat
1 4 26.5 -.25 -6.5 1.5 0 0 0 1 0 0 0 -1.5 1-4chrd.dat
1 4 -19.4 -.25 3.1 1.4 0 0 0 1 0 0 0 1.4 5-16ndis.dat
1 0 -19.4 -.25 3.1 1.4 0 0 0 1 0 0 0 1.4 1-4chrd.dat
1 0 -19.4 -.25 3.1 0 0 -1.4 0 1 0 1.4 0 0 1-16chrd.dat
1 0 -19.4 -.25 3.1 .6 0 0 0 1 0 0 0 .6 5-16ndis.dat
1 4 -19.4 -.25 3.1 .6 0 0 0 1 0 0 0 .6 5-16chrd.dat
1 4 -23 -.25 0 -3 0 0 0 1 0 0 0 3 3-16ndis.dat
1 0 -23 -.25 0 -.25 0 0 0 1 0 0 0 .25 3-16ring11.dat
1 0 -23 -.25 0 -.55 0 0 0 1 0 0 0 .55 3-16rin4.dat
1 4 -23 -.25 0 -2.2 0 0 0 1 0 0 0 2.2 3-16chrd.dat
1 4 -23 -.25 0 -2.2 0 0 0 1 0 0 0 -2.2 3-16chrd.dat
1 0 -23 -.25 0 -.55 0 0 0 1 0 0 0 -.55 3-16rin4.dat
1 0 -23 -.25 0 -.25 0 0 0 1 0 0 0 -.25 3-16ring11.dat
1 4 -23 -.25 0 -3 0 0 0 1 0 0 0 -3 3-16ndis.dat
1 4 -19.4 -.25 -3.1 .6 0 0 0 1 0 0 0 -.6 5-16chrd.dat
1 0 -19.4 -.25 -3.1 .6 0 0 0 1 0 0 0 -.6 5-16ndis.dat
1 0 -19.4 -.25 -3.1 1.4 0 0 0 1 0 0 0 -1.4 1-4chrd.dat
1 0 -19.4 -.25 -3.1 0 0 -1.4 0 1 0 -1.4 0 0 1-16chrd.dat
1 4 -19.4 -.25 -3.1 1.4 0 0 0 1 0 0 0 -1.4 5-16ndis.dat
0 // Top faces
0 // Black faces
4 0 -20 -.25 3.7 -19.4 -.25 3.7 -19.4 -.25 4.5 -19.93578 -.25 4.39346
4 0 -20 -.25 3.7 -19.93578 -.25 4.39346 -24.1481 -.25 2.7717 -24.052425 -.25 2.540725
4 0 -20 -.25 3.7 -24.052425 -.25 2.540725 -23.84194 -.25 2.03258 -19.62962 -.25 3.65434
3 0 -18.8 -.25 3.7 -18.8 -.25 3.1 -18 -.25 3.1
3 0 -18.8 -.25 3.7 -18 -.25 3.1 -19.4 -.25 4.5
3 0 -18.8 -.25 3.7 -19.4 -.25 4.5 -19.4 -.25 3.7
4 0 -18.8 -.25 3.1 -18.8 -.25 -3.1 -18 -.25 -3.1 -18 -.25 3.1
4 0 -20 -.25 -3.7 -19.62962 -.25 -3.65434 -23.84194 -.25 -2.03258 -24.052425 -.25 -2.540725
4 0 -20 -.25 -3.7 -24.052425 -.25 -2.540725 -24.1481 -.25 -2.7717 -19.93578 -.25 -4.39346
4 0 -20 -.25 -3.7 -19.93578 -.25 -4.39346 -19.4 -.25 -4.5 -19.4 -.25 -3.7
3 0 -18.8 -.25 -3.7 -19.4 -.25 -3.7 -19.4 -.25 -4.5
3 0 -18.8 -.25 -3.7 -19.4 -.25 -4.5 -18 -.25 -3.1
3 0 -18.8 -.25 -3.7 -18 -.25 -3.1 -18.8 -.25 -3.1
0 // Red fill
4 4 -25.2 -.25 0 -18.8 -.25 3.1 -19.62962 -.25 3.65434 -23.84194 -.25 2.03258
3 4 -25.2 -.25 0 -18.8 -.25 -3.1 -18.8 -.25 3.1
4 4 -25.2 -.25 0 -23.84194 -.25 -2.03258 -19.62962 -.25 -3.65434 -18.8 -.25 -3.1
0 // Red faces
3 4 -26.5 -.25 8 -20.8 -.25 4.5 -19.4 -.25 4.5
3 4 -26.5 -.25 8 -19.4 -.25 4.5 -18 -.25 4.5
3 4 -26 -.25 3 -20.8 -.25 4.5 -26.5 -.25 8
4 4 -26 -.25 3 -24.1481 -.25 2.7717 -19.93578 -.25 4.39346 -20.8 -.25 4.5
4 4 -26 -.25 0 -26 -.25 3 -26.5 -.25 8 -28 -.25 6.5
3 4 -26 -.25 0 -28 -.25 6.5 -28 -.25 -6.5
4 4 -26 -.25 0 -28 -.25 -6.5 -26.5 -.25 -8 -26 -.25 -3
4 4 -26 -.25 -3 -20.8 -.25 -4.5 -19.93578 -.25 -4.39346 -24.1481 -.25 -2.7717
3 4 -26 -.25 -3 -26.5 -.25 -8 -20.8 -.25 -4.5
3 4 -26.5 -.25 -8 -19.4 -.25 -4.5 -20.8 -.25 -4.5
3 4 -26.5 -.25 -8 -18 -.25 -4.5 -19.4 -.25 -4.5