0 ~Sticker  1.9 x  1.8 with Logos and Grey and Red Stripes on White Background - Second Face
0 Name: s\6221655os01.dat
0 Author: Massimo Maso [Sirio]
0 !LDRAW_ORG Unofficial_Subpart
0 !LICENSE Licensed under CC BY 4.0 : see CAreadme.txt

0 BFC CERTIFY CCW

0 // Faces
0 // Black faces
4 0 -.8422 -.25 -6.8909 -.4237 -.25 -6.8648 -.4283 -.25 -6.6428 -.8558 -.25 -6.6693
4 0 .8558 -.25 -6.6693 .8422 -.25 -6.8909 1.2592 -.25 -6.9341 1.282 -.25 -6.7133
4 0 1.674 -.25 -6.9945 2.086 -.25 -7.072 2.1269 -.25 -6.8538 1.7059 -.25 -6.7749
4 0 2.4857 -.25 -7.1664 2.8988 -.25 -7.2775 2.9575 -.25 -7.0634 2.5444 -.25 -6.9501
4 0 2.8988 -.25 -7.2775 3.1047 -.25 -7.3435 3.3656 -.25 -7.1936 2.9575 -.25 -7.0634
4 0 -1.8886 -.25 -7.1304 -2.0446 -.25 -7.287 -2.0132 -.25 -7.2864 -1.8572 -.25 -7.1298
4 0 -2.0132 -.25 -7.2864 -1.9867 -.25 -7.2984 -1.8307 -.25 -7.1418 -1.8572 -.25 -7.1298
4 0 -.9043 -.25 -7.1239 -.8723 -.25 -7.1268 -.7137 -.25 -6.9848 -.7456 -.25 -6.9818
4 0 -1.3944 -.25 -7.1761 -.9043 -.25 -7.1239 -.7456 -.25 -6.9818 -1.6366 -.25 -7.0767
3 0 -1.6366 -.25 -7.0767 -1.4264 -.25 -7.1859 -1.3944 -.25 -7.1761
4 0 -.6866 -.25 -6.9999 -.7137 -.25 -6.9848 -.8723 -.25 -7.1268 -.8453 -.25 -7.142
4 0 -.6685 -.25 -7.0251 -.6866 -.25 -6.9999 -.8453 -.25 -7.142 -.8272 -.25 -7.1672
4 0 -.6622 -.25 -7.0563 -.6685 -.25 -7.0251 -.8272 -.25 -7.1672 -.8209 -.25 -7.1984
3 0 -1.4534 -.25 -7.2069 -1.4264 -.25 -7.1859 -1.6366 -.25 -7.0767
3 0 -1.4715 -.25 -7.2359 -1.4534 -.25 -7.2069 -1.6366 -.25 -7.0767
4 0 -1.6366 -.25 -7.3435 -1.4779 -.25 -7.2684 -1.4715 -.25 -7.2359 -1.6366 -.25 -7.0767
4 0 -.6622 -.25 -7.0563 -.8209 -.25 -7.1984 -.8209 -.25 -7.2193 -.6622 -.25 -7.2858
4 0 -.6622 -.25 -7.2858 -.8209 -.25 -7.2193 -.8272 -.25 -7.2519 -.6685 -.25 -7.3185
4 0 -.3304 -.25 -7.171 -.3239 -.25 -7.1388 -.4835 -.25 -7.0128 -.4899 -.25 -7.045
4 0 .4899 -.25 -7.087 .4899 -.25 -6.961 -.4059 -.25 -6.961 -.2464 -.25 -7.087
4 0 -.2464 -.25 -7.087 -.4059 -.25 -6.961 -.4381 -.25 -6.9674 -.2785 -.25 -7.0934
4 0 -.2785 -.25 -7.0934 -.4381 -.25 -6.9674 -.4653 -.25 -6.9856 -.3057 -.25 -7.1116
4 0 -.3057 -.25 -7.1116 -.4653 -.25 -6.9856 -.4835 -.25 -7.0128 -.3239 -.25 -7.1388
4 0 -.3304 -.25 -7.192 -.3304 -.25 -7.171 -.4899 -.25 -7.045 -.4899 -.25 -7.318
4 0 .7137 -.25 -6.9848 .8723 -.25 -7.1268 .9043 -.25 -7.1239 .7456 -.25 -6.9818
4 0 .6685 -.25 -7.0251 .8272 -.25 -7.1672 .8453 -.25 -7.142 .6866 -.25 -6.9999
4 0 .8723 -.25 -7.1268 .7137 -.25 -6.9848 .6866 -.25 -6.9999 .8453 -.25 -7.142
4 0 .6622 -.25 -7.0563 .8209 -.25 -7.1984 .8272 -.25 -7.1672 .6685 -.25 -7.0251
4 0 1.6366 -.25 -7.0767 .7456 -.25 -6.9818 .9043 -.25 -7.1239 1.6366 -.25 -7.2019
4 0 0 -.25 -6.634 -.4283 -.25 -6.6428 -.4237 -.25 -6.8648 0 -.25 -6.856
4 0 .4283 -.25 -6.6428 0 -.25 -6.634 0 -.25 -6.856 .4237 -.25 -6.8648
4 0 .8558 -.25 -6.6693 .4283 -.25 -6.6428 .4237 -.25 -6.8648 .8422 -.25 -6.8909
4 0 -.8558 -.25 -6.6693 -1.282 -.25 -6.7133 -1.2592 -.25 -6.9341 -.8422 -.25 -6.8909
4 0 -2.1269 -.25 -6.8538 -2.086 -.25 -7.072 -1.674 -.25 -6.9945 -1.7059 -.25 -6.7749
4 0 -1.2592 -.25 -6.9341 -1.282 -.25 -6.7133 -1.7059 -.25 -6.7749 -1.674 -.25 -6.9945
4 0 1.282 -.25 -6.7133 1.2592 -.25 -6.9341 1.674 -.25 -6.9945 1.7059 -.25 -6.7749
4 0 2.5444 -.25 -6.9501 2.1269 -.25 -6.8538 2.086 -.25 -7.072 2.4857 -.25 -7.1664
4 0 .4381 -.25 -7.2824 .4059 -.25 -7.276 -.2464 -.25 -7.276 .4866 -.25 -7.3435
3 0 -.2464 -.25 -7.276 -.4848 -.25 -7.3435 .4866 -.25 -7.3435
4 0 -.6685 -.25 -7.3185 -.8272 -.25 -7.2519 -.8453 -.25 -7.2809 -.6842 -.25 -7.3435
4 0 1.9627 -.25 -7.1464 1.8067 -.25 -7.1126 1.8067 -.25 -7.3435 1.9627 -.25 -7.3435
4 0 .6622 -.25 -7.0563 .6622 -.25 -7.3435 .8209 -.25 -7.3435 .8209 -.25 -7.1984
4 0 -1.9867 -.25 -7.2984 -1.9689 -.25 -7.3212 -1.8129 -.25 -7.1645 -1.8307 -.25 -7.1418
3 0 -.4848 -.25 -7.3435 -.2464 -.25 -7.276 -.2678 -.25 -7.2696
3 0 -.4848 -.25 -7.3435 -.2678 -.25 -7.2696 -.3057 -.25 -7.2514
4 0 -2.4945 -.25 -7.1664 -2.5444 -.25 -6.9501 -2.9575 -.25 -7.0634 -2.8988 -.25 -7.2775
3 0 -.4848 -.25 -7.3435 -.3057 -.25 -7.2514 -.3239 -.25 -7.2242
4 0 -2.086 -.25 -7.072 -2.1269 -.25 -6.8538 -2.5444 -.25 -6.9501 -2.4945 -.25 -7.1664
4 0 -3.3656 -.25 -7.1936 -3.1047 -.25 -7.3435 -2.8988 -.25 -7.2775 -2.9575 -.25 -7.0634
4 0 -3.768 -.25 -7.3406 -3.775 -.25 -7.3435 -3.1047 -.25 -7.3435 -3.3656 -.25 -7.1936
4 0 3.3656 -.25 -7.1936 3.1047 -.25 -7.3435 3.775 -.25 -7.3435 3.768 -.25 -7.3406
4 0 -1.9689 -.25 -7.3212 -1.9643 -.25 -7.3435 -1.8067 -.25 -7.1945 -1.8129 -.25 -7.1645
4 0 2.6086 -.25 -7.2863 2.6086 -.25 -7.3435 2.7646 -.25 -7.3435 2.7646 -.25 -7.3201
4 0 .4381 -.25 -7.2824 .4866 -.25 -7.3435 .4835 -.25 -7.3278 .4653 -.25 -7.3006
4 0 -.4899 -.25 -7.318 -.4848 -.25 -7.3435 -.3239 -.25 -7.2242 -.3304 -.25 -7.192
3 0 -.8723 -.25 -7.3019 -.6842 -.25 -7.3435 -.8453 -.25 -7.2809
3 0 -.9043 -.25 -7.3116 -.6842 -.25 -7.3435 -.8723 -.25 -7.3019
3 0 -1.2031 -.25 -7.3435 -.6842 -.25 -7.3435 -.9043 -.25 -7.3116
3 0 -1.4779 -.25 -7.2893 -1.6366 -.25 -7.3435 -1.4715 -.25 -7.3206
3 0 -1.4715 -.25 -7.3206 -1.6366 -.25 -7.3435 -1.455 -.25 -7.3435
3 0 -1.6366 -.25 -7.3435 -1.4779 -.25 -7.2893 -1.4779 -.25 -7.2684
3 0 -1.9643 -.25 -7.3435 -1.8067 -.25 -7.3435 -1.8067 -.25 -7.1945
3 0 -2.6827 -.25 -7.3023 -2.0446 -.25 -7.287 -1.8886 -.25 -7.1304
4 0 -2.714 -.25 -7.3154 -2.3054 -.25 -7.3435 -2.0446 -.25 -7.287 -2.6827 -.25 -7.3023
4 0 -2.7433 -.25 -7.3435 -2.3054 -.25 -7.3435 -2.714 -.25 -7.3154 -2.7406 -.25 -7.3389
0 // Grey faces
3 71 -18 -.25 -1.3547 -18 -.25 -7.3435 -4.5252 -.25 -7.3435
3 71 18 -.25 -1.3547 4.5252 -.25 -7.3435 18 -.25 -7.3435
0 // Yellow faces
4 14 -1.674 -.25 -6.9945 -2.086 -.25 -7.072 -1.8886 -.25 -7.1304 -1.8572 -.25 -7.1298
4 14 -1.6366 -.25 -7.0767 -1.674 -.25 -6.9945 -1.8572 -.25 -7.1298 -1.8307 -.25 -7.1418
3 14 -1.6366 -.25 -7.0767 -1.8307 -.25 -7.1418 -1.8129 -.25 -7.1645
4 14 -2.4945 -.25 -7.1664 -2.6827 -.25 -7.3023 -1.8886 -.25 -7.1304 -2.086 -.25 -7.072
4 14 -2.4945 -.25 -7.1664 -2.8988 -.25 -7.2775 -2.714 -.25 -7.3154 -2.6827 -.25 -7.3023
3 14 -2.7406 -.25 -7.3389 -2.714 -.25 -7.3154 -2.8988 -.25 -7.2775
4 14 -.8422 -.25 -6.8909 -.7456 -.25 -6.9818 -.7137 -.25 -6.9848 -.4237 -.25 -6.8648
4 14 -.4653 -.25 -6.9856 -.4381 -.25 -6.9674 -.6866 -.25 -6.9999 -.6685 -.25 -7.0251
4 14 -.8422 -.25 -6.8909 -1.2592 -.25 -6.9341 -1.6366 -.25 -7.0767 -.7456 -.25 -6.9818
4 14 -1.3944 -.25 -7.1761 -1.4779 -.25 -7.2893 -.8723 -.25 -7.1268 -.9043 -.25 -7.1239
3 14 -1.4779 -.25 -7.2893 -.8453 -.25 -7.142 -.8723 -.25 -7.1268
4 14 -.8209 -.25 -7.1984 -.8272 -.25 -7.1672 -.8453 -.25 -7.142 -1.4779 -.25 -7.2893
4 14 -1.4779 -.25 -7.2893 -1.3944 -.25 -7.1761 -1.4264 -.25 -7.1859 -1.4779 -.25 -7.2684
4 14 -1.4264 -.25 -7.1859 -1.4534 -.25 -7.2069 -1.4715 -.25 -7.2359 -1.4779 -.25 -7.2684
4 14 -.8209 -.25 -7.1984 -1.4779 -.25 -7.2893 -.8272 -.25 -7.2519 -.8209 -.25 -7.2193
4 14 -.8272 -.25 -7.2519 -1.4779 -.25 -7.2893 -.8723 -.25 -7.3019 -.8453 -.25 -7.2809
4 14 -.8723 -.25 -7.3019 -1.4779 -.25 -7.2893 -1.4715 -.25 -7.3206 -.9043 -.25 -7.3116
4 14 -.4381 -.25 -6.9674 -.4059 -.25 -6.961 0 -.25 -6.856 -.4237 -.25 -6.8648
4 14 -.6866 -.25 -6.9999 -.4381 -.25 -6.9674 -.4237 -.25 -6.8648 -.7137 -.25 -6.9848
4 14 -.6622 -.25 -7.2858 -.4899 -.25 -7.045 -.4835 -.25 -7.0128 -.6622 -.25 -7.0563
4 14 -.2785 -.25 -7.0934 -.3057 -.25 -7.1116 -.3239 -.25 -7.1388 -.3304 -.25 -7.192
3 14 -.3304 -.25 -7.192 -.3239 -.25 -7.1388 -.3304 -.25 -7.171
4 14 -.2678 -.25 -7.2696 -.3304 -.25 -7.192 -.3239 -.25 -7.2242 -.3057 -.25 -7.2514
4 14 -.2785 -.25 -7.0934 -.3304 -.25 -7.192 -.2678 -.25 -7.2696 -.2464 -.25 -7.276
4 14 .4899 -.25 -7.087 .4653 -.25 -7.3006 .4835 -.25 -7.3278 .6622 -.25 -7.0563
3 14 .7137 -.25 -6.9848 .7456 -.25 -6.9818 .8422 -.25 -6.8909
3 14 .6866 -.25 -6.9999 .7137 -.25 -6.9848 .4899 -.25 -6.961
3 14 .6685 -.25 -7.0251 .6866 -.25 -6.9999 .4899 -.25 -6.961
4 14 .4899 -.25 -7.087 .6622 -.25 -7.0563 .6685 -.25 -7.0251 .4899 -.25 -6.961
4 14 .8272 -.25 -7.1672 1.8067 -.25 -7.3435 .8723 -.25 -7.1268 .8453 -.25 -7.142
4 14 2.086 -.25 -7.072 1.674 -.25 -6.9945 1.8067 -.25 -7.1126 1.9627 -.25 -7.1464
4 14 -.4059 -.25 -6.961 .4899 -.25 -6.961 .4237 -.25 -6.8648 0 -.25 -6.856
4 14 .7137 -.25 -6.9848 .8422 -.25 -6.8909 .4237 -.25 -6.8648 .4899 -.25 -6.961
4 14 1.6366 -.25 -7.0767 1.2592 -.25 -6.9341 .8422 -.25 -6.8909 .7456 -.25 -6.9818
3 14 -1.2592 -.25 -6.9341 -1.674 -.25 -6.9945 -1.6366 -.25 -7.0767
4 14 -.4835 -.25 -7.0128 -.4653 -.25 -6.9856 -.6685 -.25 -7.0251 -.6622 -.25 -7.0563
4 14 1.8067 -.25 -7.1126 1.674 -.25 -6.9945 1.2592 -.25 -6.9341 1.6366 -.25 -7.0767
3 14 -1.8067 -.25 -7.1945 -1.6366 -.25 -7.0767 -1.8129 -.25 -7.1645
4 14 -.2785 -.25 -7.0934 -.2464 -.25 -7.276 .4059 -.25 -7.276 -.2464 -.25 -7.087
4 14 -.2464 -.25 -7.087 .4059 -.25 -7.276 .4381 -.25 -7.2824 .4899 -.25 -7.087
3 14 .4653 -.25 -7.3006 .4899 -.25 -7.087 .4381 -.25 -7.2824
4 14 2.6086 -.25 -7.2863 2.7646 -.25 -7.3201 2.8988 -.25 -7.2775 2.4857 -.25 -7.1664
4 14 2.6086 -.25 -7.2863 2.4857 -.25 -7.1664 2.086 -.25 -7.072 1.9627 -.25 -7.1464
4 14 -1.9867 -.25 -7.2984 -2.0132 -.25 -7.2864 -2.0446 -.25 -7.287 -2.3054 -.25 -7.3435
4 14 2.6086 -.25 -7.3435 2.6086 -.25 -7.2863 1.9627 -.25 -7.1464 1.9627 -.25 -7.3435
4 14 1.6366 -.25 -7.2019 .9043 -.25 -7.1239 .8723 -.25 -7.1268 1.8067 -.25 -7.3435
4 14 1.6366 -.25 -7.2019 1.8067 -.25 -7.3435 1.8067 -.25 -7.1126 1.6366 -.25 -7.0767
4 14 -1.6366 -.25 -7.0767 -1.8067 -.25 -7.1945 -1.8067 -.25 -7.3435 -1.6366 -.25 -7.3435
4 14 -2.8988 -.25 -7.2775 -3.1047 -.25 -7.3435 -2.7433 -.25 -7.3435 -2.7406 -.25 -7.3389
4 14 .8209 -.25 -7.1984 .8209 -.25 -7.3435 1.8067 -.25 -7.3435 .8272 -.25 -7.1672
4 14 2.7646 -.25 -7.3201 2.7646 -.25 -7.3435 3.1047 -.25 -7.3435 2.8988 -.25 -7.2775
4 14 .6622 -.25 -7.3435 .6622 -.25 -7.0563 .4835 -.25 -7.3278 .4866 -.25 -7.3435
4 14 -.6842 -.25 -7.3435 -.4848 -.25 -7.3435 -.4899 -.25 -7.318 -.6685 -.25 -7.3185
4 14 -.4899 -.25 -7.045 -.6622 -.25 -7.2858 -.6685 -.25 -7.3185 -.4899 -.25 -7.318
4 14 -1.9643 -.25 -7.3435 -1.9689 -.25 -7.3212 -1.9867 -.25 -7.2984 -2.3054 -.25 -7.3435
4 14 -1.4715 -.25 -7.3206 -1.455 -.25 -7.3435 -1.2031 -.25 -7.3435 -.9043 -.25 -7.3116
0 // White faces
3 15 -18 -.25 -1.3547 -.8558 -.25 -6.6693 -.4283 -.25 -6.6428
3 15 -18 -.25 -1.3547 -1.282 -.25 -6.7133 -.8558 -.25 -6.6693
3 15 -18 -.25 -1.3547 -1.7059 -.25 -6.7749 -1.282 -.25 -6.7133
3 15 -18 -.25 -1.3547 -2.1269 -.25 -6.8538 -1.7059 -.25 -6.7749
3 15 -18 -.25 -1.3547 -2.5444 -.25 -6.9501 -2.1269 -.25 -6.8538
3 15 -18 -.25 -1.3547 -2.9575 -.25 -7.0634 -2.5444 -.25 -6.9501
3 15 -18 -.25 -1.3547 -3.3656 -.25 -7.1936 -2.9575 -.25 -7.0634
3 15 -18 -.25 -1.3547 -3.768 -.25 -7.3406 -3.3656 -.25 -7.1936
3 15 18 -.25 -1.3547 0 -.25 -6.634 .4283 -.25 -6.6428
3 15 18 -.25 -1.3547 .4283 -.25 -6.6428 .8558 -.25 -6.6693
3 15 18 -.25 -1.3547 .8558 -.25 -6.6693 1.282 -.25 -6.7133
3 15 18 -.25 -1.3547 1.282 -.25 -6.7133 1.7059 -.25 -6.7749
3 15 18 -.25 -1.3547 1.7059 -.25 -6.7749 2.1269 -.25 -6.8538
3 15 18 -.25 -1.3547 2.1269 -.25 -6.8538 2.5444 -.25 -6.9501
3 15 18 -.25 -1.3547 2.5444 -.25 -6.9501 2.9575 -.25 -7.0634
3 15 18 -.25 -1.3547 2.9575 -.25 -7.0634 3.3656 -.25 -7.1936
3 15 18 -.25 -1.3547 3.3656 -.25 -7.1936 3.768 -.25 -7.3406
4 15 -18 -.25 -1.3547 18 -.25 -1.3547 18 -.25 .0121 -18 -.25 .0121
4 15 -.4283 -.25 -6.6428 0 -.25 -6.634 18 -.25 -1.3547 -18 -.25 -1.3547
4 15 -18 -.25 -1.3547 -4.5252 -.25 -7.3435 -3.775 -.25 -7.3435 -3.768 -.25 -7.3406
4 15 18 -.25 -1.3547 3.768 -.25 -7.3406 3.775 -.25 -7.3435 4.5252 -.25 -7.3435
