0 ~Sticker  0.8 x  1.9 with Headlamp on Red Background Right - Second Face
0 Name: s\6221654us02.dat
0 Author: Massimo Maso [Sirio]
0 !LDRAW_ORG Unofficial_Subpart
0 !LICENSE Licensed under CC BY 4.0 : see CAreadme.txt

0 BFC CERTIFY CCW

0 // Faces
0 // Black faces
4 0 -3.3 -.25 -2.6547 -3.3 -.25 -2.2547 -3.5709 -.25 -2.2883 -3.5438 -.25 -2.6979
4 0 -4.0482 -.25 -2.5447 -3.9282 -.25 -2.7343 -3.758 -.25 -2.8221 -3.8254 -.25 -2.3869
3 0 -5.9597 -.25 .0121 -5.2935 -.25 -.996 -5.0316 -.25 -.8175
3 0 -5.9597 -.25 .0121 -5.0316 -.25 -.8175 -4.7209 -.25 -.7547
4 0 -4.4102 -.25 -.8175 -2.8934 -.25 .0121 -5.9597 -.25 .0121 -4.7209 -.25 -.7547
3 0 -2.842 -.25 -5.5721 -2.6835 -.25 -5.7624 -2.3 -.25 -5.0047
3 0 -2.3 -.25 -5.0047 -2.6835 -.25 -5.7624 -2.6 -.25 -5.9954
3 0 -3.8862 -.25 -2.9547 -3.758 -.25 -2.8221 -3.9282 -.25 -2.7343
4 0 -3.5709 -.25 -2.2883 -3.8254 -.25 -2.3869 -3.758 -.25 -2.8221 -3.5438 -.25 -2.6979
4 0 -3.0562 -.25 -2.6979 -3.0157 -.25 -2.2917 -3.3 -.25 -2.2547 -3.3 -.25 -2.6547
4 0 -2.6 -.25 -3.2454 -1.9 -.25 -2.7547 -2.0971 -.25 -2.0455 -2.6835 -.25 -3.0123
3 0 -3.758 -.25 -5.5721 -3.5438 -.25 -5.4479 -3.8354 -.25 -5.0047
3 0 -3.8354 -.25 -5.0047 -3.5438 -.25 -5.4479 -3.3 -.25 -5.4047
3 0 -3.8354 -.25 -5.0047 -3.3 -.25 -5.4047 -2.3 -.25 -5.0047
3 0 -2.3 -.25 -5.0047 -3.3 -.25 -5.4047 -3.0562 -.25 -5.4479
3 0 -2.3 -.25 -5.0047 -3.0562 -.25 -5.4479 -2.842 -.25 -5.5721
3 0 -4.4102 -.25 -.8175 -4.1483 -.25 -.996 -2.8934 -.25 .0121
3 0 -2.8934 -.25 .0121 -4.1483 -.25 -.996 -3.8208 -.25 -1.2785
4 0 -3.5235 -.25 -1.5926 -2.5944 -.25 -.6605 -2.8934 -.25 .0121 -3.8208 -.25 -1.2785
4 0 -3.2545 -.25 -1.9312 -2.3288 -.25 -1.3469 -2.5944 -.25 -.6605 -3.5235 -.25 -1.5926
4 0 -3.0157 -.25 -2.2917 -2.0971 -.25 -2.0455 -2.3288 -.25 -1.3469 -3.2545 -.25 -1.9312
4 0 -3.0562 -.25 -2.6979 -2.842 -.25 -2.8221 -2.0971 -.25 -2.0455 -3.0157 -.25 -2.2917
3 0 -2.842 -.25 -2.8221 -2.6835 -.25 -3.0123 -2.0971 -.25 -2.0455
4 0 -2.3701 -.25 -7.3435 -1.5582 -.25 -7.3435 -2.3 -.25 -5.0047 -2.6 -.25 -5.9954
3 0 -5.9597 -.25 .0121 -5.4655 -.25 -1.2623 -5.2935 -.25 -.996
4 0 -5.3781 -.25 -7.3435 -5.5206 -.25 -1.5745 -5.9597 -.25 .0121 -5.7781 -.25 -7.3435
3 0 -5.9597 -.25 .0121 -5.5206 -.25 -1.5745 -5.4655 -.25 -1.2623
3 0 -3.8354 -.25 -5.0047 -3.8196 -.25 -5.646 -3.758 -.25 -5.5721
3 0 -3.758 -.25 -2.8221 -3.8862 -.25 -2.9547 -3.8855 -.25 -2.9752
4 0 -2.6 -.25 -3.2454 -2.3 -.25 -5.0047 -1.5582 -.25 -7.3435 -1.9 -.25 -2.7547
0 // Yellow faces
4 14 -5.5206 -.25 -1.5745 -5.3781 -.25 -7.3435 -4.9779 -.25 -7.3435 -5.0862 -.25 -2.9547
4 14 -5.5206 -.25 -1.5745 -5.0862 -.25 -2.9547 -5.042 -.25 -2.7285 -5.4655 -.25 -1.2623
4 14 -5.4655 -.25 -1.2623 -5.042 -.25 -2.7285 -4.9157 -.25 -2.5357 -5.2935 -.25 -.996
4 14 -5.2935 -.25 -.996 -4.9157 -.25 -2.5357 -4.7261 -.25 -2.4047 -5.0316 -.25 -.8175
4 14 -5.0316 -.25 -.8175 -4.7261 -.25 -2.4047 -4.501 -.25 -2.3549 -4.7209 -.25 -.7547
4 14 -4.7209 -.25 -.7547 -4.501 -.25 -2.3549 -4.2543 -.25 -2.4013 -4.4102 -.25 -.8175
4 14 -4.4102 -.25 -.8175 -4.2543 -.25 -2.4013 -4.0482 -.25 -2.5447 -4.1483 -.25 -.996
4 14 -4.1483 -.25 -.996 -4.0482 -.25 -2.5447 -3.8254 -.25 -2.3869 -3.8208 -.25 -1.2785
4 14 -3.8208 -.25 -1.2785 -3.8254 -.25 -2.3869 -3.5709 -.25 -2.2883 -3.5235 -.25 -1.5926
4 14 -3.5235 -.25 -1.5926 -3.5709 -.25 -2.2883 -3.3 -.25 -2.2547 -3.2545 -.25 -1.9312
3 14 -3.2545 -.25 -1.9312 -3.3 -.25 -2.2547 -3.0157 -.25 -2.2917
4 14 -3.8354 -.25 -5.0047 -2.3 -.25 -5.0047 -2.6 -.25 -3.2454 -3.8855 -.25 -2.9752
4 14 -3.8855 -.25 -2.9752 -2.6 -.25 -3.2454 -2.6835 -.25 -3.0123 -3.758 -.25 -2.8221
4 14 -3.758 -.25 -2.8221 -2.6835 -.25 -3.0123 -2.842 -.25 -2.8221 -3.5438 -.25 -2.6979
4 14 -3.5438 -.25 -2.6979 -2.842 -.25 -2.8221 -3.0562 -.25 -2.6979 -3.3 -.25 -2.6547
4 14 -3.8196 -.25 -5.646 -3.7776 -.25 -7.3435 -2.3701 -.25 -7.3435 -2.6 -.25 -5.9954
4 14 -3.8196 -.25 -5.646 -2.6 -.25 -5.9954 -2.6835 -.25 -5.7624 -3.758 -.25 -5.5721
4 14 -3.758 -.25 -5.5721 -2.6835 -.25 -5.7624 -2.842 -.25 -5.5721 -3.5438 -.25 -5.4479
4 14 -3.5438 -.25 -5.4479 -2.842 -.25 -5.5721 -3.0562 -.25 -5.4479 -3.3 -.25 -5.4047
0 // White faces
4 15 -3.8196 -.25 -5.646 -3.8354 -.25 -5.0047 -5.0862 -.25 -2.9547 -4.9779 -.25 -7.3435
4 15 -3.8354 -.25 -5.0047 -3.8855 -.25 -2.9752 -3.8862 -.25 -2.9547 -5.0862 -.25 -2.9547
4 15 -5.0862 -.25 -2.9547 -3.8862 -.25 -2.9547 -3.9282 -.25 -2.7343 -5.042 -.25 -2.7285
3 15 -4.2543 -.25 -2.4013 -4.501 -.25 -2.3549 -4.7261 -.25 -2.4047
4 15 -4.9157 -.25 -2.5357 -4.0482 -.25 -2.5447 -4.2543 -.25 -2.4013 -4.7261 -.25 -2.4047
4 15 -5.042 -.25 -2.7285 -3.9282 -.25 -2.7343 -4.0482 -.25 -2.5447 -4.9157 -.25 -2.5357
3 15 -4.9779 -.25 -7.3435 -3.7776 -.25 -7.3435 -3.8196 -.25 -5.646
0 // Neutral faces
4 16 -8 -.25 .0121 -8 -.25 -7.3435 -5.7781 -.25 -7.3435 -5.9597 -.25 .0121
3 16 8 -.25 .0121 -2.8934 -.25 .0121 -2.5944 -.25 -.6605
3 16 8 -.25 .0121 -2.5944 -.25 -.6605 -2.3288 -.25 -1.3469
3 16 8 -.25 .0121 -2.3288 -.25 -1.3469 -2.0971 -.25 -2.0455
3 16 8 -.25 .0121 -2.0971 -.25 -2.0455 -1.9 -.25 -2.7547
4 16 8 -.25 .0121 -1.9 -.25 -2.7547 -1.5582 -.25 -7.3435 8 -.25 -7.3435