0 ~Sticker  0.8 x  1.9 with White Logos on Black and Red Background Left - Second Face
0 Name: s\6221808bos02.dat
0 Author: Massimo Maso [Sirio]
0 !LDRAW_ORG Unofficial_Subpart
0 !LICENSE Licensed under CC BY 4.0 : see CAreadme.txt

0 BFC CERTIFY CCW

0 // Primitives
1 0 3.5 -.25 -4.6907 2.9 0 0 0 1 0 0 0 2.9 2-4ndis.dat
1 15 3.5 -.25 -4.6907 2.9 0 0 0 1 0 0 0 2.9 1-8chrd.dat
1 15 3.5 -.25 -4.6907 0 0 2.9 0 1 0 2.9 0 0 1-8chrd.dat
1 15 3.5 -.25 -4.6907 0 0 -2.9 0 1 0 2.9 0 0 1-8chrd.dat
1 15 3.5 -.25 -4.6907 -2.9 0 0 0 1 0 0 0 2.9 1-8chrd.dat
1 15 3.5 -.25 -4.6907 1.8212 0 0 0 1 0 0 0 1.8212 4-4ndis.dat
1 0 3.5 -.25 -4.6907 1.8212 0 0 0 1 0 0 0 1.8212 4-4disc.dat
0 // Faces
0 // Black faces
4 0 .6 -.25 -1.7907 3.5 -.25 -1.7907 1.8818 -.25 -1.4856 .803 -.25 -1.4856
3 0 .6 -.25 -4.6907 -1.1042 -.25 -7.3435 .6249 -.25 -5.0692
3 0 6.3011 -.25 -5.4412 8 -.25 -7.3435 6.3751 -.25 -5.0692
3 0 4.95 -.25 -7.2021 8 -.25 -7.3435 5.2655 -.25 -6.9916
3 0 -1.1042 -.25 -7.3435 1.4494 -.25 -6.7413 1.1991 -.25 -6.4562
3 0 -1.1042 -.25 -7.3435 2.3365 -.25 -7.3435 2.05 -.25 -7.2021
3 0 6.3751 -.25 -5.0692 8 -.25 -7.3435 6.4 -.25 -4.6907
3 0 5.2655 -.25 -6.9916 8 -.25 -7.3435 5.5506 -.25 -6.7413
3 0 6.1793 -.25 -5.8005 8 -.25 -7.3435 6.3011 -.25 -5.4412
3 0 -1.1042 -.25 -7.3435 2.05 -.25 -7.2021 1.7345 -.25 -6.9916
3 0 5.5506 -.25 -6.7413 8 -.25 -7.3435 5.8009 -.25 -6.4562
3 0 4.6635 -.25 -7.3435 8 -.25 -7.3435 4.95 -.25 -7.2021
3 0 6.0114 -.25 -6.1407 8 -.25 -7.3435 6.1793 -.25 -5.8005
3 0 -1.1042 -.25 -7.3435 .9886 -.25 -6.1407 .8207 -.25 -5.8005
3 0 1.8818 -.25 -1.4856 8 -.25 .0121 1.8818 -.25 .0121
4 0 6.4 -.25 -1.7907 8 -.25 .0121 1.8818 -.25 -1.4856 3.5 -.25 -1.7907
3 0 -1.1042 -.25 -7.3435 .6989 -.25 -5.4412 .6249 -.25 -5.0692
4 0 .803 -.25 -1.4856 .803 -.25 .0121 -1.2784 -.25 .0121 .6 -.25 -1.7907
3 0 -1.1042 -.25 -7.3435 1.7345 -.25 -6.9916 1.4494 -.25 -6.7413
3 0 -1.1042 -.25 -7.3435 1.1991 -.25 -6.4562 .9886 -.25 -6.1407
3 0 5.8009 -.25 -6.4562 8 -.25 -7.3435 6.0114 -.25 -6.1407
3 0 -1.1042 -.25 -7.3435 .8207 -.25 -5.8005 .6989 -.25 -5.4412
4 0 8 -.25 .0121 6.4 -.25 -1.7907 6.4 -.25 -4.6907 8 -.25 -7.3435
4 0 -1.2784 -.25 .0121 -1.1042 -.25 -7.3435 .6 -.25 -4.6907 .6 -.25 -1.7907
0 // Red face
4 4 -8 -.25 .0121 -8 -.25 -7.3435 -2.0042 -.25 -7.3435 -2.1784 -.25 .0121
0 // White faces
4 15 1.4494 -.25 -6.7413 .6 -.25 -4.6907 .6249 -.25 -5.0692 1.1991 -.25 -6.4562
4 15 1.1991 -.25 -6.4562 .6249 -.25 -5.0692 .6989 -.25 -5.4412 .9886 -.25 -6.1407
3 15 .9886 -.25 -6.1407 .6989 -.25 -5.4412 .8207 -.25 -5.8005
4 15 5.5506 -.25 -6.7413 5.8009 -.25 -6.4562 6.3751 -.25 -5.0692 6.4 -.25 -4.6907
4 15 5.8009 -.25 -6.4562 6.0114 -.25 -6.1407 6.3011 -.25 -5.4412 6.3751 -.25 -5.0692
3 15 6.3011 -.25 -5.4412 6.0114 -.25 -6.1407 6.1793 -.25 -5.8005
4 15 1.6788 -.25 -2.8695 3.5 -.25 -2.8695 3.5 -.25 -1.7907 1.4494 -.25 -2.6401
4 15 1.6788 -.25 -2.8695 1.4494 -.25 -2.6401 .6 -.25 -4.6907 1.6788 -.25 -4.6907
4 15 1.6788 -.25 -6.5119 1.6788 -.25 -4.6907 .6 -.25 -4.6907 1.4494 -.25 -6.7413
4 15 5.3212 -.25 -6.5119 5.5506 -.25 -6.7413 6.4 -.25 -4.6907 5.3212 -.25 -4.6907
4 15 5.3212 -.25 -2.8695 5.3212 -.25 -4.6907 6.4 -.25 -4.6907 5.5506 -.25 -2.6401
4 15 5.3212 -.25 -2.8695 5.5506 -.25 -2.6401 3.5 -.25 -1.7907 3.5 -.25 -2.8695
4 15 -2.1784 -.25 .0121 -2.0042 -.25 -7.3435 -1.1042 -.25 -7.3435 -1.2784 -.25 .0121
4 15 .803 -.25 .0121 .803 -.25 -1.4856 1.8818 -.25 -1.4856 1.8818 -.25 .0121
3 15 3.5 -.25 -6.5119 2.3365 -.25 -7.3435 4.6635 -.25 -7.3435
4 15 1.7345 -.25 -6.9916 2.05 -.25 -7.2021 2.3365 -.25 -7.3435 3.5 -.25 -6.5119
4 15 5.2655 -.25 -6.9916 3.5 -.25 -6.5119 4.6635 -.25 -7.3435 4.95 -.25 -7.2021
4 15 5.2655 -.25 -6.9916 5.5506 -.25 -6.7413 5.3212 -.25 -6.5119 3.5 -.25 -6.5119
4 15 1.7345 -.25 -6.9916 3.5 -.25 -6.5119 1.6788 -.25 -6.5119 1.4494 -.25 -6.7413