0 ~Sticker  1.9 x  0.8 with Black Trapezoid with White "DMG MORI" and Red Stripe on White Background Right - Third Face
0 Name: s\6221657hs03.dat
0 Author: Massimo Maso [Sirio]
0 !LDRAW_ORG Unofficial_Subpart
0 !LICENSE Licensed under CC BY 4.0 : see CAreadme.txt

0 BFC CERTIFY CCW

0 // Faces
0 // Grey faces
4 71 -8 -.25 7.2284 5.4054 -.25 5.9434 8 -.25 6.9872 8 -.25 7.2284
4 71 -8 -.25 7.2284 .1213 -.25 4.1116 2.7783 -.25 4.9845 5.4054 -.25 5.9434
3 71 -8 -.25 7.2284 -2.5626 -.25 3.3255 .1213 -.25 4.1116
4 71 -8 -.25 7.2284 -8 -.25 2.0172 -5.2707 -.25 2.6271 -2.5626 -.25 3.3255
0 // Red faces
3 4 8 -.25 -.0128 8 -.25 6.9872 5.4054 -.25 5.9434
3 4 8 -.25 -.0128 5.4054 -.25 5.9434 2.7783 -.25 4.9845
3 4 8 -.25 -.0128 2.7783 -.25 4.9845 .1213 -.25 4.1116
3 4 8 -.25 -.0128 .1213 -.25 4.1116 -2.5626 -.25 3.3255
3 4 8 -.25 -.0128 -2.5626 -.25 3.3255 -5.2707 -.25 2.6271
4 4 8 -.25 -.0128 -5.2707 -.25 2.6271 -8 -.25 2.0172 -8 -.25 -.0128
