0 ~Sticker  0.8 x  5.8 with Black Air Vent on Red Background
0 Name: s\6253618ns01.dat
0 Author: Massimo Maso [Sirio]
0 !LDRAW_ORG Unofficial_Subpart
0 !LICENSE Licensed under CC BY 4.0 : see CAreadme.txt

0 BFC CERTIFY CCW

0 // Primitives
1 4 56.5 -.25 6.5 1.5 0 0 0 1 0 0 0 1.5 1-4chrd.dat
1 4 56.5 -.25 -6.5 1.5 0 0 0 1 0 0 0 -1.5 1-4chrd.dat
1 4 35.3 -.25 5 1 0 0 0 1 0 0 0 1 1-4ndis.dat
1 0 35.3 -.25 5 1 0 0 0 1 0 0 0 1 1-4chrd.dat
1 4 43.56 -.25 5 -1 0 0 0 1 0 0 0 1 1-4ndis.dat
1 0 43.56 -.25 5 -1 0 0 0 1 0 0 0 1 1-4chrd.dat
1 4 55.7 -.25 5 1 0 0 0 1 0 0 0 1 1-4ndis.dat
1 0 55.7 -.25 5 1 0 0 0 1 0 0 0 1 1-4chrd.dat
1 320 43.56 -.25 -4 -1 0 0 0 1 0 0 0 -1 1-4chrd.dat
1 4 43.56 -.25 -4 -1 0 0 0 1 0 0 0 -1 1-4ndis.dat
0 // Top face
0 // Black faces
4 0 42.6674 -.25 -.5706 43.96 -.25 -.17 44.295 -.25 .165 43.97 -.25 .49
4 0 44.01 -.25 -2.88 44.66 -.25 -3.53 45.31 -.25 -2.88 44.66 -.25 -2.23
4 0 45.31 -.25 -.85 44.66 -.25 -.2 44.01 -.25 -.85 44.66 -.25 -1.5
3 0 45.9819 -.25 -3.5519 45.675 -.25 -3.245 45.343 -.25 -3.577
4 0 47.34 -.25 -2.88 46.69 -.25 -2.23 46.04 -.25 -2.88 46.7323 -.25 -3.4877
3 0 46.7323 -.25 -3.4877 46.04 -.25 -2.88 46.6567 -.25 -3.4967
4 0 46.325 -.25 -1.865 45.675 -.25 -1.215 45.025 -.25 -1.865 45.675 -.25 -2.515
4 0 47.34 -.25 -.85 46.69 -.25 -.2 46.04 -.25 -.85 46.69 -.25 -1.5
3 0 47.8187 -.25 -3.3587 47.705 -.25 -3.245 47.5607 -.25 -3.3894
4 0 48.72 -.25 -2.23 48.07 -.25 -2.88 48.4276 -.25 -3.2376 49.1582 -.25 -3.0918
3 0 48.72 -.25 -2.23 49.1582 -.25 -3.0918 49.37 -.25 -2.88
4 0 48.355 -.25 -1.865 47.705 -.25 -1.215 47.055 -.25 -1.865 47.705 -.25 -2.515
4 0 49.37 -.25 -.85 48.72 -.25 -.2 48.07 -.25 -.85 48.72 -.25 -1.5
4 0 51.0646 -.25 -2.5446 50.75 -.25 -2.23 50.1562 -.25 -2.8238 50.8097 -.25 -2.6389
4 0 49.085 -.25 -1.865 49.735 -.25 -2.515 50.385 -.25 -1.865 49.735 -.25 -1.215
4 0 50.1 -.25 -.85 50.75 -.25 -1.5 51.4 -.25 -.85 50.75 -.25 -.2
4 0 51.115 -.25 -1.865 52.1296 -.25 -2.1504 52.415 -.25 -1.865 51.765 -.25 -1.215
3 0 52.1296 -.25 -2.1504 51.115 -.25 -1.865 51.5974 -.25 -2.3474
4 0 52.13 -.25 -.85 52.78 -.25 -1.5 53.43 -.25 -.85 52.78 -.25 -.2
3 0 53.145 -.25 .165 53.795 -.25 -.485 54.445 -.25 .165
4 0 28.785 -.25 -1.865 29.435 -.25 -2.515 30.085 -.25 -1.865 29.435 -.25 -1.215
4 0 26.755 -.25 -1.865 27.405 -.25 -2.515 28.055 -.25 -1.865 27.405 -.25 -1.215
4 0 24.725 -.25 -1.865 25.375 -.25 -2.515 26.025 -.25 -1.865 25.375 -.25 -1.215
4 0 23.995 -.25 -1.865 23.345 -.25 -1.215 22.695 -.25 -1.865 23.345 -.25 -2.515
4 0 20.665 -.25 -1.865 21.315 -.25 -2.515 21.965 -.25 -1.865 21.315 -.25 -1.215
4 0 19.935 -.25 -1.865 19.285 -.25 -1.215 18.635 -.25 -1.865 19.285 -.25 -2.515
4 0 16.605 -.25 -1.865 17.255 -.25 -2.515 17.905 -.25 -1.865 17.255 -.25 -1.215
4 0 15.875 -.25 -1.865 15.225 -.25 -1.215 14.575 -.25 -1.865 15.225 -.25 -2.515
4 0 12.545 -.25 -1.865 13.195 -.25 -2.515 13.845 -.25 -1.865 13.195 -.25 -1.215
4 0 10.515 -.25 -1.865 11.165 -.25 -2.515 11.815 -.25 -1.865 11.165 -.25 -1.215
4 0 8.485 -.25 -1.865 9.135 -.25 -2.515 9.785 -.25 -1.865 9.135 -.25 -1.215
4 0 7.755 -.25 -1.865 7.105 -.25 -1.215 6.455 -.25 -1.865 7.105 -.25 -2.515
4 0 4.425 -.25 -1.865 5.075 -.25 -2.515 5.725 -.25 -1.865 5.075 -.25 -1.215
4 0 3.695 -.25 -1.865 3.045 -.25 -1.215 2.395 -.25 -1.865 3.045 -.25 -2.515
4 0 .365 -.25 -1.865 1.015 -.25 -2.515 1.665 -.25 -1.865 1.015 -.25 -1.215
4 0 1.38 -.25 -2.88 2.03 -.25 -3.53 2.68 -.25 -2.88 2.03 -.25 -2.23
4 0 2.68 -.25 -.85 2.03 -.25 -.2 1.38 -.25 -.85 2.03 -.25 -1.5
4 0 4.71 -.25 -2.88 4.06 -.25 -2.23 3.41 -.25 -2.88 4.06 -.25 -3.53
4 0 4.71 -.25 -.85 4.06 -.25 -.2 3.41 -.25 -.85 4.06 -.25 -1.5
4 0 5.44 -.25 -2.88 6.09 -.25 -3.53 6.74 -.25 -2.88 6.09 -.25 -2.23
4 0 6.74 -.25 -.85 6.09 -.25 -.2 5.44 -.25 -.85 6.09 -.25 -1.5
4 0 7.47 -.25 -2.88 8.12 -.25 -3.53 8.77 -.25 -2.88 8.12 -.25 -2.23
4 0 8.77 -.25 -.85 8.12 -.25 -.2 7.47 -.25 -.85 8.12 -.25 -1.5
4 0 9.5 -.25 -2.88 10.15 -.25 -3.53 10.8 -.25 -2.88 10.15 -.25 -2.23
4 0 10.8 -.25 -.85 10.15 -.25 -.2 9.5 -.25 -.85 10.15 -.25 -1.5
4 0 12.83 -.25 -2.88 12.18 -.25 -2.23 11.53 -.25 -2.88 12.18 -.25 -3.53
4 0 12.83 -.25 -.85 12.18 -.25 -.2 11.53 -.25 -.85 12.18 -.25 -1.5
4 0 13.56 -.25 -2.88 14.21 -.25 -3.53 14.86 -.25 -2.88 14.21 -.25 -2.23
4 0 14.86 -.25 -.85 14.21 -.25 -.2 13.56 -.25 -.85 14.21 -.25 -1.5
4 0 15.59 -.25 -2.88 16.24 -.25 -3.53 16.89 -.25 -2.88 16.24 -.25 -2.23
4 0 16.89 -.25 -.85 16.24 -.25 -.2 15.59 -.25 -.85 16.24 -.25 -1.5
4 0 17.62 -.25 -2.88 18.27 -.25 -3.53 18.92 -.25 -2.88 18.27 -.25 -2.23
4 0 18.92 -.25 -.85 18.27 -.25 -.2 17.62 -.25 -.85 18.27 -.25 -1.5
4 0 20.95 -.25 -2.88 20.3 -.25 -2.23 19.65 -.25 -2.88 20.3 -.25 -3.53
4 0 20.95 -.25 -.85 20.3 -.25 -.2 19.65 -.25 -.85 20.3 -.25 -1.5
4 0 21.68 -.25 -2.88 22.33 -.25 -3.53 22.98 -.25 -2.88 22.33 -.25 -2.23
4 0 22.98 -.25 -.85 22.33 -.25 -.2 21.68 -.25 -.85 22.33 -.25 -1.5
4 0 23.71 -.25 -2.88 24.36 -.25 -3.53 25.01 -.25 -2.88 24.36 -.25 -2.23
4 0 25.01 -.25 -.85 24.36 -.25 -.2 23.71 -.25 -.85 24.36 -.25 -1.5
4 0 25.74 -.25 -2.88 26.39 -.25 -3.53 27.04 -.25 -2.88 26.39 -.25 -2.23
4 0 27.04 -.25 -.85 26.39 -.25 -.2 25.74 -.25 -.85 26.39 -.25 -1.5
4 0 29.07 -.25 -2.88 28.42 -.25 -2.23 27.77 -.25 -2.88 28.42 -.25 -3.53
4 0 29.07 -.25 -.85 28.42 -.25 -.2 27.77 -.25 -.85 28.42 -.25 -1.5
4 0 29.8 -.25 -.85 30.45 -.25 -1.5 31.1 -.25 -.85 30.45 -.25 -.2
3 0 .66 -.25 -3.6 1.37 -.25 -3.6 1.015 -.25 -3.245
3 0 2.69 -.25 -3.6 3.4 -.25 -3.6 3.045 -.25 -3.245
3 0 4.72 -.25 -3.6 5.43 -.25 -3.6 5.075 -.25 -3.245
3 0 6.75 -.25 -3.6 7.46 -.25 -3.6 7.105 -.25 -3.245
3 0 8.78 -.25 -3.6 9.49 -.25 -3.6 9.135 -.25 -3.245
3 0 10.81 -.25 -3.6 11.52 -.25 -3.6 11.165 -.25 -3.245
3 0 12.84 -.25 -3.6 13.55 -.25 -3.6 13.195 -.25 -3.245
3 0 14.87 -.25 -3.6 15.58 -.25 -3.6 15.225 -.25 -3.245
3 0 16.9 -.25 -3.6 17.61 -.25 -3.6 17.255 -.25 -3.245
3 0 18.93 -.25 -3.6 19.64 -.25 -3.6 19.285 -.25 -3.245
3 0 20.96 -.25 -3.6 21.67 -.25 -3.6 21.315 -.25 -3.245
3 0 22.99 -.25 -3.6 23.7 -.25 -3.6 23.345 -.25 -3.245
3 0 25.02 -.25 -3.6 25.73 -.25 -3.6 25.375 -.25 -3.245
3 0 27.05 -.25 -3.6 27.76 -.25 -3.6 27.405 -.25 -3.245
3 0 54.2292 -.25 -.7246 53.6468 -.25 -1.4599 54.4408 -.25 -.9601
4 0 55.1336 -.25 -.3273 54.6102 -.25 .1325 54.2292 -.25 -.7246 54.4408 -.25 -.9601
4 0 55.2042 -.25 2.4908 55.1642 -.25 2.2058 56.4047 -.25 2.1505 56.626 -.25 3.5676
4 0 55.7031 -.25 .4182 54.7609 -.25 .5791 54.6102 -.25 .1325 55.1336 -.25 -.3273
4 0 54.12 -.25 .49 53.47 -.25 .49 53.145 -.25 .165 54.445 -.25 .165
4 0 53.105 -.25 .855 53.47 -.25 .49 54.12 -.25 .49 54.485 -.25 .855
3 0 44.1943 -.25 -3.3657 44.0209 -.25 -3.1062 43.5011 -.25 -2.5428
3 0 44.0209 -.25 -3.1062 43.96 -.25 -2.8 43.5011 -.25 -2.5428
3 0 43.5011 -.25 -2.5428 43.96 -.25 -2.8 43.96 -.25 -2.2
4 0 44.295 -.25 -1.865 43.96 -.25 -1.53 43.5011 -.25 -2.5428 43.96 -.25 -2.2
4 0 43.96 -.25 -.17 42.9854 -.25 -1.5985 43.5011 -.25 -2.5428 43.96 -.25 -1.53
3 0 42.6674 -.25 -.5706 42.9854 -.25 -1.5985 43.96 -.25 -.17
4 0 44.335 -.25 .855 42.56 -.25 .5 42.6674 -.25 -.5706 43.97 -.25 .49
3 0 44.01 -.25 1.18 42.56 -.25 .5 44.335 -.25 .855
3 0 42.56 -.25 .5 44.01 -.25 1.18 43.96 -.25 1.23
3 0 46.325 -.25 .165 45.025 -.25 .165 45.675 -.25 -.485
4 0 46 -.25 .49 45.35 -.25 .49 45.025 -.25 .165 46.325 -.25 .165
4 0 44.985 -.25 .855 45.35 -.25 .49 46 -.25 .49 46.365 -.25 .855
4 0 43.96 -.25 1.86 42.56 -.25 5 42.56 -.25 .5 43.96 -.25 1.23
3 0 44.295 -.25 2.195 44.1325 -.25 2.3575 44.01 -.25 1.91
4 0 43.96 -.25 1.86 44.01 -.25 1.91 44.1325 -.25 2.3575 42.56 -.25 5
3 0 48.355 -.25 .165 47.055 -.25 .165 47.705 -.25 -.485
4 0 48.03 -.25 .49 47.38 -.25 .49 47.055 -.25 .165 48.355 -.25 .165
4 0 47.015 -.25 .855 47.38 -.25 .49 48.03 -.25 .49 48.395 -.25 .855
3 0 50.385 -.25 .165 49.085 -.25 .165 49.735 -.25 -.485
4 0 50.06 -.25 .49 49.41 -.25 .49 49.085 -.25 .165 50.385 -.25 .165
4 0 49.045 -.25 .855 49.41 -.25 .49 50.06 -.25 .49 50.425 -.25 .855
3 0 52.415 -.25 .165 51.115 -.25 .165 51.765 -.25 -.485
4 0 52.09 -.25 .49 51.44 -.25 .49 51.115 -.25 .165 52.415 -.25 .165
4 0 51.075 -.25 .855 51.44 -.25 .49 52.09 -.25 .49 52.455 -.25 .855
3 0 44.335 -.25 .855 44.66 -.25 .53 44.985 -.25 .855
3 0 46.365 -.25 .855 46.69 -.25 .53 47.015 -.25 .855
3 0 48.395 -.25 .855 48.72 -.25 .53 49.045 -.25 .855
3 0 50.425 -.25 .855 50.75 -.25 .53 51.075 -.25 .855
4 0 44.01 -.25 1.18 44.335 -.25 .855 44.985 -.25 .855 45.31 -.25 1.18
4 0 46.04 -.25 1.18 45.31 -.25 1.18 44.985 -.25 .855 46.365 -.25 .855
4 0 46.04 -.25 1.18 46.365 -.25 .855 47.015 -.25 .855 47.34 -.25 1.18
4 0 48.07 -.25 1.18 47.34 -.25 1.18 47.015 -.25 .855 48.395 -.25 .855
4 0 48.07 -.25 1.18 48.395 -.25 .855 49.045 -.25 .855 49.37 -.25 1.18
4 0 50.1 -.25 1.18 49.37 -.25 1.18 49.045 -.25 .855 50.425 -.25 .855
4 0 50.1 -.25 1.18 50.425 -.25 .855 51.075 -.25 .855 51.4 -.25 1.18
4 0 52.13 -.25 1.18 51.4 -.25 1.18 51.075 -.25 .855 52.455 -.25 .855
3 0 52.455 -.25 .855 52.78 -.25 .53 53.105 -.25 .855
4 0 52.13 -.25 1.18 52.455 -.25 .855 53.105 -.25 .855 53.43 -.25 1.18
4 0 54.16 -.25 1.18 53.43 -.25 1.18 53.105 -.25 .855 54.485 -.25 .855
4 0 56.1314 -.25 1.253 54.485 -.25 .855 54.7609 -.25 .5791 55.7031 -.25 .4182
4 0 54.485 -.25 .855 56.1314 -.25 1.253 54.525 -.25 1.545 54.16 -.25 1.18
4 0 56.4047 -.25 2.1505 55.1642 -.25 2.2058 54.525 -.25 1.545 56.1314 -.25 1.253
4 0 44.945 -.25 1.545 44.375 -.25 1.545 44.01 -.25 1.18 45.31 -.25 1.18
3 0 45.675 -.25 1.545 45.31 -.25 1.18 46.04 -.25 1.18
4 0 46.975 -.25 1.545 46.405 -.25 1.545 46.04 -.25 1.18 47.34 -.25 1.18
3 0 47.705 -.25 1.545 47.34 -.25 1.18 48.07 -.25 1.18
4 0 49.005 -.25 1.545 48.435 -.25 1.545 48.07 -.25 1.18 49.37 -.25 1.18
3 0 49.735 -.25 1.545 49.37 -.25 1.18 50.1 -.25 1.18
4 0 51.035 -.25 1.545 50.465 -.25 1.545 50.1 -.25 1.18 51.4 -.25 1.18
3 0 51.765 -.25 1.545 51.4 -.25 1.18 52.13 -.25 1.18
4 0 53.065 -.25 1.545 52.495 -.25 1.545 52.13 -.25 1.18 53.43 -.25 1.18
3 0 53.795 -.25 1.545 53.43 -.25 1.18 54.16 -.25 1.18
4 0 44.01 -.25 1.91 44.375 -.25 1.545 44.945 -.25 1.545 45.31 -.25 1.91
4 0 44.295 -.25 2.195 44.01 -.25 1.91 45.31 -.25 1.91 45.025 -.25 2.195
4 0 45.025 -.25 2.195 45.31 -.25 1.91 46.04 -.25 1.91 46.325 -.25 2.195
4 0 46.1625 -.25 2.3575 45.1875 -.25 2.3575 45.025 -.25 2.195 46.325 -.25 2.195
3 0 44.66 -.25 2.56 44.295 -.25 2.195 45.025 -.25 2.195
3 0 45.31 -.25 1.91 45.675 -.25 1.545 46.04 -.25 1.91
3 0 46.69 -.25 2.56 46.325 -.25 2.195 47.055 -.25 2.195
3 0 47.34 -.25 1.91 47.705 -.25 1.545 48.07 -.25 1.91
3 0 48.72 -.25 2.56 48.355 -.25 2.195 49.085 -.25 2.195
3 0 49.37 -.25 1.91 49.735 -.25 1.545 50.1 -.25 1.91
3 0 50.75 -.25 2.56 50.385 -.25 2.195 51.115 -.25 2.195
3 0 51.4 -.25 1.91 51.765 -.25 1.545 52.13 -.25 1.91
3 0 52.78 -.25 2.56 52.415 -.25 2.195 53.145 -.25 2.195
3 0 53.43 -.25 1.91 53.795 -.25 1.545 54.16 -.25 1.91
3 0 54.81 -.25 2.56 54.445 -.25 2.195 55.1642 -.25 2.2058
4 0 47.055 -.25 2.195 46.325 -.25 2.195 46.04 -.25 1.91 47.34 -.25 1.91
4 0 46.04 -.25 1.91 46.405 -.25 1.545 46.975 -.25 1.545 47.34 -.25 1.91
4 0 48.1925 -.25 2.3575 47.2175 -.25 2.3575 47.055 -.25 2.195 48.355 -.25 2.195
4 0 47.055 -.25 2.195 47.34 -.25 1.91 48.07 -.25 1.91 48.355 -.25 2.195
4 0 49.085 -.25 2.195 48.355 -.25 2.195 48.07 -.25 1.91 49.37 -.25 1.91
4 0 48.07 -.25 1.91 48.435 -.25 1.545 49.005 -.25 1.545 49.37 -.25 1.91
4 0 50.2225 -.25 2.3575 49.2475 -.25 2.3575 49.085 -.25 2.195 50.385 -.25 2.195
4 0 49.085 -.25 2.195 49.37 -.25 1.91 50.1 -.25 1.91 50.385 -.25 2.195
4 0 50.1 -.25 1.91 50.465 -.25 1.545 51.035 -.25 1.545 51.4 -.25 1.91
4 0 51.115 -.25 2.195 50.385 -.25 2.195 50.1 -.25 1.91 51.4 -.25 1.91
4 0 52.2525 -.25 2.3575 51.2775 -.25 2.3575 51.115 -.25 2.195 52.415 -.25 2.195
4 0 51.115 -.25 2.195 51.4 -.25 1.91 52.13 -.25 1.91 52.415 -.25 2.195
4 0 52.13 -.25 1.91 52.495 -.25 1.545 53.065 -.25 1.545 53.43 -.25 1.91
4 0 53.145 -.25 2.195 52.415 -.25 2.195 52.13 -.25 1.91 53.43 -.25 1.91
4 0 54.2825 -.25 2.3575 53.3075 -.25 2.3575 53.145 -.25 2.195 54.445 -.25 2.195
4 0 53.145 -.25 2.195 53.43 -.25 1.91 54.16 -.25 1.91 54.445 -.25 2.195
4 0 54.445 -.25 2.195 54.16 -.25 1.91 54.525 -.25 1.545 55.1642 -.25 2.2058
4 0 44.8225 -.25 2.7225 45.1875 -.25 2.3575 46.1625 -.25 2.3575 46.5275 -.25 2.7225
4 0 46.04 -.25 3.21 45.31 -.25 3.21 44.8225 -.25 2.7225 46.5275 -.25 2.7225
4 0 56.7 -.25 5 54.9725 -.25 2.7225 55.2042 -.25 2.4908 56.626 -.25 3.5676
3 0 46.5275 -.25 2.7225 46.69 -.25 2.56 46.8525 -.25 2.7225
3 0 48.5575 -.25 2.7225 48.72 -.25 2.56 48.8825 -.25 2.7225
3 0 50.5875 -.25 2.7225 50.75 -.25 2.56 50.9125 -.25 2.7225
3 0 52.6175 -.25 2.7225 52.78 -.25 2.56 52.9425 -.25 2.7225
3 0 54.6475 -.25 2.7225 54.81 -.25 2.56 54.9725 -.25 2.7225
3 0 45.675 -.25 3.575 45.31 -.25 3.21 46.04 -.25 3.21
3 0 47.705 -.25 3.575 47.34 -.25 3.21 48.07 -.25 3.21
3 0 49.735 -.25 3.575 49.37 -.25 3.21 50.1 -.25 3.21
3 0 51.765 -.25 3.575 51.4 -.25 3.21 52.13 -.25 3.21
3 0 53.795 -.25 3.575 53.43 -.25 3.21 54.16 -.25 3.21
4 0 47.2585 -.25 3.2915 46.1215 -.25 3.2915 46.04 -.25 3.21 47.34 -.25 3.21
4 0 46.04 -.25 3.21 46.5275 -.25 2.7225 46.8525 -.25 2.7225 47.34 -.25 3.21
4 0 48.07 -.25 3.21 47.34 -.25 3.21 46.8525 -.25 2.7225 48.5575 -.25 2.7225
4 0 46.8525 -.25 2.7225 47.2175 -.25 2.3575 48.1925 -.25 2.3575 48.5575 -.25 2.7225
4 0 49.2885 -.25 3.2915 48.1515 -.25 3.2915 48.07 -.25 3.21 49.37 -.25 3.21
4 0 48.07 -.25 3.21 48.5575 -.25 2.7225 48.8825 -.25 2.7225 49.37 -.25 3.21
4 0 50.1 -.25 3.21 49.37 -.25 3.21 48.8825 -.25 2.7225 50.5875 -.25 2.7225
4 0 48.8825 -.25 2.7225 49.2475 -.25 2.3575 50.2225 -.25 2.3575 50.5875 -.25 2.7225
4 0 51.3185 -.25 3.2915 50.1815 -.25 3.2915 50.1 -.25 3.21 51.4 -.25 3.21
4 0 50.1 -.25 3.21 50.5875 -.25 2.7225 50.9125 -.25 2.7225 51.4 -.25 3.21
4 0 52.13 -.25 3.21 51.4 -.25 3.21 50.9125 -.25 2.7225 52.6175 -.25 2.7225
4 0 52.6175 -.25 2.7225 50.9125 -.25 2.7225 51.2775 -.25 2.3575 52.2525 -.25 2.3575
4 0 53.3485 -.25 3.2915 52.2115 -.25 3.2915 52.13 -.25 3.21 53.43 -.25 3.21
4 0 52.13 -.25 3.21 52.6175 -.25 2.7225 52.9425 -.25 2.7225 53.43 -.25 3.21
4 0 54.16 -.25 3.21 53.43 -.25 3.21 52.9425 -.25 2.7225 54.6475 -.25 2.7225
4 0 54.6475 -.25 2.7225 52.9425 -.25 2.7225 53.3075 -.25 2.3575 54.2825 -.25 2.3575
4 0 54.2415 -.25 3.2915 54.16 -.25 3.21 54.6475 -.25 2.7225 54.9725 -.25 2.7225
4 0 56.7 -.25 5 53.8765 -.25 3.6565 54.2415 -.25 3.2915 54.9725 -.25 2.7225
3 0 42.56 -.25 5 44.1325 -.25 2.3575 44.4975 -.25 2.7225
4 0 44.66 -.25 2.56 44.8225 -.25 2.7225 42.56 -.25 5 44.4975 -.25 2.7225
4 0 42.56 -.25 5 44.8225 -.25 2.7225 45.31 -.25 3.21 45.2285 -.25 3.2915
4 0 43.56 -.25 6 42.56 -.25 5 45.2285 -.25 3.2915 45.5935 -.25 3.6565
4 0 43.56 -.25 6 45.5935 -.25 3.6565 45.675 -.25 3.575 45.7565 -.25 3.6565
4 0 45.7565 -.25 3.6565 46.1215 -.25 3.2915 47.2585 -.25 3.2915 47.6235 -.25 3.6565
3 0 47.6235 -.25 3.6565 47.705 -.25 3.575 47.7865 -.25 3.6565
3 0 49.6535 -.25 3.6565 49.735 -.25 3.575 49.8165 -.25 3.6565
3 0 51.6835 -.25 3.6565 51.765 -.25 3.575 51.8465 -.25 3.6565
3 0 53.7135 -.25 3.6565 53.795 -.25 3.575 53.8765 -.25 3.6565
4 0 55.7 -.25 6 53.7135 -.25 3.6565 53.8765 -.25 3.6565 56.7 -.25 5
4 0 47.7865 -.25 3.6565 48.1515 -.25 3.2915 49.2885 -.25 3.2915 49.6535 -.25 3.6565
4 0 49.8165 -.25 3.6565 50.1815 -.25 3.2915 51.3185 -.25 3.2915 51.6835 -.25 3.6565
4 0 51.8465 -.25 3.6565 52.2115 -.25 3.2915 53.3485 -.25 3.2915 53.7135 -.25 3.6565
4 0 43.56 -.25 6 49.6535 -.25 3.6565 49.8165 -.25 3.6565 55.7 -.25 6
3 0 43.56 -.25 6 45.7565 -.25 3.6565 47.6235 -.25 3.6565
3 0 43.56 -.25 6 47.6235 -.25 3.6565 47.7865 -.25 3.6565
3 0 43.56 -.25 6 47.7865 -.25 3.6565 49.6535 -.25 3.6565
3 0 55.7 -.25 6 49.8165 -.25 3.6565 51.6835 -.25 3.6565
3 0 55.7 -.25 6 51.6835 -.25 3.6565 51.8465 -.25 3.6565
3 0 55.7 -.25 6 51.8465 -.25 3.6565 53.7135 -.25 3.6565
4 0 29.8 -.25 -2.88 29.9117 -.25 -2.9916 30.6944 -.25 -2.4744 30.45 -.25 -2.23
4 0 30.815 -.25 -1.865 31.1104 -.25 -2.1604 31.8283 -.25 -1.5783 31.465 -.25 -1.215
4 0 31.83 -.25 -.85 32.2063 -.25 -1.2263 32.8717 -.25 -.5917 32.48 -.25 -.2
3 0 30.7799 -.25 -3.0849 29.9117 -.25 -2.9916 28.8 -.25 -3.6
4 0 30.6944 -.25 -2.4744 30.7799 -.25 -3.0849 32.5842 -.25 -2.1207 31.1104 -.25 -2.1604
3 0 30.6944 -.25 -2.4744 29.9117 -.25 -2.9916 30.7799 -.25 -3.0849
3 0 31.8283 -.25 -1.5783 31.1104 -.25 -2.1604 32.5842 -.25 -2.1207
3 0 32.2063 -.25 -1.2263 31.8283 -.25 -1.5783 32.5842 -.25 -2.1207
4 0 32.8717 -.25 -.5917 32.2063 -.25 -1.2263 32.5842 -.25 -2.1207 34.1128 -.25 -.761
3 0 33.1963 -.25 -.1863 32.8717 -.25 -.5917 34.1128 -.25 -.761
4 0 34.1128 -.25 -.761 33.17 -.25 .49 32.845 -.25 .165 33.1963 -.25 -.1863
4 0 35.2807 -.25 .9186 33.86 -.25 1.18 33.17 -.25 .49 34.1128 -.25 -.761
3 0 34.225 -.25 1.545 33.86 -.25 1.18 35.2807 -.25 .9186
4 0 36.07 -.25 2.806 34.6622 -.25 2.4079 34.225 -.25 1.545 35.2807 -.25 .9186
3 0 36.07 -.25 2.806 34.7096 -.25 2.6854 34.6622 -.25 2.4079
4 0 34.7096 -.25 2.6854 36.07 -.25 2.806 36.3 -.25 5 34.6725 -.25 2.7225
4 0 36.3 -.25 5 34.3475 -.25 2.7225 34.51 -.25 2.56 34.6725 -.25 2.7225
4 0 34.3475 -.25 2.7225 36.3 -.25 5 33.9415 -.25 3.2915 33.86 -.25 3.21
4 0 36.3 -.25 5 35.3 -.25 6 33.5765 -.25 3.6565 33.9415 -.25 3.2915
3 0 .365 -.25 .165 1.015 -.25 -.485 1.665 -.25 .165
3 0 1.705 -.25 .855 2.03 -.25 .53 2.355 -.25 .855
3 0 1.015 -.25 1.545 .65 -.25 1.18 1.38 -.25 1.18
3 0 2.395 -.25 .165 3.045 -.25 -.485 3.695 -.25 .165
3 0 2.68 -.25 1.18 3.41 -.25 1.18 3.045 -.25 1.545
3 0 3.735 -.25 .855 4.06 -.25 .53 4.385 -.25 .855
3 0 4.425 -.25 .165 5.075 -.25 -.485 5.725 -.25 .165
3 0 5.44 -.25 1.18 5.075 -.25 1.545 4.71 -.25 1.18
3 0 5.765 -.25 .855 6.09 -.25 .53 6.415 -.25 .855
3 0 7.105 -.25 1.545 6.74 -.25 1.18 7.47 -.25 1.18
3 0 6.455 -.25 .165 7.105 -.25 -.485 7.755 -.25 .165
3 0 7.795 -.25 .855 8.12 -.25 .53 8.445 -.25 .855
3 0 9.135 -.25 1.545 8.77 -.25 1.18 9.5 -.25 1.18
3 0 8.485 -.25 .165 9.135 -.25 -.485 9.785 -.25 .165
3 0 9.825 -.25 .855 10.15 -.25 .53 10.475 -.25 .855
3 0 11.165 -.25 1.545 10.8 -.25 1.18 11.53 -.25 1.18
3 0 10.515 -.25 .165 11.165 -.25 -.485 11.815 -.25 .165
3 0 11.855 -.25 .855 12.18 -.25 .53 12.505 -.25 .855
3 0 13.195 -.25 1.545 12.83 -.25 1.18 13.56 -.25 1.18
3 0 13.885 -.25 .855 14.21 -.25 .53 14.535 -.25 .855
3 0 12.545 -.25 .165 13.195 -.25 -.485 13.845 -.25 .165
3 0 14.575 -.25 .165 15.225 -.25 -.485 15.875 -.25 .165
3 0 15.225 -.25 1.545 14.86 -.25 1.18 15.59 -.25 1.18
3 0 15.915 -.25 .855 16.24 -.25 .53 16.565 -.25 .855
3 0 17.62 -.25 1.18 17.255 -.25 1.545 16.89 -.25 1.18
3 0 16.605 -.25 .165 17.255 -.25 -.485 17.905 -.25 .165
3 0 18.635 -.25 .165 19.285 -.25 -.485 19.935 -.25 .165
3 0 20.665 -.25 .165 21.315 -.25 -.485 21.965 -.25 .165
3 0 19.975 -.25 .855 20.3 -.25 .53 20.625 -.25 .855
3 0 19.65 -.25 1.18 19.285 -.25 1.545 18.92 -.25 1.18
3 0 20.95 -.25 1.18 21.68 -.25 1.18 21.315 -.25 1.545
3 0 22.005 -.25 .855 22.33 -.25 .53 22.655 -.25 .855
3 0 22.695 -.25 .165 23.345 -.25 -.485 23.995 -.25 .165
3 0 23.345 -.25 1.545 22.98 -.25 1.18 23.71 -.25 1.18
3 0 24.035 -.25 .855 24.36 -.25 .53 24.685 -.25 .855
3 0 25.74 -.25 1.18 25.375 -.25 1.545 25.01 -.25 1.18
3 0 24.725 -.25 .165 25.375 -.25 -.485 26.025 -.25 .165
3 0 26.065 -.25 .855 26.39 -.25 .53 26.715 -.25 .855
3 0 26.755 -.25 .165 27.405 -.25 -.485 28.055 -.25 .165
3 0 27.405 -.25 1.545 27.04 -.25 1.18 27.77 -.25 1.18
3 0 28.095 -.25 .855 28.42 -.25 .53 28.745 -.25 .855
3 0 29.435 -.25 1.545 29.07 -.25 1.18 29.8 -.25 1.18
3 0 28.785 -.25 .165 29.435 -.25 -.485 30.085 -.25 .165
3 0 30.125 -.25 .855 30.45 -.25 .53 30.775 -.25 .855
3 0 31.465 -.25 1.545 31.1 -.25 1.18 31.83 -.25 1.18
3 0 30.815 -.25 .165 31.465 -.25 -.485 32.115 -.25 .165
3 0 32.155 -.25 .855 32.48 -.25 .53 32.805 -.25 .855
3 0 33.13 -.25 1.18 33.86 -.25 1.18 33.495 -.25 1.545
4 0 1.34 -.25 .49 .69 -.25 .49 .365 -.25 .165 1.665 -.25 .165
4 0 .325 -.25 .855 .69 -.25 .49 1.34 -.25 .49 1.705 -.25 .855
4 0 .65 -.25 1.18 .325 -.25 .855 1.705 -.25 .855 1.38 -.25 1.18
4 0 3.37 -.25 .49 2.72 -.25 .49 2.395 -.25 .165 3.695 -.25 .165
4 0 2.355 -.25 .855 2.72 -.25 .49 3.37 -.25 .49 3.735 -.25 .855
4 0 2.68 -.25 1.18 2.355 -.25 .855 3.735 -.25 .855 3.41 -.25 1.18
4 0 5.4 -.25 .49 4.75 -.25 .49 4.425 -.25 .165 5.725 -.25 .165
4 0 4.385 -.25 .855 4.75 -.25 .49 5.4 -.25 .49 5.765 -.25 .855
4 0 5.44 -.25 1.18 4.71 -.25 1.18 4.385 -.25 .855 5.765 -.25 .855
4 0 6.455 -.25 .165 7.755 -.25 .165 7.43 -.25 .49 6.78 -.25 .49
4 0 6.415 -.25 .855 6.78 -.25 .49 7.43 -.25 .49 7.795 -.25 .855
4 0 6.74 -.25 1.18 6.415 -.25 .855 7.795 -.25 .855 7.47 -.25 1.18
4 0 9.46 -.25 .49 8.81 -.25 .49 8.485 -.25 .165 9.785 -.25 .165
4 0 8.445 -.25 .855 8.81 -.25 .49 9.46 -.25 .49 9.825 -.25 .855
4 0 8.445 -.25 .855 9.825 -.25 .855 9.5 -.25 1.18 8.77 -.25 1.18
4 0 11.49 -.25 .49 10.84 -.25 .49 10.515 -.25 .165 11.815 -.25 .165
4 0 11.855 -.25 .855 10.475 -.25 .855 10.84 -.25 .49 11.49 -.25 .49
4 0 10.475 -.25 .855 11.855 -.25 .855 11.53 -.25 1.18 10.8 -.25 1.18
4 0 13.52 -.25 .49 12.87 -.25 .49 12.545 -.25 .165 13.845 -.25 .165
4 0 12.505 -.25 .855 12.87 -.25 .49 13.52 -.25 .49 13.885 -.25 .855
4 0 12.505 -.25 .855 13.885 -.25 .855 13.56 -.25 1.18 12.83 -.25 1.18
4 0 15.55 -.25 .49 14.9 -.25 .49 14.575 -.25 .165 15.875 -.25 .165
4 0 14.535 -.25 .855 14.9 -.25 .49 15.55 -.25 .49 15.915 -.25 .855
4 0 14.535 -.25 .855 15.915 -.25 .855 15.59 -.25 1.18 14.86 -.25 1.18
4 0 17.58 -.25 .49 16.93 -.25 .49 16.605 -.25 .165 17.905 -.25 .165
4 0 16.565 -.25 .855 16.93 -.25 .49 17.58 -.25 .49 17.945 -.25 .855
4 0 17.62 -.25 1.18 16.89 -.25 1.18 16.565 -.25 .855 17.945 -.25 .855
4 0 19.61 -.25 .49 18.96 -.25 .49 18.635 -.25 .165 19.935 -.25 .165
4 0 18.595 -.25 .855 18.96 -.25 .49 19.61 -.25 .49 19.975 -.25 .855
4 0 18.595 -.25 .855 19.975 -.25 .855 19.65 -.25 1.18 18.92 -.25 1.18
4 0 21.64 -.25 .49 20.99 -.25 .49 20.665 -.25 .165 21.965 -.25 .165
4 0 20.625 -.25 .855 20.99 -.25 .49 21.64 -.25 .49 22.005 -.25 .855
4 0 20.625 -.25 .855 22.005 -.25 .855 21.68 -.25 1.18 20.95 -.25 1.18
4 0 23.67 -.25 .49 23.02 -.25 .49 22.695 -.25 .165 23.995 -.25 .165
4 0 22.655 -.25 .855 23.02 -.25 .49 23.67 -.25 .49 24.035 -.25 .855
4 0 22.655 -.25 .855 24.035 -.25 .855 23.71 -.25 1.18 22.98 -.25 1.18
4 0 25.7 -.25 .49 25.05 -.25 .49 24.725 -.25 .165 26.025 -.25 .165
4 0 24.685 -.25 .855 25.05 -.25 .49 25.7 -.25 .49 26.065 -.25 .855
4 0 24.685 -.25 .855 26.065 -.25 .855 25.74 -.25 1.18 25.01 -.25 1.18
4 0 27.73 -.25 .49 27.08 -.25 .49 26.755 -.25 .165 28.055 -.25 .165
4 0 26.715 -.25 .855 27.08 -.25 .49 27.73 -.25 .49 28.095 -.25 .855
4 0 26.715 -.25 .855 28.095 -.25 .855 27.77 -.25 1.18 27.04 -.25 1.18
4 0 29.76 -.25 .49 29.11 -.25 .49 28.785 -.25 .165 30.085 -.25 .165
4 0 28.745 -.25 .855 29.11 -.25 .49 29.76 -.25 .49 30.125 -.25 .855
4 0 28.745 -.25 .855 30.125 -.25 .855 29.8 -.25 1.18 29.07 -.25 1.18
4 0 31.79 -.25 .49 31.14 -.25 .49 30.815 -.25 .165 32.115 -.25 .165
4 0 30.775 -.25 .855 31.14 -.25 .49 31.79 -.25 .49 32.155 -.25 .855
4 0 30.775 -.25 .855 32.155 -.25 .855 31.83 -.25 1.18 31.1 -.25 1.18
4 0 33.13 -.25 1.18 32.805 -.25 .855 33.17 -.25 .49 33.86 -.25 1.18
4 0 1.38 -.25 1.18 1.705 -.25 .855 2.355 -.25 .855 2.68 -.25 1.18
4 0 1.38 -.25 1.18 2.68 -.25 1.18 2.315 -.25 1.545 1.745 -.25 1.545
4 0 1.745 -.25 1.545 2.315 -.25 1.545 2.68 -.25 1.91 1.38 -.25 1.91
4 0 1.38 -.25 1.91 2.68 -.25 1.91 2.395 -.25 2.195 1.665 -.25 2.195
4 0 3.41 -.25 1.18 3.735 -.25 .855 4.385 -.25 .855 4.71 -.25 1.18
4 0 3.41 -.25 1.18 4.71 -.25 1.18 4.345 -.25 1.545 3.775 -.25 1.545
4 0 3.41 -.25 1.91 3.775 -.25 1.545 4.345 -.25 1.545 4.71 -.25 1.91
4 0 3.41 -.25 1.91 4.71 -.25 1.91 4.425 -.25 2.195 3.695 -.25 2.195
4 0 5.44 -.25 1.18 5.765 -.25 .855 6.415 -.25 .855 6.74 -.25 1.18
4 0 5.44 -.25 1.18 6.74 -.25 1.18 6.375 -.25 1.545 5.805 -.25 1.545
4 0 5.44 -.25 1.91 5.805 -.25 1.545 6.375 -.25 1.545 6.74 -.25 1.91
4 0 5.44 -.25 1.91 6.74 -.25 1.91 6.455 -.25 2.195 5.725 -.25 2.195
4 0 7.47 -.25 1.18 7.795 -.25 .855 8.445 -.25 .855 8.77 -.25 1.18
4 0 7.47 -.25 1.18 8.77 -.25 1.18 8.405 -.25 1.545 7.835 -.25 1.545
4 0 7.835 -.25 1.545 8.405 -.25 1.545 8.77 -.25 1.91 7.47 -.25 1.91
4 0 7.47 -.25 1.91 8.77 -.25 1.91 8.485 -.25 2.195 7.755 -.25 2.195
4 0 9.5 -.25 1.18 9.825 -.25 .855 10.475 -.25 .855 10.8 -.25 1.18
4 0 10.435 -.25 1.545 9.865 -.25 1.545 9.5 -.25 1.18 10.8 -.25 1.18
4 0 9.5 -.25 1.91 9.865 -.25 1.545 10.435 -.25 1.545 10.8 -.25 1.91
4 0 9.5 -.25 1.91 10.8 -.25 1.91 10.515 -.25 2.195 9.785 -.25 2.195
4 0 11.53 -.25 1.18 11.855 -.25 .855 12.505 -.25 .855 12.83 -.25 1.18
4 0 11.53 -.25 1.18 12.83 -.25 1.18 12.465 -.25 1.545 11.895 -.25 1.545
4 0 11.895 -.25 1.545 12.465 -.25 1.545 12.83 -.25 1.91 11.53 -.25 1.91
4 0 11.53 -.25 1.91 12.83 -.25 1.91 12.545 -.25 2.195 11.815 -.25 2.195
4 0 13.56 -.25 1.18 13.885 -.25 .855 14.535 -.25 .855 14.86 -.25 1.18
4 0 13.56 -.25 1.18 14.86 -.25 1.18 14.495 -.25 1.545 13.925 -.25 1.545
4 0 13.56 -.25 1.91 13.925 -.25 1.545 14.495 -.25 1.545 14.86 -.25 1.91
4 0 13.56 -.25 1.91 14.86 -.25 1.91 14.575 -.25 2.195 13.845 -.25 2.195
4 0 15.59 -.25 1.18 15.915 -.25 .855 16.565 -.25 .855 16.89 -.25 1.18
4 0 15.59 -.25 1.18 16.89 -.25 1.18 16.525 -.25 1.545 15.955 -.25 1.545
4 0 15.955 -.25 1.545 16.525 -.25 1.545 16.89 -.25 1.91 15.59 -.25 1.91
4 0 15.59 -.25 1.91 16.89 -.25 1.91 16.605 -.25 2.195 15.875 -.25 2.195
3 0 17.945 -.25 .855 18.27 -.25 .53 18.595 -.25 .855
4 0 17.62 -.25 1.18 17.945 -.25 .855 18.595 -.25 .855 18.92 -.25 1.18
4 0 17.62 -.25 1.18 18.92 -.25 1.18 18.555 -.25 1.545 17.985 -.25 1.545
4 0 17.985 -.25 1.545 18.555 -.25 1.545 18.92 -.25 1.91 17.62 -.25 1.91
4 0 17.62 -.25 1.91 18.92 -.25 1.91 18.635 -.25 2.195 17.905 -.25 2.195
4 0 19.65 -.25 1.18 19.975 -.25 .855 20.625 -.25 .855 20.95 -.25 1.18
4 0 19.65 -.25 1.18 20.95 -.25 1.18 20.585 -.25 1.545 20.015 -.25 1.545
4 0 20.015 -.25 1.545 20.585 -.25 1.545 20.95 -.25 1.91 19.65 -.25 1.91
4 0 19.65 -.25 1.91 20.95 -.25 1.91 20.665 -.25 2.195 19.935 -.25 2.195
4 0 21.68 -.25 1.18 22.005 -.25 .855 22.655 -.25 .855 22.98 -.25 1.18
4 0 21.68 -.25 1.18 22.98 -.25 1.18 22.615 -.25 1.545 22.045 -.25 1.545
4 0 22.045 -.25 1.545 22.615 -.25 1.545 22.98 -.25 1.91 21.68 -.25 1.91
4 0 21.68 -.25 1.91 22.98 -.25 1.91 22.695 -.25 2.195 21.965 -.25 2.195
4 0 23.71 -.25 1.18 24.035 -.25 .855 24.685 -.25 .855 25.01 -.25 1.18
4 0 23.71 -.25 1.18 25.01 -.25 1.18 24.645 -.25 1.545 24.075 -.25 1.545
4 0 24.075 -.25 1.545 24.645 -.25 1.545 25.01 -.25 1.91 23.71 -.25 1.91
4 0 23.71 -.25 1.91 25.01 -.25 1.91 24.725 -.25 2.195 23.995 -.25 2.195
4 0 25.74 -.25 1.18 26.065 -.25 .855 26.715 -.25 .855 27.04 -.25 1.18
4 0 25.74 -.25 1.18 27.04 -.25 1.18 26.675 -.25 1.545 26.105 -.25 1.545
4 0 26.105 -.25 1.545 26.675 -.25 1.545 27.04 -.25 1.91 25.74 -.25 1.91
4 0 25.74 -.25 1.91 27.04 -.25 1.91 26.755 -.25 2.195 26.025 -.25 2.195
4 0 27.77 -.25 1.18 28.095 -.25 .855 28.745 -.25 .855 29.07 -.25 1.18
4 0 27.77 -.25 1.18 29.07 -.25 1.18 28.705 -.25 1.545 28.135 -.25 1.545
4 0 28.135 -.25 1.545 28.705 -.25 1.545 29.07 -.25 1.91 27.77 -.25 1.91
4 0 27.77 -.25 1.91 29.07 -.25 1.91 28.785 -.25 2.195 28.055 -.25 2.195
4 0 29.8 -.25 1.18 30.125 -.25 .855 30.775 -.25 .855 31.1 -.25 1.18
4 0 29.8 -.25 1.18 31.1 -.25 1.18 30.735 -.25 1.545 30.165 -.25 1.545
4 0 29.8 -.25 1.91 30.165 -.25 1.545 30.735 -.25 1.545 31.1 -.25 1.91
4 0 29.8 -.25 1.91 31.1 -.25 1.91 30.815 -.25 2.195 30.085 -.25 2.195
4 0 31.83 -.25 1.18 32.155 -.25 .855 32.805 -.25 .855 33.13 -.25 1.18
4 0 31.83 -.25 1.18 33.13 -.25 1.18 32.765 -.25 1.545 32.195 -.25 1.545
4 0 32.195 -.25 1.545 32.765 -.25 1.545 33.13 -.25 1.91 31.83 -.25 1.91
4 0 31.83 -.25 1.91 33.13 -.25 1.91 32.845 -.25 2.195 32.115 -.25 2.195
4 0 34.6622 -.25 2.4079 34.51 -.25 2.56 34.145 -.25 2.195 34.225 -.25 1.545
3 0 33.13 -.25 1.91 33.495 -.25 1.545 33.86 -.25 1.91
3 0 34.145 -.25 2.195 33.86 -.25 1.91 34.225 -.25 1.545
3 0 .65 -.25 1.91 1.015 -.25 1.545 1.38 -.25 1.91
3 0 1.8675 -.25 2.7225 2.03 -.25 2.56 2.1925 -.25 2.7225
3 0 2.03 -.25 2.56 1.665 -.25 2.195 2.395 -.25 2.195
3 0 2.68 -.25 1.91 3.045 -.25 1.545 3.41 -.25 1.91
3 0 3.695 -.25 2.195 4.425 -.25 2.195 4.06 -.25 2.56
3 0 3.8975 -.25 2.7225 4.06 -.25 2.56 4.2225 -.25 2.7225
3 0 4.71 -.25 1.91 5.075 -.25 1.545 5.44 -.25 1.91
3 0 6.09 -.25 2.56 5.725 -.25 2.195 6.455 -.25 2.195
3 0 5.9275 -.25 2.7225 6.09 -.25 2.56 6.2525 -.25 2.7225
3 0 6.74 -.25 1.91 7.105 -.25 1.545 7.47 -.25 1.91
3 0 8.12 -.25 2.56 7.755 -.25 2.195 8.485 -.25 2.195
3 0 7.9575 -.25 2.7225 8.12 -.25 2.56 8.2825 -.25 2.7225
3 0 8.77 -.25 1.91 9.135 -.25 1.545 9.5 -.25 1.91
3 0 9.785 -.25 2.195 10.515 -.25 2.195 10.15 -.25 2.56
3 0 9.9875 -.25 2.7225 10.15 -.25 2.56 10.3125 -.25 2.7225
3 0 10.8 -.25 1.91 11.165 -.25 1.545 11.53 -.25 1.91
3 0 11.815 -.25 2.195 12.545 -.25 2.195 12.18 -.25 2.56
3 0 12.0175 -.25 2.7225 12.18 -.25 2.56 12.3425 -.25 2.7225
3 0 12.83 -.25 1.91 13.195 -.25 1.545 13.56 -.25 1.91
3 0 14.21 -.25 2.56 13.845 -.25 2.195 14.575 -.25 2.195
3 0 14.0475 -.25 2.7225 14.21 -.25 2.56 14.3725 -.25 2.7225
3 0 14.86 -.25 1.91 15.225 -.25 1.545 15.59 -.25 1.91
3 0 16.24 -.25 2.56 16.4025 -.25 2.7225 16.0775 -.25 2.7225
3 0 15.875 -.25 2.195 16.605 -.25 2.195 16.24 -.25 2.56
3 0 16.89 -.25 1.91 17.255 -.25 1.545 17.62 -.25 1.91
3 0 18.27 -.25 2.56 18.4325 -.25 2.7225 18.1075 -.25 2.7225
3 0 17.905 -.25 2.195 18.635 -.25 2.195 18.27 -.25 2.56
3 0 18.92 -.25 1.91 19.285 -.25 1.545 19.65 -.25 1.91
3 0 19.935 -.25 2.195 20.665 -.25 2.195 20.3 -.25 2.56
3 0 20.1375 -.25 2.7225 20.3 -.25 2.56 20.4625 -.25 2.7225
3 0 20.95 -.25 1.91 21.315 -.25 1.545 21.68 -.25 1.91
3 0 21.965 -.25 2.195 22.695 -.25 2.195 22.33 -.25 2.56
3 0 22.1675 -.25 2.7225 22.33 -.25 2.56 22.4925 -.25 2.7225
3 0 22.98 -.25 1.91 23.345 -.25 1.545 23.71 -.25 1.91
3 0 23.995 -.25 2.195 24.725 -.25 2.195 24.36 -.25 2.56
3 0 24.1975 -.25 2.7225 24.36 -.25 2.56 24.5225 -.25 2.7225
3 0 25.01 -.25 1.91 25.375 -.25 1.545 25.74 -.25 1.91
3 0 26.2275 -.25 2.7225 26.39 -.25 2.56 26.5525 -.25 2.7225
3 0 26.39 -.25 2.56 26.025 -.25 2.195 26.755 -.25 2.195
3 0 27.04 -.25 1.91 27.405 -.25 1.545 27.77 -.25 1.91
3 0 28.2575 -.25 2.7225 28.42 -.25 2.56 28.5825 -.25 2.7225
3 0 28.42 -.25 2.56 28.055 -.25 2.195 28.785 -.25 2.195
3 0 29.07 -.25 1.91 29.435 -.25 1.545 29.8 -.25 1.91
3 0 30.2875 -.25 2.7225 30.45 -.25 2.56 30.6125 -.25 2.7225
3 0 30.45 -.25 2.56 30.085 -.25 2.195 30.815 -.25 2.195
3 0 31.1 -.25 1.91 31.465 -.25 1.545 31.83 -.25 1.91
3 0 32.3175 -.25 2.7225 32.48 -.25 2.56 32.6425 -.25 2.7225
3 0 32.48 -.25 2.56 32.115 -.25 2.195 32.845 -.25 2.195
4 0 .365 -.25 2.195 .65 -.25 1.91 1.38 -.25 1.91 1.665 -.25 2.195
4 0 1.5025 -.25 2.3575 .5275 -.25 2.3575 .365 -.25 2.195 1.665 -.25 2.195
4 0 1.8675 -.25 2.7225 .1625 -.25 2.7225 .5275 -.25 2.3575 1.5025 -.25 2.3575
4 0 1.38 -.25 3.21 .65 -.25 3.21 .1625 -.25 2.7225 1.8675 -.25 2.7225
4 0 2.5985 -.25 3.2915 1.4615 -.25 3.2915 1.38 -.25 3.21 2.68 -.25 3.21
4 0 1.38 -.25 3.21 1.8675 -.25 2.7225 2.1925 -.25 2.7225 2.68 -.25 3.21
4 0 3.41 -.25 3.21 2.68 -.25 3.21 2.1925 -.25 2.7225 3.8975 -.25 2.7225
4 0 3.8975 -.25 2.7225 2.1925 -.25 2.7225 2.5575 -.25 2.3575 3.5325 -.25 2.3575
4 0 3.5325 -.25 2.3575 2.5575 -.25 2.3575 2.395 -.25 2.195 3.695 -.25 2.195
4 0 3.695 -.25 2.195 2.395 -.25 2.195 2.68 -.25 1.91 3.41 -.25 1.91
4 0 4.6285 -.25 3.2915 3.4915 -.25 3.2915 3.41 -.25 3.21 4.71 -.25 3.21
4 0 4.71 -.25 3.21 3.41 -.25 3.21 3.8975 -.25 2.7225 4.2225 -.25 2.7225
4 0 5.44 -.25 3.21 4.71 -.25 3.21 4.2225 -.25 2.7225 5.9275 -.25 2.7225
4 0 5.9275 -.25 2.7225 4.2225 -.25 2.7225 4.5875 -.25 2.3575 5.5625 -.25 2.3575
4 0 5.5625 -.25 2.3575 4.5875 -.25 2.3575 4.425 -.25 2.195 5.725 -.25 2.195
4 0 5.725 -.25 2.195 4.425 -.25 2.195 4.71 -.25 1.91 5.44 -.25 1.91
4 0 6.6585 -.25 3.2915 5.5215 -.25 3.2915 5.44 -.25 3.21 6.74 -.25 3.21
4 0 6.74 -.25 3.21 5.44 -.25 3.21 5.9275 -.25 2.7225 6.2525 -.25 2.7225
4 0 7.47 -.25 3.21 6.74 -.25 3.21 6.2525 -.25 2.7225 7.9575 -.25 2.7225
4 0 7.9575 -.25 2.7225 6.2525 -.25 2.7225 6.6175 -.25 2.3575 7.5925 -.25 2.3575
4 0 7.5925 -.25 2.3575 6.6175 -.25 2.3575 6.455 -.25 2.195 7.755 -.25 2.195
4 0 7.755 -.25 2.195 6.455 -.25 2.195 6.74 -.25 1.91 7.47 -.25 1.91
4 0 8.6885 -.25 3.2915 7.5515 -.25 3.2915 7.47 -.25 3.21 8.77 -.25 3.21
4 0 8.77 -.25 3.21 7.47 -.25 3.21 7.9575 -.25 2.7225 8.2825 -.25 2.7225
4 0 9.5 -.25 3.21 8.77 -.25 3.21 8.2825 -.25 2.7225 9.9875 -.25 2.7225
4 0 9.9875 -.25 2.7225 8.2825 -.25 2.7225 8.6475 -.25 2.3575 9.6225 -.25 2.3575
4 0 9.6225 -.25 2.3575 8.6475 -.25 2.3575 8.485 -.25 2.195 9.785 -.25 2.195
4 0 9.785 -.25 2.195 8.485 -.25 2.195 8.77 -.25 1.91 9.5 -.25 1.91
4 0 10.7185 -.25 3.2915 9.5815 -.25 3.2915 9.5 -.25 3.21 10.8 -.25 3.21
4 0 10.8 -.25 3.21 9.5 -.25 3.21 9.9875 -.25 2.7225 10.3125 -.25 2.7225
4 0 11.53 -.25 3.21 10.8 -.25 3.21 10.3125 -.25 2.7225 12.0175 -.25 2.7225
4 0 12.0175 -.25 2.7225 10.3125 -.25 2.7225 10.6775 -.25 2.3575 11.6525 -.25 2.3575
4 0 11.6525 -.25 2.3575 10.6775 -.25 2.3575 10.515 -.25 2.195 11.815 -.25 2.195
4 0 11.815 -.25 2.195 10.515 -.25 2.195 10.8 -.25 1.91 11.53 -.25 1.91
4 0 12.7485 -.25 3.2915 11.6115 -.25 3.2915 11.53 -.25 3.21 12.83 -.25 3.21
4 0 12.83 -.25 3.21 11.53 -.25 3.21 12.0175 -.25 2.7225 12.3425 -.25 2.7225
4 0 13.56 -.25 3.21 12.83 -.25 3.21 12.3425 -.25 2.7225 14.0475 -.25 2.7225
4 0 14.0475 -.25 2.7225 12.3425 -.25 2.7225 12.7075 -.25 2.3575 13.6825 -.25 2.3575
4 0 13.6825 -.25 2.3575 12.7075 -.25 2.3575 12.545 -.25 2.195 13.845 -.25 2.195
4 0 13.845 -.25 2.195 12.545 -.25 2.195 12.83 -.25 1.91 13.56 -.25 1.91
4 0 14.7785 -.25 3.2915 13.6415 -.25 3.2915 13.56 -.25 3.21 14.86 -.25 3.21
4 0 14.86 -.25 3.21 13.56 -.25 3.21 14.0475 -.25 2.7225 14.3725 -.25 2.7225
4 0 15.59 -.25 3.21 14.86 -.25 3.21 14.3725 -.25 2.7225 16.0775 -.25 2.7225
4 0 16.0775 -.25 2.7225 14.3725 -.25 2.7225 14.7375 -.25 2.3575 15.7125 -.25 2.3575
4 0 15.7125 -.25 2.3575 14.7375 -.25 2.3575 14.575 -.25 2.195 15.875 -.25 2.195
4 0 15.875 -.25 2.195 14.575 -.25 2.195 14.86 -.25 1.91 15.59 -.25 1.91
4 0 16.8085 -.25 3.2915 15.6715 -.25 3.2915 15.59 -.25 3.21 16.89 -.25 3.21
4 0 16.89 -.25 3.21 15.59 -.25 3.21 16.0775 -.25 2.7225 16.4025 -.25 2.7225
4 0 16.4025 -.25 2.7225 18.1075 -.25 2.7225 17.62 -.25 3.21 16.89 -.25 3.21
4 0 16.4025 -.25 2.7225 16.7675 -.25 2.3575 17.7425 -.25 2.3575 18.1075 -.25 2.7225
4 0 17.7425 -.25 2.3575 16.7675 -.25 2.3575 16.605 -.25 2.195 17.905 -.25 2.195
4 0 16.605 -.25 2.195 16.89 -.25 1.91 17.62 -.25 1.91 17.905 -.25 2.195
4 0 18.8385 -.25 3.2915 17.7015 -.25 3.2915 17.62 -.25 3.21 18.92 -.25 3.21
4 0 18.92 -.25 3.21 17.62 -.25 3.21 18.1075 -.25 2.7225 18.4325 -.25 2.7225
4 0 19.65 -.25 3.21 18.92 -.25 3.21 18.4325 -.25 2.7225 20.1375 -.25 2.7225
4 0 20.1375 -.25 2.7225 18.4325 -.25 2.7225 18.7975 -.25 2.3575 19.7725 -.25 2.3575
4 0 19.7725 -.25 2.3575 18.7975 -.25 2.3575 18.635 -.25 2.195 19.935 -.25 2.195
4 0 19.935 -.25 2.195 18.635 -.25 2.195 18.92 -.25 1.91 19.65 -.25 1.91
4 0 20.8685 -.25 3.2915 19.7315 -.25 3.2915 19.65 -.25 3.21 20.95 -.25 3.21
4 0 20.95 -.25 3.21 19.65 -.25 3.21 20.1375 -.25 2.7225 20.4625 -.25 2.7225
4 0 21.68 -.25 3.21 20.95 -.25 3.21 20.4625 -.25 2.7225 22.1675 -.25 2.7225
4 0 22.1675 -.25 2.7225 20.4625 -.25 2.7225 20.8275 -.25 2.3575 21.8025 -.25 2.3575
4 0 21.8025 -.25 2.3575 20.8275 -.25 2.3575 20.665 -.25 2.195 21.965 -.25 2.195
4 0 21.965 -.25 2.195 20.665 -.25 2.195 20.95 -.25 1.91 21.68 -.25 1.91
4 0 22.8985 -.25 3.2915 21.7615 -.25 3.2915 21.68 -.25 3.21 22.98 -.25 3.21
4 0 22.98 -.25 3.21 21.68 -.25 3.21 22.1675 -.25 2.7225 22.4925 -.25 2.7225
4 0 23.71 -.25 3.21 22.98 -.25 3.21 22.4925 -.25 2.7225 24.1975 -.25 2.7225
4 0 24.1975 -.25 2.7225 22.4925 -.25 2.7225 22.8575 -.25 2.3575 23.8325 -.25 2.3575
4 0 23.8325 -.25 2.3575 22.8575 -.25 2.3575 22.695 -.25 2.195 23.995 -.25 2.195
4 0 23.995 -.25 2.195 22.695 -.25 2.195 22.98 -.25 1.91 23.71 -.25 1.91
4 0 24.9285 -.25 3.2915 23.7915 -.25 3.2915 23.71 -.25 3.21 25.01 -.25 3.21
4 0 25.01 -.25 3.21 23.71 -.25 3.21 24.1975 -.25 2.7225 24.5225 -.25 2.7225
4 0 25.74 -.25 3.21 25.01 -.25 3.21 24.5225 -.25 2.7225 26.2275 -.25 2.7225
4 0 26.2275 -.25 2.7225 24.5225 -.25 2.7225 24.8875 -.25 2.3575 25.8625 -.25 2.3575
4 0 25.8625 -.25 2.3575 24.8875 -.25 2.3575 24.725 -.25 2.195 26.025 -.25 2.195
4 0 26.025 -.25 2.195 24.725 -.25 2.195 25.01 -.25 1.91 25.74 -.25 1.91
4 0 26.9585 -.25 3.2915 25.8215 -.25 3.2915 25.74 -.25 3.21 27.04 -.25 3.21
4 0 27.04 -.25 3.21 25.74 -.25 3.21 26.2275 -.25 2.7225 26.5525 -.25 2.7225
4 0 27.04 -.25 3.21 26.5525 -.25 2.7225 28.2575 -.25 2.7225 27.77 -.25 3.21
4 0 26.5525 -.25 2.7225 26.9175 -.25 2.3575 27.8925 -.25 2.3575 28.2575 -.25 2.7225
4 0 27.8925 -.25 2.3575 26.9175 -.25 2.3575 26.755 -.25 2.195 28.055 -.25 2.195
4 0 28.055 -.25 2.195 26.755 -.25 2.195 27.04 -.25 1.91 27.77 -.25 1.91
4 0 27.77 -.25 3.21 29.07 -.25 3.21 28.9885 -.25 3.2915 27.8515 -.25 3.2915
4 0 27.77 -.25 3.21 28.2575 -.25 2.7225 28.5825 -.25 2.7225 29.07 -.25 3.21
4 0 29.8 -.25 3.21 29.07 -.25 3.21 28.5825 -.25 2.7225 30.2875 -.25 2.7225
4 0 30.2875 -.25 2.7225 28.5825 -.25 2.7225 28.9475 -.25 2.3575 29.9225 -.25 2.3575
4 0 29.9225 -.25 2.3575 28.9475 -.25 2.3575 28.785 -.25 2.195 30.085 -.25 2.195
4 0 28.785 -.25 2.195 29.07 -.25 1.91 29.8 -.25 1.91 30.085 -.25 2.195
4 0 31.0185 -.25 3.2915 29.8815 -.25 3.2915 29.8 -.25 3.21 31.1 -.25 3.21
4 0 31.1 -.25 3.21 29.8 -.25 3.21 30.2875 -.25 2.7225 30.6125 -.25 2.7225
4 0 31.83 -.25 3.21 31.1 -.25 3.21 30.6125 -.25 2.7225 32.3175 -.25 2.7225
4 0 30.6125 -.25 2.7225 30.9775 -.25 2.3575 31.9525 -.25 2.3575 32.3175 -.25 2.7225
4 0 31.9525 -.25 2.3575 30.9775 -.25 2.3575 30.815 -.25 2.195 32.115 -.25 2.195
4 0 30.815 -.25 2.195 31.1 -.25 1.91 31.83 -.25 1.91 32.115 -.25 2.195
4 0 33.0485 -.25 3.2915 31.9115 -.25 3.2915 31.83 -.25 3.21 33.13 -.25 3.21
4 0 33.13 -.25 3.21 31.83 -.25 3.21 32.3175 -.25 2.7225 32.6425 -.25 2.7225
4 0 33.86 -.25 3.21 33.13 -.25 3.21 32.6425 -.25 2.7225 34.3475 -.25 2.7225
4 0 34.3475 -.25 2.7225 32.6425 -.25 2.7225 33.0075 -.25 2.3575 33.9825 -.25 2.3575
4 0 33.9825 -.25 2.3575 33.0075 -.25 2.3575 32.845 -.25 2.195 34.145 -.25 2.195
4 0 34.145 -.25 2.195 32.845 -.25 2.195 33.13 -.25 1.91 33.86 -.25 1.91
3 0 .9335 -.25 3.6565 1.015 -.25 3.575 1.0965 -.25 3.6565
3 0 1.015 -.25 3.575 .65 -.25 3.21 1.38 -.25 3.21
3 0 2.9635 -.25 3.6565 3.045 -.25 3.575 3.1265 -.25 3.6565
3 0 3.045 -.25 3.575 2.68 -.25 3.21 3.41 -.25 3.21
3 0 4.9935 -.25 3.6565 5.075 -.25 3.575 5.1565 -.25 3.6565
3 0 5.075 -.25 3.575 4.71 -.25 3.21 5.44 -.25 3.21
3 0 7.0235 -.25 3.6565 7.105 -.25 3.575 7.1865 -.25 3.6565
3 0 7.47 -.25 3.21 7.105 -.25 3.575 6.74 -.25 3.21
3 0 9.0535 -.25 3.6565 9.135 -.25 3.575 9.2165 -.25 3.6565
3 0 9.5 -.25 3.21 9.135 -.25 3.575 8.77 -.25 3.21
3 0 11.0835 -.25 3.6565 11.165 -.25 3.575 11.2465 -.25 3.6565
3 0 11.165 -.25 3.575 10.8 -.25 3.21 11.53 -.25 3.21
3 0 13.1135 -.25 3.6565 13.195 -.25 3.575 13.2765 -.25 3.6565
3 0 13.195 -.25 3.575 12.83 -.25 3.21 13.56 -.25 3.21
3 0 15.1435 -.25 3.6565 15.225 -.25 3.575 15.3065 -.25 3.6565
3 0 15.225 -.25 3.575 14.86 -.25 3.21 15.59 -.25 3.21
3 0 17.1735 -.25 3.6565 17.255 -.25 3.575 17.3365 -.25 3.6565
3 0 17.255 -.25 3.575 16.89 -.25 3.21 17.62 -.25 3.21
3 0 19.2035 -.25 3.6565 19.285 -.25 3.575 19.3665 -.25 3.6565
3 0 19.285 -.25 3.575 18.92 -.25 3.21 19.65 -.25 3.21
3 0 21.2335 -.25 3.6565 21.315 -.25 3.575 21.3965 -.25 3.6565
3 0 21.315 -.25 3.575 20.95 -.25 3.21 21.68 -.25 3.21
3 0 23.345 -.25 3.575 23.4265 -.25 3.6565 23.2635 -.25 3.6565
3 0 23.345 -.25 3.575 22.98 -.25 3.21 23.71 -.25 3.21
3 0 25.2935 -.25 3.6565 25.375 -.25 3.575 25.4565 -.25 3.6565
3 0 25.375 -.25 3.575 25.01 -.25 3.21 25.74 -.25 3.21
3 0 27.3235 -.25 3.6565 27.405 -.25 3.575 27.4865 -.25 3.6565
3 0 27.405 -.25 3.575 27.04 -.25 3.21 27.77 -.25 3.21
3 0 29.3535 -.25 3.6565 29.435 -.25 3.575 29.5165 -.25 3.6565
3 0 29.435 -.25 3.575 29.07 -.25 3.21 29.8 -.25 3.21
3 0 31.3835 -.25 3.6565 31.465 -.25 3.575 31.5465 -.25 3.6565
3 0 31.465 -.25 3.575 31.1 -.25 3.21 31.83 -.25 3.21
3 0 33.4135 -.25 3.6565 33.495 -.25 3.575 33.5765 -.25 3.6565
3 0 33.495 -.25 3.575 33.13 -.25 3.21 33.86 -.25 3.21
4 0 1.0965 -.25 3.6565 1.4615 -.25 3.2915 2.5985 -.25 3.2915 2.9635 -.25 3.6565
4 0 3.1265 -.25 3.6565 3.4915 -.25 3.2915 4.6285 -.25 3.2915 4.9935 -.25 3.6565
4 0 5.1565 -.25 3.6565 5.5215 -.25 3.2915 6.6585 -.25 3.2915 7.0235 -.25 3.6565
4 0 7.1865 -.25 3.6565 7.5515 -.25 3.2915 8.6885 -.25 3.2915 9.0535 -.25 3.6565
4 0 9.2165 -.25 3.6565 9.5815 -.25 3.2915 10.7185 -.25 3.2915 11.0835 -.25 3.6565
4 0 11.2465 -.25 3.6565 11.6115 -.25 3.2915 12.7485 -.25 3.2915 13.1135 -.25 3.6565
4 0 13.2765 -.25 3.6565 13.6415 -.25 3.2915 14.7785 -.25 3.2915 15.1435 -.25 3.6565
4 0 15.3065 -.25 3.6565 15.6715 -.25 3.2915 16.8085 -.25 3.2915 17.1735 -.25 3.6565
4 0 17.3365 -.25 3.6565 17.7015 -.25 3.2915 18.8385 -.25 3.2915 19.2035 -.25 3.6565
4 0 19.3665 -.25 3.6565 19.7315 -.25 3.2915 20.8685 -.25 3.2915 21.2335 -.25 3.6565
4 0 21.3965 -.25 3.6565 21.7615 -.25 3.2915 22.8985 -.25 3.2915 23.2635 -.25 3.6565
4 0 23.4265 -.25 3.6565 23.7915 -.25 3.2915 24.9285 -.25 3.2915 25.2935 -.25 3.6565
4 0 25.4565 -.25 3.6565 25.8215 -.25 3.2915 26.9585 -.25 3.2915 27.3235 -.25 3.6565
4 0 27.4865 -.25 3.6565 27.8515 -.25 3.2915 28.9885 -.25 3.2915 29.3535 -.25 3.6565
4 0 29.5165 -.25 3.6565 29.8815 -.25 3.2915 31.0185 -.25 3.2915 31.3835 -.25 3.6565
4 0 31.5465 -.25 3.6565 31.9115 -.25 3.2915 33.0485 -.25 3.2915 33.4135 -.25 3.6565
3 0 0 -.25 6 .9335 -.25 3.6565 1.0965 -.25 3.6565
3 0 0 -.25 6 1.0965 -.25 3.6565 2.9635 -.25 3.6565
3 0 0 -.25 6 2.9635 -.25 3.6565 3.1265 -.25 3.6565
3 0 0 -.25 6 3.1265 -.25 3.6565 4.9935 -.25 3.6565
3 0 0 -.25 6 4.9935 -.25 3.6565 5.1565 -.25 3.6565
3 0 0 -.25 6 5.1565 -.25 3.6565 7.0235 -.25 3.6565
3 0 0 -.25 6 7.0235 -.25 3.6565 7.1865 -.25 3.6565
3 0 0 -.25 6 7.1865 -.25 3.6565 9.0535 -.25 3.6565
3 0 0 -.25 6 9.0535 -.25 3.6565 9.2165 -.25 3.6565
3 0 0 -.25 6 9.2165 -.25 3.6565 11.0835 -.25 3.6565
3 0 0 -.25 6 11.0835 -.25 3.6565 11.2465 -.25 3.6565
3 0 0 -.25 6 11.2465 -.25 3.6565 13.1135 -.25 3.6565
3 0 0 -.25 6 13.1135 -.25 3.6565 13.2765 -.25 3.6565
3 0 35.3 -.25 6 33.4135 -.25 3.6565 33.5765 -.25 3.6565
3 0 33.4135 -.25 3.6565 35.3 -.25 6 31.5465 -.25 3.6565
3 0 31.5465 -.25 3.6565 35.3 -.25 6 31.3835 -.25 3.6565
3 0 31.3835 -.25 3.6565 35.3 -.25 6 29.5165 -.25 3.6565
3 0 29.5165 -.25 3.6565 35.3 -.25 6 29.3535 -.25 3.6565
3 0 29.3535 -.25 3.6565 35.3 -.25 6 27.4865 -.25 3.6565
3 0 27.4865 -.25 3.6565 35.3 -.25 6 27.3235 -.25 3.6565
3 0 27.3235 -.25 3.6565 35.3 -.25 6 25.4565 -.25 3.6565
3 0 25.4565 -.25 3.6565 35.3 -.25 6 25.2935 -.25 3.6565
3 0 25.2935 -.25 3.6565 35.3 -.25 6 23.4265 -.25 3.6565
3 0 23.4265 -.25 3.6565 35.3 -.25 6 23.2635 -.25 3.6565
3 0 23.2635 -.25 3.6565 35.3 -.25 6 21.3965 -.25 3.6565
3 0 21.3965 -.25 3.6565 35.3 -.25 6 21.2335 -.25 3.6565
3 0 21.2335 -.25 3.6565 35.3 -.25 6 19.3665 -.25 3.6565
3 0 19.3665 -.25 3.6565 35.3 -.25 6 19.2035 -.25 3.6565
3 0 19.2035 -.25 3.6565 35.3 -.25 6 17.3365 -.25 3.6565
3 0 0 -.25 6 13.2765 -.25 3.6565 15.1435 -.25 3.6565
3 0 0 -.25 6 15.1435 -.25 3.6565 15.3065 -.25 3.6565
3 0 0 -.25 6 15.3065 -.25 3.6565 17.1735 -.25 3.6565
4 0 17.1735 -.25 3.6565 17.3365 -.25 3.6565 35.3 -.25 6 0 -.25 6
0 // Dark red faces
3 320 42.56 -.25 -4 44.1943 -.25 -3.3657 43.5011 -.25 -2.5428
3 320 43.5011 -.25 -2.5428 42.9854 -.25 -1.5985 42.56 -.25 -4
3 320 42.56 -.25 -4 42.9854 -.25 -1.5985 42.6674 -.25 -.5706
3 320 42.56 -.25 -4 42.6674 -.25 -.5706 42.56 -.25 .5
3 320 56.4047 -.25 2.1505 56.1314 -.25 1.253 56.0344 -.25 .7505
4 320 56.1314 -.25 1.253 55.7031 -.25 .4182 55.5203 -.25 -.6033 56.0344 -.25 .7505
4 320 54.8682 -.25 -1.8962 55.5203 -.25 -.6033 55.7031 -.25 .4182 55.1336 -.25 -.3273
4 320 55.1336 -.25 -.3273 54.4408 -.25 -.9601 54.469 -.25 -2.2832 54.8682 -.25 -1.8962
4 320 52.7634 -.25 -3.1018 54.469 -.25 -2.2832 54.4408 -.25 -.9601 53.6468 -.25 -1.4599
3 320 52.7634 -.25 -3.1018 53.6468 -.25 -1.4599 52.2515 -.25 -2.1053
4 320 28.8 -.25 -3.6 29 -.25 -5 31.0346 -.25 -4.1475 30.7799 -.25 -3.0849
4 320 30.7799 -.25 -3.0849 31.0346 -.25 -4.1475 32.8163 -.25 -2.8466 32.5842 -.25 -2.1207
4 320 32.5842 -.25 -2.1207 32.8163 -.25 -2.8466 34.2894 -.25 -1.2045 34.1128 -.25 -.761
4 320 34.1128 -.25 -.761 34.2894 -.25 -1.2045 35.3899 -.25 .7074 35.2807 -.25 .9186
3 320 35.2807 -.25 .9186 35.3899 -.25 .7074 36.07 -.25 2.806
3 320 42.56 -.25 -4 44.4538 -.25 -3.5391 44.1943 -.25 -3.3657
4 320 42.56 -.25 -4 43.56 -.25 -5 44.76 -.25 -3.6 44.4538 -.25 -3.5391
4 320 45.9819 -.25 -3.5519 45.343 -.25 -3.577 43.56 -.25 -5 45.4504 -.25 -4.9231
3 320 45.343 -.25 -3.577 44.76 -.25 -3.6 43.56 -.25 -5
3 320 46.2962 -.25 -3.5395 45.9819 -.25 -3.5519 45.4504 -.25 -4.9231
3 320 46.6567 -.25 -3.4967 46.2962 -.25 -3.5395 45.4504 -.25 -4.9231
4 320 46.7323 -.25 -3.4877 46.6567 -.25 -3.4967 45.4504 -.25 -4.9231 47.3282 -.25 -4.6927
3 320 47.5607 -.25 -3.3894 46.7323 -.25 -3.4877 47.3282 -.25 -4.6927
3 320 47.5607 -.25 -3.3894 47.3282 -.25 -4.6927 47.8187 -.25 -3.3587
3 320 48.4276 -.25 -3.2376 47.8187 -.25 -3.3587 47.3282 -.25 -4.6927
4 320 49.1582 -.25 -3.0918 48.4276 -.25 -3.2376 47.3282 -.25 -4.6927 49.1811 -.25 -4.3106
3 320 49.3304 -.25 -3.0574 49.1582 -.25 -3.0918 49.1811 -.25 -4.3106
3 320 50.1562 -.25 -2.8238 49.3304 -.25 -3.0574 49.1811 -.25 -4.3106
4 320 50.1562 -.25 -2.8238 49.1811 -.25 -4.3106 50.9968 -.25 -3.7791 50.8097 -.25 -2.6389
3 320 51.0646 -.25 -2.5446 50.8097 -.25 -2.6389 50.9968 -.25 -3.7791
3 320 52.2515 -.25 -2.1053 52.1296 -.25 -2.1504 52.7634 -.25 -3.1018
4 320 51.5974 -.25 -2.3474 51.0646 -.25 -2.5446 50.9968 -.25 -3.7791 52.7634 -.25 -3.1018
3 320 52.1296 -.25 -2.1504 51.5974 -.25 -2.3474 52.7634 -.25 -3.1018
3 320 0 -.25 -5 1.37 -.25 -3.6 .66 -.25 -3.6
3 320 1.37 -.25 -3.6 0 -.25 -5 2.69 -.25 -3.6
3 320 2.69 -.25 -3.6 0 -.25 -5 3.4 -.25 -3.6
3 320 3.4 -.25 -3.6 0 -.25 -5 4.72 -.25 -3.6
3 320 4.72 -.25 -3.6 0 -.25 -5 5.43 -.25 -3.6
3 320 29 -.25 -5 28.8 -.25 -3.6 27.76 -.25 -3.6
3 320 29 -.25 -5 27.76 -.25 -3.6 27.05 -.25 -3.6
3 320 29 -.25 -5 27.05 -.25 -3.6 25.73 -.25 -3.6
3 320 29 -.25 -5 25.73 -.25 -3.6 25.02 -.25 -3.6
3 320 29 -.25 -5 25.02 -.25 -3.6 23.7 -.25 -3.6
3 320 29 -.25 -5 23.7 -.25 -3.6 22.99 -.25 -3.6
3 320 29 -.25 -5 22.99 -.25 -3.6 21.67 -.25 -3.6
3 320 29 -.25 -5 21.67 -.25 -3.6 20.96 -.25 -3.6
3 320 29 -.25 -5 20.96 -.25 -3.6 19.64 -.25 -3.6
3 320 29 -.25 -5 19.64 -.25 -3.6 18.93 -.25 -3.6
3 320 29 -.25 -5 18.93 -.25 -3.6 17.61 -.25 -3.6
3 320 29 -.25 -5 17.61 -.25 -3.6 16.9 -.25 -3.6
3 320 29 -.25 -5 16.9 -.25 -3.6 15.58 -.25 -3.6
4 320 0 -.25 -5 29 -.25 -5 15.58 -.25 -3.6 14.87 -.25 -3.6
3 320 14.87 -.25 -3.6 13.55 -.25 -3.6 0 -.25 -5
3 320 13.55 -.25 -3.6 12.84 -.25 -3.6 0 -.25 -5
3 320 12.84 -.25 -3.6 11.52 -.25 -3.6 0 -.25 -5
3 320 11.52 -.25 -3.6 10.81 -.25 -3.6 0 -.25 -5
3 320 0 -.25 -5 6.75 -.25 -3.6 5.43 -.25 -3.6
3 320 6.75 -.25 -3.6 0 -.25 -5 7.46 -.25 -3.6
3 320 7.46 -.25 -3.6 0 -.25 -5 8.78 -.25 -3.6
3 320 8.78 -.25 -3.6 0 -.25 -5 9.49 -.25 -3.6
3 320 9.49 -.25 -3.6 0 -.25 -5 10.81 -.25 -3.6
0 // Red faces
3 4 56.5 -.25 8 0 -.25 6 35.3 -.25 6
3 4 56.5 -.25 8 35.3 -.25 6 36.3 -.25 6
3 4 56.5 -.25 8 36.3 -.25 6 42.56 -.25 6
3 4 56.5 -.25 8 42.56 -.25 6 43.56 -.25 6
3 4 56.5 -.25 8 43.56 -.25 6 55.7 -.25 6
4 4 56.5 -.25 8 55.7 -.25 6 56.7 -.25 6 58 -.25 6.5
3 4 58 -.25 6.5 56.7 -.25 6 56.7 -.25 5
3 4 58 -.25 6.5 56.7 -.25 5 56.626 -.25 3.5676
4 4 58 -.25 6.5 56.626 -.25 3.5676 56.4047 -.25 2.1505 58 -.25 -6.5
4 4 36.3 -.25 5 42.56 -.25 5 42.56 -.25 6 36.3 -.25 6
4 4 36.3 -.25 5 36.07 -.25 2.806 42.56 -.25 .5 42.56 -.25 5
4 4 42.56 -.25 -4 42.56 -.25 .5 36.07 -.25 2.806 35.3899 -.25 .7074
3 4 42.56 -.25 -4 35.3899 -.25 .7074 34.2894 -.25 -1.2045
3 4 42.56 -.25 -4 34.2894 -.25 -1.2045 32.8163 -.25 -2.8466
4 4 42.56 -.25 -4 32.8163 -.25 -2.8466 31.0346 -.25 -4.1475 42.56 -.25 -5
3 4 58 -.25 -6.5 56.4047 -.25 2.1505 56.0344 -.25 .7505
3 4 58 -.25 -6.5 56.0344 -.25 .7505 55.5203 -.25 -.6033
3 4 58 -.25 -6.5 55.5203 -.25 -.6033 54.8682 -.25 -1.8962
3 4 58 -.25 -6.5 54.8682 -.25 -1.8962 54.469 -.25 -2.2832
3 4 58 -.25 -6.5 54.469 -.25 -2.2832 52.7634 -.25 -3.1018
3 4 58 -.25 -6.5 52.7634 -.25 -3.1018 50.9968 -.25 -3.7791
3 4 58 -.25 -6.5 50.9968 -.25 -3.7791 49.1811 -.25 -4.3106
3 4 58 -.25 -6.5 49.1811 -.25 -4.3106 47.3282 -.25 -4.6927
3 4 58 -.25 -6.5 47.3282 -.25 -4.6927 45.4504 -.25 -4.9231
3 4 58 -.25 -6.5 45.4504 -.25 -4.9231 43.56 -.25 -5
4 4 58 -.25 -6.5 43.56 -.25 -5 42.56 -.25 -5 56.5 -.25 -8
4 4 56.5 -.25 -8 42.56 -.25 -5 31.0346 -.25 -4.1475 29 -.25 -5
3 4 56.5 -.25 -8 29 -.25 -5 0 -.25 -5
0 // Silver faces
4 80 45.5935 -.25 3.6565 45.2285 -.25 3.2915 45.31 -.25 3.21 45.675 -.25 3.575
4 80 45.7565 -.25 3.6565 45.675 -.25 3.575 46.04 -.25 3.21 46.1215 -.25 3.2915
4 80 47.6235 -.25 3.6565 47.2585 -.25 3.2915 47.34 -.25 3.21 47.705 -.25 3.575
4 80 47.7865 -.25 3.6565 47.705 -.25 3.575 48.07 -.25 3.21 48.1515 -.25 3.2915
4 80 49.6535 -.25 3.6565 49.2885 -.25 3.2915 49.37 -.25 3.21 49.735 -.25 3.575
4 80 49.8165 -.25 3.6565 49.735 -.25 3.575 50.1 -.25 3.21 50.1815 -.25 3.2915
4 80 51.6835 -.25 3.6565 51.3185 -.25 3.2915 51.4 -.25 3.21 51.765 -.25 3.575
4 80 51.8465 -.25 3.6565 51.765 -.25 3.575 52.13 -.25 3.21 52.2115 -.25 3.2915
4 80 53.7135 -.25 3.6565 53.3485 -.25 3.2915 53.43 -.25 3.21 53.795 -.25 3.575
4 80 53.8765 -.25 3.6565 53.795 -.25 3.575 54.16 -.25 3.21 54.2415 -.25 3.2915
4 80 33.5765 -.25 3.6565 33.495 -.25 3.575 33.86 -.25 3.21 33.9415 -.25 3.2915
4 80 33.4135 -.25 3.6565 33.0485 -.25 3.2915 33.13 -.25 3.21 33.495 -.25 3.575
4 80 31.5465 -.25 3.6565 31.465 -.25 3.575 31.83 -.25 3.21 31.9115 -.25 3.2915
4 80 31.3835 -.25 3.6565 31.0185 -.25 3.2915 31.1 -.25 3.21 31.465 -.25 3.575
4 80 29.5165 -.25 3.6565 29.435 -.25 3.575 29.8 -.25 3.21 29.8815 -.25 3.2915
4 80 29.3535 -.25 3.6565 28.9885 -.25 3.2915 29.07 -.25 3.21 29.435 -.25 3.575
4 80 27.4865 -.25 3.6565 27.405 -.25 3.575 27.77 -.25 3.21 27.8515 -.25 3.2915
4 80 27.3235 -.25 3.6565 26.9585 -.25 3.2915 27.04 -.25 3.21 27.405 -.25 3.575
4 80 25.4565 -.25 3.6565 25.375 -.25 3.575 25.74 -.25 3.21 25.8215 -.25 3.2915
4 80 25.2935 -.25 3.6565 24.9285 -.25 3.2915 25.01 -.25 3.21 25.375 -.25 3.575
4 80 23.4265 -.25 3.6565 23.345 -.25 3.575 23.71 -.25 3.21 23.7915 -.25 3.2915
4 80 23.2635 -.25 3.6565 22.8985 -.25 3.2915 22.98 -.25 3.21 23.345 -.25 3.575
4 80 21.3965 -.25 3.6565 21.315 -.25 3.575 21.68 -.25 3.21 21.7615 -.25 3.2915
4 80 21.2335 -.25 3.6565 20.8685 -.25 3.2915 20.95 -.25 3.21 21.315 -.25 3.575
4 80 19.3665 -.25 3.6565 19.285 -.25 3.575 19.65 -.25 3.21 19.7315 -.25 3.2915
4 80 19.2035 -.25 3.6565 18.8385 -.25 3.2915 18.92 -.25 3.21 19.285 -.25 3.575
4 80 17.3365 -.25 3.6565 17.255 -.25 3.575 17.62 -.25 3.21 17.7015 -.25 3.2915
4 80 17.1735 -.25 3.6565 16.8085 -.25 3.2915 16.89 -.25 3.21 17.255 -.25 3.575
4 80 15.3065 -.25 3.6565 15.225 -.25 3.575 15.59 -.25 3.21 15.6715 -.25 3.2915
4 80 15.1435 -.25 3.6565 14.7785 -.25 3.2915 14.86 -.25 3.21 15.225 -.25 3.575
4 80 13.2765 -.25 3.6565 13.195 -.25 3.575 13.56 -.25 3.21 13.6415 -.25 3.2915
4 80 13.1135 -.25 3.6565 12.7485 -.25 3.2915 12.83 -.25 3.21 13.195 -.25 3.575
4 80 11.2465 -.25 3.6565 11.165 -.25 3.575 11.53 -.25 3.21 11.6115 -.25 3.2915
4 80 11.0835 -.25 3.6565 10.7185 -.25 3.2915 10.8 -.25 3.21 11.165 -.25 3.575
4 80 9.2165 -.25 3.6565 9.135 -.25 3.575 9.5 -.25 3.21 9.5815 -.25 3.2915
4 80 9.0535 -.25 3.6565 8.6885 -.25 3.2915 8.77 -.25 3.21 9.135 -.25 3.575
4 80 7.1865 -.25 3.6565 7.105 -.25 3.575 7.47 -.25 3.21 7.5515 -.25 3.2915
4 80 7.0235 -.25 3.6565 6.6585 -.25 3.2915 6.74 -.25 3.21 7.105 -.25 3.575
4 80 5.1565 -.25 3.6565 5.075 -.25 3.575 5.44 -.25 3.21 5.5215 -.25 3.2915
4 80 4.9935 -.25 3.6565 4.6285 -.25 3.2915 4.71 -.25 3.21 5.075 -.25 3.575
4 80 3.1265 -.25 3.6565 3.045 -.25 3.575 3.41 -.25 3.21 3.4915 -.25 3.2915
4 80 2.9635 -.25 3.6565 2.5985 -.25 3.2915 2.68 -.25 3.21 3.045 -.25 3.575
4 80 1.0965 -.25 3.6565 1.015 -.25 3.575 1.38 -.25 3.21 1.4615 -.25 3.2915
4 80 .9335 -.25 3.6565 .5685 -.25 3.2915 .65 -.25 3.21 1.015 -.25 3.575
4 80 54.9725 -.25 2.7225 54.81 -.25 2.56 55.1642 -.25 2.2058 55.2042 -.25 2.4908
4 80 44.295 -.25 2.195 44.66 -.25 2.56 44.4975 -.25 2.7225 44.1325 -.25 2.3575
4 80 45.025 -.25 2.195 45.1875 -.25 2.3575 44.8225 -.25 2.7225 44.66 -.25 2.56
4 80 46.325 -.25 2.195 46.69 -.25 2.56 46.5275 -.25 2.7225 46.1625 -.25 2.3575
4 80 47.055 -.25 2.195 47.2175 -.25 2.3575 46.8525 -.25 2.7225 46.69 -.25 2.56
4 80 48.355 -.25 2.195 48.72 -.25 2.56 48.5575 -.25 2.7225 48.1925 -.25 2.3575
4 80 49.085 -.25 2.195 49.2475 -.25 2.3575 48.8825 -.25 2.7225 48.72 -.25 2.56
4 80 50.385 -.25 2.195 50.75 -.25 2.56 50.5875 -.25 2.7225 50.2225 -.25 2.3575
4 80 51.115 -.25 2.195 51.2775 -.25 2.3575 50.9125 -.25 2.7225 50.75 -.25 2.56
4 80 52.415 -.25 2.195 52.78 -.25 2.56 52.6175 -.25 2.7225 52.2525 -.25 2.3575
4 80 53.145 -.25 2.195 53.3075 -.25 2.3575 52.9425 -.25 2.7225 52.78 -.25 2.56
4 80 54.445 -.25 2.195 54.81 -.25 2.56 54.6475 -.25 2.7225 54.2825 -.25 2.3575
4 80 32.845 -.25 2.195 33.0075 -.25 2.3575 32.6425 -.25 2.7225 32.48 -.25 2.56
4 80 32.115 -.25 2.195 32.48 -.25 2.56 32.3175 -.25 2.7225 31.9525 -.25 2.3575
4 80 30.815 -.25 2.195 30.9775 -.25 2.3575 30.6125 -.25 2.7225 30.45 -.25 2.56
4 80 30.085 -.25 2.195 30.45 -.25 2.56 30.2875 -.25 2.7225 29.9225 -.25 2.3575
4 80 28.785 -.25 2.195 28.9475 -.25 2.3575 28.5825 -.25 2.7225 28.42 -.25 2.56
4 80 28.055 -.25 2.195 28.42 -.25 2.56 28.2575 -.25 2.7225 27.8925 -.25 2.3575
4 80 26.755 -.25 2.195 26.9175 -.25 2.3575 26.5525 -.25 2.7225 26.39 -.25 2.56
4 80 26.025 -.25 2.195 26.39 -.25 2.56 26.2275 -.25 2.7225 25.8625 -.25 2.3575
4 80 24.725 -.25 2.195 24.8875 -.25 2.3575 24.5225 -.25 2.7225 24.36 -.25 2.56
4 80 23.995 -.25 2.195 24.36 -.25 2.56 24.1975 -.25 2.7225 23.8325 -.25 2.3575
4 80 22.695 -.25 2.195 22.8575 -.25 2.3575 22.4925 -.25 2.7225 22.33 -.25 2.56
4 80 21.965 -.25 2.195 22.33 -.25 2.56 22.1675 -.25 2.7225 21.8025 -.25 2.3575
4 80 20.665 -.25 2.195 20.8275 -.25 2.3575 20.4625 -.25 2.7225 20.3 -.25 2.56
4 80 19.935 -.25 2.195 20.3 -.25 2.56 20.1375 -.25 2.7225 19.7725 -.25 2.3575
4 80 18.635 -.25 2.195 18.7975 -.25 2.3575 18.4325 -.25 2.7225 18.27 -.25 2.56
4 80 17.905 -.25 2.195 18.27 -.25 2.56 18.1075 -.25 2.7225 17.7425 -.25 2.3575
4 80 16.605 -.25 2.195 16.7675 -.25 2.3575 16.4025 -.25 2.7225 16.24 -.25 2.56
4 80 15.875 -.25 2.195 16.24 -.25 2.56 16.0775 -.25 2.7225 15.7125 -.25 2.3575
4 80 14.575 -.25 2.195 14.7375 -.25 2.3575 14.3725 -.25 2.7225 14.21 -.25 2.56
4 80 13.845 -.25 2.195 14.21 -.25 2.56 14.0475 -.25 2.7225 13.6825 -.25 2.3575
4 80 12.545 -.25 2.195 12.7075 -.25 2.3575 12.3425 -.25 2.7225 12.18 -.25 2.56
4 80 11.815 -.25 2.195 12.18 -.25 2.56 12.0175 -.25 2.7225 11.6525 -.25 2.3575
4 80 10.515 -.25 2.195 10.6775 -.25 2.3575 10.3125 -.25 2.7225 10.15 -.25 2.56
4 80 9.785 -.25 2.195 10.15 -.25 2.56 9.9875 -.25 2.7225 9.6225 -.25 2.3575
4 80 8.485 -.25 2.195 8.6475 -.25 2.3575 8.2825 -.25 2.7225 8.12 -.25 2.56
4 80 7.755 -.25 2.195 8.12 -.25 2.56 7.9575 -.25 2.7225 7.5925 -.25 2.3575
4 80 6.455 -.25 2.195 6.6175 -.25 2.3575 6.2525 -.25 2.7225 6.09 -.25 2.56
4 80 5.725 -.25 2.195 6.09 -.25 2.56 5.9275 -.25 2.7225 5.5625 -.25 2.3575
4 80 4.425 -.25 2.195 4.5875 -.25 2.3575 4.2225 -.25 2.7225 4.06 -.25 2.56
4 80 34.145 -.25 2.195 34.51 -.25 2.56 34.3475 -.25 2.7225 33.9825 -.25 2.3575
4 80 3.695 -.25 2.195 4.06 -.25 2.56 3.8975 -.25 2.7225 3.5325 -.25 2.3575
4 80 2.395 -.25 2.195 2.5575 -.25 2.3575 2.1925 -.25 2.7225 2.03 -.25 2.56
4 80 34.6725 -.25 2.7225 34.51 -.25 2.56 34.6622 -.25 2.4079 34.7096 -.25 2.6854
4 80 1.665 -.25 2.195 2.03 -.25 2.56 1.8675 -.25 2.7225 1.5025 -.25 2.3575
4 80 .365 -.25 2.195 .5275 -.25 2.3575 .1625 -.25 2.7225 0 -.25 2.56
4 80 44.01 -.25 1.91 43.96 -.25 1.86 43.96 -.25 1.23 44.375 -.25 1.545
3 80 44.375 -.25 1.545 43.96 -.25 1.23 44.01 -.25 1.18
4 80 45.31 -.25 1.91 44.945 -.25 1.545 45.31 -.25 1.18 45.675 -.25 1.545
4 80 46.04 -.25 1.18 46.405 -.25 1.545 46.04 -.25 1.91 45.675 -.25 1.545
4 80 47.34 -.25 1.91 46.975 -.25 1.545 47.34 -.25 1.18 47.705 -.25 1.545
4 80 48.07 -.25 1.18 48.435 -.25 1.545 48.07 -.25 1.91 47.705 -.25 1.545
4 80 49.37 -.25 1.18 49.735 -.25 1.545 49.37 -.25 1.91 49.005 -.25 1.545
4 80 50.1 -.25 1.18 50.465 -.25 1.545 50.1 -.25 1.91 49.735 -.25 1.545
4 80 51.4 -.25 1.91 51.035 -.25 1.545 51.4 -.25 1.18 51.765 -.25 1.545
4 80 52.13 -.25 1.18 52.495 -.25 1.545 52.13 -.25 1.91 51.765 -.25 1.545
4 80 53.43 -.25 1.91 53.065 -.25 1.545 53.43 -.25 1.18 53.795 -.25 1.545
4 80 54.16 -.25 1.18 54.525 -.25 1.545 54.16 -.25 1.91 53.795 -.25 1.545
4 80 4.71 -.25 1.91 4.345 -.25 1.545 4.71 -.25 1.18 5.075 -.25 1.545
4 80 5.44 -.25 1.18 5.805 -.25 1.545 5.44 -.25 1.91 5.075 -.25 1.545
4 80 6.74 -.25 1.18 7.105 -.25 1.545 6.74 -.25 1.91 6.375 -.25 1.545
4 80 7.47 -.25 1.18 7.835 -.25 1.545 7.47 -.25 1.91 7.105 -.25 1.545
4 80 8.77 -.25 1.91 8.405 -.25 1.545 8.77 -.25 1.18 9.135 -.25 1.545
4 80 9.5 -.25 1.18 9.865 -.25 1.545 9.5 -.25 1.91 9.135 -.25 1.545
4 80 10.8 -.25 1.91 10.435 -.25 1.545 10.8 -.25 1.18 11.165 -.25 1.545
4 80 11.53 -.25 1.18 11.895 -.25 1.545 11.53 -.25 1.91 11.165 -.25 1.545
4 80 12.83 -.25 1.91 12.465 -.25 1.545 12.83 -.25 1.18 13.195 -.25 1.545
4 80 13.56 -.25 1.18 13.925 -.25 1.545 13.56 -.25 1.91 13.195 -.25 1.545
4 80 14.86 -.25 1.18 15.225 -.25 1.545 14.86 -.25 1.91 14.495 -.25 1.545
4 80 15.59 -.25 1.18 15.955 -.25 1.545 15.59 -.25 1.91 15.225 -.25 1.545
4 80 16.89 -.25 1.91 16.525 -.25 1.545 16.89 -.25 1.18 17.255 -.25 1.545
4 80 17.62 -.25 1.18 17.985 -.25 1.545 17.62 -.25 1.91 17.255 -.25 1.545
4 80 18.92 -.25 1.91 18.555 -.25 1.545 18.92 -.25 1.18 19.285 -.25 1.545
4 80 19.65 -.25 1.18 20.015 -.25 1.545 19.65 -.25 1.91 19.285 -.25 1.545
4 80 20.95 -.25 1.91 20.585 -.25 1.545 20.95 -.25 1.18 21.315 -.25 1.545
4 80 21.68 -.25 1.18 22.045 -.25 1.545 21.68 -.25 1.91 21.315 -.25 1.545
4 80 22.98 -.25 1.18 23.345 -.25 1.545 22.98 -.25 1.91 22.615 -.25 1.545
4 80 23.71 -.25 1.18 24.075 -.25 1.545 23.71 -.25 1.91 23.345 -.25 1.545
4 80 25.01 -.25 1.91 24.645 -.25 1.545 25.01 -.25 1.18 25.375 -.25 1.545
4 80 25.74 -.25 1.18 26.105 -.25 1.545 25.74 -.25 1.91 25.375 -.25 1.545
4 80 27.04 -.25 1.91 26.675 -.25 1.545 27.04 -.25 1.18 27.405 -.25 1.545
4 80 27.77 -.25 1.18 28.135 -.25 1.545 27.77 -.25 1.91 27.405 -.25 1.545
4 80 29.07 -.25 1.91 28.705 -.25 1.545 29.07 -.25 1.18 29.435 -.25 1.545
4 80 29.8 -.25 1.18 30.165 -.25 1.545 29.8 -.25 1.91 29.435 -.25 1.545
4 80 31.1 -.25 1.18 31.465 -.25 1.545 31.1 -.25 1.91 30.735 -.25 1.545
4 80 31.83 -.25 1.18 32.195 -.25 1.545 31.83 -.25 1.91 31.465 -.25 1.545
4 80 33.13 -.25 1.91 32.765 -.25 1.545 33.13 -.25 1.18 33.495 -.25 1.545
4 80 3.41 -.25 1.18 3.775 -.25 1.545 3.41 -.25 1.91 3.045 -.25 1.545
4 80 33.86 -.25 1.91 33.495 -.25 1.545 33.86 -.25 1.18 34.225 -.25 1.545
4 80 2.68 -.25 1.18 3.045 -.25 1.545 2.68 -.25 1.91 2.315 -.25 1.545
4 80 1.38 -.25 1.91 1.015 -.25 1.545 1.38 -.25 1.18 1.745 -.25 1.545
4 80 .65 -.25 1.18 1.015 -.25 1.545 .65 -.25 1.91 .285 -.25 1.545
4 80 54.12 -.25 .49 54.445 -.25 .165 54.7609 -.25 .5791 54.485 -.25 .855
4 80 44.985 -.25 .855 44.66 -.25 .53 45.025 -.25 .165 45.35 -.25 .49
4 80 44.335 -.25 .855 43.97 -.25 .49 44.295 -.25 .165 44.66 -.25 .53
4 80 47.015 -.25 .855 46.69 -.25 .53 47.055 -.25 .165 47.38 -.25 .49
4 80 46.365 -.25 .855 46 -.25 .49 46.325 -.25 .165 46.69 -.25 .53
4 80 49.045 -.25 .855 48.72 -.25 .53 49.085 -.25 .165 49.41 -.25 .49
4 80 48.395 -.25 .855 48.03 -.25 .49 48.355 -.25 .165 48.72 -.25 .53
4 80 51.075 -.25 .855 50.75 -.25 .53 51.115 -.25 .165 51.44 -.25 .49
4 80 50.385 -.25 .165 50.75 -.25 .53 50.425 -.25 .855 50.06 -.25 .49
4 80 53.105 -.25 .855 52.78 -.25 .53 53.145 -.25 .165 53.47 -.25 .49
4 80 52.455 -.25 .855 52.09 -.25 .49 52.415 -.25 .165 52.78 -.25 .53
4 80 2.355 -.25 .855 2.03 -.25 .53 2.395 -.25 .165 2.72 -.25 .49
4 80 3.735 -.25 .855 3.37 -.25 .49 3.695 -.25 .165 4.06 -.25 .53
4 80 4.385 -.25 .855 4.06 -.25 .53 4.425 -.25 .165 4.75 -.25 .49
4 80 5.765 -.25 .855 5.4 -.25 .49 5.725 -.25 .165 6.09 -.25 .53
4 80 6.415 -.25 .855 6.09 -.25 .53 6.455 -.25 .165 6.78 -.25 .49
4 80 7.755 -.25 .165 8.12 -.25 .53 7.795 -.25 .855 7.43 -.25 .49
4 80 8.445 -.25 .855 8.12 -.25 .53 8.485 -.25 .165 8.81 -.25 .49
4 80 9.825 -.25 .855 9.46 -.25 .49 9.785 -.25 .165 10.15 -.25 .53
4 80 10.475 -.25 .855 10.15 -.25 .53 10.515 -.25 .165 10.84 -.25 .49
4 80 11.855 -.25 .855 11.49 -.25 .49 11.815 -.25 .165 12.18 -.25 .53
4 80 12.505 -.25 .855 12.18 -.25 .53 12.545 -.25 .165 12.87 -.25 .49
4 80 13.885 -.25 .855 13.52 -.25 .49 13.845 -.25 .165 14.21 -.25 .53
4 80 14.535 -.25 .855 14.21 -.25 .53 14.575 -.25 .165 14.9 -.25 .49
4 80 15.875 -.25 .165 16.24 -.25 .53 15.915 -.25 .855 15.55 -.25 .49
4 80 16.565 -.25 .855 16.24 -.25 .53 16.605 -.25 .165 16.93 -.25 .49
4 80 17.945 -.25 .855 17.58 -.25 .49 17.905 -.25 .165 18.27 -.25 .53
4 80 18.595 -.25 .855 18.27 -.25 .53 18.635 -.25 .165 18.96 -.25 .49
4 80 19.975 -.25 .855 19.61 -.25 .49 19.935 -.25 .165 20.3 -.25 .53
4 80 20.625 -.25 .855 20.3 -.25 .53 20.665 -.25 .165 20.99 -.25 .49
4 80 22.005 -.25 .855 21.64 -.25 .49 21.965 -.25 .165 22.33 -.25 .53
4 80 22.655 -.25 .855 22.33 -.25 .53 22.695 -.25 .165 23.02 -.25 .49
4 80 23.995 -.25 .165 24.36 -.25 .53 24.035 -.25 .855 23.67 -.25 .49
4 80 24.685 -.25 .855 24.36 -.25 .53 24.725 -.25 .165 25.05 -.25 .49
4 80 26.065 -.25 .855 25.7 -.25 .49 26.025 -.25 .165 26.39 -.25 .53
4 80 26.715 -.25 .855 26.39 -.25 .53 26.755 -.25 .165 27.08 -.25 .49
4 80 28.095 -.25 .855 27.73 -.25 .49 28.055 -.25 .165 28.42 -.25 .53
4 80 28.745 -.25 .855 28.42 -.25 .53 28.785 -.25 .165 29.11 -.25 .49
4 80 30.125 -.25 .855 29.76 -.25 .49 30.085 -.25 .165 30.45 -.25 .53
4 80 30.775 -.25 .855 30.45 -.25 .53 30.815 -.25 .165 31.14 -.25 .49
4 80 32.115 -.25 .165 32.48 -.25 .53 32.155 -.25 .855 31.79 -.25 .49
4 80 32.805 -.25 .855 32.48 -.25 .53 32.845 -.25 .165 33.17 -.25 .49
4 80 1.705 -.25 .855 1.34 -.25 .49 1.665 -.25 .165 2.03 -.25 .53
4 80 .325 -.25 .855 0 -.25 .53 .365 -.25 .165 .69 -.25 .49
4 80 22.695 -.25 -1.865 22.33 -.25 -2.23 22.98 -.25 -2.88 23.345 -.25 -2.515
4 80 31.83 -.25 -.85 31.465 -.25 -1.215 31.8283 -.25 -1.5783 32.2063 -.25 -1.2263
4 80 30.085 -.25 -1.865 30.45 -.25 -1.5 29.8 -.25 -.85 29.435 -.25 -1.215
4 80 29.07 -.25 -.85 29.435 -.25 -1.215 29.8 -.25 -.85 29.435 -.25 -.485
4 80 32.8717 -.25 -.5917 33.1963 -.25 -.1863 32.48 -.25 .53 32.48 -.25 -.2
4 80 32.48 -.25 -.2 32.48 -.25 .53 31.465 -.25 -.485 31.83 -.25 -.85
4 80 29.435 -.25 -.485 29.8 -.25 -.85 30.45 -.25 -.2 30.45 -.25 .53
4 80 30.45 -.25 .53 30.45 -.25 -.2 31.1 -.25 -.85 31.465 -.25 -.485
4 80 31.465 -.25 -.485 31.1 -.25 -.85 31.465 -.25 -1.215 31.83 -.25 -.85
4 80 31.465 -.25 -1.215 31.1 -.25 -.85 30.45 -.25 -1.5 30.815 -.25 -1.865
3 80 28.8 -.25 -3.6 29.9117 -.25 -2.9916 29.8 -.25 -2.88
4 80 29.435 -.25 -2.515 28.785 -.25 -1.865 28.42 -.25 -2.23 29.07 -.25 -2.88
4 80 30.6944 -.25 -2.4744 31.1104 -.25 -2.1604 30.815 -.25 -1.865 30.45 -.25 -2.23
4 80 30.45 -.25 -1.5 30.085 -.25 -1.865 30.45 -.25 -2.23 30.815 -.25 -1.865
4 80 30.45 -.25 -2.23 30.085 -.25 -1.865 29.435 -.25 -2.515 29.8 -.25 -2.88
4 80 29.8 -.25 -2.88 29.435 -.25 -2.515 29.07 -.25 -2.88 28.8 -.25 -3.6
4 80 28.055 -.25 -1.865 27.405 -.25 -2.515 27.77 -.25 -2.88 28.42 -.25 -2.23
4 80 27.405 -.25 -3.245 27.04 -.25 -2.88 26.39 -.25 -3.53 27.05 -.25 -3.6
4 80 21.68 -.25 -2.88 21.315 -.25 -3.245 21.67 -.25 -3.6 22.33 -.25 -3.53
3 80 22.33 -.25 -3.53 21.67 -.25 -3.6 22.99 -.25 -3.6
4 80 22.33 -.25 -3.53 22.99 -.25 -3.6 23.345 -.25 -3.245 22.98 -.25 -2.88
4 80 20.665 -.25 -1.865 20.3 -.25 -2.23 20.95 -.25 -2.88 21.315 -.25 -2.515
4 80 22.33 -.25 -1.5 21.965 -.25 -1.865 22.33 -.25 -2.23 22.695 -.25 -1.865
4 80 21.315 -.25 -2.515 21.68 -.25 -2.88 22.33 -.25 -2.23 21.965 -.25 -1.865
4 80 17.255 -.25 -3.245 17.61 -.25 -3.6 18.27 -.25 -3.53 17.62 -.25 -2.88
4 80 17.62 -.25 -2.88 17.255 -.25 -2.515 16.89 -.25 -2.88 17.255 -.25 -3.245
4 80 16.24 -.25 -2.23 16.89 -.25 -2.88 17.255 -.25 -2.515 16.605 -.25 -1.865
4 80 17.255 -.25 -3.245 16.89 -.25 -2.88 16.24 -.25 -3.53 16.9 -.25 -3.6
4 80 14.575 -.25 -1.865 14.21 -.25 -2.23 14.86 -.25 -2.88 15.225 -.25 -2.515
4 80 13.56 -.25 -2.88 14.21 -.25 -2.23 13.845 -.25 -1.865 13.195 -.25 -2.515
4 80 12.83 -.25 -2.88 13.195 -.25 -2.515 12.545 -.25 -1.865 12.18 -.25 -2.23
4 80 13.195 -.25 -3.245 12.83 -.25 -2.88 12.18 -.25 -3.53 12.84 -.25 -3.6
4 80 10.8 -.25 -2.88 11.165 -.25 -2.515 10.515 -.25 -1.865 10.15 -.25 -2.23
4 80 10.15 -.25 -3.53 9.5 -.25 -2.88 9.135 -.25 -3.245 9.49 -.25 -3.6
4 80 9.135 -.25 -2.515 8.485 -.25 -1.865 8.12 -.25 -2.23 8.77 -.25 -2.88
4 80 8.12 -.25 -3.53 7.47 -.25 -2.88 7.105 -.25 -3.245 7.46 -.25 -3.6
4 80 5.075 -.25 -3.245 5.43 -.25 -3.6 6.09 -.25 -3.53 5.44 -.25 -2.88
4 80 4.71 -.25 -2.88 5.075 -.25 -2.515 4.425 -.25 -1.865 4.06 -.25 -2.23
4 80 3.045 -.25 -3.245 3.4 -.25 -3.6 4.06 -.25 -3.53 3.41 -.25 -2.88
4 80 2.68 -.25 -2.88 3.045 -.25 -2.515 2.395 -.25 -1.865 2.03 -.25 -2.23
4 80 1.015 -.25 -3.245 .65 -.25 -2.88 0 -.25 -3.53 .66 -.25 -3.6
4 80 1.015 -.25 -3.245 1.37 -.25 -3.6 2.03 -.25 -3.53 1.38 -.25 -2.88
4 80 2.03 -.25 -1.5 1.38 -.25 -.85 1.015 -.25 -1.215 1.665 -.25 -1.865
4 80 1.015 -.25 -.485 .65 -.25 -.85 1.015 -.25 -1.215 1.38 -.25 -.85
4 80 .365 -.25 -1.865 1.015 -.25 -1.215 .65 -.25 -.85 0 -.25 -1.5
4 80 1.015 -.25 -.485 1.38 -.25 -.85 2.03 -.25 -.2 2.03 -.25 .53
4 80 2.03 -.25 .53 2.03 -.25 -.2 2.68 -.25 -.85 3.045 -.25 -.485
4 80 1.015 -.25 -2.515 .365 -.25 -1.865 0 -.25 -2.23 .65 -.25 -2.88
4 80 1.015 -.25 -3.245 1.38 -.25 -2.88 1.015 -.25 -2.515 .65 -.25 -2.88
4 80 1.015 -.25 -2.515 1.38 -.25 -2.88 2.03 -.25 -2.23 1.665 -.25 -1.865
4 80 4.06 -.25 .53 4.06 -.25 -.2 4.71 -.25 -.85 5.075 -.25 -.485
4 80 4.06 -.25 -.2 4.06 -.25 .53 3.045 -.25 -.485 3.41 -.25 -.85
4 80 2.395 -.25 -1.865 3.045 -.25 -1.215 2.68 -.25 -.85 2.03 -.25 -1.5
3 80 1.37 -.25 -3.6 2.69 -.25 -3.6 2.03 -.25 -3.53
4 80 6.09 -.25 .53 6.09 -.25 -.2 6.74 -.25 -.85 7.105 -.25 -.485
4 80 5.075 -.25 -.485 5.44 -.25 -.85 6.09 -.25 -.2 6.09 -.25 .53
3 80 3.4 -.25 -3.6 4.72 -.25 -3.6 4.06 -.25 -3.53
4 80 8.77 -.25 -.85 9.135 -.25 -.485 8.12 -.25 .53 8.12 -.25 -.2
4 80 7.105 -.25 -.485 7.47 -.25 -.85 8.12 -.25 -.2 8.12 -.25 .53
3 80 5.43 -.25 -3.6 6.75 -.25 -3.6 6.09 -.25 -3.53
4 80 7.105 -.25 -3.245 6.74 -.25 -2.88 6.09 -.25 -3.53 6.75 -.25 -3.6
4 80 7.105 -.25 -2.515 7.47 -.25 -2.88 8.12 -.25 -2.23 7.755 -.25 -1.865
4 80 10.8 -.25 -.85 11.165 -.25 -.485 10.15 -.25 .53 10.15 -.25 -.2
4 80 9.135 -.25 -.485 9.5 -.25 -.85 10.15 -.25 -.2 10.15 -.25 .53
3 80 7.46 -.25 -3.6 8.78 -.25 -3.6 8.12 -.25 -3.53
4 80 12.18 -.25 .53 12.18 -.25 -.2 12.83 -.25 -.85 13.195 -.25 -.485
4 80 11.165 -.25 -.485 11.53 -.25 -.85 12.18 -.25 -.2 12.18 -.25 .53
3 80 9.49 -.25 -3.6 10.81 -.25 -3.6 10.15 -.25 -3.53
4 80 11.165 -.25 -2.515 11.53 -.25 -2.88 12.18 -.25 -2.23 11.815 -.25 -1.865
4 80 14.21 -.25 .53 14.21 -.25 -.2 14.86 -.25 -.85 15.225 -.25 -.485
4 80 14.21 -.25 -.2 14.21 -.25 .53 13.195 -.25 -.485 13.56 -.25 -.85
4 80 12.83 -.25 -.85 13.195 -.25 -1.215 13.56 -.25 -.85 13.195 -.25 -.485
4 80 13.56 -.25 -.85 13.195 -.25 -1.215 13.845 -.25 -1.865 14.21 -.25 -1.5
4 80 14.21 -.25 -2.23 14.575 -.25 -1.865 14.21 -.25 -1.5 13.845 -.25 -1.865
4 80 15.225 -.25 -1.215 14.86 -.25 -.85 14.21 -.25 -1.5 14.575 -.25 -1.865
4 80 16.24 -.25 -.2 16.24 -.25 .53 15.225 -.25 -.485 15.59 -.25 -.85
4 80 16.24 -.25 .53 16.24 -.25 -.2 16.89 -.25 -.85 17.255 -.25 -.485
4 80 13.56 -.25 -2.88 13.195 -.25 -3.245 13.55 -.25 -3.6 14.21 -.25 -3.53
3 80 14.21 -.25 -3.53 13.55 -.25 -3.6 14.87 -.25 -3.6
4 80 14.21 -.25 -3.53 14.87 -.25 -3.6 15.225 -.25 -3.245 14.86 -.25 -2.88
4 80 15.225 -.25 -2.515 15.59 -.25 -2.88 16.24 -.25 -2.23 15.875 -.25 -1.865
4 80 18.27 -.25 -1.5 17.62 -.25 -.85 17.255 -.25 -1.215 17.905 -.25 -1.865
4 80 18.92 -.25 -.85 19.285 -.25 -.485 18.27 -.25 .53 18.27 -.25 -.2
4 80 17.255 -.25 -.485 17.62 -.25 -.85 18.27 -.25 -.2 18.27 -.25 .53
4 80 17.62 -.25 -.85 17.255 -.25 -.485 16.89 -.25 -.85 17.255 -.25 -1.215
4 80 17.62 -.25 -2.88 18.27 -.25 -2.23 17.905 -.25 -1.865 17.255 -.25 -2.515
4 80 20.95 -.25 -.85 21.315 -.25 -.485 20.3 -.25 .53 20.3 -.25 -.2
4 80 20.3 -.25 -.2 20.3 -.25 .53 19.285 -.25 -.485 19.65 -.25 -.85
3 80 17.61 -.25 -3.6 18.93 -.25 -3.6 18.27 -.25 -3.53
4 80 20.3 -.25 -2.23 19.935 -.25 -1.865 19.285 -.25 -2.515 19.65 -.25 -2.88
4 80 22.98 -.25 -.85 23.345 -.25 -.485 22.33 -.25 .53 22.33 -.25 -.2
4 80 21.315 -.25 -.485 21.68 -.25 -.85 22.33 -.25 -.2 22.33 -.25 .53
4 80 21.68 -.25 -.85 21.315 -.25 -.485 20.95 -.25 -.85 21.315 -.25 -1.215
4 80 23.345 -.25 -1.215 23.995 -.25 -1.865 24.36 -.25 -1.5 23.71 -.25 -.85
4 80 21.68 -.25 -.85 21.315 -.25 -1.215 21.965 -.25 -1.865 22.33 -.25 -1.5
4 80 22.33 -.25 -1.5 22.695 -.25 -1.865 23.345 -.25 -1.215 22.98 -.25 -.85
4 80 22.98 -.25 -.85 23.345 -.25 -1.215 23.71 -.25 -.85 23.345 -.25 -.485
4 80 23.345 -.25 -.485 23.71 -.25 -.85 24.36 -.25 -.2 24.36 -.25 .53
4 80 24.36 -.25 .53 24.36 -.25 -.2 25.01 -.25 -.85 25.375 -.25 -.485
4 80 23.71 -.25 -2.88 24.36 -.25 -2.23 23.995 -.25 -1.865 23.345 -.25 -2.515
4 80 26.39 -.25 -1.5 25.74 -.25 -.85 25.375 -.25 -1.215 26.025 -.25 -1.865
4 80 25.74 -.25 -2.88 26.39 -.25 -2.23 26.025 -.25 -1.865 25.375 -.25 -2.515
4 80 28.42 -.25 .53 28.42 -.25 -.2 29.07 -.25 -.85 29.435 -.25 -.485
4 80 28.42 -.25 -.2 28.42 -.25 .53 27.405 -.25 -.485 27.77 -.25 -.85
4 80 46.69 -.25 -1.5 46.04 -.25 -.85 45.675 -.25 -1.215 46.325 -.25 -1.865
4 80 48.72 -.25 -1.5 48.07 -.25 -.85 47.705 -.25 -1.215 48.355 -.25 -1.865
4 80 47.34 -.25 -.85 47.705 -.25 -1.215 48.07 -.25 -.85 47.705 -.25 -.485
4 80 49.37 -.25 -.85 48.72 -.25 -1.5 49.085 -.25 -1.865 49.735 -.25 -1.215
4 80 50.1 -.25 -.85 49.735 -.25 -.485 49.37 -.25 -.85 49.735 -.25 -1.215
4 80 51.765 -.25 -1.215 52.415 -.25 -1.865 52.78 -.25 -1.5 52.13 -.25 -.85
4 80 51.4 -.25 -.85 51.765 -.25 -1.215 52.13 -.25 -.85 51.765 -.25 -.485
4 80 50.75 -.25 -1.5 51.115 -.25 -1.865 51.765 -.25 -1.215 51.4 -.25 -.85
4 80 50.1 -.25 -.85 49.735 -.25 -1.215 50.385 -.25 -1.865 50.75 -.25 -1.5
4 80 53.43 -.25 -.85 53.6468 -.25 -1.4599 54.2292 -.25 -.7246 53.795 -.25 -.485
3 80 54.2292 -.25 -.7246 54.445 -.25 .165 53.795 -.25 -.485
3 80 53.43 -.25 -.85 52.78 -.25 -1.5 53.6468 -.25 -1.4599
3 80 53.6468 -.25 -1.4599 52.78 -.25 -1.5 52.415 -.25 -1.865
4 80 53.6468 -.25 -1.4599 52.415 -.25 -1.865 52.1296 -.25 -2.1504 52.2515 -.25 -2.1053
4 80 49.085 -.25 -1.865 48.72 -.25 -2.23 49.37 -.25 -2.88 49.735 -.25 -2.515
4 80 50.75 -.25 -2.23 50.385 -.25 -1.865 49.735 -.25 -2.515 50.1562 -.25 -2.8238
4 80 49.3304 -.25 -3.0574 50.1562 -.25 -2.8238 49.735 -.25 -2.515 49.37 -.25 -2.88
3 80 49.3304 -.25 -3.0574 49.37 -.25 -2.88 49.1582 -.25 -3.0918
4 80 48.72 -.25 -1.5 48.355 -.25 -1.865 48.72 -.25 -2.23 49.085 -.25 -1.865
4 80 48.355 -.25 -1.865 47.705 -.25 -2.515 48.07 -.25 -2.88 48.72 -.25 -2.23
4 80 47.34 -.25 -2.88 47.705 -.25 -3.245 48.07 -.25 -2.88 47.705 -.25 -2.515
4 80 47.705 -.25 -3.245 47.8187 -.25 -3.3587 48.4276 -.25 -3.2376 48.07 -.25 -2.88
4 80 47.34 -.25 -2.88 47.705 -.25 -2.515 47.055 -.25 -1.865 46.69 -.25 -2.23
4 80 45.31 -.25 -2.88 45.675 -.25 -3.245 46.04 -.25 -2.88 45.675 -.25 -2.515
4 80 45.675 -.25 -2.515 46.04 -.25 -2.88 46.69 -.25 -2.23 46.325 -.25 -1.865
4 80 46.325 -.25 -1.865 46.69 -.25 -2.23 47.055 -.25 -1.865 46.69 -.25 -1.5
4 80 47.34 -.25 -.85 46.69 -.25 -1.5 47.055 -.25 -1.865 47.705 -.25 -1.215
4 80 46.04 -.25 -.85 45.675 -.25 -.485 45.31 -.25 -.85 45.675 -.25 -1.215
4 80 45.025 -.25 -1.865 45.675 -.25 -1.215 45.31 -.25 -.85 44.66 -.25 -1.5
3 80 45.675 -.25 -3.245 45.9819 -.25 -3.5519 46.2962 -.25 -3.5395
4 80 46.6567 -.25 -3.4967 46.04 -.25 -2.88 45.675 -.25 -3.245 46.2962 -.25 -3.5395
4 80 44.4538 -.25 -3.5391 44.76 -.25 -3.6 45.343 -.25 -3.577 44.66 -.25 -3.53
3 80 44.01 -.25 -.85 43.96 -.25 -.17 43.96 -.25 -1.53
4 80 44.295 -.25 -1.865 44.66 -.25 -1.5 44.01 -.25 -.85 43.96 -.25 -1.53
4 80 45.31 -.25 -2.88 45.675 -.25 -2.515 45.025 -.25 -1.865 44.66 -.25 -2.23
4 80 44.01 -.25 -2.88 44.0209 -.25 -3.1062 44.4538 -.25 -3.5391 44.66 -.25 -3.53
3 80 44.0209 -.25 -3.1062 44.1943 -.25 -3.3657 44.4538 -.25 -3.5391
4 80 45.31 -.25 -2.88 44.66 -.25 -3.53 45.343 -.25 -3.577 45.675 -.25 -3.245
4 80 47.705 -.25 -3.245 47.34 -.25 -2.88 46.7323 -.25 -3.4877 47.5607 -.25 -3.3894
4 80 50.75 -.25 -2.23 51.115 -.25 -1.865 50.75 -.25 -1.5 50.385 -.25 -1.865
4 80 51.115 -.25 -1.865 50.75 -.25 -2.23 51.0646 -.25 -2.5446 51.5974 -.25 -2.3474
4 80 54.7609 -.25 .5791 54.445 -.25 .165 54.2292 -.25 -.7246 54.6102 -.25 .1325
4 80 48.72 -.25 -.2 48.355 -.25 .165 47.705 -.25 -.485 48.07 -.25 -.85
4 80 44.66 -.25 .53 44.295 -.25 .165 44.66 -.25 -.2 45.025 -.25 .165
4 80 45.025 -.25 .165 44.66 -.25 -.2 45.31 -.25 -.85 45.675 -.25 -.485
4 80 44.295 -.25 .165 43.96 -.25 -.17 44.01 -.25 -.85 44.66 -.25 -.2
4 80 46.69 -.25 .53 46.325 -.25 .165 46.69 -.25 -.2 47.055 -.25 .165
4 80 46.69 -.25 -.2 46.325 -.25 .165 45.675 -.25 -.485 46.04 -.25 -.85
4 80 47.055 -.25 .165 46.69 -.25 -.2 47.34 -.25 -.85 47.705 -.25 -.485
4 80 48.72 -.25 .53 48.355 -.25 .165 48.72 -.25 -.2 49.085 -.25 .165
4 80 49.085 -.25 .165 48.72 -.25 -.2 49.37 -.25 -.85 49.735 -.25 -.485
4 80 50.75 -.25 .53 50.385 -.25 .165 50.75 -.25 -.2 51.115 -.25 .165
4 80 50.1 -.25 -.85 50.75 -.25 -.2 50.385 -.25 .165 49.735 -.25 -.485
4 80 51.115 -.25 .165 50.75 -.25 -.2 51.4 -.25 -.85 51.765 -.25 -.485
4 80 52.78 -.25 .53 52.415 -.25 .165 52.78 -.25 -.2 53.145 -.25 .165
4 80 52.78 -.25 -.2 52.415 -.25 .165 51.765 -.25 -.485 52.13 -.25 -.85
4 80 53.145 -.25 .165 52.78 -.25 -.2 53.43 -.25 -.85 53.795 -.25 -.485
4 80 44.66 -.25 -1.5 44.295 -.25 -1.865 44.66 -.25 -2.23 45.025 -.25 -1.865
4 80 44.0209 -.25 -3.1062 44.01 -.25 -2.88 43.96 -.25 -2.2 43.96 -.25 -2.8
4 80 44.295 -.25 -1.865 43.96 -.25 -2.2 44.01 -.25 -2.88 44.66 -.25 -2.23
4 80 2.03 -.25 -1.5 1.665 -.25 -1.865 2.03 -.25 -2.23 2.395 -.25 -1.865
4 80 3.045 -.25 -2.515 3.41 -.25 -2.88 4.06 -.25 -2.23 3.695 -.25 -1.865
4 80 6.09 -.25 -2.23 6.74 -.25 -2.88 7.105 -.25 -2.515 6.455 -.25 -1.865
4 80 6.74 -.25 -2.88 7.105 -.25 -3.245 7.47 -.25 -2.88 7.105 -.25 -2.515
4 80 13.195 -.25 -2.515 12.83 -.25 -2.88 13.195 -.25 -3.245 13.56 -.25 -2.88
4 80 20.3 -.25 -1.5 19.935 -.25 -1.865 20.3 -.25 -2.23 20.665 -.25 -1.865
4 80 20.3 -.25 -1.5 20.665 -.25 -1.865 21.315 -.25 -1.215 20.95 -.25 -.85
4 80 19.285 -.25 -1.215 19.935 -.25 -1.865 20.3 -.25 -1.5 19.65 -.25 -.85
4 80 18.92 -.25 -.85 19.285 -.25 -1.215 19.65 -.25 -.85 19.285 -.25 -.485
4 80 19.285 -.25 -1.215 18.92 -.25 -.85 18.27 -.25 -1.5 18.635 -.25 -1.865
4 80 18.635 -.25 -1.865 18.27 -.25 -1.5 17.905 -.25 -1.865 18.27 -.25 -2.23
4 80 18.635 -.25 -1.865 18.27 -.25 -2.23 18.92 -.25 -2.88 19.285 -.25 -2.515
4 80 19.285 -.25 -2.515 18.92 -.25 -2.88 19.285 -.25 -3.245 19.65 -.25 -2.88
4 80 21.68 -.25 -2.88 21.315 -.25 -2.515 20.95 -.25 -2.88 21.315 -.25 -3.245
4 80 24.36 -.25 -1.5 23.995 -.25 -1.865 24.36 -.25 -2.23 24.725 -.25 -1.865
4 80 24.36 -.25 -1.5 24.725 -.25 -1.865 25.375 -.25 -1.215 25.01 -.25 -.85
4 80 24.36 -.25 -2.23 25.01 -.25 -2.88 25.375 -.25 -2.515 24.725 -.25 -1.865
4 80 25.74 -.25 -2.88 25.375 -.25 -2.515 25.01 -.25 -2.88 25.375 -.25 -3.245
4 80 25.375 -.25 -.485 25.01 -.25 -.85 25.375 -.25 -1.215 25.74 -.25 -.85
4 80 25.375 -.25 -.485 25.74 -.25 -.85 26.39 -.25 -.2 26.025 -.25 .165
4 80 26.025 -.25 -1.865 26.39 -.25 -2.23 26.755 -.25 -1.865 26.39 -.25 -1.5
4 80 26.39 -.25 -1.5 26.755 -.25 -1.865 27.405 -.25 -1.215 27.04 -.25 -.85
4 80 27.405 -.25 -.485 27.04 -.25 -.85 27.405 -.25 -1.215 27.77 -.25 -.85
4 80 27.405 -.25 -1.215 28.055 -.25 -1.865 28.42 -.25 -1.5 27.77 -.25 -.85
4 80 28.42 -.25 -1.5 28.055 -.25 -1.865 28.42 -.25 -2.23 28.785 -.25 -1.865
4 80 28.42 -.25 -1.5 28.785 -.25 -1.865 29.435 -.25 -1.215 29.07 -.25 -.85
4 80 26.755 -.25 -1.865 26.39 -.25 -2.23 27.04 -.25 -2.88 27.405 -.25 -2.515
4 80 27.77 -.25 -2.88 27.405 -.25 -2.515 27.04 -.25 -2.88 27.405 -.25 -3.245
4 80 26.025 -.25 .165 26.39 -.25 -.2 26.755 -.25 .165 26.39 -.25 .53
4 80 26.39 -.25 -.2 27.04 -.25 -.85 27.405 -.25 -.485 26.755 -.25 .165
4 80 3.41 -.25 -.85 3.045 -.25 -.485 2.68 -.25 -.85 3.045 -.25 -1.215
4 80 3.41 -.25 -.85 3.045 -.25 -1.215 3.695 -.25 -1.865 4.06 -.25 -1.5
4 80 4.06 -.25 -1.5 3.695 -.25 -1.865 4.06 -.25 -2.23 4.425 -.25 -1.865
4 80 4.06 -.25 -1.5 4.425 -.25 -1.865 5.075 -.25 -1.215 4.71 -.25 -.85
4 80 4.71 -.25 -.85 5.075 -.25 -1.215 5.44 -.25 -.85 5.075 -.25 -.485
4 80 4.71 -.25 -2.88 5.075 -.25 -3.245 5.44 -.25 -2.88 5.075 -.25 -2.515
4 80 5.075 -.25 -2.515 5.44 -.25 -2.88 6.09 -.25 -2.23 5.725 -.25 -1.865
4 80 5.725 -.25 -1.865 6.09 -.25 -2.23 6.455 -.25 -1.865 6.09 -.25 -1.5
4 80 6.09 -.25 -1.5 6.455 -.25 -1.865 7.105 -.25 -1.215 6.74 -.25 -.85
4 80 6.74 -.25 -.85 7.105 -.25 -1.215 7.47 -.25 -.85 7.105 -.25 -.485
4 80 5.075 -.25 -1.215 5.725 -.25 -1.865 6.09 -.25 -1.5 5.44 -.25 -.85
4 80 7.47 -.25 -.85 7.105 -.25 -1.215 7.755 -.25 -1.865 8.12 -.25 -1.5
4 80 8.485 -.25 -1.865 8.12 -.25 -1.5 7.755 -.25 -1.865 8.12 -.25 -2.23
4 80 8.12 -.25 -1.5 8.485 -.25 -1.865 9.135 -.25 -1.215 8.77 -.25 -.85
4 80 8.77 -.25 -.85 9.135 -.25 -1.215 9.5 -.25 -.85 9.135 -.25 -.485
4 80 9.135 -.25 -1.215 9.785 -.25 -1.865 10.15 -.25 -1.5 9.5 -.25 -.85
4 80 8.77 -.25 -2.88 9.135 -.25 -3.245 9.5 -.25 -2.88 9.135 -.25 -2.515
4 80 9.135 -.25 -2.515 9.5 -.25 -2.88 10.15 -.25 -2.23 9.785 -.25 -1.865
4 80 9.785 -.25 -1.865 10.15 -.25 -2.23 10.515 -.25 -1.865 10.15 -.25 -1.5
4 80 10.15 -.25 -1.5 10.515 -.25 -1.865 11.165 -.25 -1.215 10.8 -.25 -.85
4 80 10.8 -.25 -.85 11.165 -.25 -1.215 11.53 -.25 -.85 11.165 -.25 -.485
4 80 11.165 -.25 -1.215 11.815 -.25 -1.865 12.18 -.25 -1.5 11.53 -.25 -.85
4 80 12.18 -.25 -1.5 11.815 -.25 -1.865 12.18 -.25 -2.23 12.545 -.25 -1.865
4 80 12.18 -.25 -1.5 12.545 -.25 -1.865 13.195 -.25 -1.215 12.83 -.25 -.85
4 80 14.86 -.25 -.85 15.225 -.25 -1.215 15.59 -.25 -.85 15.225 -.25 -.485
4 80 15.59 -.25 -.85 15.225 -.25 -1.215 15.875 -.25 -1.865 16.24 -.25 -1.5
4 80 16.24 -.25 -1.5 15.875 -.25 -1.865 16.24 -.25 -2.23 16.605 -.25 -1.865
4 80 16.24 -.25 -1.5 16.605 -.25 -1.865 17.255 -.25 -1.215 16.89 -.25 -.85
4 80 2.68 -.25 -2.88 3.045 -.25 -3.245 3.41 -.25 -2.88 3.045 -.25 -2.515
4 80 3.045 -.25 -3.245 2.68 -.25 -2.88 2.03 -.25 -3.53 2.69 -.25 -3.6
4 80 5.075 -.25 -3.245 4.71 -.25 -2.88 4.06 -.25 -3.53 4.72 -.25 -3.6
4 80 9.135 -.25 -3.245 8.77 -.25 -2.88 8.12 -.25 -3.53 8.78 -.25 -3.6
4 80 11.53 -.25 -2.88 11.165 -.25 -2.515 10.8 -.25 -2.88 11.165 -.25 -3.245
4 80 11.165 -.25 -3.245 10.8 -.25 -2.88 10.15 -.25 -3.53 10.81 -.25 -3.6
4 80 11.165 -.25 -3.245 11.52 -.25 -3.6 12.18 -.25 -3.53 11.53 -.25 -2.88
3 80 12.18 -.25 -3.53 11.52 -.25 -3.6 12.84 -.25 -3.6
4 80 14.86 -.25 -2.88 15.225 -.25 -3.245 15.59 -.25 -2.88 15.225 -.25 -2.515
4 80 15.225 -.25 -3.245 15.58 -.25 -3.6 16.24 -.25 -3.53 15.59 -.25 -2.88
3 80 16.24 -.25 -3.53 15.58 -.25 -3.6 16.9 -.25 -3.6
4 80 19.285 -.25 -3.245 18.92 -.25 -2.88 18.27 -.25 -3.53 18.93 -.25 -3.6
4 80 19.65 -.25 -2.88 19.285 -.25 -3.245 19.64 -.25 -3.6 20.3 -.25 -3.53
3 80 20.3 -.25 -3.53 19.64 -.25 -3.6 20.96 -.25 -3.6
4 80 21.315 -.25 -3.245 20.95 -.25 -2.88 20.3 -.25 -3.53 20.96 -.25 -3.6
4 80 22.98 -.25 -2.88 23.345 -.25 -3.245 23.71 -.25 -2.88 23.345 -.25 -2.515
4 80 23.345 -.25 -3.245 23.7 -.25 -3.6 24.36 -.25 -3.53 23.71 -.25 -2.88
3 80 24.36 -.25 -3.53 23.7 -.25 -3.6 25.02 -.25 -3.6
4 80 24.36 -.25 -3.53 25.02 -.25 -3.6 25.375 -.25 -3.245 25.01 -.25 -2.88
4 80 25.375 -.25 -3.245 25.73 -.25 -3.6 26.39 -.25 -3.53 25.74 -.25 -2.88
3 80 26.39 -.25 -3.53 25.73 -.25 -3.6 27.05 -.25 -3.6
4 80 27.77 -.25 -2.88 27.405 -.25 -3.245 27.76 -.25 -3.6 28.42 -.25 -3.53
3 80 28.42 -.25 -3.53 27.76 -.25 -3.6 28.8 -.25 -3.6
3 80 28.8 -.25 -3.6 29.07 -.25 -2.88 28.42 -.25 -3.53
4 80 .365 -.25 .165 0 -.25 -.2 .65 -.25 -.85 1.015 -.25 -.485