0 ~Sticker  1.8 x  3.9 with White "CAMARO" and Yellow Chevrolet Logos on Black Background - Second Face
0 Name: s\6253679os02.dat
0 Author: Massimo Maso [Sirio]
0 !LDRAW_ORG Unofficial_Subpart
0 !LICENSE Licensed under CC BY 4.0 : see CAreadme.txt

0 BFC CERTIFY CCW

0 // Faces
0 // Black faces
4 0 -.0061 -.25 16.7642 -.0061 -.25 9.5794 2.2684 -.25 9.0751 2.4279 -.25 9.7947
4 0 -.0061 -.25 16.7642 2.4279 -.25 9.7947 5.8457 -.25 9.037 5.8637 -.25 14.2778
3 0 5.8637 -.25 8.2781 5.8637 -.25 14.2778 5.8457 -.25 9.037
3 0 5.8637 -.25 8.2781 5.8457 -.25 9.037 5.6861 -.25 8.3175
4 0 -.0061 -.25 2.4568 1.6671 -.25 6.363 1.8267 -.25 7.0825 -.0061 -.25 7.4889
4 0 -.0061 -.25 2.4568 5.8637 -.25 1.6985 5.0849 -.25 5.6053 1.6671 -.25 6.363
4 0 5.8637 -.25 1.6985 5.8637 -.25 6.1876 5.2444 -.25 6.3249 5.0849 -.25 5.6053
0 // Grey faces
3 71 .3103 -.25 9.1149 -.0061 -.25 9.5794 -.0061 -.25 8.7246
4 71 .3103 -.25 9.1149 2.5375 -.25 8.6211 2.2684 -.25 9.0751 -.0061 -.25 9.5794
4 71 2.7063 -.25 9.3827 2.4279 -.25 9.7947 2.2684 -.25 9.0751 2.5375 -.25 8.6211
4 71 2.7063 -.25 9.3827 5.4192 -.25 8.7812 5.8457 -.25 9.037 2.4279 -.25 9.7947
4 71 5.2504 -.25 8.0197 5.6861 -.25 8.3175 5.8457 -.25 9.037 5.4192 -.25 8.7812
4 71 5.2504 -.25 8.0197 5.8637 -.25 7.8837 5.8637 -.25 8.2781 5.6861 -.25 8.3175
4 71 2.2624 -.25 7.3803 -.0061 -.25 7.8833 -.0061 -.25 7.4889 1.8267 -.25 7.0825
4 71 2.2624 -.25 7.3803 1.8267 -.25 7.0825 1.6671 -.25 6.363 2.0936 -.25 6.6188
4 71 4.8065 -.25 6.0173 2.0936 -.25 6.6188 1.6671 -.25 6.363 5.0849 -.25 5.6053
4 71 4.8065 -.25 6.0173 5.0849 -.25 5.6053 5.2444 -.25 6.3249 4.9753 -.25 6.7789
4 71 5.8637 -.25 6.582 4.9753 -.25 6.7789 5.2444 -.25 6.3249 5.8637 -.25 6.1876
0 // Yellow faces
4 14 .3103 -.25 9.1149 -.0061 -.25 8.7246 -.0061 -.25 7.8833 2.2624 -.25 7.3803
3 14 .3103 -.25 9.1149 2.2624 -.25 7.3803 2.5375 -.25 8.6211
4 14 5.2504 -.25 8.0197 5.4192 -.25 8.7812 2.7063 -.25 9.3827 2.5375 -.25 8.6211
4 14 5.2504 -.25 8.0197 2.5375 -.25 8.6211 2.2624 -.25 7.3803 4.9753 -.25 6.7789
4 14 5.2504 -.25 8.0197 4.9753 -.25 6.7789 5.8637 -.25 6.582 5.8637 -.25 7.8837
4 14 2.2624 -.25 7.3803 2.0936 -.25 6.6188 4.8065 -.25 6.0173 4.9753 -.25 6.7789