0 ~Sticker  0.8 x  1.9 with Taillamp on Blue Background Right - Fourth Face
0 Name: s\6253679as04.dat
0 Author: Massimo Maso [Sirio]
0 !LDRAW_ORG Unofficial_Subpart
0 !LICENSE Licensed under CC BY 4.0 : see CAreadme.txt

0 BFC CERTIFY CCW

0 // Faces
0 // Black border
4 0 -3 -.25 -7.061 -2.4 -.25 -7.061 -2.4 -.25 .0128 -3 -.25 .0128
4 0 4.411 -.25 -2.3736 5.0082 -.25 -2.3154 4.7811 -.25 .0128 4.1782 -.25 .0128
4 0 4.411 -.25 -2.3736 4.5527 -.25 -4.3131 5.152 -.25 -4.284 5.0082 -.25 -2.3154
4 0 4.6 -.25 -6.2572 5.2 -.25 -6.2572 5.152 -.25 -4.284 4.5527 -.25 -4.3131
4 0 4.6 -.25 -6.2572 4.6 -.25 -7.061 5.2 -.25 -7.061 5.2 -.25 -6.2572
0 // Blue faces
3 1 6.2187 -.25 -3.5235 8 -.25 .0128 6.0673 -.25 .0128
4 1 6.2187 -.25 -3.5235 6.3376 -.25 -7.061 8 -.25 -7.061 8 -.25 .0128
0 // Dark blue faces (actually halftone)
4 272 -3 -.25 -7.061 -3 -.25 .0128 -8 -.25 .0128 -8 -.25 -7.061
4 272 6.2187 -.25 -3.5235 6.0673 -.25 .0128 4.7811 -.25 .0128 5.0082 -.25 -2.3154
3 272 6.2187 -.25 -3.5235 5.0082 -.25 -2.3154 5.152 -.25 -4.284
3 272 6.2187 -.25 -3.5235 5.152 -.25 -4.284 5.2 -.25 -6.2572
4 272 6.2187 -.25 -3.5235 5.2 -.25 -6.2572 5.2 -.25 -7.061 6.3376 -.25 -7.061
0 // Dark red faces (actually halftone)
3 320 2.4789 -.25 .0128 1.4278 -.25 -.2738 2.5 -.25 -.5572
3 320 2.4789 -.25 .0128 1.3 -.25 -.2572 1.4278 -.25 -.2738
4 320 2.4789 -.25 .0128 -1.0342 -.25 .0128 1.1074 -.25 -.2958 1.3 -.25 -.2572
4 320 -.978 -.25 -.0699 .9445 -.25 -.4056 1.1074 -.25 -.2958 -1.0342 -.25 .0128
3 320 -.978 -.25 -.0699 .8365 -.25 -.5697 .9445 -.25 -.4056
4 320 -.978 -.25 -.0699 -.9 -.25 -.4572 .8 -.25 -.7627 .8365 -.25 -.5697
4 320 .8044 -.25 -1.1572 .8 -.25 -.7627 -.9 -.25 -.4572 -.9 -.25 -7.061
3 320 .8044 -.25 -1.1572 -.9 -.25 -7.061 .8692 -.25 -7.061
0 // Grey faces
4 71 .8044 -.25 -1.1572 .8692 -.25 -7.061 1.55 -.25 -7.061 1.55 -.25 -1.1572
4 71 2.2 -.25 -7.061 2.85 -.25 -7.061 2.85 -.25 -1.1572 2.2 -.25 -1.1572
4 71 3.4324 -.25 -7.061 4.411 -.25 -2.3736 4.1782 -.25 .0128 3.1326 -.25 .0128
3 71 3.4324 -.25 -7.061 4.5527 -.25 -4.3131 4.411 -.25 -2.3736
4 71 3.4324 -.25 -7.061 4.6 -.25 -7.061 4.6 -.25 -6.2572 4.5527 -.25 -4.3131
0 // Red faces
4 4 -2.4 -.25 -7.061 -.978 -.25 -.0699 -1.0342 -.25 .0128 -2.4 -.25 .0128
4 4 -2.4 -.25 -7.061 -.9 -.25 -7.061 -.9 -.25 -.4572 -.978 -.25 -.0699
0 // White faces
4 15 2.85 -.25 -1.1572 3.1326 -.25 .0128 2.4789 -.25 .0128 2.5 -.25 -.5572
4 15 2.85 -.25 -1.1572 2.5 -.25 -.5572 1.4278 -.25 -.2738 2.2 -.25 -1.1572
4 15 2.85 -.25 -1.1572 2.85 -.25 -7.061 3.4324 -.25 -7.061 3.1326 -.25 .0128
4 15 1.55 -.25 -1.1572 2.2 -.25 -1.1572 1.4278 -.25 -.2738 1.3 -.25 -.2572
4 15 1.55 -.25 -1.1572 1.3 -.25 -.2572 1.1074 -.25 -.2958 .9445 -.25 -.4056
3 15 1.55 -.25 -1.1572 .9445 -.25 -.4056 .8365 -.25 -.5697
4 15 1.55 -.25 -1.1572 .8365 -.25 -.5697 .8 -.25 -.7627 .8044 -.25 -1.1572
4 15 1.55 -.25 -1.1572 1.55 -.25 -7.061 2.2 -.25 -7.061 2.2 -.25 -1.1572