0 ~Sticker  1.8 x  1.7 with Drying Towel Pattern - Quarter 5
0 Name: s\6549091is05.dat
0 Author: Willy Tschager [Holly-Wood]
0 !LDRAW_ORG Unofficial_Subpart
0 !LICENSE Licensed under CC BY 4.0 : see CAreadme.txt

0 BFC CERTIFY CCW

0 // White
1 15 5.9 0 -1.5 1.5 0 0 0 1 0 0 0 1.5 1-4ndis.dat
4 15 .6 0 -1 0 0 -1 0 0 -2 .767 0 -2
4 15 3.6 0 -1 2.2 0 -1 2.033 0 -2 3.767 0 -2
4 15 6.4 0 -2 6.4 0 -1 5.2 0 -1 5.033 0 -2

0 // Dark Pink
1 5 5.9 0 -1.5 1.5 0 0 0 1 0 0 0 1.5 1-4chrd.dat
3 5 0 0 -1 .6 0 -1 0 0 0
3 5 0 0 0 .6 0 -1 2.2 0 -1
4 5 0 0 0 2.2 0 -1 3.6 0 -1 5.9 0 0
3 5 5.9 0 0 3.6 0 -1 5.2 0 -1
3 5 5.9 0 0 5.2 0 -1 6.4 0 -1
3 5 5.9 0 0 6.4 0 -1 7.4 0 -1.5
4 5 7.4 0 -2 7.4 0 -1.5 6.4 0 -1 6.4 0 -2
4 5 .976 0 -1.776 .8 0 -1.6 .767 0 -2 .84 0 -2
3 5 .976 0 -1.776 1.17 0 -1.646 .8 0 -1.6
3 5 1.17 0 -1.646 1.4 0 -1.6 .8 0 -1.6
3 5 1.4 0 -1.6 1.63 0 -1.646 2 0 -1.6
3 5 1.63 0 -1.646 1.824 0 -1.776 2 0 -1.6
4 5 1.824 0 -1.776 1.96 0 -2 2.033 0 -2 2 0 -1.6

3 5 2.2 0 -1 2 0 -1.6 2.033 0 -2
3 5 .8 0 -1.6 .6 0 -1 .767 0 -2
4 5 .6 0 -1 .8 0 -1.6 2 0 -1.6 2.2 0 -1
4 5 3.6 0 -1 3.767 0 -2 3.84 0 -2 3.8 0 -1.6
3 5 3.84 0 -2 3.976 0 -1.776 3.8 0 -1.6
3 5 3.976 0 -1.776 4.17 0 -1.646 3.8 0 -1.6
3 5 4.17 0 -1.646 4.4 0 -1.6 3.8 0 -1.6
3 5 4.4 0 -1.6 4.63 0 -1.646 5 0 -1.6
3 5 4.63 0 -1.646 4.824 0 -1.776 5 0 -1.6
4 5 5.033 0 -2 5 0 -1.6 4.824 0 -1.776 4.96 0 -2

3 5 5.2 0 -1 5 0 -1.6 5.033 0 -2
4 5 3.6 0 -1 3.8 0 -1.6 5 0 -1.6 5.2 0 -1

0 // Purple
4 22 .976 0 -1.776 .84 0 -2 1.96 0 -2 1.824 0 -1.776
4 22 1.17 0 -1.646 .976 0 -1.776 1.824 0 -1.776 1.63 0 -1.646
3 22 1.63 0 -1.646 1.4 0 -1.6 1.17 0 -1.646

4 22 3.976 0 -1.776 3.84 0 -2 4.96 0 -2 4.824 0 -1.776
4 22 4.17 0 -1.646 3.976 0 -1.776 4.824 0 -1.776 4.63 0 -1.646
3 22 4.63 0 -1.646 4.4 0 -1.6 4.17 0 -1.646