0 ~Sticker  1.8 x  1.7 with Drying Towel Pattern - Quarter 1
0 Name: s\6549091is01.dat
0 Author: Willy Tschager [Holly-Wood]
0 !LDRAW_ORG Unofficial_Subpart
0 !LICENSE Licensed under CC BY 4.0 : see CAreadme.txt

0 BFC CERTIFY CCW

0 // Light Turquoise
4 11 0 0 4.3 .7 0 4.3 .8 0 5.2 0 0 5.2
3 11 1.4 0 5.2 .8 0 5.2 .7 0 4.3
4 11 .7 0 4.3 2.7 0 4.3 2 0 5.2 1.4 0 5.2
4 11 3.8 0 5.2 2 0 5.2 2.7 0 4.3 4.3 0 4.3
4 11 5.2 0 5 4.4 0 5.2 3.8 0 5.2 4.3 0 4.3
3 11 5 0 5.2 4.4 0 5.2 5.2 0 5
3 11 5.2 0 5.2 5 0 5.2 5.2 0 5
4 11 4.3 0 2.7 5.2 0 4.4 5.2 0 5 4.3 0 4.3
3 11 5.2 0 3.8 5.2 0 4.4 4.3 0 2.7
4 11 5.2 0 2 5.2 0 3.8 4.3 0 2.7 4.3 0 .7
4 11 5.2 0 .8 4.3 0 .7 4.3 0 0 5.2 0 0
4 11 2.7 0 4.3 .7 0 4.3 1 0 2.8 2.4 0 2.8
4 11 4.3 0 2.7 2.8 0 2.4 2.8 0 1 4.3 0 .7
3 11 5.2 0 1.4 5.2 0 2 4.3 0 .7
3 11 5.2 0 .8 5.2 0 1.4 4.3 0 .7

0 // Green
1 2 0 0 0 .7 0 0 0 1 0 0 0 .7 1-4ndis.dat
1 2 0 0 0 0 0 1.6 0 1 0 1.6 0 0 1-16chrd.dat
1 2 0 0 0 1.6 0 0 0 1 0 0 0 1.6 1-16chrd.dat
4 2 .7 0 .7 .612 0 1.478 0 0 1.6 0 0 .7
4 2 .612 0 1.478 .7 0 .7 1.478 0 .612 2.8 0 1
4 2 .612 0 1.478 2.8 0 1 2.8 0 2.4 2.4 0 2.8
3 2 2.4 0 2.8 1 0 2.8 .612 0 1.478
4 2 1.6 0 0 1.478 0 .612 .7 0 .7 .7 0 0

0 // White
1 15 5.9 0 5.9 1.5 0 0 0 1 0 0 0 1.5 1-4ndis.dat
4 15 .6 0 6.4 0 0 6.4 0 0 5.2 .8 0 5.2
4 15 3.6 0 6.4 2.2 0 6.4 2 0 5.2 3.8 0 5.2
4 15 5.2 0 5.2 6.4 0 6.4 5.2 0 6.4 5 0 5.2
4 15 6.4 0 5.2 6.4 0 6.4 5.2 0 5.2 5.2 0 5
4 15 6.4 0 3.6 5.2 0 3.8 5.2 0 2 6.4 0 2.2
4 15 5.2 0 .8 5.2 0 0 6.4 0 0 6.4 0 .6
4 15 .7 0 4.3 0 0 4.3 0 0 2.8 1 0 2.8
4 15 4.3 0 2.7 4.3 0 4.3 2.7 0 4.3 2.8 0 2.4
4 15 2.8 0 0 4.3 0 0 4.3 0 .7 2.8 0 1
3 15 2.7 0 4.3 2.4 0 2.8 2.8 0 2.4

0 // Dark Pink
1 5 5.9 0 5.9 1.5 0 0 0 1 0 0 0 1.5 1-4chrd.dat
3 5 0 0 6.4 .6 0 6.4 0 0 7.4
3 5 0 0 7.4 .6 0 6.4 2.2 0 6.4
4 5 0 0 7.4 2.2 0 6.4 3.6 0 6.4 5.9 0 7.4
3 5 5.9 0 7.4 3.6 0 6.4 5.2 0 6.4
3 5 5.9 0 7.4 5.2 0 6.4 6.4 0 6.4
3 5 5.9 0 7.4 6.4 0 6.4 7.4 0 5.9
3 5 6.4 0 6.4 6.4 0 5.2 7.4 0 5.9
3 5 7.4 0 5.9 6.4 0 5.2 6.4 0 3.6
4 5 7.4 0 5.9 6.4 0 3.6 6.4 0 2.2 7.4 0 0
3 5 6.4 0 2.2 6.4 0 .6 7.4 0 0
3 5 6.4 0 .6 6.4 0 0 7.4 0 0
1 5 1.4 0 5.2 -.6 0 0 0 1 0 0 0 .6 2-4ndis.dat
3 5 2.2 0 6.4 2 0 5.8 2 0 5.2
3 5 .8 0 5.8 .6 0 6.4 .8 0 5.2
4 5 .6 0 6.4 .8 0 5.8 2 0 5.8 2.2 0 6.4
1 5 4.4 0 5.2 -.6 0 0 0 1 0 0 0 .6 2-4ndis.dat
3 5 5.2 0 6.4 5 0 5.8 5 0 5.2
3 5 3.8 0 5.8 3.6 0 6.4 3.8 0 5.2
4 5 3.6 0 6.4 3.8 0 5.8 5 0 5.8 5.2 0 6.4
1 5 5.2 0 4.4 0 0 .6 0 1 0 .6 0 0 2-4ndis.dat
3 5 6.4 0 3.6 5.8 0 3.8 5.2 0 3.8
3 5 5.8 0 5 6.4 0 5.2 5.2 0 5
4 5 6.4 0 5.2 5.8 0 5 5.8 0 3.8 6.4 0 3.6
1 5 5.2 0 1.4 0 0 .6 0 1 0 .6 0 0 2-4ndis.dat
3 5 6.4 0 .6 5.8 0 .8 5.2 0 .8
3 5 5.8 0 2 6.4 0 2.2 5.2 0 2
4 5 6.4 0 2.2 5.8 0 2 5.8 0 .8 6.4 0 .6

0 // Purple
1 22 1.4 0 5.2 -.6 0 0 0 1 0 0 0 .6 2-4chrd.dat
1 22 4.4 0 5.2 -.6 0 0 0 1 0 0 0 .6 2-4chrd.dat
1 22 5.2 0 4.4 0 0 .6 0 1 0 .6 0 0 2-4chrd.dat
1 22 5.2 0 1.4 0 0 .6 0 1 0 .6 0 0 2-4chrd.dat

0 // Tan
1 19 0 0 0 .7 0 0 0 1 0 0 0 .7 1-4disc.dat
1 19 0 0 0 0 0 1.6 0 1 0 1.6 0 0 1-16tang.dat
1 19 0 0 0 1.6 0 0 0 1 0 0 0 1.6 1-16tang.dat
4 19 .318 0 1.6 1 0 2.8 0 0 2.8 0 0 1.6
3 19 1 0 2.8 .318 0 1.6 .612 0 1.478
3 19 2.8 0 1 1.478 0 .612 1.6 0 .318
4 19 1.6 0 0 2.8 0 0 2.8 0 1 1.6 0 .318