0 ~Wheel Rim 23 x 22 x 29 Offroad with Split Axlehole - Quarter
0 Name: s\6580ds01.dat
0 Author: Rene Rechthaler [Blechtaler]
0 !LDRAW_ORG Unofficial_Subpart
0 !LICENSE Licensed under CC BY 4.0 : see CAreadme.txt

0 BFC CERTIFY CCW

1 16 1.5 -6.35 10 0 1 0 .65 0 0 0 0 10 rect2p.dat
1 16 1.75 -5.65115 10 .25 0 0 .04885 -1 0 0 0 10 rect.dat
0 BFC INVERTNEXT
1 16 0 -7 0 1.5 0 0 0 0 -1.5 0 20 0 1-4cylo.dat
1 16 0 -7 0 1.5 0 0 0 0 -1.5 0 1 0 1-4ndis.dat
1 16 0 -7 20 1.5 0 0 0 0 -1.5 0 -1 0 1-4ndis.dat

1 16 0 0 0 0 0 9 -9 0 0 0 1 0 1-16chrd.dat
1 16 0 0 0 9 0 0 0 0 -9 0 1 0 3-16chrd.dat
3 16 6 0 0 9 0 0 5.6023 -2 0
3 16 5.6023 -2 0 9 0 0 5.5432 -2.2961 0
4 16 9 0 0 3.4443 -8.3151 0 4.2428 -4.2427 0 5.5432 -2.2961 0
3 16 4.2428 -4.2427 0 3.4443 -8.3151 0 2.2961 -5.5433 0
3 16 2.2961 -5.5433 0 3.4443 -8.3151 0 2 -5.6023 0
4 16 2 -5.6023 0 3.4443 -8.3151 0 1.5 -7 0 1.5 -5.7 0
3 16 1.5 -7 0 3.4443 -8.3151 0 1.5 -8.5 0
3 16 1.5 -8.5 0 3.4443 -8.3151 0 0 -9 0
3 16 1.5 -8.5 0 0 -9 0 0 -8.5 0

1 16 2.7401 -9.9205 16 .7041 0 0 1.6055 1 0 0 0 4 rect.dat
1 16 1.018 -11.763 16 1.018 0 0 .237 1 0 0 0 4 rect2p.dat
3 16 2.036 -11.526 12 0 -12 12 0 -15 12
4 16 0 -8.5 20 0 -12 20 2.036 -11.526 20 1.5 -8.5 20
4 16 1.5 -8.5 20 2.036 -11.526 20 3.4442 -8.315 20 1.5 -7 20
4 16 1.5 -5.7 20 1.5 -7 20 3.4442 -8.315 20 2 -5.6023 20
4 16 2 -5.6023 20 3.4442 -8.315 20 4.5354 -7.586 20 2.2961 -5.5432 20
4 16 4.5354 -7.586 20 5.7574 -5.7574 20 4.2427 -4.2428 20 2.2961 -5.5432 20
4 16 5.5433 -2.2961 20 4.2427 -4.2428 20 5.7574 -5.7574 20 7.586 -4.5354 20
4 16 5.5433 -2.2961 20 7.586 -4.5354 20 8.315 -3.4442 20 5.6023 -2 20
4 16 8.315 -3.4442 20 9 0 20 6 0 20 5.6023 -2 20
5 24 0 -12 20 0 -12 12 2.036 -11.526 20 -1 -12 20