0 ~Minifig Head Looney Tunes Sylvester Lower Half
0 Name: s\71168s05.dat
0 Author: Fredrik Hareide [fhareide]
0 !LDRAW_ORG Unofficial_Subpart
0 !LICENSE Licensed under CC BY 4.0 : see CAreadme.txt

0 BFC CERTIFY CCW

0 BFC INVERTNEXT
1 16 0 0 0 6 0 0 0 -26 0 0 0 -6 1-4cyli.dat
1 16 0 0 0 6 0 0 0 1 0 0 0 -6 1-4edge.dat

1 16 0 -26 0 0 0 6 0 -1 0 -6 0 0 2-4disc.dat
1 16 0 -26 0 0 0 6 0 1 0 -6 0 0 2-4edge.dat

1 16 0 0 0 0 0 6 0 -1 0 -6 0 0 1-4ndis.dat

0 BFC INVERTNEXT
1 16 0 -6 0 0 0 6 0 -20 0 6 0 0 1-4cyli.dat

0 // Main_Colour
3 16 14.944 -25.683 3.136 14.832 -24.923 4.892 10.993 -25.408 3.722
3 16 10.938 -26.319 1.978 14.944 -25.683 3.136 10.993 -25.408 3.722
4 16 14.832 -24.923 4.892 14.944 -25.683 3.136 19.343 -24.345 5.415 19.031 -23.655 7.027
3 16 23.392 -21.953 6.914 19.031 -23.655 7.027 19.343 -24.345 5.415
3 16 22.694 -21.38 8.415 19.031 -23.655 7.027 23.392 -21.953 6.914
3 16 25.795 -19.544 8.021 22.694 -21.38 8.415 23.392 -21.953 6.914
3 16 25.28 -18.905 8.864 22.694 -21.38 8.415 25.795 -19.544 8.021
3 16 26.667 -17.94 8.171 25.28 -18.905 8.864 25.795 -19.544 8.021
3 16 26.067 -17.777 8.758 25.28 -18.905 8.864 26.667 -17.94 8.171
3 16 26.667 -17.94 8.171 26.365 -16.454 8.603 26.067 -17.777 8.758
3 16 26.927 -16.454 7.986 26.365 -16.454 8.603 26.667 -17.94 8.171
3 16 26.166 -15.26 7.803 26.365 -16.454 8.603 26.927 -16.454 7.986
3 16 25.771 -15.273 8.345 26.365 -16.454 8.603 26.166 -15.26 7.803
3 16 14.832 -24.923 4.892 11.091 -23.136 5.311 10.993 -25.408 3.722
3 16 24.343 -15.791 8.994 26.365 -16.454 8.603 25.771 -15.273 8.345
3 16 24.753 -17.357 9.067 26.365 -16.454 8.603 24.343 -15.791 8.994
3 16 25.28 -18.905 8.864 26.067 -17.777 8.758 24.753 -17.357 9.067
3 16 24.753 -17.357 9.067 26.067 -17.777 8.758 26.365 -16.454 8.603
3 16 24.343 -15.791 8.994 21.149 -17.337 9.161 24.753 -17.357 9.067
3 16 24.753 -17.357 9.067 21.149 -17.337 9.161 21.936 -19.395 8.985
3 16 24.753 -17.357 9.067 21.936 -19.395 8.985 25.28 -18.905 8.864
3 16 25.28 -18.905 8.864 21.936 -19.395 8.985 22.694 -21.38 8.415
3 16 17.788 -19.101 8.49 21.936 -19.395 8.985 21.149 -17.337 9.161
3 16 18.139 -21.313 7.906 21.936 -19.395 8.985 17.788 -19.101 8.49
3 16 18.139 -21.313 7.906 22.694 -21.38 8.415 21.936 -19.395 8.985
3 16 14.426 -20.231 7.614 18.139 -21.313 7.906 17.788 -19.101 8.49
3 16 14.613 -22.377 6.554 18.139 -21.313 7.906 14.426 -20.231 7.614
3 16 14.426 -20.231 7.614 10.959 -20.813 6.765 14.613 -22.377 6.554
3 16 14.613 -22.377 6.554 10.959 -20.813 6.765 11.091 -23.136 5.311
3 16 14.613 -22.377 6.554 11.091 -23.136 5.311 14.832 -24.923 4.892
3 16 14.832 -24.923 4.892 19.031 -23.655 7.027 14.613 -22.377 6.554
3 16 14.613 -22.377 6.554 19.031 -23.655 7.027 18.139 -21.313 7.906
3 16 19.031 -23.655 7.027 22.694 -21.38 8.415 18.139 -21.313 7.906
3 16 9.894 -25.179 -4.224 8.855 -23.178 -6.522 11.806 -24.165 -4.988
3 16 11.806 -24.165 -4.988 8.855 -23.178 -6.522 10.301 -22.193 -6.553
3 16 7.214 -20.854 -9.185 10.301 -22.193 -6.553 8.855 -23.178 -6.522
3 16 9.137 -19.135 -8.572 10.301 -22.193 -6.553 7.214 -20.854 -9.185
3 16 9.894 -25.179 -4.224 11.806 -24.165 -4.988 10.57 -25.919 -2.433
3 16 10.57 -25.919 -2.433 11.806 -24.165 -4.988 13.371 -24.641 -4.157
3 16 13.371 -24.641 -4.157 15.797 -25.684 0.149 10.57 -25.919 -2.433
3 16 17.324 -24.879 -2.016 15.797 -25.684 0.149 13.371 -24.641 -4.157
3 16 21.228 -24.14 1.615 15.797 -25.684 0.149 17.324 -24.879 -2.016
3 16 19.839 -24.519 3.585 15.797 -25.684 0.149 21.228 -24.14 1.615
4 16 19.839 -24.519 3.585 21.228 -24.14 1.615 24.128 -21.846 5.229 23.392 -21.953 6.914
3 16 23.392 -21.953 6.914 24.128 -21.846 5.229 25.927 -19.591 7.035
3 16 23.392 -21.953 6.914 25.927 -19.591 7.035 25.795 -19.544 8.021
3 16 26.65 -17.994 7.344 25.795 -19.544 8.021 25.927 -19.591 7.035
3 16 26.65 -17.994 7.344 26.667 -17.94 8.171 25.795 -19.544 8.021
3 16 26.667 -17.94 8.171 26.65 -17.994 7.344 26.714 -16.59 7.376
3 16 26.667 -17.94 8.171 26.714 -16.59 7.376 26.927 -16.454 7.986
3 16 26.166 -15.26 7.803 26.927 -16.454 7.986 26.714 -16.59 7.376
3 16 26.166 -15.26 7.803 26.714 -16.59 7.376 25.978 -15.338 7.371
3 16 10.923 -26.427 -0.115 10.57 -25.919 -2.433 15.797 -25.684 0.149
3 16 10.923 -26.427 -0.115 15.797 -25.684 0.149 15.113 -25.82 1.657
3 16 15.113 -25.82 1.657 15.797 -25.684 0.149 19.839 -24.519 3.585
4 16 15.113 -25.82 1.657 19.839 -24.519 3.585 19.421 -24.507 4.506 14.944 -25.683 3.136
3 16 19.839 -24.519 3.585 23.392 -21.953 6.914 19.421 -24.507 4.506
3 16 19.343 -24.345 5.415 19.421 -24.507 4.506 23.392 -21.953 6.914
4 16 24.128 -21.846 5.229 21.228 -24.14 1.615 21.289 -22.891 1.07 24.319 -20.639 4.932
3 16 25.927 -19.591 7.035 24.319 -20.639 4.932 26.65 -17.994 7.344
3 16 25.927 -19.591 7.035 24.128 -21.846 5.229 24.319 -20.639 4.932
4 16 21.289 -22.891 1.07 21.228 -24.14 1.615 17.324 -24.879 -2.016 17.666 -23.362 -2.396
3 16 17.666 -23.362 -2.396 17.324 -24.879 -2.016 13.371 -24.641 -4.157
3 16 12.214 -21.512 -5.771 17.666 -23.362 -2.396 13.371 -24.641 -4.157
3 16 21.289 -22.891 1.07 21.15 -21.423 1.1 24.319 -20.639 4.932
3 16 21.15 -21.423 1.1 24.209 -19.3 4.856 24.319 -20.639 4.932
3 16 21.15 -21.423 1.1 20.321 -18.684 1.867 24.209 -19.3 4.856
3 16 17.161 -19.247 -1.208 20.321 -18.684 1.867 21.15 -21.423 1.1
3 16 17.705 -21.638 -2.338 17.161 -19.247 -1.208 21.15 -21.423 1.1
3 16 17.705 -21.638 -2.338 21.15 -21.423 1.1 21.289 -22.891 1.07
3 16 17.666 -23.362 -2.396 17.705 -21.638 -2.338 21.289 -22.891 1.07
3 16 17.161 -19.247 -1.208 17.705 -21.638 -2.338 13.341 -20.13 -5.075
3 16 13.341 -20.13 -5.075 17.705 -21.638 -2.338 17.666 -23.362 -2.396
3 16 12.214 -21.512 -5.771 13.341 -20.13 -5.075 17.666 -23.362 -2.396
3 16 13.137 -18.151 -4.173 17.161 -19.247 -1.208 13.341 -20.13 -5.075
4 16 13.137 -18.151 -4.173 13.341 -20.13 -5.075 10.723 -17.096 -6.841 10.698 -15.711 -6.017
3 16 23.391 -16.852 4.845 24.209 -19.3 4.856 20.321 -18.684 1.867
3 16 10.723 -17.096 -6.841 13.341 -20.13 -5.075 9.907 -18.436 -7.881
3 16 9.907 -18.436 -7.881 13.341 -20.13 -5.075 12.214 -21.512 -5.771
3 16 12.214 -21.512 -5.771 10.301 -22.193 -6.553 9.907 -18.436 -7.881
3 16 9.907 -18.436 -7.881 10.301 -22.193 -6.553 9.137 -19.135 -8.572
3 16 10.301 -22.193 -6.553 12.214 -21.512 -5.771 11.806 -24.165 -4.988
3 16 11.806 -24.165 -4.988 12.214 -21.512 -5.771 13.371 -24.641 -4.157
3 16 23.391 -16.852 4.845 26.714 -16.59 7.376 24.209 -19.3 4.856
3 16 25.978 -15.338 7.371 26.714 -16.59 7.376 23.391 -16.852 4.845
3 16 26.714 -16.59 7.376 26.65 -17.994 7.344 24.209 -19.3 4.856
3 16 24.209 -19.3 4.856 26.65 -17.994 7.344 24.319 -20.639 4.932
3 16 11.357 -14.679 -7.801 10.698 -15.711 -6.017 10.723 -17.096 -6.841
3 16 11.011 -14.356 -6.563 10.698 -15.711 -6.017 11.357 -14.679 -7.801
3 16 11.011 -14.356 -6.563 11.357 -14.679 -7.801 10.9 -12.743 -7.382
3 16 10.9 -12.743 -7.382 11.357 -14.679 -7.801 11.283 -12.358 -8.638
3 16 11.283 -12.358 -8.638 9.932 -10.936 -8.601 10.9 -12.743 -7.382
3 16 10.402 -10.621 -9.678 9.932 -10.936 -8.601 11.283 -12.358 -8.638
3 16 10.402 -10.621 -9.678 8.693 -9.76 -9.975 9.932 -10.936 -8.601
3 16 9.554 -9.731 -10.481 8.693 -9.76 -9.975 10.402 -10.621 -9.678
3 16 8.805 -9.084 -11.719 8.693 -9.76 -9.975 9.554 -9.731 -10.481
3 16 7.57 -8.962 -11.743 8.693 -9.76 -9.975 8.805 -9.084 -11.719
3 16 8.805 -9.084 -11.719 8.396 -8.668 -12.728 7.57 -8.962 -11.743
4 16 10.1 -9.86 -12.294 8.396 -8.668 -12.728 8.805 -9.084 -11.719 10.193 -10.083 -11.201
3 16 9.554 -9.731 -10.481 10.193 -10.083 -11.201 8.805 -9.084 -11.719
3 16 9.554 -9.731 -10.481 10.402 -10.621 -9.678 10.193 -10.083 -11.201
3 16 10.193 -10.083 -11.201 11.073 -11.974 -11.749 10.1 -9.86 -12.294
3 16 10.193 -10.083 -11.201 11.258 -12.217 -10.329 11.073 -11.974 -11.749
3 16 10.402 -10.621 -9.678 11.258 -12.217 -10.329 10.193 -10.083 -11.201
3 16 10.402 -10.621 -9.678 11.283 -12.358 -8.638 11.258 -12.217 -10.329
3 16 11.258 -12.217 -10.329 10.876 -15.055 -11.372 11.073 -11.974 -11.749
3 16 11.258 -12.217 -10.329 10.889 -15.099 -9.759 10.876 -15.055 -11.372
3 16 11.283 -12.358 -8.638 10.889 -15.099 -9.759 11.258 -12.217 -10.329
3 16 8.396 -8.668 -12.728 7.119 -8.613 -12.891 7.57 -8.962 -11.743
3 16 11.283 -12.358 -8.638 11.357 -14.679 -7.801 10.889 -15.099 -9.759
3 16 10.889 -15.099 -9.759 11.357 -14.679 -7.801 10.723 -17.096 -6.841
3 16 10.889 -15.099 -9.759 10.723 -17.096 -6.841 9.907 -18.436 -7.881
3 16 9.907 -18.436 -7.881 9.005 -18.194 -9.702 10.889 -15.099 -9.759
3 16 9.157 -18.268 -11.272 10.889 -15.099 -9.759 9.005 -18.194 -9.702
3 16 9.005 -18.194 -9.702 6.838 -20.637 -11.44 9.157 -18.268 -11.272
3 16 9.005 -18.194 -9.702 6.543 -21.046 -9.745 6.838 -20.637 -11.44
3 16 9.157 -18.268 -11.272 10.876 -15.055 -11.372 10.889 -15.099 -9.759
3 16 7.214 -20.854 -9.185 6.543 -21.046 -9.745 9.005 -18.194 -9.702
3 16 7.214 -20.854 -9.185 9.005 -18.194 -9.702 9.137 -19.135 -8.572
3 16 9.907 -18.436 -7.881 9.137 -19.135 -8.572 9.005 -18.194 -9.702
3 16 5.344 -21.732 -10.532 6.838 -20.637 -11.44 6.543 -21.046 -9.745
3 16 5.344 -21.732 -10.532 5.361 -21.615 -11.762 6.838 -20.637 -11.44
4 16 5.361 -21.615 -11.762 5.344 -21.732 -10.532 3.238 -22.843 -11.49 3.33 -22.711 -12.325
3 16 3.238 -22.843 -11.49 1.2 -23.342 -11.735 3.33 -22.711 -12.325
3 16 1.2 -23.342 -11.735 0 -23.179 -12.538 3.33 -22.711 -12.325
3 16 1.2 -23.342 -11.735 0 -23.325 -11.747 0 -23.179 -12.538
3 16 26.166 -15.26 7.803 25.978 -15.338 7.371 26.165 -14.465 7.251
3 16 26.181 -14.394 7.806 26.166 -15.26 7.803 26.165 -14.465 7.251
3 16 23.944 -15.067 4.388 26.165 -14.465 7.251 25.978 -15.338 7.371
3 16 23.391 -16.852 4.845 23.944 -15.067 4.388 25.978 -15.338 7.371
3 16 26.928 -13.135 7.774 26.181 -14.394 7.806 26.165 -14.465 7.251
3 16 27.018 -13.008 6.996 26.928 -13.135 7.774 26.165 -14.465 7.251
3 16 26.928 -13.135 7.774 27.018 -13.008 6.996 27.972 -11.323 7.574
3 16 27.018 -13.008 6.996 28.086 -11.069 6.837 27.972 -11.323 7.574
3 16 27.972 -11.323 7.574 28.086 -11.069 6.837 28.333 -10.022 7.272
3 16 28.086 -11.069 6.837 28.314 -10.176 6.839 28.333 -10.022 7.272
3 16 28.314 -10.176 6.839 28.086 -11.069 6.837 27.636 -10.269 5.899
3 16 28.086 -11.069 6.837 27.018 -13.008 6.996 27.636 -10.269 5.899
3 16 28.109 -9.397 6.692 28.314 -10.176 6.839 27.636 -10.269 5.899
3 16 27.018 -13.008 6.996 24.671 -12.459 4.028 27.636 -10.269 5.899
3 16 24.671 -12.459 4.028 27.018 -13.008 6.996 26.165 -14.465 7.251
3 16 23.944 -15.067 4.388 24.671 -12.459 4.028 26.165 -14.465 7.251
3 16 20.989 -16.482 1.421 23.944 -15.067 4.388 23.391 -16.852 4.845
3 16 20.321 -18.684 1.867 20.989 -16.482 1.421 23.391 -16.852 4.845
3 16 21.549 -13.656 1.18 24.671 -12.459 4.028 23.944 -15.067 4.388
3 16 20.989 -16.482 1.421 21.549 -13.656 1.18 23.944 -15.067 4.388
3 16 17.966 -16.657 -1.638 20.989 -16.482 1.421 20.321 -18.684 1.867
3 16 17.161 -19.247 -1.208 17.966 -16.657 -1.638 20.321 -18.684 1.867
3 16 18.958 -13.886 -1.818 21.549 -13.656 1.18 20.989 -16.482 1.421
3 16 17.966 -16.657 -1.638 18.958 -13.886 -1.818 20.989 -16.482 1.421
4 16 18.958 -13.886 -1.818 17.966 -16.657 -1.638 14.111 -15.89 -4.59 14.691 -13.095 -5.114
3 16 17.161 -19.247 -1.208 13.137 -18.151 -4.173 17.966 -16.657 -1.638
3 16 17.966 -16.657 -1.638 13.137 -18.151 -4.173 14.111 -15.89 -4.59
3 16 10.698 -15.711 -6.017 14.111 -15.89 -4.59 13.137 -18.151 -4.173
3 16 11.011 -14.356 -6.563 14.111 -15.89 -4.59 10.698 -15.711 -6.017
3 16 11.011 -14.356 -6.563 14.691 -13.095 -5.114 14.111 -15.89 -4.59
3 16 10.9 -12.743 -7.382 14.691 -13.095 -5.114 11.011 -14.356 -6.563
3 16 25.635 -14.329 8.45 25.771 -15.273 8.345 26.181 -14.394 7.806
3 16 26.181 -14.394 7.806 25.771 -15.273 8.345 26.166 -15.26 7.803
3 16 25.635 -14.329 8.45 24.343 -15.791 8.994 25.771 -15.273 8.345
3 16 24.017 -14.582 9.438 24.343 -15.791 8.994 25.635 -14.329 8.45
3 16 24.017 -14.582 9.438 20.723 -16.027 9.703 24.343 -15.791 8.994
3 16 24.343 -15.791 8.994 20.723 -16.027 9.703 21.149 -17.337 9.161
3 16 20.723 -16.027 9.703 17.367 -17.087 9.416 21.149 -17.337 9.161
3 16 20.723 -16.027 9.703 17.215 -15.415 10.621 17.367 -17.087 9.416
3 16 17.215 -15.415 10.621 13.325 -16.061 10.143 17.367 -17.087 9.416
3 16 17.367 -17.087 9.416 13.325 -16.061 10.143 13.774 -18.109 8.928
3 16 13.325 -16.061 10.143 10.016 -16.561 9.47 13.774 -18.109 8.928
3 16 13.774 -18.109 8.928 10.016 -16.561 9.47 10.452 -18.852 8.43
3 16 13.774 -18.109 8.928 10.452 -18.852 8.43 14.426 -20.231 7.614
3 16 14.426 -20.231 7.614 10.452 -18.852 8.43 10.959 -20.813 6.765
3 16 14.426 -20.231 7.614 17.788 -19.101 8.49 13.774 -18.109 8.928
3 16 13.774 -18.109 8.928 17.788 -19.101 8.49 17.367 -17.087 9.416
3 16 21.149 -17.337 9.161 17.367 -17.087 9.416 17.788 -19.101 8.49
3 16 20.721 -14.395 10.686 17.215 -15.415 10.621 20.723 -16.027 9.703
3 16 20.723 -16.027 9.703 24.017 -14.582 9.438 20.721 -14.395 10.686
3 16 20.721 -14.395 10.686 24.017 -14.582 9.438 23.701 -13.056 10.348
3 16 24.017 -14.582 9.438 25.075 -12.306 9.911 23.701 -13.056 10.348
3 16 25.635 -14.329 8.45 25.075 -12.306 9.911 24.017 -14.582 9.438
3 16 25.635 -14.329 8.45 26.617 -12.787 8.522 25.075 -12.306 9.911
3 16 25.635 -14.329 8.45 26.181 -14.394 7.806 26.617 -12.787 8.522
3 16 26.617 -12.787 8.522 26.181 -14.394 7.806 26.928 -13.135 7.774
4 16 26.617 -12.787 8.522 26.928 -13.135 7.774 27.972 -11.323 7.574 27.7 -10.956 8.3
3 16 27.7 -10.956 8.3 26.114 -11.366 9.498 26.617 -12.787 8.522
3 16 26.617 -12.787 8.522 26.114 -11.366 9.498 25.075 -12.306 9.911
3 16 27.7 -10.956 8.3 27.026 -10.205 8.953 26.114 -11.366 9.498
3 16 27.7 -10.956 8.3 27.524 -9.578 8.288 27.026 -10.205 8.953
3 16 27.7 -10.956 8.3 28.077 -9.799 7.825 27.524 -9.578 8.288
3 16 27.7 -10.956 8.3 28.333 -10.022 7.272 28.077 -9.799 7.825
3 16 27.7 -10.956 8.3 27.972 -11.323 7.574 28.333 -10.022 7.272
3 16 28.333 -10.022 7.272 27.923 -9.234 7.372 28.077 -9.799 7.825
3 16 28.077 -9.799 7.825 27.923 -9.234 7.372 27.524 -9.578 8.288
3 16 28.333 -10.022 7.272 28.127 -9.34 6.968 27.923 -9.234 7.372
4 16 28.127 -9.34 6.968 28.333 -10.022 7.272 28.314 -10.176 6.839 28.109 -9.397 6.692
3 16 27.775 -9.06 6.583 26.751 -8.867 5.998 26.68 -8.619 6.357
3 16 27.681 -8.964 6.85 27.775 -9.06 6.583 26.68 -8.619 6.357
3 16 25.966 -8.352 5.858 26.68 -8.619 6.357 26.751 -8.867 5.998
3 16 25.97 -8.508 5.435 25.966 -8.352 5.858 26.751 -8.867 5.998
3 16 27.775 -9.06 6.583 27.681 -8.964 6.85 28.127 -9.34 6.968
3 16 28.109 -9.397 6.692 27.775 -9.06 6.583 28.127 -9.34 6.968
3 16 25.97 -8.508 5.435 26.751 -8.867 5.998 25.82 -9.712 5.024
3 16 25.21 -9.158 4.514 25.97 -8.508 5.435 25.82 -9.712 5.024
3 16 25.21 -9.158 4.514 25.82 -9.712 5.024 23.745 -10.827 3.836
3 16 23.283 -9.98 3.435 25.21 -9.158 4.514 23.745 -10.827 3.836
3 16 23.283 -9.98 3.435 23.745 -10.827 3.836 21.25 -11.413 1.894
3 16 21.39 -10.49 1.997 23.283 -9.98 3.435 21.25 -11.413 1.894
3 16 27.636 -10.269 5.899 26.751 -8.867 5.998 27.775 -9.06 6.583
3 16 28.109 -9.397 6.692 27.636 -10.269 5.899 27.775 -9.06 6.583
3 16 25.82 -9.712 5.024 26.751 -8.867 5.998 27.636 -10.269 5.899
3 16 25.82 -9.712 5.024 27.636 -10.269 5.899 24.671 -12.459 4.028
3 16 23.745 -10.827 3.836 25.82 -9.712 5.024 24.671 -12.459 4.028
3 16 21.25 -11.413 1.894 23.745 -10.827 3.836 24.671 -12.459 4.028
3 16 21.39 -10.49 1.997 21.25 -11.413 1.894 19.059 -10.322 0.073
3 16 21.25 -11.413 1.894 17.74 -10.861 -1.67 19.059 -10.322 0.073
3 16 18.463 -8.638 -0.183 19.059 -10.322 0.073 17.74 -10.861 -1.67
3 16 21.549 -13.656 1.18 21.25 -11.413 1.894 24.671 -12.459 4.028
3 16 18.958 -13.886 -1.818 17.74 -10.861 -1.67 21.25 -11.413 1.894
3 16 21.549 -13.656 1.18 18.958 -13.886 -1.818 21.25 -11.413 1.894
3 16 13.049 -7.829 -3.093 18.463 -8.638 -0.183 17.74 -10.861 -1.67
3 16 13.537 -9.941 -4.622 13.049 -7.829 -3.093 17.74 -10.861 -1.67
3 16 17.74 -10.861 -1.67 18.958 -13.886 -1.818 14.691 -13.095 -5.114
3 16 13.537 -9.941 -4.622 17.74 -10.861 -1.67 14.691 -13.095 -5.114
3 16 14.691 -13.095 -5.114 10.9 -12.743 -7.382 13.537 -9.941 -4.622
3 16 10.9 -12.743 -7.382 9.932 -10.936 -8.601 13.537 -9.941 -4.622
3 16 13.537 -9.941 -4.622 9.932 -10.936 -8.601 8.348 -8.639 -7.931
3 16 9.932 -10.936 -8.601 8.693 -9.76 -9.975 8.348 -8.639 -7.931
3 16 8.348 -8.639 -7.931 8.693 -9.76 -9.975 6.192 -7.986 -9.852
3 16 8.693 -9.76 -9.975 7.57 -8.962 -11.743 6.192 -7.986 -9.852
3 16 6.192 -7.986 -9.852 7.57 -8.962 -11.743 4.798 -7.588 -12.204
3 16 7.57 -8.962 -11.743 7.119 -8.613 -12.891 4.798 -7.588 -12.204
3 16 8.227 -7.087 -6.373 13.049 -7.829 -3.093 13.537 -9.941 -4.622
3 16 8.348 -8.639 -7.931 8.227 -7.087 -6.373 13.537 -9.941 -4.622
3 16 7.119 -8.613 -12.891 5.169 -7.788 -15.454 4.798 -7.588 -12.204
3 16 5.169 -7.788 -15.454 3.348 -7.156 -14.566 4.798 -7.588 -12.204
3 16 5.169 -7.788 -15.454 2.987 -7.77 -18.013 3.348 -7.156 -14.566
3 16 2.987 -7.77 -18.013 1.642 -7.461 -17.404 3.348 -7.156 -14.566
3 16 2.987 -7.77 -18.013 1.204 -8.75 -20.543 1.642 -7.461 -17.404
3 16 1.204 -8.75 -20.543 0 -9.02 -20.534 1.642 -7.461 -17.404
3 16 1.204 -8.75 -20.543 0.395 -10.709 -22.52 0 -9.02 -20.534
3 16 0.395 -10.709 -22.52 0 -10.707 -22.507 0 -9.02 -20.534
3 16 5.512 -7 -8.94 8.227 -7.087 -6.373 8.348 -8.639 -7.931
3 16 6.192 -7.986 -9.852 5.512 -7 -8.94 8.348 -8.639 -7.931
3 16 6.192 -7.986 -9.852 4.798 -7.588 -12.204 5.512 -7 -8.94
3 16 4.798 -7.588 -12.204 2.062 -6.559 -11.188 5.512 -7 -8.94
3 16 4.798 -7.588 -12.204 3.348 -7.156 -14.566 2.062 -6.559 -11.188
3 16 3.348 -7.156 -14.566 1.485 -6.767 -14.195 2.062 -6.559 -11.188
3 16 3.348 -7.156 -14.566 1.642 -7.461 -17.404 1.485 -6.767 -14.195
3 16 0 -6.378 -11.392 2.062 -6.559 -11.188 1.485 -6.767 -14.195
3 16 0 -6.661 -14.206 0 -6.378 -11.392 1.485 -6.767 -14.195
3 16 1.642 -7.461 -17.404 0.84 -7.38 -17.174 1.485 -6.767 -14.195
3 16 0 -6.661 -14.206 1.485 -6.767 -14.195 0.84 -7.38 -17.174
3 16 0.84 -7.38 -17.174 1.642 -7.461 -17.404 0 -9.02 -20.534
3 16 0 -7.395 -17.302 0 -6.661 -14.206 0.84 -7.38 -17.174
3 16 0 -9.02 -20.534 0 -7.395 -17.302 0.84 -7.38 -17.174
3 16 26.539 -8.508 6.86 27.58 -8.969 7.275 27.681 -8.964 6.85
3 16 26.68 -8.619 6.357 26.539 -8.508 6.86 27.681 -8.964 6.85
3 16 26.539 -8.508 6.86 26.68 -8.619 6.357 25.675 -8.288 6.307
3 16 26.68 -8.619 6.357 25.966 -8.352 5.858 25.675 -8.288 6.307
3 16 25.675 -8.288 6.307 25.025 -8.458 6.861 26.539 -8.508 6.86
3 16 25.025 -8.458 6.861 26.028 -8.818 7.706 26.539 -8.508 6.86
3 16 27.58 -8.969 7.275 26.539 -8.508 6.86 26.028 -8.818 7.706
3 16 27.524 -9.578 8.288 27.58 -8.969 7.275 26.028 -8.818 7.706
3 16 27.58 -8.969 7.275 27.524 -9.578 8.288 27.923 -9.234 7.372
3 16 27.681 -8.964 6.85 27.58 -8.969 7.275 27.923 -9.234 7.372
4 16 27.026 -10.205 8.953 27.524 -9.578 8.288 26.028 -8.818 7.706 25.12 -9.805 8.756
3 16 25.025 -8.458 6.861 25.12 -9.805 8.756 26.028 -8.818 7.706
3 16 26.114 -11.366 9.498 27.026 -10.205 8.953 25.12 -9.805 8.756
3 16 25.12 -9.805 8.756 25.075 -12.306 9.911 26.114 -11.366 9.498
3 16 25.075 -12.306 9.911 25.12 -9.805 8.756 23.701 -13.056 10.348
3 16 23.701 -13.056 10.348 25.12 -9.805 8.756 21.081 -10.343 9.094
3 16 23.747 -8.704 7.247 21.081 -10.343 9.094 25.12 -9.805 8.756
3 16 23.747 -8.704 7.247 25.12 -9.805 8.756 25.025 -8.458 6.861
3 16 20.808 -8.893 7.516 21.081 -10.343 9.094 23.747 -8.704 7.247
3 16 20.808 -8.893 7.516 17.265 -10.697 9.268 21.081 -10.343 9.094
3 16 17.16 -9.04 7.626 17.265 -10.697 9.268 20.808 -8.893 7.516
3 16 14.691 -9.178 7.689 17.265 -10.697 9.268 17.16 -9.04 7.626
3 16 13.316 -10.99 9.133 17.265 -10.697 9.268 14.691 -9.178 7.689
3 16 13.316 -10.99 9.133 17.06 -13.383 10.394 17.265 -10.697 9.268
3 16 13.262 -13.878 10.187 17.06 -13.383 10.394 13.316 -10.99 9.133
3 16 13.316 -10.99 9.133 10.2 -11.131 8.955 13.262 -13.878 10.187
3 16 13.262 -13.878 10.187 10.2 -11.131 8.955 10.135 -14.51 9.78
3 16 13.262 -13.878 10.187 10.135 -14.51 9.78 13.325 -16.061 10.143
3 16 13.325 -16.061 10.143 10.135 -14.51 9.78 10.016 -16.561 9.47
3 16 17.06 -13.383 10.394 13.262 -13.878 10.187 17.215 -15.415 10.621
3 16 17.215 -15.415 10.621 13.262 -13.878 10.187 13.325 -16.061 10.143
3 16 20.721 -14.395 10.686 17.06 -13.383 10.394 17.215 -15.415 10.621
3 16 20.452 -12.759 10.402 17.06 -13.383 10.394 20.721 -14.395 10.686
3 16 21.081 -10.343 9.094 17.265 -10.697 9.268 20.452 -12.759 10.402
3 16 20.452 -12.759 10.402 17.265 -10.697 9.268 17.06 -13.383 10.394
3 16 21.081 -10.343 9.094 20.452 -12.759 10.402 23.701 -13.056 10.348
3 16 23.701 -13.056 10.348 20.452 -12.759 10.402 20.721 -14.395 10.686
3 16 14.691 -9.178 7.689 11.81 -9.017 7.891 13.316 -10.99 9.133
3 16 13.316 -10.99 9.133 11.81 -9.017 7.891 10.2 -11.131 8.955
3 16 11.81 -9.017 7.891 9.771 -7.291 6.684 10.2 -11.131 8.955
3 16 25.98 -7.163 4.727 25.932 -6.935 5.18 25.97 -8.508 5.435
3 16 25.97 -8.508 5.435 25.932 -6.935 5.18 25.966 -8.352 5.858
4 16 25.932 -6.935 5.18 25.98 -7.163 4.727 26.236 -4.673 3.874 26.185 -4.485 4.292
3 16 26.185 -4.485 4.292 26.236 -4.673 3.874 25.869 -3.741 3.627
3 16 26.185 -4.485 4.292 25.869 -3.741 3.627 25.713 -3.509 3.967
3 16 25.713 -3.509 3.967 25.869 -3.741 3.627 25.517 -3.404 3.513
3 16 25.713 -3.509 3.967 25.517 -3.404 3.513 25.469 -3.327 3.83
3 16 25.167 -3.248 3.358 25.469 -3.327 3.83 25.517 -3.404 3.513
3 16 25.167 -3.248 3.358 24.983 -3.061 3.683 25.469 -3.327 3.83
3 16 24.145 -3.371 3.069 24.983 -3.061 3.683 25.167 -3.248 3.358
3 16 24.145 -3.371 3.069 24.005 -2.988 3.828 24.983 -3.061 3.683
3 16 21.078 -4.474 3.916 24.005 -2.988 3.828 24.145 -3.371 3.069
3 16 21.078 -4.474 3.916 24.145 -3.371 3.069 21.325 -4.847 2.785
3 16 21.078 -4.474 3.916 21.325 -4.847 2.785 17.665 -5.898 2.304
3 16 21.078 -4.474 3.916 17.665 -5.898 2.304 17.188 -5.701 3.627
4 16 12.432 -5.552 1.044 17.188 -5.701 3.627 17.665 -5.898 2.304 12.781 -5.793 -0.658
3 16 12.282 -5.496 2.968 17.188 -5.701 3.627 12.432 -5.552 1.044
3 16 12.432 -5.552 1.044 8.549 -4.5 2.755 12.282 -5.496 2.968
3 16 9 -4.5 0 8.549 -4.5 2.755 12.432 -5.552 1.044
3 16 25.869 -3.741 3.627 25.582 -3.673 3.218 25.517 -3.404 3.513
3 16 25.517 -3.404 3.513 25.582 -3.673 3.218 25.167 -3.248 3.358
3 16 25.167 -3.248 3.358 25.582 -3.673 3.218 25.197 -3.563 2.998
3 16 25.167 -3.248 3.358 25.197 -3.563 2.998 24.145 -3.371 3.069
3 16 24.145 -3.371 3.069 25.197 -3.563 2.998 24.587 -4.049 2.616
3 16 21.325 -4.847 2.785 24.145 -3.371 3.069 21.908 -5.604 1.998
3 16 21.908 -5.604 1.998 24.145 -3.371 3.069 24.587 -4.049 2.616
3 16 25.582 -3.673 3.218 25.231 -4.708 2.703 25.197 -3.563 2.998
3 16 25.197 -3.563 2.998 25.231 -4.708 2.703 24.587 -4.049 2.616
3 16 25.231 -4.708 2.703 21.908 -5.604 1.998 24.587 -4.049 2.616
3 16 25.582 -3.673 3.218 25.905 -4.063 3.353 25.231 -4.708 2.703
3 16 25.905 -4.063 3.353 25.582 -3.673 3.218 25.869 -3.741 3.627
3 16 25.869 -3.741 3.627 26.236 -4.673 3.874 25.905 -4.063 3.353
3 16 25.905 -4.063 3.353 26.236 -4.673 3.874 25.864 -5.019 3.205
3 16 25.231 -4.708 2.703 25.905 -4.063 3.353 25.864 -5.019 3.205
3 16 26.236 -4.673 3.874 25.98 -7.163 4.727 25.864 -5.019 3.205
3 16 25.864 -5.019 3.205 25.98 -7.163 4.727 25.448 -7.393 3.886
3 16 25.864 -5.019 3.205 25.448 -7.393 3.886 25.231 -4.708 2.703
3 16 25.98 -7.163 4.727 25.97 -8.508 5.435 25.448 -7.393 3.886
3 16 25.448 -7.393 3.886 25.97 -8.508 5.435 25.21 -9.158 4.514
3 16 22.705 -6.997 1.863 21.908 -5.604 1.998 25.231 -4.708 2.703
3 16 25.231 -4.708 2.703 25.448 -7.393 3.886 22.705 -6.997 1.863
3 16 25.448 -7.393 3.886 25.21 -9.158 4.514 22.642 -8.679 2.442
3 16 25.448 -7.393 3.886 22.642 -8.679 2.442 22.705 -6.997 1.863
3 16 22.642 -8.679 2.442 25.21 -9.158 4.514 23.283 -9.98 3.435
3 16 21.908 -5.604 1.998 22.705 -6.997 1.863 18.128 -6.636 0.948
3 16 18.128 -6.636 0.948 22.705 -6.997 1.863 18.463 -8.638 -0.183
3 16 22.642 -8.679 2.442 18.463 -8.638 -0.183 22.705 -6.997 1.863
3 16 21.908 -5.604 1.998 18.128 -6.636 0.948 21.325 -4.847 2.785
3 16 21.325 -4.847 2.785 18.128 -6.636 0.948 17.665 -5.898 2.304
3 16 21.39 -10.49 1.997 22.642 -8.679 2.442 23.283 -9.98 3.435
3 16 19.059 -10.322 0.073 22.642 -8.679 2.442 21.39 -10.49 1.997
3 16 19.059 -10.322 0.073 18.463 -8.638 -0.183 22.642 -8.679 2.442
3 16 12.781 -5.793 -0.658 17.665 -5.898 2.304 18.128 -6.636 0.948
3 16 18.463 -8.638 -0.183 12.781 -5.793 -0.658 18.128 -6.636 0.948
3 16 12.432 -5.552 1.044 12.781 -5.793 -0.658 9 -4.5 0
3 16 12.781 -5.793 -0.658 8.535 -4.5 -2.797 9 -4.5 0
3 16 18.463 -8.638 -0.183 13.049 -7.829 -3.093 12.781 -5.793 -0.658
3 16 12.781 -5.793 -0.658 7.989 -5.721 -5.577 8.535 -4.5 -2.797
3 16 7.989 -5.721 -5.577 12.781 -5.793 -0.658 13.049 -7.829 -3.093
3 16 7.989 -5.721 -5.577 7.261 -4.5 -5.298 8.535 -4.5 -2.797
3 16 8.227 -7.087 -6.373 7.989 -5.721 -5.577 13.049 -7.829 -3.093
3 16 7.261 -4.5 -5.298 7.989 -5.721 -5.577 5.277 -4.5 -7.276
3 16 7.989 -5.721 -5.577 5.352 -5.868 -8.05 5.277 -4.5 -7.276
3 16 5.352 -5.868 -8.05 7.989 -5.721 -5.577 8.227 -7.087 -6.373
4 16 2.771 -4.5 -8.543 5.277 -4.5 -7.276 5.352 -5.868 -8.05 2.483 -5.668 -9.367
3 16 2.483 -5.668 -9.367 0 -4.5 -9 2.771 -4.5 -8.543
3 16 0 -5.543 -9.62 0 -4.5 -9 2.483 -5.668 -9.367
3 16 2.483 -5.668 -9.367 2.062 -6.559 -11.188 0 -5.543 -9.62
3 16 0 -5.543 -9.62 2.062 -6.559 -11.188 0 -6.378 -11.392
3 16 5.352 -5.868 -8.05 5.512 -7 -8.94 2.483 -5.668 -9.367
3 16 2.483 -5.668 -9.367 5.512 -7 -8.94 2.062 -6.559 -11.188
3 16 5.352 -5.868 -8.05 8.227 -7.087 -6.373 5.512 -7 -8.94
3 16 25.932 -6.935 5.18 25.607 -6.802 5.624 25.966 -8.352 5.858
3 16 25.966 -8.352 5.858 25.607 -6.802 5.624 25.675 -8.288 6.307
4 16 25.675 -8.288 6.307 25.607 -6.802 5.624 24.934 -6.782 6.106 25.025 -8.458 6.861
3 16 23.956 -6.539 6.347 25.025 -8.458 6.861 24.934 -6.782 6.106
3 16 23.956 -6.539 6.347 23.747 -8.704 7.247 25.025 -8.458 6.861
3 16 23.747 -8.704 7.247 23.956 -6.539 6.347 20.987 -6.751 6.484
3 16 23.747 -8.704 7.247 20.987 -6.751 6.484 20.808 -8.893 7.516
3 16 20.808 -8.893 7.516 20.987 -6.751 6.484 17.229 -7.477 6.516
3 16 20.808 -8.893 7.516 17.229 -7.477 6.516 17.16 -9.04 7.626
3 16 25.932 -6.935 5.18 25.86 -4.376 4.825 25.607 -6.802 5.624
3 16 25.932 -6.935 5.18 26.185 -4.485 4.292 25.86 -4.376 4.825
3 16 26.185 -4.485 4.292 25.653 -3.543 4.32 25.86 -4.376 4.825
3 16 26.185 -4.485 4.292 25.713 -3.509 3.967 25.653 -3.543 4.32
3 16 25.653 -3.543 4.32 25.713 -3.509 3.967 25.469 -3.327 3.83
3 16 25.653 -3.543 4.32 25.469 -3.327 3.83 25.297 -3.23 4.253
3 16 25.469 -3.327 3.83 25.005 -3.053 4.196 25.297 -3.23 4.253
3 16 25.469 -3.327 3.83 24.983 -3.061 3.683 25.005 -3.053 4.196
3 16 25.005 -3.053 4.196 24.983 -3.061 3.683 24.005 -2.988 3.828
3 16 25.005 -3.053 4.196 24.005 -2.988 3.828 24.089 -3.072 4.733
3 16 25.297 -3.23 4.253 25.005 -3.053 4.196 24.089 -3.072 4.733
4 16 24.089 -3.072 4.733 24.005 -2.988 3.828 21.078 -4.474 3.916 20.987 -4.734 5.316
3 16 20.987 -4.734 5.316 21.078 -4.474 3.916 17.188 -5.701 3.627
3 16 17.096 -5.861 5.047 20.987 -4.734 5.316 17.188 -5.701 3.627
3 16 17.096 -5.861 5.047 17.188 -5.701 3.627 12.637 -5.994 4.836
3 16 17.188 -5.701 3.627 12.282 -5.496 2.968 12.637 -5.994 4.836
3 16 24.089 -3.072 4.733 24.511 -3.626 5.309 25.297 -3.23 4.253
3 16 24.511 -3.626 5.309 24.089 -3.072 4.733 20.987 -4.734 5.316
3 16 20.987 -6.751 6.484 24.511 -3.626 5.309 20.987 -4.734 5.316
3 16 20.987 -6.751 6.484 20.987 -4.734 5.316 17.096 -5.861 5.047
3 16 17.229 -7.477 6.516 20.987 -6.751 6.484 17.096 -5.861 5.047
3 16 13.061 -7.588 6.605 17.229 -7.477 6.516 17.096 -5.861 5.047
3 16 12.637 -5.994 4.836 13.061 -7.588 6.605 17.096 -5.861 5.047
3 16 17.229 -7.477 6.516 13.061 -7.588 6.605 14.691 -9.178 7.689
3 16 11.81 -9.017 7.891 14.691 -9.178 7.689 13.061 -7.588 6.605
3 16 9.771 -7.291 6.684 11.81 -9.017 7.891 13.061 -7.588 6.605
3 16 9.771 -7.291 6.684 13.061 -7.588 6.605 12.637 -5.994 4.836
3 16 17.16 -9.04 7.626 17.229 -7.477 6.516 14.691 -9.178 7.689
3 16 20.987 -6.751 6.484 23.956 -6.539 6.347 24.511 -3.626 5.309
3 16 23.956 -6.539 6.347 24.908 -3.881 5.344 24.511 -3.626 5.309
3 16 24.908 -3.881 5.344 23.956 -6.539 6.347 24.934 -6.782 6.106
3 16 25.343 -4.057 5.172 24.908 -3.881 5.344 24.934 -6.782 6.106
3 16 25.343 -4.057 5.172 24.934 -6.782 6.106 25.607 -6.802 5.624
3 16 25.86 -4.376 4.825 25.343 -4.057 5.172 25.607 -6.802 5.624
3 16 25.86 -4.376 4.825 25.653 -3.543 4.32 25.343 -4.057 5.172
3 16 25.653 -3.543 4.32 25.297 -3.23 4.253 25.343 -4.057 5.172
3 16 25.297 -3.23 4.253 24.511 -3.626 5.309 24.908 -3.881 5.344
3 16 25.343 -4.057 5.172 25.297 -3.23 4.253 24.908 -3.881 5.344
3 16 8.846 -5.908 4.698 9.771 -7.291 6.684 12.637 -5.994 4.836
3 16 12.637 -5.994 4.836 12.282 -5.496 2.968 8.846 -5.908 4.698
3 16 12.282 -5.496 2.968 8.549 -4.5 2.755 8.846 -5.908 4.698
3 16 15.113 -25.82 1.657 14.944 -25.683 3.136 10.938 -26.319 1.978
3 16 10.923 -26.427 -0.115 15.113 -25.82 1.657 10.938 -26.319 1.978
3 16 14.944 -25.683 3.136 19.421 -24.507 4.506 19.343 -24.345 5.415
3 16 27.923 -9.234 7.372 28.127 -9.34 6.968 27.681 -8.964 6.85
3 16 0 -10.707 -22.507 0.395 -10.709 -22.52 0 -12.684 -23.263
4 16 6 0 -6 2.784 0 -8.539 0 0 -9 0 0 -6
4 16 7.285 0 -5.262 5.295 0 -7.263 2.784 0 -8.539 6 0 -6
4 16 9 0 0 8.55 0 -2.75 7.285 0 -5.262 6 0 -6
3 16 6 0 -6 6 0 0 9 0 0
3 16 2.987 -7.77 -18.013 5.763 -6.955 -17.471 3.949 -7.19 -19.199
3 16 2.987 -7.77 -18.013 5.169 -7.788 -15.454 5.763 -6.955 -17.471
3 16 2.363 -8.388 -21.24 2.987 -7.77 -18.013 3.949 -7.19 -19.199
3 16 2.363 -8.388 -21.24 1.204 -8.75 -20.543 2.987 -7.77 -18.013
3 16 1.323 -10.439 -22.617 1.204 -8.75 -20.543 2.363 -8.388 -21.24
3 16 1.323 -10.439 -22.617 0.395 -10.709 -22.52 1.204 -8.75 -20.543
3 16 7.915 -7.146 -16.022 5.763 -6.955 -17.471 5.169 -7.788 -15.454
3 16 7.915 -7.146 -16.022 5.169 -7.788 -15.454 7.119 -8.613 -12.891
3 16 9.69 -7.894 -14.855 7.915 -7.146 -16.022 7.119 -8.613 -12.891
3 16 9.69 -7.894 -14.855 7.119 -8.613 -12.891 8.396 -8.668 -12.728
3 16 11.187 -9.54 -14.127 9.69 -7.894 -14.855 8.396 -8.668 -12.728
3 16 11.187 -9.54 -14.127 8.396 -8.668 -12.728 10.1 -9.86 -12.294
3 16 10.1 -9.86 -12.294 12.17 -11.922 -13.736 11.187 -9.54 -14.127
3 16 10.1 -9.86 -12.294 11.073 -11.974 -11.749 12.17 -11.922 -13.736
3 16 11.073 -11.974 -11.749 12.109 -15.156 -13.149 12.17 -11.922 -13.736
3 16 11.073 -11.974 -11.749 10.876 -15.055 -11.372 12.109 -15.156 -13.149
3 16 3.327 -10.667 -22.498 1.323 -10.439 -22.617 2.363 -8.388 -21.24
3 16 2.438 -12.834 -23.008 1.323 -10.439 -22.617 3.327 -10.667 -22.498
3 16 2.438 -12.834 -23.008 0.674 -12.725 -23.222 1.323 -10.439 -22.617
3 16 0.395 -10.709 -22.52 1.323 -10.439 -22.617 0.674 -12.725 -23.222
3 16 12.17 -11.922 -13.736 12.109 -15.156 -13.149 13.14 -15.564 -15.51
3 16 12.17 -11.922 -13.736 13.14 -15.564 -15.51 12.695 -12.187 -16.246
3 16 11.187 -9.54 -14.127 12.17 -11.922 -13.736 12.695 -12.187 -16.246
3 16 11.187 -9.54 -14.127 12.695 -12.187 -16.246 11.331 -9.659 -16.971
3 16 9.69 -7.894 -14.855 11.187 -9.54 -14.127 11.331 -9.659 -16.971
3 16 9.69 -7.894 -14.855 11.331 -9.659 -16.971 9.854 -8.131 -17.489
3 16 9.854 -8.131 -17.489 7.915 -7.146 -16.022 9.69 -7.894 -14.855
3 16 9.854 -8.131 -17.489 8.276 -7.4 -18.293 7.915 -7.146 -16.022
4 16 5.763 -6.955 -17.471 7.915 -7.146 -16.022 8.276 -7.4 -18.293 6.836 -7.251 -19.205
3 16 3.949 -7.19 -19.199 5.763 -6.955 -17.471 6.836 -7.251 -19.205
3 16 5.318 -7.692 -20.425 3.949 -7.19 -19.199 6.836 -7.251 -19.205
3 16 5.318 -7.692 -20.425 4.243 -8.737 -21.478 3.949 -7.19 -19.199
3 16 2.363 -8.388 -21.24 4.243 -8.737 -21.478 3.327 -10.667 -22.498
3 16 4.243 -8.737 -21.478 2.363 -8.388 -21.24 3.949 -7.19 -19.199
3 16 0.674 -12.725 -23.222 0 -12.684 -23.263 0.395 -10.709 -22.52
4 16 10.348 -18.311 -12.969 12.109 -15.156 -13.149 10.876 -15.055 -11.372 9.157 -18.268 -11.272
3 16 10.348 -18.311 -12.969 9.157 -18.268 -11.272 7.763 -20.909 -13.028
3 16 7.763 -20.909 -13.028 9.157 -18.268 -11.272 6.838 -20.637 -11.44
4 16 5.926 -21.975 -13.093 7.763 -20.909 -13.028 6.838 -20.637 -11.44 5.361 -21.615 -11.762
3 16 7.763 -20.909 -13.028 5.926 -21.975 -13.093 6.329 -22.268 -13.907
3 16 7.763 -20.909 -13.028 6.329 -22.268 -13.907 8.346 -21.291 -14.195
3 16 8.346 -21.291 -14.195 10.348 -18.311 -12.969 7.763 -20.909 -13.028
3 16 8.346 -21.291 -14.195 6.329 -22.268 -13.907 6.573 -22.6 -14.85
3 16 8.346 -21.291 -14.195 6.573 -22.6 -14.85 8.84 -21.535 -15.517
3 16 8.84 -21.535 -15.517 6.573 -22.6 -14.85 6.292 -22.987 -15.955
3 16 8.84 -21.535 -15.517 6.292 -22.987 -15.955 8.575 -21.83 -16.97
3 16 7.512 -21.943 -18.291 8.575 -21.83 -16.97 6.292 -22.987 -15.955
3 16 7.512 -21.943 -18.291 6.292 -22.987 -15.955 5.557 -23.068 -17.211
3 16 9.136 -19.953 -19.545 8.575 -21.83 -16.97 7.512 -21.943 -18.291
3 16 9.136 -19.953 -19.545 10.598 -19.591 -18.55 8.575 -21.83 -16.97
3 16 10.598 -19.591 -18.55 8.84 -21.535 -15.517 8.575 -21.83 -16.97
3 16 9.216 -17.346 -20.758 10.598 -19.591 -18.55 9.136 -19.953 -19.545
3 16 9.216 -17.346 -20.758 11.038 -16.728 -19.778 10.598 -19.591 -18.55
3 16 10.598 -19.591 -18.55 11.581 -19.121 -16.724 8.84 -21.535 -15.517
3 16 11.038 -16.728 -19.778 11.581 -19.121 -16.724 10.598 -19.591 -18.55
3 16 8.84 -21.535 -15.517 11.441 -18.717 -14.856 8.346 -21.291 -14.195
3 16 8.84 -21.535 -15.517 11.581 -19.121 -16.724 11.441 -18.717 -14.856
3 16 11.038 -16.728 -19.778 12.793 -16.202 -17.92 11.581 -19.121 -16.724
3 16 11.581 -19.121 -16.724 13.14 -15.564 -15.51 11.441 -18.717 -14.856
3 16 11.581 -19.121 -16.724 12.793 -16.202 -17.92 13.14 -15.564 -15.51
3 16 8.346 -21.291 -14.195 11.441 -18.717 -14.856 10.348 -18.311 -12.969
3 16 11.441 -18.717 -14.856 12.109 -15.156 -13.149 10.348 -18.311 -12.969
3 16 11.441 -18.717 -14.856 13.14 -15.564 -15.51 12.109 -15.156 -13.149
4 16 5.557 -23.068 -17.211 6.292 -22.987 -15.955 4.044 -23.627 -15.397 3.581 -23.647 -16.618
3 16 4.044 -23.627 -15.397 0 -23.9 -15.036 3.581 -23.647 -16.618
3 16 0 -23.9 -15.036 0 -23.965 -16.127 3.581 -23.647 -16.618
3 16 4.044 -23.627 -15.397 3.496 -23.262 -13.817 0 -23.9 -15.036
3 16 3.496 -23.262 -13.817 4.044 -23.627 -15.397 6.573 -22.6 -14.85
3 16 3.496 -23.262 -13.817 6.573 -22.6 -14.85 6.329 -22.268 -13.907
3 16 6.329 -22.268 -13.907 5.926 -21.975 -13.093 3.496 -23.262 -13.817
3 16 3.33 -22.711 -12.325 3.496 -23.262 -13.817 5.926 -21.975 -13.093
3 16 3.496 -23.262 -13.817 3.33 -22.711 -12.325 0 -23.179 -12.538
3 16 0 -23.521 -13.718 3.496 -23.262 -13.817 0 -23.179 -12.538
3 16 3.496 -23.262 -13.817 0 -23.521 -13.718 0 -23.9 -15.036
3 16 5.361 -21.615 -11.762 3.33 -22.711 -12.325 5.926 -21.975 -13.093
3 16 4.044 -23.627 -15.397 6.292 -22.987 -15.955 6.573 -22.6 -14.85
3 16 3.327 -10.667 -22.498 5.99 -11.465 -21.917 4.481 -13.335 -22.618
3 16 2.438 -12.834 -23.008 3.327 -10.667 -22.498 4.481 -13.335 -22.618
3 16 4.243 -8.737 -21.478 8.053 -9.722 -20.402 5.99 -11.465 -21.917
3 16 3.327 -10.667 -22.498 4.243 -8.737 -21.478 5.99 -11.465 -21.917
3 16 8.053 -9.722 -20.402 8.276 -7.4 -18.293 9.854 -8.131 -17.489
3 16 5.318 -7.692 -20.425 8.053 -9.722 -20.402 4.243 -8.737 -21.478
3 16 8.053 -9.722 -20.402 6.836 -7.251 -19.205 8.276 -7.4 -18.293
3 16 5.318 -7.692 -20.425 6.836 -7.251 -19.205 8.053 -9.722 -20.402
4 16 9 0 0 9 -4.5 0 8.535 -4.5 -2.797 8.55 0 -2.75
4 16 8.55 0 -2.75 8.535 -4.5 -2.797 7.261 -4.5 -5.298 7.285 0 -5.262
4 16 7.285 0 -5.262 7.261 -4.5 -5.298 5.277 -4.5 -7.276 5.295 0 -7.263
4 16 5.295 0 -7.263 5.277 -4.5 -7.276 2.771 -4.5 -8.543 2.784 0 -8.539
4 16 0 0 -9 2.784 0 -8.539 2.771 -4.5 -8.543 0 -4.5 -9

0 // Edge_Colour
2 24 24.343 -15.791 8.994 21.149 -17.337 9.161
2 24 8.693 -9.76 -9.975 7.57 -8.962 -11.743
2 24 7.261 -4.5 -5.298 5.277 -4.5 -7.276
2 24 13.137 -18.151 -4.173 10.698 -15.711 -6.017
2 24 7.285 0 -5.262 8.55 0 -2.75
2 24 14.691 -9.178 7.689 11.81 -9.017 7.891
2 24 25.978 -15.338 7.371 23.391 -16.852 4.845
2 24 10.698 -15.711 -6.017 11.011 -14.356 -6.563
2 24 10.452 -18.852 8.43 10.959 -20.813 6.765
2 24 27.923 -9.234 7.372 28.127 -9.34 6.968
2 24 8.55 0 -2.75 9 0 0
2 24 10.1 -9.86 -12.294 11.073 -11.974 -11.749
2 24 10.993 -25.408 3.722 10.938 -26.319 1.978
2 24 10.993 -25.408 3.722 11.091 -23.136 5.311
2 24 9.894 -25.179 -4.224 8.855 -23.178 -6.522
2 24 9.894 -25.179 -4.224 10.57 -25.919 -2.433
2 24 14.426 -20.231 7.614 10.959 -20.813 6.765
2 24 25.97 -8.508 5.435 25.21 -9.158 4.514
2 24 21.39 -10.49 1.997 19.059 -10.322 0.073
2 24 7.57 -8.962 -11.743 7.119 -8.613 -12.891
2 24 5.277 -4.5 -7.276 2.771 -4.5 -8.543
2 24 12.695 -12.187 -16.246 11.331 -9.659 -16.971
2 24 3.327 -10.667 -22.498 2.438 -12.834 -23.008
2 24 3.327 -10.667 -22.498 4.243 -8.737 -21.478
2 24 9.771 -7.291 6.684 8.846 -5.908 4.698
2 24 10.938 -26.319 1.978 10.923 -26.427 -0.115
2 24 8.855 -23.178 -6.522 7.214 -20.854 -9.185
2 24 8.535 -4.5 -2.797 9 -4.5 0
2 24 24.671 -12.459 4.028 21.549 -13.656 1.18
2 24 11.073 -11.974 -11.749 10.876 -15.055 -11.372
2 24 11.331 -9.659 -16.971 9.854 -8.131 -17.489
2 24 27.636 -10.269 5.899 28.109 -9.397 6.692
2 24 18.958 -13.886 -1.818 14.691 -13.095 -5.114
2 24 20.721 -14.395 10.686 23.701 -13.056 10.348
2 24 10.9 -12.743 -7.382 9.932 -10.936 -8.601
2 24 27.524 -9.578 8.288 27.026 -10.205 8.953
2 24 23.747 -8.704 7.247 20.808 -8.893 7.516
2 24 10.2 -11.131 8.955 10.135 -14.51 9.78
2 24 5.295 0 -7.263 7.285 0 -5.262
2 24 8.276 -7.4 -18.293 6.836 -7.251 -19.205
2 24 7.214 -20.854 -9.185 6.543 -21.046 -9.745
2 24 23.391 -16.852 4.845 20.321 -18.684 1.867
2 24 9.932 -10.936 -8.601 8.693 -9.76 -9.975
2 24 10.135 -14.51 9.78 10.016 -16.561 9.47
2 24 25.675 -8.288 6.307 25.025 -8.458 6.861
2 24 17.16 -9.04 7.626 14.691 -9.178 7.689
2 24 10.57 -25.919 -2.433 10.923 -26.427 -0.115
2 24 6.543 -21.046 -9.745 5.344 -21.732 -10.532
2 24 10.016 -16.561 9.47 10.452 -18.852 8.43
2 24 23.283 -9.98 3.435 21.39 -10.49 1.997
2 24 21.549 -13.656 1.18 18.958 -13.886 -1.818
2 24 2.987 -7.77 -18.013 1.204 -8.75 -20.543
2 24 11.091 -23.136 5.311 10.959 -20.813 6.765
2 24 25.025 -8.458 6.861 23.747 -8.704 7.247
2 24 5.169 -7.788 -15.454 7.119 -8.613 -12.891
2 24 8.396 -8.668 -12.728 10.1 -9.86 -12.294
2 24 5.318 -7.692 -20.425 4.243 -8.737 -21.478
2 24 6.838 -20.637 -11.44 5.361 -21.615 -11.762
2 24 3.33 -22.711 -12.325 0 -23.179 -12.538
2 24 25.978 -15.338 7.371 26.166 -15.26 7.803
2 24 20.321 -18.684 1.867 17.161 -19.247 -1.208
2 24 25.966 -8.352 5.858 25.97 -8.508 5.435
2 24 25.675 -8.288 6.307 25.966 -8.352 5.858
2 24 26.114 -11.366 9.498 25.075 -12.306 9.911
2 24 17.215 -15.415 10.621 20.721 -14.395 10.686
2 24 0 -12.684 -23.263 0.395 -10.709 -22.52
2 24 1.204 -8.75 -20.543 0.395 -10.709 -22.52
2 24 13.14 -15.564 -15.51 12.695 -12.187 -16.246
2 24 5.361 -21.615 -11.762 3.33 -22.711 -12.325
2 24 5.344 -21.732 -10.532 3.238 -22.843 -11.49
2 24 11.011 -14.356 -6.563 10.9 -12.743 -7.382
2 24 14.426 -20.231 7.614 17.788 -19.101 8.49
2 24 28.127 -9.34 6.968 28.109 -9.397 6.692
2 24 25.075 -12.306 9.911 23.701 -13.056 10.348
2 24 8.549 -4.5 2.755 9 -4.5 0
2 24 5.295 0 -7.263 2.784 0 -8.539
2 24 0 0 -9 2.784 0 -8.539
2 24 21.149 -17.337 9.161 17.788 -19.101 8.49
2 24 17.161 -19.247 -1.208 13.137 -18.151 -4.173
2 24 27.636 -10.269 5.899 24.671 -12.459 4.028
2 24 3.238 -22.843 -11.49 1.2 -23.342 -11.735
2 24 26.114 -11.366 9.498 27.026 -10.205 8.953
2 24 8.535 -4.5 -2.797 7.261 -4.5 -5.298
2 24 14.691 -13.095 -5.114 10.9 -12.743 -7.382
2 24 25.21 -9.158 4.514 23.283 -9.98 3.435
2 24 2.771 -4.5 -8.543 0 -4.5 -9
2 24 20.808 -8.893 7.516 17.16 -9.04 7.626
2 24 8.396 -8.668 -12.728 7.119 -8.613 -12.891
2 24 17.215 -15.415 10.621 13.325 -16.061 10.143
2 24 27.524 -9.578 8.288 27.923 -9.234 7.372
2 24 10.2 -11.131 8.955 9.771 -7.291 6.684
2 24 9.854 -8.131 -17.489 8.276 -7.4 -18.293
2 24 10.876 -15.055 -11.372 9.157 -18.268 -11.272
2 24 9.157 -18.268 -11.272 6.838 -20.637 -11.44
2 24 26.166 -15.26 7.803 25.771 -15.273 8.345
2 24 1.2 -23.342 -11.735 0 -23.325 -11.747
2 24 25.771 -15.273 8.345 24.343 -15.791 8.994
2 24 13.325 -16.061 10.143 10.016 -16.561 9.47
2 24 5.169 -7.788 -15.454 2.987 -7.77 -18.013
2 24 8.846 -5.908 4.698 8.549 -4.5 2.755
2 24 6.836 -7.251 -19.205 5.318 -7.692 -20.425

5 24 21.15 -21.423 1.1 24.209 -19.3 4.856 24.319 -20.639 4.932 20.321 -18.684 1.867
5 24 25.231 -4.708 2.703 25.864 -5.019 3.205 25.905 -4.063 3.353 25.448 -7.393 3.886
5 24 3.496 -23.262 -13.817 0 -23.179 -12.538 3.33 -22.711 -12.325 0 -23.521 -13.718
5 24 20.452 -12.759 10.402 17.06 -13.383 10.394 17.265 -10.697 9.268 20.721 -14.395 10.686
5 24 23.956 -6.539 6.347 23.747 -8.704 7.247 25.025 -8.458 6.861 20.987 -6.751 6.484
5 24 25.653 -3.543 4.32 25.343 -4.057 5.172 25.297 -3.23 4.253 25.86 -4.376 4.825
5 24 24.319 -20.639 4.932 21.15 -21.423 1.1 21.289 -22.891 1.07 24.209 -19.3 4.856
5 24 23.944 -15.067 4.388 21.549 -13.656 1.18 24.671 -12.459 4.028 20.989 -16.482 1.421
5 24 0 -6.378 -11.392 2.062 -6.559 -11.188 1.485 -6.767 -14.195 0 -5.543 -9.62
5 24 10.402 -10.621 -9.678 11.258 -12.217 -10.329 10.193 -10.083 -11.201 11.283 -12.358 -8.638
5 24 13.316 -10.99 9.133 17.265 -10.697 9.268 14.691 -9.178 7.689 17.06 -13.383 10.394
5 24 25.86 -4.376 4.825 25.607 -6.802 5.624 25.932 -6.935 5.18 25.343 -4.057 5.172
5 24 25.97 -8.508 5.435 25.98 -7.163 4.727 25.932 -6.935 5.18 25.448 -7.393 3.886
5 24 27.7 -10.956 8.3 28.333 -10.022 7.272 28.077 -9.799 7.825 27.972 -11.323 7.574
5 24 17.74 -10.861 -1.67 18.463 -8.638 -0.183 19.059 -10.322 0.073 13.049 -7.829 -3.093
5 24 4.044 -23.627 -15.397 0 -23.9 -15.036 3.581 -23.647 -16.618 3.496 -23.262 -13.817
5 24 25.517 -3.404 3.513 25.167 -3.248 3.358 25.582 -3.673 3.218 25.469 -3.327 3.83
5 24 3.496 -23.262 -13.817 0 -23.9 -15.036 0 -23.521 -13.718 4.044 -23.627 -15.397
5 24 10.876 -15.055 -11.372 12.109 -15.156 -13.149 11.073 -11.974 -11.749 10.348 -18.311 -12.969
5 24 17.324 -24.879 -2.016 21.228 -24.14 1.615 15.797 -25.684 0.149 21.289 -22.891 1.07
5 24 25.675 -8.288 6.307 26.539 -8.508 6.86 26.68 -8.619 6.357 25.025 -8.458 6.861
5 24 25.97 -8.508 5.435 25.448 -7.393 3.886 25.98 -7.163 4.727 25.21 -9.158 4.514
5 24 25.297 -3.23 4.253 25.343 -4.057 5.172 24.908 -3.881 5.344 25.653 -3.543 4.32
5 24 10.723 -17.096 -6.841 11.357 -14.679 -7.801 10.698 -15.711 -6.017 10.889 -15.099 -9.759
5 24 26.185 -4.485 4.292 25.932 -6.935 5.18 26.236 -4.673 3.874 25.86 -4.376 4.825
5 24 26.68 -8.619 6.357 25.675 -8.288 6.307 25.966 -8.352 5.858 26.539 -8.508 6.86
5 24 10.135 -14.51 9.78 13.262 -13.878 10.187 10.2 -11.131 8.955 13.325 -16.061 10.143
5 24 27.775 -9.06 6.583 28.127 -9.34 6.968 27.681 -8.964 6.85 28.109 -9.397 6.692
5 24 5.352 -5.868 -8.05 5.512 -7 -8.94 8.227 -7.087 -6.373 2.483 -5.668 -9.367
5 24 1.323 -10.439 -22.617 0.395 -10.709 -22.52 0.674 -12.725 -23.222 1.204 -8.75 -20.543
5 24 24.089 -3.072 4.733 24.511 -3.626 5.309 25.297 -3.23 4.253 20.987 -4.734 5.316
5 24 25.927 -19.591 7.035 25.795 -19.544 8.021 23.392 -21.953 6.914 26.65 -17.994 7.344
5 24 26.667 -17.94 8.171 26.365 -16.454 8.603 26.927 -16.454 7.986 26.067 -17.777 8.758
5 24 9.137 -19.135 -8.572 10.301 -22.193 -6.553 7.214 -20.854 -9.185 9.907 -18.436 -7.881
5 24 23.392 -21.953 6.914 19.421 -24.507 4.506 19.839 -24.519 3.585 19.343 -24.345 5.415
5 24 28.109 -9.397 6.692 27.775 -9.06 6.583 28.127 -9.34 6.968 27.636 -10.269 5.899
5 24 4.044 -23.627 -15.397 3.496 -23.262 -13.817 0 -23.9 -15.036 6.573 -22.6 -14.85
5 24 25.978 -15.338 7.371 26.165 -14.465 7.251 26.166 -15.26 7.803 23.944 -15.067 4.388
5 24 26.617 -12.787 8.522 26.181 -14.394 7.806 25.635 -14.329 8.45 26.928 -13.135 7.774
5 24 25.12 -9.805 8.756 26.114 -11.366 9.498 27.026 -10.205 8.953 25.075 -12.306 9.911
5 24 11.187 -9.54 -14.127 10.1 -9.86 -12.294 12.17 -11.922 -13.736 8.396 -8.668 -12.728
5 24 12.781 -5.793 -0.658 8.535 -4.5 -2.797 9 -4.5 0 7.989 -5.721 -5.577
5 24 1.323 -10.439 -22.617 1.204 -8.75 -20.543 2.363 -8.388 -21.24 0.395 -10.709 -22.52
5 24 0.395 -10.709 -22.52 0 -10.707 -22.507 0 -12.684 -23.263 0 -9.02 -20.534
5 24 8.396 -8.668 -12.728 11.187 -9.54 -14.127 9.69 -7.894 -14.855 10.1 -9.86 -12.294
5 24 13.537 -9.941 -4.622 10.9 -12.743 -7.382 9.932 -10.936 -8.601 14.691 -13.095 -5.114
5 24 27.524 -9.578 8.288 27.58 -8.969 7.275 26.028 -8.818 7.706 27.923 -9.234 7.372
5 24 25.231 -4.708 2.703 21.908 -5.604 1.998 24.587 -4.049 2.616 22.705 -6.997 1.863
5 24 24.089 -3.072 4.733 25.005 -3.053 4.196 24.005 -2.988 3.828 25.297 -3.23 4.253
5 24 7.915 -7.146 -16.022 5.763 -6.955 -17.471 5.169 -7.788 -15.454 8.276 -7.4 -18.293
5 24 6.192 -7.986 -9.852 5.512 -7 -8.94 8.348 -8.639 -7.931 4.798 -7.588 -12.204
5 24 2.363 -8.388 -21.24 4.243 -8.737 -21.478 3.327 -10.667 -22.498 3.949 -7.19 -19.199
5 24 25.469 -3.327 3.83 25.713 -3.509 3.967 25.517 -3.404 3.513 25.653 -3.543 4.32
5 24 6.192 -7.986 -9.852 8.693 -9.76 -9.975 8.348 -8.639 -7.931 7.57 -8.962 -11.743
5 24 25.635 -14.329 8.45 24.017 -14.582 9.438 24.343 -15.791 8.994 25.075 -12.306 9.911
5 24 8.396 -8.668 -12.728 9.69 -7.894 -14.855 7.119 -8.613 -12.891 11.187 -9.54 -14.127
5 24 10.348 -18.311 -12.969 11.441 -18.717 -14.856 8.346 -21.291 -14.195 12.109 -15.156 -13.149
5 24 13.325 -16.061 10.143 13.262 -13.878 10.187 10.135 -14.51 9.78 17.215 -15.415 10.621
5 24 25.297 -3.23 4.253 25.653 -3.543 4.32 25.469 -3.327 3.83 25.343 -4.057 5.172
5 24 6.573 -22.6 -14.85 6.292 -22.987 -15.955 8.84 -21.535 -15.517 4.044 -23.627 -15.397
5 24 24.145 -3.371 3.069 21.325 -4.847 2.785 21.908 -5.604 1.998 21.078 -4.474 3.916
5 24 26.165 -14.465 7.251 27.018 -13.008 6.996 26.928 -13.135 7.774 24.671 -12.459 4.028
5 24 5.169 -7.788 -15.454 3.348 -7.156 -14.566 4.798 -7.588 -12.204 2.987 -7.77 -18.013
5 24 25.635 -14.329 8.45 24.343 -15.791 8.994 25.771 -15.273 8.345 24.017 -14.582 9.438
5 24 8.535 -4.5 -2.797 8.55 0 -2.75 9 -4.5 0 7.285 0 -5.262
5 24 25.635 -14.329 8.45 25.771 -15.273 8.345 26.181 -14.394 7.806 24.343 -15.791 8.994
5 24 26.181 -14.394 7.806 26.166 -15.26 7.803 25.771 -15.273 8.345 26.165 -14.465 7.251
5 24 21.15 -21.423 1.1 20.321 -18.684 1.867 24.209 -19.3 4.856 17.161 -19.247 -1.208
5 24 25.82 -9.712 5.024 23.745 -10.827 3.836 24.671 -12.459 4.028 25.21 -9.158 4.514
5 24 24.934 -6.782 6.106 23.956 -6.539 6.347 25.025 -8.458 6.861 24.908 -3.881 5.344
5 24 14.691 -9.178 7.689 17.229 -7.477 6.516 13.061 -7.588 6.605 17.16 -9.04 7.626
5 24 5.512 -7 -8.94 4.798 -7.588 -12.204 6.192 -7.986 -9.852 2.062 -6.559 -11.188
5 24 10.723 -17.096 -6.841 10.698 -15.711 -6.017 11.357 -14.679 -7.801 13.137 -18.151 -4.173
5 24 3.238 -22.843 -11.49 3.33 -22.711 -12.325 5.361 -21.615 -11.762 1.2 -23.342 -11.735
5 24 26.539 -8.508 6.86 27.58 -8.969 7.275 26.028 -8.818 7.706 27.681 -8.964 6.85
5 24 24.089 -3.072 4.733 24.005 -2.988 3.828 25.005 -3.053 4.196 21.078 -4.474 3.916
5 24 3.496 -23.262 -13.817 6.573 -22.6 -14.85 4.044 -23.627 -15.397 6.329 -22.268 -13.907
5 24 8.053 -9.722 -20.402 8.276 -7.4 -18.293 9.854 -8.131 -17.489 6.836 -7.251 -19.205
5 24 13.316 -10.99 9.133 13.262 -13.878 10.187 17.06 -13.383 10.394 10.2 -11.131 8.955
5 24 9.554 -9.731 -10.481 8.693 -9.76 -9.975 10.402 -10.621 -9.678 8.805 -9.084 -11.719
5 24 11.357 -14.679 -7.801 10.889 -15.099 -9.759 11.283 -12.358 -8.638 10.723 -17.096 -6.841
5 24 12.109 -15.156 -13.149 13.14 -15.564 -15.51 11.441 -18.717 -14.856 12.17 -11.922 -13.736
5 24 22.642 -8.679 2.442 18.463 -8.638 -0.183 22.705 -6.997 1.863 19.059 -10.322 0.073
5 24 17.367 -17.087 9.416 21.149 -17.337 9.161 20.723 -16.027 9.703 17.788 -19.101 8.49
5 24 17.188 -5.701 3.627 12.637 -5.994 4.836 17.096 -5.861 5.047 12.282 -5.496 2.968
5 24 5.318 -7.692 -20.425 8.053 -9.722 -20.402 4.243 -8.737 -21.478 6.836 -7.251 -19.205
5 24 27.775 -9.06 6.583 26.751 -8.867 5.998 26.68 -8.619 6.357 27.636 -10.269 5.899
5 24 5.344 -21.732 -10.532 6.838 -20.637 -11.44 6.543 -21.046 -9.745 5.361 -21.615 -11.762
5 24 10.348 -18.311 -12.969 12.109 -15.156 -13.149 11.441 -18.717 -14.856 10.876 -15.055 -11.372
5 24 23.944 -15.067 4.388 24.671 -12.459 4.028 26.165 -14.465 7.251 21.549 -13.656 1.18
5 24 11.806 -24.165 -4.988 13.371 -24.641 -4.157 12.214 -21.512 -5.771 10.57 -25.919 -2.433
5 24 13.371 -24.641 -4.157 10.57 -25.919 -2.433 11.806 -24.165 -4.988 15.797 -25.684 0.149
5 24 17.367 -17.087 9.416 17.788 -19.101 8.49 13.774 -18.109 8.928 21.149 -17.337 9.161
5 24 23.392 -21.953 6.914 19.839 -24.519 3.585 19.421 -24.507 4.506 24.128 -21.846 5.229
5 24 24.908 -3.881 5.344 23.956 -6.539 6.347 24.511 -3.626 5.309 24.934 -6.782 6.106
5 24 9.932 -10.936 -8.601 11.283 -12.358 -8.638 10.9 -12.743 -7.382 10.402 -10.621 -9.678
5 24 26.751 -8.867 5.998 25.82 -9.712 5.024 25.97 -8.508 5.435 27.636 -10.269 5.899
5 24 23.392 -21.953 6.914 22.694 -21.38 8.415 19.031 -23.655 7.027 25.795 -19.544 8.021
5 24 26.067 -17.777 8.758 25.28 -18.905 8.864 24.753 -17.357 9.067 26.667 -17.94 8.171
5 24 25.82 -9.712 5.024 25.97 -8.508 5.435 26.751 -8.867 5.998 25.21 -9.158 4.514
5 24 23.283 -9.98 3.435 22.642 -8.679 2.442 25.21 -9.158 4.514 21.39 -10.49 1.997
5 24 25.469 -3.327 3.83 25.653 -3.543 4.32 25.297 -3.23 4.253 25.713 -3.509 3.967
5 24 26.68 -8.619 6.357 26.751 -8.867 5.998 27.775 -9.06 6.583 25.966 -8.352 5.858
5 24 27.58 -8.969 7.275 27.681 -8.964 6.85 27.923 -9.234 7.372 26.539 -8.508 6.86
5 24 21.325 -4.847 2.785 21.078 -4.474 3.916 24.145 -3.371 3.069 17.665 -5.898 2.304
5 24 9.157 -18.268 -11.272 7.763 -20.909 -13.028 10.348 -18.311 -12.969 6.838 -20.637 -11.44
5 24 24.587 -4.049 2.616 24.145 -3.371 3.069 21.908 -5.604 1.998 25.197 -3.563 2.998
5 24 11.038 -16.728 -19.778 11.581 -19.121 -16.724 12.793 -16.202 -17.92 10.598 -19.591 -18.55
5 24 2.771 -4.5 -8.543 2.483 -5.668 -9.367 5.352 -5.868 -8.05 0 -4.5 -9
5 24 17.705 -21.638 -2.338 13.341 -20.13 -5.075 17.161 -19.247 -1.208 17.666 -23.362 -2.396
5 24 14.111 -15.89 -4.59 13.137 -18.151 -4.173 17.966 -16.657 -1.638 10.698 -15.711 -6.017
5 24 17.265 -10.697 9.268 20.452 -12.759 10.402 21.081 -10.343 9.094 17.06 -13.383 10.394
5 24 2.062 -6.559 -11.188 5.512 -7 -8.94 2.483 -5.668 -9.367 4.798 -7.588 -12.204
5 24 13.341 -20.13 -5.075 9.907 -18.436 -7.881 10.723 -17.096 -6.841 12.214 -21.512 -5.771
5 24 8.855 -23.178 -6.522 11.806 -24.165 -4.988 9.894 -25.179 -4.224 10.301 -22.193 -6.553
5 24 17.324 -24.879 -2.016 15.797 -25.684 0.149 21.228 -24.14 1.615 13.371 -24.641 -4.157
5 24 17.265 -10.697 9.268 21.081 -10.343 9.094 20.452 -12.759 10.402 20.808 -8.893 7.516
5 24 24.209 -19.3 4.856 24.319 -20.639 4.932 26.65 -17.994 7.344 21.15 -21.423 1.1
5 24 8.575 -21.83 -16.97 9.136 -19.953 -19.545 7.512 -21.943 -18.291 10.598 -19.591 -18.55
5 24 10.889 -15.099 -9.759 11.258 -12.217 -10.329 10.876 -15.055 -11.372 11.283 -12.358 -8.638
5 24 17.665 -5.898 2.304 21.078 -4.474 3.916 21.325 -4.847 2.785 17.188 -5.701 3.627
5 24 11.283 -12.358 -8.638 10.402 -10.621 -9.678 11.258 -12.217 -10.329 9.932 -10.936 -8.601
5 24 18.139 -21.313 7.906 19.031 -23.655 7.027 14.613 -22.377 6.554 22.694 -21.38 8.415
5 24 21.228 -24.14 1.615 24.128 -21.846 5.229 19.839 -24.519 3.585 21.289 -22.891 1.07
5 24 24.983 -3.061 3.683 25.005 -3.053 4.196 25.469 -3.327 3.83 24.005 -2.988 3.828
5 24 22.705 -6.997 1.863 18.128 -6.636 0.948 21.908 -5.604 1.998 18.463 -8.638 -0.183
5 24 6.329 -22.268 -13.907 7.763 -20.909 -13.028 5.926 -21.975 -13.093 8.346 -21.291 -14.195
5 24 24.908 -3.881 5.344 24.511 -3.626 5.309 25.297 -3.23 4.253 23.956 -6.539 6.347
5 24 8.84 -21.535 -15.517 6.292 -22.987 -15.955 6.573 -22.6 -14.85 8.575 -21.83 -16.97
5 24 6.836 -7.251 -19.205 3.949 -7.19 -19.199 5.763 -6.955 -17.471 5.318 -7.692 -20.425
5 24 2.483 -5.668 -9.367 0 -4.5 -9 2.771 -4.5 -8.543 0 -5.543 -9.62
5 24 18.958 -13.886 -1.818 17.74 -10.861 -1.67 21.25 -11.413 1.894 14.691 -13.095 -5.114
5 24 17.06 -13.383 10.394 20.721 -14.395 10.686 20.452 -12.759 10.402 17.215 -15.415 10.621
5 24 26.65 -17.994 7.344 26.714 -16.59 7.376 24.209 -19.3 4.856 26.667 -17.94 8.171
5 24 17.161 -19.247 -1.208 17.966 -16.657 -1.638 20.321 -18.684 1.867 13.137 -18.151 -4.173
5 24 12.781 -5.793 -0.658 9 -4.5 0 8.535 -4.5 -2.797 12.432 -5.552 1.044
5 24 18.958 -13.886 -1.818 17.966 -16.657 -1.638 20.989 -16.482 1.421 14.111 -15.89 -4.59
5 24 7.763 -20.909 -13.028 6.838 -20.637 -11.44 9.157 -18.268 -11.272 5.926 -21.975 -13.093
5 24 11.806 -24.165 -4.988 9.894 -25.179 -4.224 8.855 -23.178 -6.522 10.57 -25.919 -2.433
5 24 25.025 -8.458 6.861 25.12 -9.805 8.756 23.747 -8.704 7.247 26.028 -8.818 7.706
5 24 8.053 -9.722 -20.402 6.836 -7.251 -19.205 8.276 -7.4 -18.293 5.318 -7.692 -20.425
5 24 28.086 -11.069 6.837 28.314 -10.176 6.839 28.333 -10.022 7.272 27.636 -10.269 5.899
5 24 25.771 -15.273 8.345 26.181 -14.394 7.806 25.635 -14.329 8.45 26.166 -15.26 7.803
5 24 26.028 -8.818 7.706 27.58 -8.969 7.275 26.539 -8.508 6.86 27.524 -9.578 8.288
5 24 3.949 -7.19 -19.199 2.363 -8.388 -21.24 2.987 -7.77 -18.013 4.243 -8.737 -21.478
5 24 20.723 -16.027 9.703 24.343 -15.791 8.994 24.017 -14.582 9.438 21.149 -17.337 9.161
5 24 0 -9.02 -20.534 0.84 -7.38 -17.174 1.642 -7.461 -17.404 0 -7.395 -17.302
5 24 24.005 -2.988 3.828 24.145 -3.371 3.069 24.983 -3.061 3.683 21.078 -4.474 3.916
5 24 9.157 -18.268 -11.272 10.348 -18.311 -12.969 10.876 -15.055 -11.372 7.763 -20.909 -13.028
5 24 26.166 -15.26 7.803 26.714 -16.59 7.376 26.927 -16.454 7.986 25.978 -15.338 7.371
5 24 9.907 -18.436 -7.881 9.005 -18.194 -9.702 9.137 -19.135 -8.572 10.889 -15.099 -9.759
5 24 24.671 -12.459 4.028 25.82 -9.712 5.024 27.636 -10.269 5.899 23.745 -10.827 3.836
5 24 26.65 -17.994 7.344 24.209 -19.3 4.856 26.714 -16.59 7.376 24.319 -20.639 4.932
5 24 21.149 -17.337 9.161 24.753 -17.357 9.067 24.343 -15.791 8.994 21.936 -19.395 8.985
5 24 21.39 -10.49 1.997 22.642 -8.679 2.442 23.283 -9.98 3.435 19.059 -10.322 0.073
5 24 6.543 -21.046 -9.745 6.838 -20.637 -11.44 5.344 -21.732 -10.532 9.005 -18.194 -9.702
5 24 25.932 -6.935 5.18 25.607 -6.802 5.624 25.966 -8.352 5.858 25.86 -4.376 4.825
5 24 25.582 -3.673 3.218 25.197 -3.563 2.998 25.231 -4.708 2.703 25.167 -3.248 3.358
5 24 17.096 -5.861 5.047 17.188 -5.701 3.627 20.987 -4.734 5.316 12.637 -5.994 4.836
5 24 7.915 -7.146 -16.022 7.119 -8.613 -12.891 5.169 -7.788 -15.454 9.69 -7.894 -14.855
5 24 12.637 -5.994 4.836 17.096 -5.861 5.047 13.061 -7.588 6.605 17.188 -5.701 3.627
5 24 10.598 -19.591 -18.55 8.84 -21.535 -15.517 8.575 -21.83 -16.97 11.581 -19.121 -16.724
5 24 2.062 -6.559 -11.188 0 -5.543 -9.62 2.483 -5.668 -9.367 0 -6.378 -11.392
5 24 8.693 -9.76 -9.975 8.348 -8.639 -7.931 9.932 -10.936 -8.601 6.192 -7.986 -9.852
5 24 25.197 -3.563 2.998 24.587 -4.049 2.616 24.145 -3.371 3.069 25.231 -4.708 2.703
5 24 22.642 -8.679 2.442 25.21 -9.158 4.514 25.448 -7.393 3.886 23.283 -9.98 3.435
5 24 4.481 -13.335 -22.618 3.327 -10.667 -22.498 5.99 -11.465 -21.917 2.438 -12.834 -23.008
5 24 24.343 -15.791 8.994 24.017 -14.582 9.438 25.635 -14.329 8.45 20.723 -16.027 9.703
5 24 24.319 -20.639 4.932 24.128 -21.846 5.229 21.289 -22.891 1.07 25.927 -19.591 7.035
5 24 12.17 -11.922 -13.736 11.187 -9.54 -14.127 12.695 -12.187 -16.246 10.1 -9.86 -12.294
5 24 9.136 -19.953 -19.545 10.598 -19.591 -18.55 8.575 -21.83 -16.97 9.216 -17.346 -20.758
5 24 11.258 -12.217 -10.329 11.073 -11.974 -11.749 10.193 -10.083 -11.201 10.876 -15.055 -11.372
5 24 10.938 -26.319 1.978 14.944 -25.683 3.136 10.993 -25.408 3.722 15.113 -25.82 1.657
5 24 10.402 -10.621 -9.678 10.193 -10.083 -11.201 9.554 -9.731 -10.481 11.258 -12.217 -10.329
5 24 20.723 -16.027 9.703 17.367 -17.087 9.416 21.149 -17.337 9.161 17.215 -15.415 10.621
5 24 2.987 -7.77 -18.013 5.763 -6.955 -17.471 3.949 -7.19 -19.199 5.169 -7.788 -15.454
5 24 22.694 -21.38 8.415 19.031 -23.655 7.027 18.139 -21.313 7.906 23.392 -21.953 6.914
5 24 19.839 -24.519 3.585 19.421 -24.507 4.506 15.113 -25.82 1.657 23.392 -21.953 6.914
5 24 20.987 -6.751 6.484 23.747 -8.704 7.247 23.956 -6.539 6.347 20.808 -8.893 7.516
5 24 21.289 -22.891 1.07 17.705 -21.638 -2.338 21.15 -21.423 1.1 17.666 -23.362 -2.396
5 24 10.889 -15.099 -9.759 10.876 -15.055 -11.372 11.258 -12.217 -10.329 9.157 -18.268 -11.272
5 24 9.005 -18.194 -9.702 6.543 -21.046 -9.745 6.838 -20.637 -11.44 7.214 -20.854 -9.185
5 24 26.165 -14.465 7.251 26.166 -15.26 7.803 25.978 -15.338 7.371 26.181 -14.394 7.806
5 24 26.617 -12.787 8.522 26.114 -11.366 9.498 27.7 -10.956 8.3 25.075 -12.306 9.911
5 24 25.28 -18.905 8.864 26.667 -17.94 8.171 26.067 -17.777 8.758 25.795 -19.544 8.021
5 24 23.944 -15.067 4.388 26.165 -14.465 7.251 24.671 -12.459 4.028 25.978 -15.338 7.371
5 24 13.262 -13.878 10.187 17.06 -13.383 10.394 13.316 -10.99 9.133 17.215 -15.415 10.621
5 24 0 -23.521 -13.718 3.496 -23.262 -13.817 0 -23.179 -12.538 0 -23.9 -15.036
5 24 28.086 -11.069 6.837 28.333 -10.022 7.272 27.972 -11.323 7.574 28.314 -10.176 6.839
5 24 11.283 -12.358 -8.638 11.258 -12.217 -10.329 10.402 -10.621 -9.678 10.889 -15.099 -9.759
5 24 13.325 -16.061 10.143 10.135 -14.51 9.78 13.262 -13.878 10.187 10.016 -16.561 9.47
5 24 25.932 -6.935 5.18 25.966 -8.352 5.858 25.607 -6.802 5.624 25.97 -8.508 5.435
5 24 25.197 -3.563 2.998 25.167 -3.248 3.358 25.582 -3.673 3.218 24.145 -3.371 3.069
5 24 18.139 -21.313 7.906 22.694 -21.38 8.415 19.031 -23.655 7.027 21.936 -19.395 8.985
5 24 12.432 -5.552 1.044 12.781 -5.793 -0.658 17.665 -5.898 2.304 9 -4.5 0
5 24 25.12 -9.805 8.756 23.701 -13.056 10.348 25.075 -12.306 9.911 21.081 -10.343 9.094
5 24 18.128 -6.636 0.948 17.665 -5.898 2.304 21.325 -4.847 2.785 12.781 -5.793 -0.658
5 24 26.927 -16.454 7.986 26.166 -15.26 7.803 26.365 -16.454 8.603 26.714 -16.59 7.376
5 24 25.635 -14.329 8.45 26.617 -12.787 8.522 25.075 -12.306 9.911 26.181 -14.394 7.806
5 24 9.932 -10.936 -8.601 8.348 -8.639 -7.931 8.693 -9.76 -9.975 13.537 -9.941 -4.622
5 24 1.485 -6.767 -14.195 0 -6.661 -14.206 0 -6.378 -11.392 0.84 -7.38 -17.174
5 24 0 -23.9 -15.036 3.581 -23.647 -16.618 4.044 -23.627 -15.397 0 -23.965 -16.127
5 24 4.044 -23.627 -15.397 6.573 -22.6 -14.85 6.292 -22.987 -15.955 3.496 -23.262 -13.817
5 24 14.426 -20.231 7.614 13.774 -18.109 8.928 10.452 -18.852 8.43 17.788 -19.101 8.49
5 24 21.078 -4.474 3.916 24.005 -2.988 3.828 24.145 -3.371 3.069 24.089 -3.072 4.733
5 24 26.539 -8.508 6.86 25.025 -8.458 6.861 25.675 -8.288 6.307 26.028 -8.818 7.706
5 24 25.607 -6.802 5.624 25.675 -8.288 6.307 25.966 -8.352 5.858 24.934 -6.782 6.106
5 24 2.363 -8.388 -21.24 3.327 -10.667 -22.498 1.323 -10.439 -22.617 4.243 -8.737 -21.478
5 24 5.169 -7.788 -15.454 4.798 -7.588 -12.204 7.119 -8.613 -12.891 3.348 -7.156 -14.566
5 24 2.363 -8.388 -21.24 2.987 -7.77 -18.013 3.949 -7.19 -19.199 1.204 -8.75 -20.543
5 24 3.348 -7.156 -14.566 2.062 -6.559 -11.188 4.798 -7.588 -12.204 1.485 -6.767 -14.195
5 24 26.714 -16.59 7.376 25.978 -15.338 7.371 23.391 -16.852 4.845 26.166 -15.26 7.803
5 24 2.438 -12.834 -23.008 1.323 -10.439 -22.617 3.327 -10.667 -22.498 0.674 -12.725 -23.222
5 24 25.905 -4.063 3.353 25.231 -4.708 2.703 25.582 -3.673 3.218 25.864 -5.019 3.205
5 24 8.348 -8.639 -7.931 8.227 -7.087 -6.373 5.512 -7 -8.94 13.537 -9.941 -4.622
5 24 24.983 -3.061 3.683 25.469 -3.327 3.83 25.167 -3.248 3.358 25.005 -3.053 4.196
5 24 17.229 -7.477 6.516 17.16 -9.04 7.626 14.691 -9.178 7.689 20.808 -8.893 7.516
5 24 25.978 -15.338 7.371 23.944 -15.067 4.388 26.165 -14.465 7.251 23.391 -16.852 4.845
5 24 25.795 -19.544 8.021 25.28 -18.905 8.864 22.694 -21.38 8.415 26.667 -17.94 8.171
5 24 19.343 -24.345 5.415 19.421 -24.507 4.506 23.392 -21.953 6.914 14.944 -25.683 3.136
5 24 26.028 -8.818 7.706 25.12 -9.805 8.756 27.026 -10.205 8.953 25.025 -8.458 6.861
5 24 3.348 -7.156 -14.566 1.485 -6.767 -14.195 2.062 -6.559 -11.188 1.642 -7.461 -17.404
5 24 8.396 -8.668 -12.728 7.57 -8.962 -11.743 7.119 -8.613 -12.891 8.805 -9.084 -11.719
5 24 18.463 -8.638 -0.183 19.059 -10.322 0.073 17.74 -10.861 -1.67 22.642 -8.679 2.442
5 24 24.319 -20.639 4.932 26.65 -17.994 7.344 24.209 -19.3 4.856 25.927 -19.591 7.035
5 24 25.864 -5.019 3.205 25.905 -4.063 3.353 26.236 -4.673 3.874 25.231 -4.708 2.703
5 24 13.137 -18.151 -4.173 17.966 -16.657 -1.638 17.161 -19.247 -1.208 14.111 -15.89 -4.59
5 24 25.98 -7.163 4.727 25.932 -6.935 5.18 25.97 -8.508 5.435 26.236 -4.673 3.874
5 24 3.949 -7.19 -19.199 5.318 -7.692 -20.425 6.836 -7.251 -19.205 4.243 -8.737 -21.478
5 24 0.84 -7.38 -17.174 0 -7.395 -17.302 0 -6.661 -14.206 0 -9.02 -20.534
5 24 9.005 -18.194 -9.702 9.157 -18.268 -11.272 10.889 -15.099 -9.759 6.838 -20.637 -11.44
5 24 26.165 -14.465 7.251 26.181 -14.394 7.806 26.928 -13.135 7.774 26.166 -15.26 7.803
5 24 27.923 -9.234 7.372 28.077 -9.799 7.825 28.333 -10.022 7.272 27.524 -9.578 8.288
5 24 24.017 -14.582 9.438 25.075 -12.306 9.911 25.635 -14.329 8.45 23.701 -13.056 10.348
5 24 24.145 -3.371 3.069 21.078 -4.474 3.916 24.005 -2.988 3.828 21.325 -4.847 2.785
5 24 21.936 -19.395 8.985 18.139 -21.313 7.906 17.788 -19.101 8.49 22.694 -21.38 8.415
5 24 17.367 -17.087 9.416 17.215 -15.415 10.621 20.723 -16.027 9.703 13.325 -16.061 10.143
5 24 21.228 -24.14 1.615 21.289 -22.891 1.07 24.128 -21.846 5.229 17.324 -24.879 -2.016
5 24 17.06 -13.383 10.394 13.316 -10.99 9.133 17.265 -10.697 9.268 13.262 -13.878 10.187
5 24 18.128 -6.636 0.948 21.325 -4.847 2.785 21.908 -5.604 1.998 17.665 -5.898 2.304
5 24 25.343 -4.057 5.172 24.908 -3.881 5.344 25.297 -3.23 4.253 24.934 -6.782 6.106
5 24 28.333 -10.022 7.272 28.127 -9.34 6.968 27.923 -9.234 7.372 28.314 -10.176 6.839
5 24 20.721 -14.395 10.686 20.452 -12.759 10.402 23.701 -13.056 10.348 17.06 -13.383 10.394
5 24 10.193 -10.083 -11.201 8.805 -9.084 -11.719 10.1 -9.86 -12.294 9.554 -9.731 -10.481
5 24 14.111 -15.89 -4.59 14.691 -13.095 -5.114 18.958 -13.886 -1.818 11.011 -14.356 -6.563
5 24 12.214 -21.512 -5.771 17.666 -23.362 -2.396 13.341 -20.13 -5.075 13.371 -24.641 -4.157
5 24 26.927 -16.454 7.986 26.365 -16.454 8.603 26.667 -17.94 8.171 26.166 -15.26 7.803
5 24 21.149 -17.337 9.161 21.936 -19.395 8.985 24.753 -17.357 9.067 17.788 -19.101 8.49
5 24 24.671 -12.459 4.028 21.25 -11.413 1.894 23.745 -10.827 3.836 21.549 -13.656 1.18
5 24 13.371 -24.641 -4.157 12.214 -21.512 -5.771 17.666 -23.362 -2.396 11.806 -24.165 -4.988
5 24 23.391 -16.852 4.845 23.944 -15.067 4.388 20.989 -16.482 1.421 25.978 -15.338 7.371
5 24 26.65 -17.994 7.344 26.667 -17.94 8.171 25.795 -19.544 8.021 26.714 -16.59 7.376
5 24 20.989 -16.482 1.421 21.549 -13.656 1.18 18.958 -13.886 -1.818 23.944 -15.067 4.388
5 24 2.483 -5.668 -9.367 0 -5.543 -9.62 0 -4.5 -9 2.062 -6.559 -11.188
5 24 20.987 -6.751 6.484 20.808 -8.893 7.516 23.747 -8.704 7.247 17.229 -7.477 6.516
5 24 5.926 -21.975 -13.093 6.329 -22.268 -13.907 3.496 -23.262 -13.817 7.763 -20.909 -13.028
5 24 10.301 -22.193 -6.553 12.214 -21.512 -5.771 9.907 -18.436 -7.881 11.806 -24.165 -4.988
5 24 21.908 -5.604 1.998 24.587 -4.049 2.616 24.145 -3.371 3.069 25.231 -4.708 2.703
5 24 23.745 -10.827 3.836 24.671 -12.459 4.028 25.82 -9.712 5.024 21.25 -11.413 1.894
5 24 27.923 -9.234 7.372 27.681 -8.964 6.85 27.58 -8.969 7.275 28.127 -9.34 6.968
5 24 21.289 -22.891 1.07 24.319 -20.639 4.932 24.128 -21.846 5.229 21.15 -21.423 1.1
5 24 14.832 -24.923 4.892 14.613 -22.377 6.554 11.091 -23.136 5.311 19.031 -23.655 7.027
5 24 27.7 -10.956 8.3 27.026 -10.205 8.953 26.114 -11.366 9.498 27.524 -9.578 8.288
5 24 15.113 -25.82 1.657 19.839 -24.519 3.585 19.421 -24.507 4.506 15.797 -25.684 0.149
5 24 4.243 -8.737 -21.478 3.949 -7.19 -19.199 5.318 -7.692 -20.425 2.363 -8.388 -21.24
5 24 6.192 -7.986 -9.852 8.348 -8.639 -7.931 5.512 -7 -8.94 8.693 -9.76 -9.975
5 24 13.371 -24.641 -4.157 17.324 -24.879 -2.016 17.666 -23.362 -2.396 15.797 -25.684 0.149
5 24 21.228 -24.14 1.615 15.797 -25.684 0.149 19.839 -24.519 3.585 17.324 -24.879 -2.016
5 24 9.137 -19.135 -8.572 9.005 -18.194 -9.702 7.214 -20.854 -9.185 9.907 -18.436 -7.881
5 24 8.227 -7.087 -6.373 5.352 -5.868 -8.05 5.512 -7 -8.94 7.989 -5.721 -5.577
5 24 13.316 -10.99 9.133 10.2 -11.131 8.955 11.81 -9.017 7.891 13.262 -13.878 10.187
5 24 10.193 -10.083 -11.201 10.1 -9.86 -12.294 11.073 -11.974 -11.749 8.805 -9.084 -11.719
5 24 25.795 -19.544 8.021 26.65 -17.994 7.344 25.927 -19.591 7.035 26.667 -17.94 8.171
5 24 20.321 -18.684 1.867 17.966 -16.657 -1.638 20.989 -16.482 1.421 17.161 -19.247 -1.208
5 24 17.215 -15.415 10.621 17.06 -13.383 10.394 13.262 -13.878 10.187 20.721 -14.395 10.686
5 24 7.989 -5.721 -5.577 8.227 -7.087 -6.373 13.049 -7.829 -3.093 5.352 -5.868 -8.05
5 24 28.314 -10.176 6.839 28.333 -10.022 7.272 28.086 -11.069 6.837 28.127 -9.34 6.968
5 24 7.285 0 -5.262 7.261 -4.5 -5.298 8.535 -4.5 -2.797 5.295 0 -7.263
5 24 3.33 -22.711 -12.325 3.496 -23.262 -13.817 5.926 -21.975 -13.093 0 -23.179 -12.538
5 24 11.011 -14.356 -6.563 14.691 -13.095 -5.114 14.111 -15.89 -4.59 10.9 -12.743 -7.382
5 24 12.637 -5.994 4.836 8.846 -5.908 4.698 9.771 -7.291 6.684 12.282 -5.496 2.968
5 24 27.524 -9.578 8.288 26.028 -8.818 7.706 27.58 -8.969 7.275 27.026 -10.205 8.953
5 24 9.907 -18.436 -7.881 10.301 -22.193 -6.553 12.214 -21.512 -5.771 9.137 -19.135 -8.572
5 24 14.613 -22.377 6.554 18.139 -21.313 7.906 14.426 -20.231 7.614 19.031 -23.655 7.027
5 24 25.28 -18.905 8.864 22.694 -21.38 8.415 21.936 -19.395 8.985 25.795 -19.544 8.021
5 24 23.392 -21.953 6.914 25.795 -19.544 8.021 25.927 -19.591 7.035 22.694 -21.38 8.415
5 24 25.795 -19.544 8.021 22.694 -21.38 8.415 23.392 -21.953 6.914 25.28 -18.905 8.864
5 24 11.806 -24.165 -4.988 10.57 -25.919 -2.433 9.894 -25.179 -4.224 13.371 -24.641 -4.157
5 24 9.907 -18.436 -7.881 10.889 -15.099 -9.759 10.723 -17.096 -6.841 9.005 -18.194 -9.702
5 24 17.188 -5.701 3.627 17.665 -5.898 2.304 21.078 -4.474 3.916 12.432 -5.552 1.044
5 24 27.636 -10.269 5.899 27.775 -9.06 6.583 26.751 -8.867 5.998 28.109 -9.397 6.692
5 24 12.637 -5.994 4.836 13.061 -7.588 6.605 17.096 -5.861 5.047 9.771 -7.291 6.684
5 24 18.128 -6.636 0.948 12.781 -5.793 -0.658 17.665 -5.898 2.304 18.463 -8.638 -0.183
5 24 25.343 -4.057 5.172 25.86 -4.376 4.825 25.653 -3.543 4.32 25.607 -6.802 5.624
5 24 7.763 -20.909 -13.028 10.348 -18.311 -12.969 9.157 -18.268 -11.272 8.346 -21.291 -14.195
5 24 21.25 -11.413 1.894 18.958 -13.886 -1.818 17.74 -10.861 -1.67 21.549 -13.656 1.18
5 24 25.966 -8.352 5.858 25.607 -6.802 5.624 25.932 -6.935 5.18 25.675 -8.288 6.307
5 24 24.934 -6.782 6.106 25.025 -8.458 6.861 25.675 -8.288 6.307 23.956 -6.539 6.347
5 24 12.282 -5.496 2.968 12.637 -5.994 4.836 8.846 -5.908 4.698 17.188 -5.701 3.627
5 24 3.327 -10.667 -22.498 5.99 -11.465 -21.917 4.481 -13.335 -22.618 4.243 -8.737 -21.478
5 24 10.2 -11.131 8.955 13.262 -13.878 10.187 13.316 -10.99 9.133 10.135 -14.51 9.78
5 24 20.808 -8.893 7.516 17.229 -7.477 6.516 20.987 -6.751 6.484 17.16 -9.04 7.626
5 24 2.062 -6.559 -11.188 1.485 -6.767 -14.195 3.348 -7.156 -14.566 0 -6.378 -11.392
5 24 26.751 -8.867 5.998 27.636 -10.269 5.899 27.775 -9.06 6.583 25.82 -9.712 5.024
5 24 12.214 -21.512 -5.771 9.907 -18.436 -7.881 13.341 -20.13 -5.075 10.301 -22.193 -6.553
5 24 21.325 -4.847 2.785 17.665 -5.898 2.304 21.078 -4.474 3.916 18.128 -6.636 0.948
5 24 12.781 -5.793 -0.658 17.665 -5.898 2.304 18.128 -6.636 0.948 12.432 -5.552 1.044
5 24 22.705 -6.997 1.863 18.463 -8.638 -0.183 18.128 -6.636 0.948 22.642 -8.679 2.442
5 24 7.57 -8.962 -11.743 4.798 -7.588 -12.204 6.192 -7.986 -9.852 7.119 -8.613 -12.891
5 24 28.333 -10.022 7.272 27.972 -11.323 7.574 28.086 -11.069 6.837 27.7 -10.956 8.3
5 24 17.16 -9.04 7.626 17.265 -10.697 9.268 20.808 -8.893 7.516 14.691 -9.178 7.689
5 24 21.25 -11.413 1.894 21.39 -10.49 1.997 19.059 -10.322 0.073 23.283 -9.98 3.435
5 24 10.301 -22.193 -6.553 11.806 -24.165 -4.988 8.855 -23.178 -6.522 12.214 -21.512 -5.771
5 24 17.788 -19.101 8.49 13.774 -18.109 8.928 14.426 -20.231 7.614 17.367 -17.087 9.416
5 24 21.081 -10.343 9.094 23.701 -13.056 10.348 20.452 -12.759 10.402 25.12 -9.805 8.756
5 24 25.927 -19.591 7.035 24.319 -20.639 4.932 26.65 -17.994 7.344 24.128 -21.846 5.229
5 24 14.832 -24.923 4.892 11.091 -23.136 5.311 10.993 -25.408 3.722 14.613 -22.377 6.554
5 24 28.077 -9.799 7.825 27.524 -9.578 8.288 27.7 -10.956 8.3 27.923 -9.234 7.372
5 24 4.798 -7.588 -12.204 7.119 -8.613 -12.891 5.169 -7.788 -15.454 7.57 -8.962 -11.743
5 24 25.025 -8.458 6.861 23.956 -6.539 6.347 24.934 -6.782 6.106 23.747 -8.704 7.247
5 24 24.511 -3.626 5.309 25.297 -3.23 4.253 24.908 -3.881 5.344 24.089 -3.072 4.733
5 24 24.934 -6.782 6.106 24.908 -3.881 5.344 23.956 -6.539 6.347 25.343 -4.057 5.172
5 24 17.188 -5.701 3.627 21.078 -4.474 3.916 17.665 -5.898 2.304 20.987 -4.734 5.316
5 24 26.236 -4.673 3.874 25.864 -5.019 3.205 25.905 -4.063 3.353 25.98 -7.163 4.727
5 24 1.485 -6.767 -14.195 0 -6.378 -11.392 2.062 -6.559 -11.188 0 -6.661 -14.206
5 24 5.926 -21.975 -13.093 3.33 -22.711 -12.325 5.361 -21.615 -11.762 3.496 -23.262 -13.817
5 24 17.06 -13.383 10.394 17.265 -10.697 9.268 13.316 -10.99 9.133 20.452 -12.759 10.402
5 24 17.74 -10.861 -1.67 19.059 -10.322 0.073 21.25 -11.413 1.894 18.463 -8.638 -0.183
5 24 11.258 -12.217 -10.329 10.193 -10.083 -11.201 11.073 -11.974 -11.749 10.402 -10.621 -9.678
5 24 25.167 -3.248 3.358 24.983 -3.061 3.683 24.145 -3.371 3.069 25.469 -3.327 3.83
5 24 12.637 -5.994 4.836 9.771 -7.291 6.684 8.846 -5.908 4.698 13.061 -7.588 6.605
5 24 14.832 -24.923 4.892 14.944 -25.683 3.136 10.993 -25.408 3.722 19.343 -24.345 5.415
5 24 1.2 -23.342 -11.735 0 -23.179 -12.538 3.33 -22.711 -12.325 0 -23.325 -11.747
5 24 3.348 -7.156 -14.566 4.798 -7.588 -12.204 2.062 -6.559 -11.188 5.169 -7.788 -15.454
5 24 8.053 -9.722 -20.402 4.243 -8.737 -21.478 5.99 -11.465 -21.917 5.318 -7.692 -20.425
5 24 8.535 -4.5 -2.797 7.989 -5.721 -5.577 12.781 -5.793 -0.658 7.261 -4.5 -5.298
5 24 24.343 -15.791 8.994 26.365 -16.454 8.603 25.771 -15.273 8.345 24.753 -17.357 9.067
5 24 12.432 -5.552 1.044 12.282 -5.496 2.968 17.188 -5.701 3.627 8.549 -4.5 2.755
5 24 11.357 -14.679 -7.801 11.011 -14.356 -6.563 10.698 -15.711 -6.017 10.9 -12.743 -7.382
5 24 13.325 -16.061 10.143 13.774 -18.109 8.928 10.016 -16.561 9.47 17.367 -17.087 9.416
5 24 24.511 -3.626 5.309 20.987 -4.734 5.316 24.089 -3.072 4.733 20.987 -6.751 6.484
5 24 20.987 -4.734 5.316 24.089 -3.072 4.733 21.078 -4.474 3.916 24.511 -3.626 5.309
5 24 20.987 -4.734 5.316 20.987 -6.751 6.484 24.511 -3.626 5.309 17.096 -5.861 5.047
5 24 14.691 -9.178 7.689 17.265 -10.697 9.268 17.16 -9.04 7.626 13.316 -10.99 9.133
5 24 11.283 -12.358 -8.638 10.889 -15.099 -9.759 11.258 -12.217 -10.329 11.357 -14.679 -7.801
5 24 20.321 -18.684 1.867 20.989 -16.482 1.421 17.966 -16.657 -1.638 23.391 -16.852 4.845
5 24 7.763 -20.909 -13.028 8.346 -21.291 -14.195 10.348 -18.311 -12.969 6.329 -22.268 -13.907
5 24 0.84 -7.38 -17.174 1.485 -6.767 -14.195 1.642 -7.461 -17.404 0 -6.661 -14.206
5 24 6.329 -22.268 -13.907 6.573 -22.6 -14.85 8.346 -21.291 -14.195 3.496 -23.262 -13.817
5 24 17.324 -24.879 -2.016 17.666 -23.362 -2.396 13.371 -24.641 -4.157 21.289 -22.891 1.07
5 24 13.262 -13.878 10.187 17.215 -15.415 10.621 17.06 -13.383 10.394 13.325 -16.061 10.143
5 24 24.128 -21.846 5.229 23.392 -21.953 6.914 19.839 -24.519 3.585 25.927 -19.591 7.035
5 24 15.797 -25.684 0.149 15.113 -25.82 1.657 10.923 -26.427 -0.115 19.839 -24.519 3.585
5 24 9.907 -18.436 -7.881 10.723 -17.096 -6.841 13.341 -20.13 -5.075 10.889 -15.099 -9.759
5 24 0.84 -7.38 -17.174 1.642 -7.461 -17.404 1.485 -6.767 -14.195 0 -9.02 -20.534
5 24 18.128 -6.636 0.948 21.908 -5.604 1.998 22.705 -6.997 1.863 21.325 -4.847 2.785
5 24 20.452 -12.759 10.402 21.081 -10.343 9.094 17.265 -10.697 9.268 23.701 -13.056 10.348
5 24 9.854 -8.131 -17.489 7.915 -7.146 -16.022 9.69 -7.894 -14.855 8.276 -7.4 -18.293
5 24 5.277 -4.5 -7.276 5.295 0 -7.263 2.784 0 -8.539 7.261 -4.5 -5.298
5 24 6.292 -22.987 -15.955 7.512 -21.943 -18.291 8.575 -21.83 -16.97 5.557 -23.068 -17.211
5 24 2.062 -6.559 -11.188 2.483 -5.668 -9.367 5.512 -7 -8.94 0 -5.543 -9.62
5 24 25.653 -3.543 4.32 25.86 -4.376 4.825 26.185 -4.485 4.292 25.343 -4.057 5.172
5 24 20.723 -16.027 9.703 17.215 -15.415 10.621 17.367 -17.087 9.416 20.721 -14.395 10.686
5 24 23.747 -8.704 7.247 21.081 -10.343 9.094 20.808 -8.893 7.516 25.12 -9.805 8.756
5 24 17.705 -21.638 -2.338 17.161 -19.247 -1.208 13.341 -20.13 -5.075 21.15 -21.423 1.1
5 24 26.68 -8.619 6.357 27.681 -8.964 6.85 27.775 -9.06 6.583 26.539 -8.508 6.86
5 24 24.017 -14.582 9.438 20.721 -14.395 10.686 20.723 -16.027 9.703 23.701 -13.056 10.348
5 24 13.049 -7.829 -3.093 18.463 -8.638 -0.183 12.781 -5.793 -0.658 17.74 -10.861 -1.67
5 24 25.869 -3.741 3.627 25.713 -3.509 3.967 26.185 -4.485 4.292 25.517 -3.404 3.513
5 24 26.751 -8.867 5.998 25.966 -8.352 5.858 26.68 -8.619 6.357 25.97 -8.508 5.435
5 24 9.69 -7.894 -14.855 7.915 -7.146 -16.022 7.119 -8.613 -12.891 9.854 -8.131 -17.489
5 24 6.573 -22.6 -14.85 8.84 -21.535 -15.517 8.346 -21.291 -14.195 6.292 -22.987 -15.955
5 24 27.7 -10.956 8.3 26.617 -12.787 8.522 27.972 -11.323 7.574 26.114 -11.366 9.498
5 24 26.714 -16.59 7.376 23.391 -16.852 4.845 25.978 -15.338 7.371 24.209 -19.3 4.856
5 24 8.348 -8.639 -7.931 13.537 -9.941 -4.622 9.932 -10.936 -8.601 8.227 -7.087 -6.373
5 24 25.582 -3.673 3.218 25.167 -3.248 3.358 25.517 -3.404 3.513 25.197 -3.563 2.998
5 24 25.582 -3.673 3.218 25.905 -4.063 3.353 25.231 -4.708 2.703 25.869 -3.741 3.627
5 24 23.391 -16.852 4.845 20.989 -16.482 1.421 23.944 -15.067 4.388 20.321 -18.684 1.867
5 24 21.936 -19.395 8.985 22.694 -21.38 8.415 25.28 -18.905 8.864 18.139 -21.313 7.906
5 24 17.788 -19.101 8.49 21.936 -19.395 8.985 21.149 -17.337 9.161 18.139 -21.313 7.906
5 24 7.989 -5.721 -5.577 7.261 -4.5 -5.298 8.535 -4.5 -2.797 5.277 -4.5 -7.276
5 24 5.352 -5.868 -8.05 2.483 -5.668 -9.367 2.771 -4.5 -8.543 5.512 -7 -8.94
5 24 20.987 -6.751 6.484 17.229 -7.477 6.516 17.096 -5.861 5.047 20.808 -8.893 7.516
5 24 6.292 -22.987 -15.955 4.044 -23.627 -15.397 6.573 -22.6 -14.85 5.557 -23.068 -17.211
5 24 25.607 -6.802 5.624 25.343 -4.057 5.172 24.934 -6.782 6.106 25.86 -4.376 4.825
5 24 26.185 -4.485 4.292 25.86 -4.376 4.825 25.932 -6.935 5.18 25.653 -3.543 4.32
5 24 1.2 -23.342 -11.735 3.33 -22.711 -12.325 3.238 -22.843 -11.49 0 -23.179 -12.538
5 24 1.204 -8.75 -20.543 0 -9.02 -20.534 1.642 -7.461 -17.404 0.395 -10.709 -22.52
5 24 3.581 -23.647 -16.618 4.044 -23.627 -15.397 5.557 -23.068 -17.211 0 -23.9 -15.036
5 24 25.98 -7.163 4.727 26.236 -4.673 3.874 25.932 -6.935 5.18 25.864 -5.019 3.205
5 24 11.187 -9.54 -14.127 9.69 -7.894 -14.855 11.331 -9.659 -16.971 8.396 -8.668 -12.728
5 24 21.228 -24.14 1.615 19.839 -24.519 3.585 15.797 -25.684 0.149 24.128 -21.846 5.229
5 24 26.181 -14.394 7.806 25.635 -14.329 8.45 26.617 -12.787 8.522 25.771 -15.273 8.345
5 24 24.934 -6.782 6.106 25.343 -4.057 5.172 25.607 -6.802 5.624 24.908 -3.881 5.344
5 24 25.927 -19.591 7.035 26.65 -17.994 7.344 25.795 -19.544 8.021 24.319 -20.639 4.932
5 24 19.343 -24.345 5.415 19.031 -23.655 7.027 14.832 -24.923 4.892 23.392 -21.953 6.914
5 24 26.667 -17.94 8.171 26.067 -17.777 8.758 25.28 -18.905 8.864 26.365 -16.454 8.603
5 24 21.936 -19.395 8.985 25.28 -18.905 8.864 24.753 -17.357 9.067 22.694 -21.38 8.415
5 24 14.613 -22.377 6.554 10.959 -20.813 6.765 14.426 -20.231 7.614 11.091 -23.136 5.311
5 24 15.113 -25.82 1.657 10.923 -26.427 -0.115 10.938 -26.319 1.978 15.797 -25.684 0.149
5 24 27.775 -9.06 6.583 26.68 -8.619 6.357 26.751 -8.867 5.998 27.681 -8.964 6.85
5 24 12.214 -21.512 -5.771 11.806 -24.165 -4.988 10.301 -22.193 -6.553 13.371 -24.641 -4.157
5 24 5.344 -21.732 -10.532 5.361 -21.615 -11.762 3.238 -22.843 -11.49 6.838 -20.637 -11.44
5 24 14.426 -20.231 7.614 14.613 -22.377 6.554 18.139 -21.313 7.906 10.959 -20.813 6.765
5 24 10.193 -10.083 -11.201 11.073 -11.974 -11.749 10.1 -9.86 -12.294 11.258 -12.217 -10.329
5 24 1.642 -7.461 -17.404 3.348 -7.156 -14.566 1.485 -6.767 -14.195 2.987 -7.77 -18.013
5 24 0 -6.661 -14.206 0.84 -7.38 -17.174 1.485 -6.767 -14.195 0 -7.395 -17.302
5 24 10.889 -15.099 -9.759 10.723 -17.096 -6.841 11.357 -14.679 -7.801 9.907 -18.436 -7.881
5 24 8.805 -9.084 -11.719 8.396 -8.668 -12.728 7.57 -8.962 -11.743 10.1 -9.86 -12.294
5 24 14.426 -20.231 7.614 18.139 -21.313 7.906 14.613 -22.377 6.554 17.788 -19.101 8.49
5 24 11.441 -18.717 -14.856 11.581 -19.121 -16.724 8.84 -21.535 -15.517 13.14 -15.564 -15.51
5 24 25.869 -3.741 3.627 25.582 -3.673 3.218 25.905 -4.063 3.353 25.517 -3.404 3.513
5 24 25.932 -6.935 5.18 25.86 -4.376 4.825 25.607 -6.802 5.624 26.185 -4.485 4.292
5 24 27.7 -10.956 8.3 27.524 -9.578 8.288 27.026 -10.205 8.953 28.077 -9.799 7.825
5 24 2.987 -7.77 -18.013 1.642 -7.461 -17.404 3.348 -7.156 -14.566 1.204 -8.75 -20.543
5 24 25.12 -9.805 8.756 25.075 -12.306 9.911 26.114 -11.366 9.498 23.701 -13.056 10.348
5 24 26.365 -16.454 8.603 26.166 -15.26 7.803 26.927 -16.454 7.986 25.771 -15.273 8.345
5 24 24.089 -3.072 4.733 25.297 -3.23 4.253 24.511 -3.626 5.309 25.005 -3.053 4.196
5 24 10.698 -15.711 -6.017 14.111 -15.89 -4.59 13.137 -18.151 -4.173 11.011 -14.356 -6.563
5 24 9.932 -10.936 -8.601 13.537 -9.941 -4.622 10.9 -12.743 -7.382 8.348 -8.639 -7.931
5 24 26.236 -4.673 3.874 25.869 -3.741 3.627 25.905 -4.063 3.353 26.185 -4.485 4.292
5 24 12.695 -12.187 -16.246 12.17 -11.922 -13.736 13.14 -15.564 -15.51 11.187 -9.54 -14.127
5 24 23.956 -6.539 6.347 20.987 -6.751 6.484 23.747 -8.704 7.247 24.511 -3.626 5.309
5 24 5.169 -7.788 -15.454 5.763 -6.955 -17.471 2.987 -7.77 -18.013 7.915 -7.146 -16.022
5 24 8.575 -21.83 -16.97 8.84 -21.535 -15.517 6.292 -22.987 -15.955 10.598 -19.591 -18.55
5 24 22.705 -6.997 1.863 21.908 -5.604 1.998 18.128 -6.636 0.948 25.231 -4.708 2.703
5 24 27.026 -10.205 8.953 25.12 -9.805 8.756 26.028 -8.818 7.706 26.114 -11.366 9.498
5 24 17.74 -10.861 -1.67 21.25 -11.413 1.894 19.059 -10.322 0.073 18.958 -13.886 -1.818
5 24 11.258 -12.217 -10.329 10.876 -15.055 -11.372 11.073 -11.974 -11.749 10.889 -15.099 -9.759
5 24 20.989 -16.482 1.421 18.958 -13.886 -1.818 21.549 -13.656 1.18 17.966 -16.657 -1.638
5 24 25.231 -4.708 2.703 22.705 -6.997 1.863 21.908 -5.604 1.998 25.448 -7.393 3.886
5 24 7.119 -8.613 -12.891 9.69 -7.894 -14.855 7.915 -7.146 -16.022 8.396 -8.668 -12.728
5 24 8.346 -21.291 -14.195 6.329 -22.268 -13.907 6.573 -22.6 -14.85 7.763 -20.909 -13.028
5 24 25.005 -3.053 4.196 25.469 -3.327 3.83 25.297 -3.23 4.253 24.983 -3.061 3.683
5 24 24.145 -3.371 3.069 25.197 -3.563 2.998 25.167 -3.248 3.358 24.587 -4.049 2.616
5 24 17.229 -7.477 6.516 13.061 -7.588 6.605 17.096 -5.861 5.047 14.691 -9.178 7.689
5 24 12.109 -15.156 -13.149 12.17 -11.922 -13.736 11.073 -11.974 -11.749 13.14 -15.564 -15.51
5 24 25.231 -4.708 2.703 24.587 -4.049 2.616 21.908 -5.604 1.998 25.197 -3.563 2.998
5 24 8.693 -9.76 -9.975 8.805 -9.084 -11.719 9.554 -9.731 -10.481 7.57 -8.962 -11.743
5 24 10.402 -10.621 -9.678 9.554 -9.731 -10.481 10.193 -10.083 -11.201 8.693 -9.76 -9.975
5 24 21.549 -13.656 1.18 21.25 -11.413 1.894 24.671 -12.459 4.028 18.958 -13.886 -1.818
5 24 26.617 -12.787 8.522 25.075 -12.306 9.911 25.635 -14.329 8.45 26.114 -11.366 9.498
5 24 7.214 -20.854 -9.185 9.137 -19.135 -8.572 9.005 -18.194 -9.702 10.301 -22.193 -6.553
5 24 25.869 -3.741 3.627 26.185 -4.485 4.292 26.236 -4.673 3.874 25.713 -3.509 3.967
5 24 26.928 -13.135 7.774 26.181 -14.394 7.806 26.617 -12.787 8.522 26.165 -14.465 7.251
5 24 14.691 -13.095 -5.114 17.74 -10.861 -1.67 18.958 -13.886 -1.818 13.537 -9.941 -4.622
5 24 11.357 -14.679 -7.801 10.9 -12.743 -7.382 11.011 -14.356 -6.563 11.283 -12.358 -8.638
5 24 14.832 -24.923 4.892 10.993 -25.408 3.722 11.091 -23.136 5.311 14.944 -25.683 3.136
5 24 11.283 -12.358 -8.638 10.9 -12.743 -7.382 11.357 -14.679 -7.801 9.932 -10.936 -8.601
5 24 12.432 -5.552 1.044 17.188 -5.701 3.627 17.665 -5.898 2.304 12.282 -5.496 2.968
5 24 17.666 -23.362 -2.396 21.289 -22.891 1.07 17.324 -24.879 -2.016 17.705 -21.638 -2.338
5 24 13.371 -24.641 -4.157 17.666 -23.362 -2.396 17.324 -24.879 -2.016 12.214 -21.512 -5.771
5 24 8.346 -21.291 -14.195 10.348 -18.311 -12.969 11.441 -18.717 -14.856 7.763 -20.909 -13.028
5 24 9.554 -9.731 -10.481 8.805 -9.084 -11.719 10.193 -10.083 -11.201 8.693 -9.76 -9.975
5 24 27.972 -11.323 7.574 26.928 -13.135 7.774 27.018 -13.008 6.996 26.617 -12.787 8.522
5 24 20.987 -6.751 6.484 24.511 -3.626 5.309 20.987 -4.734 5.316 23.956 -6.539 6.347
5 24 0 -9.02 -20.534 0.395 -10.709 -22.52 0 -10.707 -22.507 1.204 -8.75 -20.543
5 24 9.216 -17.346 -20.758 10.598 -19.591 -18.55 9.136 -19.953 -19.545 11.038 -16.728 -19.778
5 24 27.018 -13.008 6.996 28.086 -11.069 6.837 27.972 -11.323 7.574 27.636 -10.269 5.899
5 24 27.636 -10.269 5.899 27.018 -13.008 6.996 24.671 -12.459 4.028 28.086 -11.069 6.837
5 24 26.185 -4.485 4.292 26.236 -4.673 3.874 25.932 -6.935 5.18 25.869 -3.741 3.627
5 24 25.635 -14.329 8.45 25.075 -12.306 9.911 26.617 -12.787 8.522 24.017 -14.582 9.438
5 24 23.956 -6.539 6.347 24.511 -3.626 5.309 20.987 -6.751 6.484 24.908 -3.881 5.344
5 24 0.674 -12.725 -23.222 0.395 -10.709 -22.52 1.323 -10.439 -22.617 0 -12.684 -23.263
5 24 7.915 -7.146 -16.022 8.276 -7.4 -18.293 9.854 -8.131 -17.489 5.763 -6.955 -17.471
5 24 25.469 -3.327 3.83 25.517 -3.404 3.513 25.713 -3.509 3.967 25.167 -3.248 3.358
5 24 8.84 -21.535 -15.517 11.441 -18.717 -14.856 8.346 -21.291 -14.195 11.581 -19.121 -16.724
5 24 11.441 -18.717 -14.856 8.346 -21.291 -14.195 10.348 -18.311 -12.969 8.84 -21.535 -15.517
5 24 2.363 -8.388 -21.24 1.323 -10.439 -22.617 3.327 -10.667 -22.498 1.204 -8.75 -20.543
5 24 12.214 -21.512 -5.771 13.341 -20.13 -5.075 9.907 -18.436 -7.881 17.666 -23.362 -2.396
5 24 27.018 -13.008 6.996 24.671 -12.459 4.028 27.636 -10.269 5.899 26.165 -14.465 7.251
5 24 9.854 -8.131 -17.489 9.69 -7.894 -14.855 11.331 -9.659 -16.971 7.915 -7.146 -16.022
5 24 25.448 -7.393 3.886 25.864 -5.019 3.205 25.98 -7.163 4.727 25.231 -4.708 2.703
5 24 25.713 -3.509 3.967 25.653 -3.543 4.32 25.469 -3.327 3.83 26.185 -4.485 4.292
5 24 26.114 -11.366 9.498 27.7 -10.956 8.3 26.617 -12.787 8.522 27.026 -10.205 8.953
5 24 8.549 -4.5 2.755 12.282 -5.496 2.968 8.846 -5.908 4.698 12.432 -5.552 1.044
5 24 28.109 -9.397 6.692 28.314 -10.176 6.839 28.127 -9.34 6.968 27.636 -10.269 5.899
5 24 6.573 -22.6 -14.85 8.346 -21.291 -14.195 8.84 -21.535 -15.517 6.329 -22.268 -13.907
5 24 21.078 -4.474 3.916 20.987 -4.734 5.316 17.188 -5.701 3.627 24.089 -3.072 4.733
5 24 10.598 -19.591 -18.55 11.038 -16.728 -19.778 9.216 -17.346 -20.758 11.581 -19.121 -16.724
5 24 25.97 -8.508 5.435 26.751 -8.867 5.998 25.82 -9.712 5.024 25.966 -8.352 5.858
5 24 13.061 -7.588 6.605 11.81 -9.017 7.891 14.691 -9.178 7.689 9.771 -7.291 6.684
5 24 3.949 -7.19 -19.199 2.987 -7.77 -18.013 5.763 -6.955 -17.471 2.363 -8.388 -21.24
5 24 15.113 -25.82 1.657 10.938 -26.319 1.978 14.944 -25.683 3.136 10.923 -26.427 -0.115
5 24 7.989 -5.721 -5.577 5.352 -5.868 -8.05 5.277 -4.5 -7.276 8.227 -7.087 -6.373
5 24 9.554 -9.731 -10.481 10.193 -10.083 -11.201 8.805 -9.084 -11.719 10.402 -10.621 -9.678
5 24 6.838 -20.637 -11.44 9.005 -18.194 -9.702 9.157 -18.268 -11.272 6.543 -21.046 -9.745
5 24 12.781 -5.793 -0.658 13.049 -7.829 -3.093 18.463 -8.638 -0.183 7.989 -5.721 -5.577
5 24 8.348 -8.639 -7.931 5.512 -7 -8.94 8.227 -7.087 -6.373 6.192 -7.986 -9.852
5 24 24.145 -3.371 3.069 24.983 -3.061 3.683 25.167 -3.248 3.358 24.005 -2.988 3.828
5 24 5.169 -7.788 -15.454 7.915 -7.146 -16.022 5.763 -6.955 -17.471 7.119 -8.613 -12.891
5 24 13.325 -16.061 10.143 17.367 -17.087 9.416 17.215 -15.415 10.621 13.774 -18.109 8.928
5 24 27.681 -8.964 6.85 28.127 -9.34 6.968 27.775 -9.06 6.583 27.923 -9.234 7.372
5 24 10.723 -17.096 -6.841 13.341 -20.13 -5.075 13.137 -18.151 -4.173 9.907 -18.436 -7.881
5 24 11.091 -23.136 5.311 14.613 -22.377 6.554 10.959 -20.813 6.765 14.832 -24.923 4.892
5 24 8.84 -21.535 -15.517 8.346 -21.291 -14.195 11.441 -18.717 -14.856 6.573 -22.6 -14.85
5 24 12.432 -5.552 1.044 9 -4.5 0 8.549 -4.5 2.755 12.781 -5.793 -0.658
5 24 24.145 -3.371 3.069 21.908 -5.604 1.998 21.325 -4.847 2.785 24.587 -4.049 2.616
5 24 10.016 -16.561 9.47 13.774 -18.109 8.928 13.325 -16.061 10.143 10.452 -18.852 8.43
5 24 12.282 -5.496 2.968 8.846 -5.908 4.698 12.637 -5.994 4.836 8.549 -4.5 2.755
5 24 27.923 -9.234 7.372 28.333 -10.022 7.272 28.077 -9.799 7.825 28.127 -9.34 6.968
5 24 15.797 -25.684 0.149 10.57 -25.919 -2.433 10.923 -26.427 -0.115 13.371 -24.641 -4.157
5 24 28.314 -10.176 6.839 27.636 -10.269 5.899 28.086 -11.069 6.837 28.109 -9.397 6.692
5 24 11.81 -9.017 7.891 10.2 -11.131 8.955 9.771 -7.291 6.684 13.316 -10.99 9.133
5 24 25.582 -3.673 3.218 25.517 -3.404 3.513 25.869 -3.741 3.627 25.167 -3.248 3.358
5 24 10.402 -10.621 -9.678 8.693 -9.76 -9.975 9.932 -10.936 -8.601 9.554 -9.731 -10.481
5 24 8.805 -9.084 -11.719 7.57 -8.962 -11.743 8.693 -9.76 -9.975 8.396 -8.668 -12.728
5 24 4.798 -7.588 -12.204 2.062 -6.559 -11.188 5.512 -7 -8.94 3.348 -7.156 -14.566
5 24 11.331 -9.659 -16.971 9.69 -7.894 -14.855 11.187 -9.54 -14.127 9.854 -8.131 -17.489
5 24 9.005 -18.194 -9.702 7.214 -20.854 -9.185 6.543 -21.046 -9.745 9.137 -19.135 -8.572
5 24 28.333 -10.022 7.272 28.077 -9.799 7.825 27.7 -10.956 8.3 27.923 -9.234 7.372
5 24 25.905 -4.063 3.353 25.869 -3.741 3.627 25.582 -3.673 3.218 26.236 -4.673 3.874
5 24 13.14 -15.564 -15.51 11.441 -18.717 -14.856 11.581 -19.121 -16.724 12.109 -15.156 -13.149
5 24 25.927 -19.591 7.035 23.392 -21.953 6.914 24.128 -21.846 5.229 25.795 -19.544 8.021
5 24 8.855 -23.178 -6.522 10.301 -22.193 -6.553 11.806 -24.165 -4.988 7.214 -20.854 -9.185
5 24 24.343 -15.791 8.994 24.753 -17.357 9.067 21.149 -17.337 9.161 26.365 -16.454 8.603
5 24 25.653 -3.543 4.32 26.185 -4.485 4.292 25.86 -4.376 4.825 25.713 -3.509 3.967
5 24 5.763 -6.955 -17.471 3.949 -7.19 -19.199 6.836 -7.251 -19.205 2.987 -7.77 -18.013
5 24 10.301 -22.193 -6.553 7.214 -20.854 -9.185 8.855 -23.178 -6.522 9.137 -19.135 -8.572
5 24 25.869 -3.741 3.627 25.517 -3.404 3.513 25.713 -3.509 3.967 25.582 -3.673 3.218
5 24 25.98 -7.163 4.727 25.448 -7.393 3.886 25.864 -5.019 3.205 25.97 -8.508 5.435
5 24 14.944 -25.683 3.136 15.113 -25.82 1.657 19.421 -24.507 4.506 10.938 -26.319 1.978
5 24 28.086 -11.069 6.837 27.636 -10.269 5.899 28.314 -10.176 6.839 27.018 -13.008 6.996
5 24 24.753 -17.357 9.067 21.936 -19.395 8.985 21.149 -17.337 9.161 25.28 -18.905 8.864
5 24 19.031 -23.655 7.027 23.392 -21.953 6.914 19.343 -24.345 5.415 22.694 -21.38 8.415
5 24 19.031 -23.655 7.027 14.832 -24.923 4.892 14.613 -22.377 6.554 19.343 -24.345 5.415
5 24 19.031 -23.655 7.027 14.613 -22.377 6.554 14.832 -24.923 4.892 18.139 -21.313 7.906
5 24 13.049 -7.829 -3.093 7.989 -5.721 -5.577 12.781 -5.793 -0.658 8.227 -7.087 -6.373
5 24 26.365 -16.454 8.603 26.067 -17.777 8.758 24.753 -17.357 9.067 26.667 -17.94 8.171
5 24 24.005 -2.988 3.828 24.983 -3.061 3.683 24.145 -3.371 3.069 25.005 -3.053 4.196
5 24 6.292 -22.987 -15.955 8.575 -21.83 -16.97 8.84 -21.535 -15.517 7.512 -21.943 -18.291
5 24 23.745 -10.827 3.836 21.25 -11.413 1.894 24.671 -12.459 4.028 23.283 -9.98 3.435
5 24 5.512 -7 -8.94 8.227 -7.087 -6.373 8.348 -8.639 -7.931 5.352 -5.868 -8.05
5 24 1.204 -8.75 -20.543 2.363 -8.388 -21.24 2.987 -7.77 -18.013 1.323 -10.439 -22.617
5 24 26.68 -8.619 6.357 26.539 -8.508 6.86 27.681 -8.964 6.85 25.675 -8.288 6.307
5 24 26.539 -8.508 6.86 27.681 -8.964 6.85 27.58 -8.969 7.275 26.68 -8.619 6.357
5 24 24.908 -3.881 5.344 25.297 -3.23 4.253 24.511 -3.626 5.309 25.343 -4.057 5.172
5 24 15.797 -25.684 0.149 10.923 -26.427 -0.115 10.57 -25.919 -2.433 15.113 -25.82 1.657
5 24 26.714 -16.59 7.376 26.927 -16.454 7.986 26.667 -17.94 8.171 26.166 -15.26 7.803
5 24 15.797 -25.684 0.149 13.371 -24.641 -4.157 17.324 -24.879 -2.016 10.57 -25.919 -2.433
5 24 19.839 -24.519 3.585 15.797 -25.684 0.149 15.113 -25.82 1.657 21.228 -24.14 1.615
5 24 26.236 -4.673 3.874 25.905 -4.063 3.353 25.869 -3.741 3.627 25.864 -5.019 3.205
5 24 14.944 -25.683 3.136 10.993 -25.408 3.722 14.832 -24.923 4.892 10.938 -26.319 1.978
5 24 26.667 -17.94 8.171 26.927 -16.454 7.986 26.714 -16.59 7.376 26.365 -16.454 8.603
5 24 5.99 -11.465 -21.917 4.243 -8.737 -21.478 8.053 -9.722 -20.402 3.327 -10.667 -22.498
5 24 17.096 -5.861 5.047 20.987 -6.751 6.484 20.987 -4.734 5.316 17.229 -7.477 6.516
5 24 17.161 -19.247 -1.208 13.341 -20.13 -5.075 17.705 -21.638 -2.338 13.137 -18.151 -4.173
5 24 13.061 -7.588 6.605 14.691 -9.178 7.689 17.229 -7.477 6.516 11.81 -9.017 7.891
5 24 6.329 -22.268 -13.907 3.496 -23.262 -13.817 6.573 -22.6 -14.85 5.926 -21.975 -13.093
5 24 11.441 -18.717 -14.856 12.109 -15.156 -13.149 10.348 -18.311 -12.969 13.14 -15.564 -15.51
5 24 13.774 -18.109 8.928 17.367 -17.087 9.416 13.325 -16.061 10.143 17.788 -19.101 8.49
5 24 10.452 -18.852 8.43 14.426 -20.231 7.614 13.774 -18.109 8.928 10.959 -20.813 6.765
5 24 21.081 -10.343 9.094 25.12 -9.805 8.756 23.747 -8.704 7.247 23.701 -13.056 10.348
5 24 13.537 -9.941 -4.622 13.049 -7.829 -3.093 8.227 -7.087 -6.373 17.74 -10.861 -1.67
5 24 20.723 -16.027 9.703 21.149 -17.337 9.161 17.367 -17.087 9.416 24.343 -15.791 8.994
5 24 26.365 -16.454 8.603 24.753 -17.357 9.067 26.067 -17.777 8.758 24.343 -15.791 8.994
5 24 27.972 -11.323 7.574 28.086 -11.069 6.837 27.018 -13.008 6.996 28.333 -10.022 7.272
5 24 10.598 -19.591 -18.55 11.581 -19.121 -16.724 11.038 -16.728 -19.778 8.84 -21.535 -15.517
5 24 5.352 -5.868 -8.05 5.277 -4.5 -7.276 2.771 -4.5 -8.543 7.989 -5.721 -5.577
5 24 5.926 -21.975 -13.093 3.496 -23.262 -13.817 6.329 -22.268 -13.907 3.33 -22.711 -12.325
5 24 13.14 -15.564 -15.51 12.17 -11.922 -13.736 12.109 -15.156 -13.149 12.695 -12.187 -16.246
5 24 13.049 -7.829 -3.093 17.74 -10.861 -1.67 18.463 -8.638 -0.183 13.537 -9.941 -4.622
5 24 25.167 -3.248 3.358 25.469 -3.327 3.83 25.517 -3.404 3.513 24.983 -3.061 3.683
5 24 10.889 -15.099 -9.759 9.157 -18.268 -11.272 9.005 -18.194 -9.702 10.876 -15.055 -11.372
5 24 13.774 -18.109 8.928 10.452 -18.852 8.43 10.016 -16.561 9.47 14.426 -20.231 7.614
5 24 27.972 -11.323 7.574 27.7 -10.956 8.3 26.617 -12.787 8.522 28.333 -10.022 7.272
5 24 19.421 -24.507 4.506 14.944 -25.683 3.136 15.113 -25.82 1.657 19.343 -24.345 5.415
5 24 20.321 -18.684 1.867 24.209 -19.3 4.856 23.391 -16.852 4.845 21.15 -21.423 1.1
5 24 19.343 -24.345 5.415 23.392 -21.953 6.914 19.421 -24.507 4.506 19.031 -23.655 7.027
5 24 11.073 -11.974 -11.749 12.109 -15.156 -13.149 12.17 -11.922 -13.736 10.876 -15.055 -11.372
5 24 26.067 -17.777 8.758 24.753 -17.357 9.067 25.28 -18.905 8.864 26.365 -16.454 8.603
5 24 23.745 -10.827 3.836 23.283 -9.98 3.435 21.25 -11.413 1.894 25.21 -9.158 4.514
5 24 25.21 -9.158 4.514 25.448 -7.393 3.886 22.642 -8.679 2.442 25.97 -8.508 5.435
5 24 11.187 -9.54 -14.127 11.331 -9.659 -16.971 12.695 -12.187 -16.246 9.69 -7.894 -14.855
5 24 17.265 -10.697 9.268 20.808 -8.893 7.516 21.081 -10.343 9.094 17.16 -9.04 7.626
5 24 14.944 -25.683 3.136 19.343 -24.345 5.415 19.421 -24.507 4.506 14.832 -24.923 4.892
5 24 25.448 -7.393 3.886 25.231 -4.708 2.703 22.705 -6.997 1.863 25.864 -5.019 3.205
5 24 26.928 -13.135 7.774 26.617 -12.787 8.522 26.181 -14.394 7.806 27.972 -11.323 7.574
5 24 25.025 -8.458 6.861 26.028 -8.818 7.706 25.12 -9.805 8.756 26.539 -8.508 6.86
5 24 5.361 -21.615 -11.762 5.926 -21.975 -13.093 3.33 -22.711 -12.325 6.838 -20.637 -11.44
5 24 24.128 -21.846 5.229 25.927 -19.591 7.035 24.319 -20.639 4.932 23.392 -21.953 6.914
5 24 17.666 -23.362 -2.396 17.705 -21.638 -2.338 21.289 -22.891 1.07 13.341 -20.13 -5.075
5 24 27.018 -13.008 6.996 26.928 -13.135 7.774 26.165 -14.465 7.251 27.972 -11.323 7.574
5 24 11.81 -9.017 7.891 9.771 -7.291 6.684 10.2 -11.131 8.955 13.061 -7.588 6.605
5 24 12.695 -12.187 -16.246 11.187 -9.54 -14.127 12.17 -11.922 -13.736 11.331 -9.659 -16.971
5 24 13.341 -20.13 -5.075 13.137 -18.151 -4.173 17.161 -19.247 -1.208 10.723 -17.096 -6.841
5 24 25.12 -9.805 8.756 23.747 -8.704 7.247 25.025 -8.458 6.861 21.081 -10.343 9.094
5 24 20.989 -16.482 1.421 23.944 -15.067 4.388 23.391 -16.852 4.845 21.549 -13.656 1.18
5 24 17.966 -16.657 -1.638 20.989 -16.482 1.421 18.958 -13.886 -1.818 20.321 -18.684 1.867
5 24 3.348 -7.156 -14.566 2.987 -7.77 -18.013 5.169 -7.788 -15.454 1.642 -7.461 -17.404
5 24 3.327 -10.667 -22.498 1.323 -10.439 -22.617 2.438 -12.834 -23.008 2.363 -8.388 -21.24
5 24 5.512 -7 -8.94 2.483 -5.668 -9.367 5.352 -5.868 -8.05 2.062 -6.559 -11.188
5 24 17.096 -5.861 5.047 20.987 -4.734 5.316 20.987 -6.751 6.484 17.188 -5.701 3.627
5 24 25.517 -3.404 3.513 25.713 -3.509 3.967 25.869 -3.741 3.627 25.469 -3.327 3.83
5 24 22.642 -8.679 2.442 25.448 -7.393 3.886 25.21 -9.158 4.514 22.705 -6.997 1.863
5 24 7.57 -8.962 -11.743 6.192 -7.986 -9.852 8.693 -9.76 -9.975 4.798 -7.588 -12.204
5 24 9.771 -7.291 6.684 13.061 -7.588 6.605 11.81 -9.017 7.891 12.637 -5.994 4.836
5 24 2.784 0 -8.539 2.771 -4.5 -8.543 5.277 -4.5 -7.276 0 -4.5 -9
5 24 10.598 -19.591 -18.55 8.575 -21.83 -16.97 8.84 -21.535 -15.517 9.136 -19.953 -19.545
5 24 11.581 -19.121 -16.724 8.84 -21.535 -15.517 10.598 -19.591 -18.55 11.441 -18.717 -14.856
5 24 17.705 -21.638 -2.338 21.15 -21.423 1.1 17.161 -19.247 -1.208 21.289 -22.891 1.07
5 24 10.698 -15.711 -6.017 11.357 -14.679 -7.801 10.723 -17.096 -6.841 11.011 -14.356 -6.563
5 24 25.864 -5.019 3.205 25.98 -7.163 4.727 26.236 -4.673 3.874 25.448 -7.393 3.886
5 24 25.966 -8.352 5.858 26.68 -8.619 6.357 25.675 -8.288 6.307 26.751 -8.867 5.998
5 24 12.793 -16.202 -17.92 11.581 -19.121 -16.724 13.14 -15.564 -15.51 11.038 -16.728 -19.778
5 24 21.908 -5.604 1.998 21.325 -4.847 2.785 18.128 -6.636 0.948 24.145 -3.371 3.069
5 24 12.282 -5.496 2.968 17.188 -5.701 3.627 12.432 -5.552 1.044 12.637 -5.994 4.836
5 24 23.391 -16.852 4.845 24.209 -19.3 4.856 26.714 -16.59 7.376 20.321 -18.684 1.867
5 24 21.25 -11.413 1.894 19.059 -10.322 0.073 21.39 -10.49 1.997 17.74 -10.861 -1.67
5 24 20.723 -16.027 9.703 20.721 -14.395 10.686 17.215 -15.415 10.621 24.017 -14.582 9.438
5 24 21.289 -22.891 1.07 21.15 -21.423 1.1 17.705 -21.638 -2.338 24.319 -20.639 4.932
5 24 25.795 -19.544 8.021 26.667 -17.94 8.171 26.65 -17.994 7.344 25.28 -18.905 8.864
5 24 9.137 -19.135 -8.572 9.907 -18.436 -7.881 9.005 -18.194 -9.702 10.301 -22.193 -6.553
5 24 1.642 -7.461 -17.404 1.485 -6.767 -14.195 3.348 -7.156 -14.566 0.84 -7.38 -17.174
5 24 6.836 -7.251 -19.205 5.763 -6.955 -17.471 3.949 -7.19 -19.199 8.276 -7.4 -18.293
5 24 27.636 -10.269 5.899 25.82 -9.712 5.024 24.671 -12.459 4.028 26.751 -8.867 5.998
5 24 11.357 -14.679 -7.801 11.283 -12.358 -8.638 10.9 -12.743 -7.382 10.889 -15.099 -9.759
5 24 11.073 -11.974 -11.749 12.17 -11.922 -13.736 10.1 -9.86 -12.294 12.109 -15.156 -13.149
5 24 20.808 -8.893 7.516 21.081 -10.343 9.094 23.747 -8.704 7.247 17.265 -10.697 9.268
5 24 23.701 -13.056 10.348 24.017 -14.582 9.438 20.721 -14.395 10.686 25.075 -12.306 9.911
5 24 14.691 -9.178 7.689 13.316 -10.99 9.133 17.265 -10.697 9.268 11.81 -9.017 7.891
5 24 14.691 -13.095 -5.114 13.537 -9.941 -4.622 17.74 -10.861 -1.67 10.9 -12.743 -7.382
5 24 18.463 -8.638 -0.183 18.128 -6.636 0.948 22.705 -6.997 1.863 12.781 -5.793 -0.658
5 24 5.926 -21.975 -13.093 7.763 -20.909 -13.028 6.838 -20.637 -11.44 6.329 -22.268 -13.907
5 24 17.096 -5.861 5.047 17.229 -7.477 6.516 20.987 -6.751 6.484 13.061 -7.588 6.605
5 24 0.674 -12.725 -23.222 1.323 -10.439 -22.617 2.438 -12.834 -23.008 0.395 -10.709 -22.52
5 24 18.463 -8.638 -0.183 12.781 -5.793 -0.658 13.049 -7.829 -3.093 18.128 -6.636 0.948
5 24 9.005 -18.194 -9.702 10.889 -15.099 -9.759 9.907 -18.436 -7.881 9.157 -18.268 -11.272
5 24 4.798 -7.588 -12.204 6.192 -7.986 -9.852 5.512 -7 -8.94 7.57 -8.962 -11.743
5 24 25.469 -3.327 3.83 25.297 -3.23 4.253 25.653 -3.543 4.32 25.005 -3.053 4.196
5 24 17.188 -5.701 3.627 20.987 -4.734 5.316 21.078 -4.474 3.916 17.096 -5.861 5.047
5 24 8.227 -7.087 -6.373 13.537 -9.941 -4.622 13.049 -7.829 -3.093 8.348 -8.639 -7.931
5 24 23.701 -13.056 10.348 20.452 -12.759 10.402 21.081 -10.343 9.094 20.721 -14.395 10.686
5 24 25.582 -3.673 3.218 25.231 -4.708 2.703 25.197 -3.563 2.998 25.905 -4.063 3.353
5 24 12.432 -5.552 1.044 8.549 -4.5 2.755 12.282 -5.496 2.968 9 -4.5 0
5 24 25.197 -3.563 2.998 25.231 -4.708 2.703 25.582 -3.673 3.218 24.587 -4.049 2.616
5 24 25.82 -9.712 5.024 25.21 -9.158 4.514 23.745 -10.827 3.836 25.97 -8.508 5.435
5 24 10.1 -9.86 -12.294 12.17 -11.922 -13.736 11.187 -9.54 -14.127 11.073 -11.974 -11.749
5 24 24.017 -14.582 9.438 20.723 -16.027 9.703 20.721 -14.395 10.686 24.343 -15.791 8.994
5 24 7.989 -5.721 -5.577 12.781 -5.793 -0.658 8.535 -4.5 -2.797 13.049 -7.829 -3.093
5 24 8.227 -7.087 -6.373 13.049 -7.829 -3.093 7.989 -5.721 -5.577 13.537 -9.941 -4.622
5 24 22.642 -8.679 2.442 22.705 -6.997 1.863 25.448 -7.393 3.886 18.463 -8.638 -0.183
5 24 26.165 -14.465 7.251 24.671 -12.459 4.028 27.018 -13.008 6.996 23.944 -15.067 4.388
5 24 25.713 -3.509 3.967 26.185 -4.485 4.292 25.869 -3.741 3.627 25.653 -3.543 4.32
5 24 25.607 -6.802 5.624 24.934 -6.782 6.106 25.675 -8.288 6.307 25.343 -4.057 5.172
5 24 7.512 -21.943 -18.291 8.575 -21.83 -16.97 6.292 -22.987 -15.955 9.136 -19.953 -19.545
5 24 25.005 -3.053 4.196 25.297 -3.23 4.253 25.469 -3.327 3.83 24.089 -3.072 4.733
5 24 26.028 -8.818 7.706 26.539 -8.508 6.86 25.025 -8.458 6.861 27.58 -8.969 7.275
5 24 11.011 -14.356 -6.563 14.111 -15.89 -4.59 10.698 -15.711 -6.017 14.691 -13.095 -5.114
5 24 27.018 -13.008 6.996 27.972 -11.323 7.574 26.928 -13.135 7.774 28.086 -11.069 6.837
5 24 24.209 -19.3 4.856 26.714 -16.59 7.376 26.65 -17.994 7.344 23.391 -16.852 4.845
5 24 10.402 -10.621 -9.678 9.932 -10.936 -8.601 11.283 -12.358 -8.638 8.693 -9.76 -9.975
5 24 13.061 -7.588 6.605 17.096 -5.861 5.047 17.229 -7.477 6.516 12.637 -5.994 4.836
5 24 24.753 -17.357 9.067 25.28 -18.905 8.864 21.936 -19.395 8.985 26.067 -17.777 8.758
5 24 1.204 -8.75 -20.543 1.642 -7.461 -17.404 2.987 -7.77 -18.013 0 -9.02 -20.534
5 24 24.005 -2.988 3.828 25.005 -3.053 4.196 24.983 -3.061 3.683 24.089 -3.072 4.733
5 24 26.714 -16.59 7.376 26.667 -17.94 8.171 26.927 -16.454 7.986 26.65 -17.994 7.344
5 24 21.15 -21.423 1.1 17.161 -19.247 -1.208 20.321 -18.684 1.867 17.705 -21.638 -2.338
5 24 25.932 -6.935 5.18 25.97 -8.508 5.435 25.98 -7.163 4.727 25.966 -8.352 5.858
5 24 17.74 -10.861 -1.67 13.537 -9.941 -4.622 13.049 -7.829 -3.093 14.691 -13.095 -5.114
5 24 28.077 -9.799 7.825 27.7 -10.956 8.3 27.524 -9.578 8.288 28.333 -10.022 7.272
5 24 25.21 -9.158 4.514 23.745 -10.827 3.836 25.82 -9.712 5.024 23.283 -9.98 3.435
5 24 21.25 -11.413 1.894 23.283 -9.98 3.435 23.745 -10.827 3.836 21.39 -10.49 1.997
5 24 6.292 -22.987 -15.955 5.557 -23.068 -17.211 4.044 -23.627 -15.397 7.512 -21.943 -18.291
5 24 26.165 -14.465 7.251 26.928 -13.135 7.774 26.181 -14.394 7.806 27.018 -13.008 6.996
5 24 25.167 -3.248 3.358 24.145 -3.371 3.069 24.983 -3.061 3.683 25.197 -3.563 2.998
5 24 22.642 -8.679 2.442 19.059 -10.322 0.073 21.39 -10.49 1.997 18.463 -8.638 -0.183
5 24 5.277 -4.5 -7.276 7.989 -5.721 -5.577 5.352 -5.868 -8.05 7.261 -4.5 -5.298
5 24 0 -9.02 -20.534 1.642 -7.461 -17.404 1.204 -8.75 -20.543 0.84 -7.38 -17.174
5 24 27.58 -8.969 7.275 27.923 -9.234 7.372 27.524 -9.578 8.288 27.681 -8.964 6.85
5 24 25.448 -7.393 3.886 22.705 -6.997 1.863 25.231 -4.708 2.703 22.642 -8.679 2.442
5 24 11.581 -19.121 -16.724 13.14 -15.564 -15.51 11.441 -18.717 -14.856 12.793 -16.202 -17.92
5 24 17.966 -16.657 -1.638 14.111 -15.89 -4.59 18.958 -13.886 -1.818 13.137 -18.151 -4.173
5 24 13.341 -20.13 -5.075 17.666 -23.362 -2.396 17.705 -21.638 -2.338 12.214 -21.512 -5.771
5 24 27.681 -8.964 6.85 27.775 -9.06 6.583 26.68 -8.619 6.357 28.127 -9.34 6.968
5 24 11.81 -9.017 7.891 13.316 -10.99 9.133 14.691 -9.178 7.689 10.2 -11.131 8.955
5 24 18.139 -21.313 7.906 17.788 -19.101 8.49 14.426 -20.231 7.614 21.936 -19.395 8.985
5 24 25.771 -15.273 8.345 26.365 -16.454 8.603 26.166 -15.26 7.803 24.343 -15.791 8.994
5 24 11.038 -16.728 -19.778 9.216 -17.346 -20.758 10.063 -14.386 -20.514 10.598 -19.591 -18.55
5 24 4.481 -13.335 -22.618 5.99 -11.465 -21.917 6.358 -14.125 -22.144 3.327 -10.667 -22.498
5 24 12.793 -16.202 -17.92 11.038 -16.728 -19.778 11.581 -19.121 -16.724 12.185 -13.347 -18.693
5 24 5.99 -11.465 -21.917 8.053 -9.722 -20.402 8.415 -12.77 -21.177 4.243 -8.737 -21.478
5 24 13.14 -15.564 -15.51 12.793 -16.202 -17.92 12.185 -13.347 -18.693 11.581 -19.121 -16.724
5 24 8.053 -9.722 -20.402 9.854 -8.131 -17.489 8.276 -7.4 -18.293 10.437 -11.019 -19.441
5 24 0 -6.378 -11.392 0 -5.543 -9.62 2.062 -6.559 -11.188 -2.062 -6.559 -11.188
5 24 0 -6.661 -14.206 0 -6.378 -11.392 -1.485 -6.767 -14.195 1.485 -6.767 -14.195
5 24 0 -5.543 -9.62 0 -4.5 -9 -2.483 -5.668 -9.367 2.483 -5.668 -9.367
5 24 0 -23.179 -12.538 0 -23.521 -13.718 -3.496 -23.262 -13.817 3.496 -23.262 -13.817
5 24 0 -4.5 -9 0 0 -9 -2.769 0 -8.495 2.784 0 -8.539
5 24 0 -12.684 -23.263 0 -10.707 -22.507 -0.395 -10.709 -22.52 0.395 -10.709 -22.52
5 24 0 -10.707 -22.507 0 -9.02 -20.534 0.395 -10.709 -22.52 -0.395 -10.709 -22.52
5 24 0 -23.325 -11.747 0 -23.179 -12.538 -1.2 -23.342 -11.735 1.2 -23.342 -11.735
5 24 0 -9.02 -20.534 0 -7.395 -17.302 0.84 -7.38 -17.174 -0.84 -7.38 -17.174
5 24 0 -23.521 -13.718 0 -23.9 -15.036 3.496 -23.262 -13.817 -3.496 -23.262 -13.817
5 24 0 -7.395 -17.302 0 -6.661 -14.206 0.84 -7.38 -17.174 -0.84 -7.38 -17.174
5 24 0 -23.9 -15.036 0 -23.965 -16.127 -3.581 -23.647 -16.618 3.581 -23.647 -16.618
