0 ~Technic Shock Absorber 14L Thick Cylinder Quarter
0 Name: s\7143s01.dat
0 Author: Jens Brühl [jb70]
0 !LDRAW_ORG Unofficial_Subpart
0 !LICENSE Licensed under CC BY 4.0 : see CAreadme.txt

0 BFC CERTIFY CCW

0 !HISTORY 2026-07-01 {LEGO Instructions App} Original part shape
0 !HISTORY 2026-07-11 [jb70] File preparation for LDraw Parts Tracker

1 16 0 0 0 1 0 0 0 1 0 0 0 1 s\7143s02.dat
1 16 0 58.5 0 12 0 0 0 12.25 0 0 0 12 1-4cyli.dat
1 16 0 70.75 0 12 0 0 0 61.5 0 0 0 12 3-16cyli.dat
1 16 0 132.25 0 12 0 0 0 12.25 0 0 0 12 1-4cyli.dat
1 16 0 55 0 0 0 9 0 -1 0 9 0 0 3-16chrd.dat
0 BFC INVERTNEXT
1 16 0 55 0 0 0 9 0 15.75 0 9 0 0 3-16cyli.dat
1 16 0 55 0 0 0 9 0 1 0 9 0 0 3-16edge.dat
0 BFC INVERTNEXT
1 16 0 70.75 0 8.31492 0 -3.44415 0 61.5 0 3.44415 0 8.31492 1-8cyli.dat
1 16 0 70.75 0 0 0 9 0 1 0 9 0 0 1-16edge.dat
1 16 0 70.75 0 0 0 9 0 -1 0 9 0 0 1-16tndis.dat
1 16 0 70.75 0 0 0 12 0 -1 0 12 0 0 1-16chrd.dat
0 BFC INVERTNEXT
1 16 0 132.25 0 0 0 9 0 12.25 0 9 0 0 3-16cyli.dat
1 16 0 132.25 0 0 0 9 0 1 0 9 0 0 1-16edge.dat
1 16 0 132.25 0 0 0 9 0 1 0 9 0 0 1-16tndis.dat
1 16 0 132.25 0 0 0 12 0 1 0 12 0 0 1-16chrd.dat
1 16 0 144.5 0 0 0 3 0 -1 0 3 0 0 3-16ring3.dat
1 16 0 144.5 0 0 0 9 0 1 0 9 0 0 3-16edge.dat
1 16 0 144.5 0 0 0 12 0 1 0 12 0 0 1-4edge.dat
1 16 0 144.5 0 12 0 0 0 -1 0 0 0 12 1-16chrd.dat

3 16 12 62.34 0 11.7 62.34 1.5 14.18 61.97 1.5
3 16 4.59 62.34 11.09 4.59 61.97 13.64 7.13 61.97 12.35
3 16 4.59 62.34 11.09 7.13 61.97 12.35 7.13 62.34 9.39
3 16 4.59 61.97 13.64 7.13 61.28 13.15 7.13 61.97 12.35
3 16 4.59 61.97 13.64 4.59 61.26 14.37 7.13 61.28 13.15
3 16 4.59 59.71 13.5 7.13 59.71 12.2 7.13 61.28 13.15
3 16 7.13 61.28 13.15 4.59 61.26 14.37 4.59 59.71 13.5
4 16 7.13 61.97 12.35 7.13 59.71 12.2 7.13 58.5 9.39 7.13 62.34 9.39
3 16 7.13 59.71 12.2 7.13 58.5 12.2 7.13 58.5 9.39
4 16 11.7 62.34 1.5 14.05 59.71 1.5 14.89 61.26 1.5 14.18 61.97 1.5
4 16 14.05 58.5 1.5 14.05 59.71 1.5 11.7 62.34 1.5 11.7 58.5 1.5
3 16 4.59 61.26 14.37 4.59 61.97 13.64 4.59 59.71 13.5
4 16 4.59 61.97 13.64 4.59 62.34 11.09 4.59 58.5 11.09 4.59 59.71 13.5
3 16 4.59 59.71 13.5 4.59 58.5 11.09 4.59 58.5 13.5
4 16 4.59 58.5 13.5 7.13 58.5 12.2 7.13 59.71 12.2 4.59 59.71 13.5

3 16 7.13 61.28 13.15 7.13 59.71 12.2 7.13 61.97 12.35

4 16 3.44 132.25 11.32 3.44 70.75 11.32 4.59 70.75 11.09 4.59 132.25 11.09

4 16 0 70.75 12 3.44 70.75 11.32 3.44 70.75 9 0 70.75 9
4 16 3.44 132.25 9 3.44 70.75 9 3.44 70.75 11.32 3.44 132.25 11.32
4 16 3.44 132.25 9 3.44 132.25 8.31 3.44 70.75 8.31 3.44 70.75 9
4 16 3.44 132.25 9 3.44 132.25 11.32 0 132.25 12 0 132.25 9

4 16 8.3151 55 3.4443 8.31492 144.5 3.44415 8.52438 144.5 2.39187 8.52438 55 2.39187
4 16 11 55 2.39188 8.52438 55 2.39187 8.52438 144.5 2.39187 11 144.5 2.39188
3 16 0 55 9 8.3151 55 3.4443 8.52438 55 2.39187
4 16 8.52438 144.5 2.39187 8.31492 144.5 3.44415 11.0868 144.5 4.5924 11 144.5 2.39188
3 16 11 144.5 2.39188 11.0868 144.5 4.5924 12 144.5 0

2 24 7.13 58.5 9.39 7.13 58.5 12.2
2 24 11.7 58.5 1.5 14.05 58.5 1.5
5 24 4.59 59.71 13.5 7.13 61.28 13.15 7.13 59.71 12.2 4.59 61.26 14.37
2 24 11 144.5 2.39188 8.52438 144.5 2.39187
2 24 4.59 61.26 14.37 4.59 61.97 13.64
2 24 4.59 59.71 13.5 4.59 61.26 14.37
2 24 7.13 61.28 13.15 7.13 59.71 12.2
2 24 7.13 61.28 13.15 4.59 61.26 14.37
5 24 7.13 61.97 12.35 4.59 61.97 13.64 7.13 61.28 13.15 4.59 62.34 11.09
2 24 4.59 58.5 13.5 4.59 59.71 13.5
5 24 4.59 62.34 11.09 7.13 61.97 12.35 7.13 62.34 9.39 4.59 61.97 13.64
5 24 4.59 59.71 13.5 7.13 59.71 12.2 7.13 61.28 13.15 4.59 58.5 13.5
2 24 7.13 58.5 12.2 4.59 58.5 13.5
2 24 3.44 132.25 11.32 3.44 70.75 11.32
2 24 4.59 62.34 11.09 4.59 61.97 13.64
2 24 7.13 61.97 12.35 7.13 61.28 13.15
2 24 11.7 62.34 1.5 14.18 61.97 1.5
2 24 8.52438 55 2.39187 8.52438 144.5 2.39187
2 24 7.13 59.71 12.2 7.13 58.5 12.2
2 24 8.52438 144.5 2.39187 8.31492 144.5 3.44415
2 24 7.13 61.97 12.35 7.13 62.34 9.39
5 24 7.13 61.28 13.15 4.59 61.97 13.64 7.13 61.97 12.35 4.59 61.26 14.37
2 24 4.59 58.5 11.09 4.59 58.5 13.5
2 24 0 70.75 12 3.44 70.75 11.32
2 24 4.59 58.5 11.09 0 58.5 12
2 24 4.59 58.5 11.09 4.59 62.34 11.09
2 24 3.44 132.25 11.32 0 132.25 12
2 24 3.44 70.75 8.31 3.44 70.75 11.32
2 24 3.44 132.25 11.32 3.44 132.25 8.31
2 24 4.59 62.34 11.09 7.13 62.34 9.39
2 24 7.13 58.5 9.39 7.13 62.34 9.39
2 24 11.7 58.5 1.5 11.7 62.34 1.5
2 24 11.7 62.34 1.5 12 62.34 0
2 24 7.13 58.5 9.39 8.4852 58.5 8.4852
2 24 8.4852 58.5 8.4852 11.0868 58.5 4.5924
2 24 11.0868 58.5 4.5924 11.7 58.5 1.5
2 24 3.44 70.75 8.31 3.44 132.25 8.31
2 24 11 55 2.39188 11 144.5 2.39188
2 24 14.18 61.97 1.5 14.89 61.26 1.5
2 24 14.05 58.5 1.5 14.05 59.71 1.5
2 24 14.05 59.71 1.5 14.89 61.26 1.5
5 24 4.59 132.25 11.09 4.59 70.75 11.09 3.44 70.75 11.32 8.4852 70.75 8.4852
3 16 19.31 58.5 0 14.05 58.5 1.5 18.11 58.5 6.15
4 16 18.11 58.5 6.15 14.05 58.5 1.5 11.7 58.5 1.5 11.0868 58.5 4.5924
4 16 14.74 58.5 12.26 18.11 58.5 6.15 11.0868 58.5 4.5924 8.4852 58.5 8.4852
3 16 14.74 58.5 12.26 8.4852 58.5 8.4852 10.72 58.5 15.86
4 16 10.72 58.5 15.86 8.4852 58.5 8.4852 7.13 58.5 9.39 7.13 58.5 12.2
4 16 5.34 58.5 18.34 10.72 58.5 15.86 7.13 58.5 12.2 4.59 58.5 13.5
4 16 0 58.5 19.12 4.59 58.5 13.5 4.59 58.5 11.09 0 58.5 12
3 16 5.34 58.5 18.34 4.59 58.5 13.5 0 58.5 19.12