0 ~Slope Brick Curved  4 x  1 with Quarter Circle - Left - without Patternable Surfaces
0 Name: s\7206s01.dat
0 Author: Gerald Lasser [GeraldLasser]
0 !LDRAW_ORG Unofficial_Subpart
0 !LICENSE Licensed under CC BY 4.0 : see CAreadme.txt

0 BFC CERTIFY CCW

0 // Bottom
4 16 6 24 -20 6 24 36 10 24 40 10 24 -20
4 16 -10 24 40 10 24 40 6 24 36 -6 24 36
4 16 -6 24 36 -6 24 -35.2046 -10 24 -40 -10 24 40
4 16 -2.346 24 -38.478 -10 24 -40 -6 24 -35.2046 -4.3216 24 -34.8708
3 16 -1.368 24 -37.8244 -2.346 24 -38.478 -4.3216 24 -34.8708
4 16 8.478 24 -27.654 4.8708 24 -25.6784 6 24 -20 10 24 -20
3 16 8.478 24 -27.654 7.8244 24 -28.632 4.8708 24 -25.6784
2 24 6 24 36 -6 24 36
2 24 6 24 36 6 24 -20
2 24 6 24 -20 4.8708 24 -25.6784
2 24 -4.3216 24 -34.8708 -6 24 -35.2046
2 24 -6 24 -35.2046 -6 24 36
2 24 7.8244 24 -28.632 8.478 24 -27.654
2 24 8.478 24 -27.654 10 24 -20
2 24 10 24 -20 10 24 40
2 24 10 24 40 -10 24 40
2 24 -10 24 40 -10 24 -40
2 24 -10 24 -40 -2.346 24 -38.478
2 24 -2.346 24 -38.478 -1.368 24 -37.8244

0 // Cutout
4 16 5.5434 23.1048 -27.7038 4.8326 23.7071 -26.6402 7.4238 23.7071 -29.2314 7.2579 23 -29.4797
4 16 5.7341 20 -28.663 5.5434 23.1048 -27.7038 7.2579 23 -29.4797 6.9746 20 -29.9035
3 16 4.6347 23.7359 -26.3441 4.8708 24 -25.6784 4.8326 23.7071 -26.6402
4 16 4.8326 23.7071 -26.6402 4.8708 24 -25.6784 7.8244 24 -28.632 7.4238 23.7071 -29.2314
4 16 -.5203 23 -37.2579 -2.2962 23.1048 -35.5434 -1.337 20 -35.7341 -.0965 20 -36.9746
4 16 -3.3598 23.7071 -34.8326 -2.2962 23.1048 -35.5434 -.5203 23 -37.2579 -.7686 23.7071 -37.4238
4 16 -3.3598 23.7071 -34.8326 -.7686 23.7071 -37.4238 -1.368 24 -37.8244 -4.3216 24 -34.8708
3 16 -3.3598 23.7071 -34.8326 -4.3216 24 -34.8708 -3.6558 23.7359 -34.6347
3 16 -.7393 19.3 -35.853 -.0965 20 -36.9746 -1.337 20 -35.7341
4 16 6.9746 20 -29.9035 6.186 19.3 -29.5291 5.837 19.3 -29.1801 5.7341 20 -28.663
2 24 4.6347 23.7359 -26.3441 4.8708 24 -25.6784
2 24 -3.6558 23.7359 -34.6347 -4.3216 24 -34.8708
2 24 -3.6558 23.7359 -34.6347 -3.3598 23.7071 -34.8326
2 24 5.837 19.3 -29.1801 6.186 19.3 -29.5291
2 24 -1.337 20 -35.7341 -.7393 19.3 -35.853
2 24 5.7341 20 -28.663 5.837 19.3 -29.1801
2 24 7.4238 23.7071 -29.2314 7.2579 23 -29.4797
2 24 -.5203 23 -37.2579 -.0965 20 -36.9746
2 24 -.7686 23.7071 -37.4238 -1.368 24 -37.8244
2 24 -.7686 23.7071 -37.4238 -.5203 23 -37.2579
2 24 7.2579 23 -29.4797 6.9746 20 -29.9035
2 24 7.4238 23.7071 -29.2314 7.8244 24 -28.632
2 24 6.9746 20 -29.9035 6.186 19.3 -29.5291
2 24 -.7393 19.3 -35.853 -.0965 20 -36.9746
2 24 -2.2962 23.1048 -35.5434 -1.337 20 -35.7341
2 24 -3.3598 23.7071 -34.8326 -2.2962 23.1048 -35.5434
2 24 4.6347 23.7359 -26.3441 4.8326 23.7071 -26.6402
2 24 4.8326 23.7071 -26.6402 5.5434 23.1048 -27.7038
2 24 5.5434 23.1048 -27.7038 5.7341 20 -28.663
5 24 -.0965 20 -36.9746 -1.337 20 -35.7341 -.7393 19.3 -35.853 -.5203 23 -37.2579
5 24 7.8244 24 -28.632 4.8708 24 -25.6784 7.4238 23.7071 -29.2314 8.478 24 -27.654
5 24 -2.2962 23.1048 -35.5434 -.5203 23 -37.2579 -1.337 20 -35.7341 -.7686 23.7071 -37.4238
5 24 -4.3216 24 -34.8708 -1.368 24 -37.8244 -3.3598 23.7071 -34.8326 -2.346 24 -38.478
5 24 -.7686 23.7071 -37.4238 -3.3598 23.7071 -34.8326 -1.368 24 -37.8244 -2.2962 23.1048 -35.5434
5 24 5.7341 20 -28.663 6.9746 20 -29.9035 5.5434 23.1048 -27.7038 6.186 19.3 -29.5291
5 24 4.8326 23.7071 -26.6402 7.4238 23.7071 -29.2314 4.8708 24 -25.6784 7.2579 23 -29.4797
5 24 7.2579 23 -29.4797 5.5434 23.1048 -27.7038 4.8326 23.7071 -26.6402 6.9746 20 -29.9035

0 // Wall Inside
3 16 6 19.3 36 6 24 36 6 19.3 18.5
3 16 6 19.3 18.5 6 24 36 6 19.3 1
3 16 6 19.3 1 6 24 36 6 24 -20
3 16 6 19.3 1 6 24 -20 6 19.3 -20
3 16 -6 24 36 6 24 36 6 19.3 36
3 16 -6 24 36 6 19.3 36 5.0604 13.5852 36
3 16 -6 24 36 5.0604 13.5852 36 -1.3962 5.2288 36
3 16 -6 24 36 -1.3962 5.2288 36 -6 4 36
3 16 -6 24 36 -6 4 36 -6 5.3803 17.73
3 16 -6 24 36 -6 5.3803 17.73 -6 8.6453 -.2304
3 16 -6 24 36 -6 8.6453 -.2304 -6 13.7437 -17.578
3 16 -6 24 36 -6 13.7437 -17.578 -6 24 -35.2046
3 16 -6 24 -35.2046 -6 13.7437 -17.578 -6 19.3 -35.2046
3 16 -1.337 20 -35.7341 -2.2962 19.3 -35.5434 -.7393 19.3 -35.853
4 16 -3.6558 19.3 -34.6347 -3.6558 23.7359 -34.6347 -4.3216 24 -34.8708 -4.3216 19.3 -34.8708
3 16 -2.2962 23.1048 -35.5434 -2.2962 19.3 -35.5434 -1.337 20 -35.7341
4 16 -3.6558 23.7359 -34.6347 -3.6558 19.3 -34.6347 -2.2962 19.3 -35.5434 -2.2962 23.1048 -35.5434
4 16 -4.3216 19.3 -34.8708 -4.3216 24 -34.8708 -6 24 -35.2046 -6 19.3 -35.2046
3 16 -3.3598 23.7071 -34.8326 -3.6558 23.7359 -34.6347 -2.2962 23.1048 -35.5434
2 24 -6 24 36 -6 4 36
2 24 -6 4 36 -6 5.3803 17.73
2 24 -6 5.3803 17.73 -6 8.6453 -.2304
2 24 -6 8.6453 -.2304 -6 13.7437 -17.578
2 24 -6 13.7437 -17.578 -6 19.3 -35.2046
2 24 -6 19.3 -35.2046 -6 24 -35.2046
2 24 -6 19.3 -35.2046 -4.3216 19.3 -34.8708
2 24 -3.6558 19.3 -34.6347 -2.2962 19.3 -35.5434
2 24 -3.6558 23.7359 -34.6347 -3.6558 19.3 -34.6347
2 24 -3.6558 19.3 -34.6347 -4.3216 19.3 -34.8708
2 24 -2.2962 19.3 -35.5434 -.7393 19.3 -35.853
4 16 4.8708 19.3 -25.6784 6 19.3 -20 6 24 -20 4.8708 24 -25.6784
4 16 4.8708 24 -25.6784 4.6347 23.7359 -26.3441 4.6347 19.3 -26.3441 4.8708 19.3 -25.6784
4 16 4.6347 19.3 -26.3441 4.6347 23.7359 -26.3441 5.5434 23.1048 -27.7038 5.5434 19.3 -27.7038
3 16 4.6347 23.7359 -26.3441 4.8326 23.7071 -26.6402 5.5434 23.1048 -27.7038
3 16 5.5434 23.1048 -27.7038 5.7341 20 -28.663 5.5434 19.3 -27.7038
3 16 5.5434 19.3 -27.7038 5.7341 20 -28.663 5.837 19.3 -29.1801
2 24 4.6347 19.3 -26.3441 4.8708 19.3 -25.6784
2 24 5.837 19.3 -29.1801 5.5434 19.3 -27.7038
2 24 5.5434 19.3 -27.7038 4.6347 19.3 -26.3441
2 24 4.6347 19.3 -26.3441 4.6347 23.7359 -26.3441
2 24 4.8708 19.3 -25.6784 6 19.3 -20
2 24 6 19.3 -20 6 19.3 1
2 24 6 19.3 36 6 24 36
2 24 6 19.3 36 5.0604 13.5852 36
2 24 5.0604 13.5852 36 -1.3962 5.2288 36
2 24 -1.3962 5.2288 36 -6 4 36
5 24 6 19.3 1 6 19.3 18.5 4.5924 14.5112 18.4027 6 24 36
5 24 6 19.3 18.5 6 19.3 36 5.0604 13.5852 36 6 24 36
5 24 4.8708 24 -25.6784 4.8708 19.3 -25.6784 6 19.3 -20 4.6347 23.7359 -26.3441
5 24 -4.3216 19.3 -34.8708 -4.3216 24 -34.8708 -3.6558 19.3 -34.6347 -6 24 -35.2046
5 24 -2.2962 23.1048 -35.5434 -2.2962 19.3 -35.5434 -3.6558 23.7359 -34.6347 -1.337 20 -35.7341
5 24 6 19.3 -20 6 24 -20 4.8708 24 -25.6784 6 19.3 1

4 16 -3.6558 19.3 -34.6347 -.5295 19.3 -35.1274 -.7393 19.3 -35.853 -2.2962 19.3 -35.5434
4 16 4.6313 19.3 -31.2115 3.3773 19.3 -32.5165 -.5295 19.3 -35.1274 -3.6558 19.3 -34.6347
4 16 5.5434 19.3 -27.7038 4.6313 19.3 -31.2115 -3.6558 19.3 -34.6347 4.6347 19.3 -26.3441
4 16 5.837 19.3 -29.1801 5.5275 19.3 -29.8706 4.6313 19.3 -31.2115 5.5434 19.3 -27.7038
3 16 5.5275 19.3 -29.8706 5.837 19.3 -29.1801 6.186 19.3 -29.5291
3 16 4.8708 19.3 -25.6784 4.6347 19.3 -26.3441 -3.6558 19.3 -34.6347
2 24 -3.6558 19.3 -34.6347 4.8708 19.3 -25.6784
2 24 4.6313 19.3 -31.2115 3.3773 19.3 -32.5165
2 24 5.5275 19.3 -29.8706 4.6313 19.3 -31.2115
2 24 -.5295 19.3 -35.1274 3.3773 19.3 -32.5165
2 24 -.7393 19.3 -35.853 -.5295 19.3 -35.1274
2 24 5.5275 19.3 -29.8706 6.186 19.3 -29.5291
2 24 4.6313 19 -31.2115 3.3773 19 -32.5165
2 24 5.5275 19 -29.8706 4.6313 19 -31.2115
2 24 5.5275 19 -29.8706 6.186 19.3 -29.5291
2 24 -.5295 19 -35.1274 -.7393 19.3 -35.853
2 24 -.5295 19 -35.1274 3.3773 19 -32.5165
4 16 4.6313 19 -31.2115 3.3773 19 -32.5165 3.3773 19.3 -32.5165 4.6313 19.3 -31.2115
4 16 5.5275 19 -29.8706 4.6313 19 -31.2115 4.6313 19.3 -31.2115 5.5275 19.3 -29.8706
4 16 3.3773 19 -32.5165 -.5295 19 -35.1274 -.5295 19.3 -35.1274 3.3773 19.3 -32.5165
3 16 -.5295 19 -35.1274 -.7393 19.3 -35.853 -.5295 19.3 -35.1274
3 16 5.5275 19 -29.8706 5.5275 19.3 -29.8706 6.186 19.3 -29.5291
5 24 5.5275 19 -29.8706 5.5275 19.3 -29.8706 6.186 19.3 -29.5291 4.6313 19 -31.2115
5 24 3.3773 19 -32.5165 3.3773 19.3 -32.5165 4.6313 19.3 -31.2115 -.5295 19 -35.1274
5 24 4.6313 19.3 -31.2115 4.6313 19 -31.2115 5.5275 19.3 -29.8706 3.3773 19 -32.5165
5 24 -.5295 19.3 -35.1274 -.5295 19 -35.1274 -.7393 19.3 -35.853 3.3773 19.3 -32.5165

0 // Inside Faces
3 16 -2.0058 10.0038 .1396 -1.6662 7.0552 17.9906 4.1466 15.8647 .8018
3 16 4.5924 14.5112 18.4027 4.1466 15.8647 .8018 -1.6662 7.0552 17.9906
3 16 -2.3262 14.4454 -17.2558 -2.0058 10.0038 .1396 3.5094 17.3915 -16.6572
3 16 4.1466 15.8647 .8018 3.5094 17.3915 -16.6572 -2.0058 10.0038 .1396
3 16 4.1466 15.8647 .8018 6 19.3 1 6 19.3 -20
3 16 6 19.3 -20 3.5094 17.3915 -16.6572 4.1466 15.8647 .8018
3 16 4.1466 15.8647 .8018 4.5924 14.5112 18.4027 6 19.3 1
3 16 6 19.3 18.5 6 19.3 1 4.5924 14.5112 18.4027
3 16 6 19.3 36 6 19.3 18.5 5.0604 13.5852 36
3 16 4.5924 14.5112 18.4027 5.0604 13.5852 36 6 19.3 18.5
3 16 -1.3962 5.2288 36 5.0604 13.5852 36 -1.6662 7.0552 17.9906
3 16 4.5924 14.5112 18.4027 -1.6662 7.0552 17.9906 5.0604 13.5852 36
3 16 -1.3962 5.2288 36 -1.6662 7.0552 17.9906 -6 5.3803 17.73
3 16 -1.6662 7.0552 17.9906 -2.0058 10.0038 .1396 -6 8.6453 -.2304
3 16 -6 8.6453 -.2304 -6 5.3803 17.73 -1.6662 7.0552 17.9906
3 16 -6 13.7437 -17.578 -6 8.6453 -.2304 -2.3262 14.4454 -17.2558
3 16 -2.0058 10.0038 .1396 -2.3262 14.4454 -17.2558 -6 8.6453 -.2304
3 16 -1.3962 5.2288 36 -6 5.3803 17.73 -6 4 36
3 16 -3.6558 19.3 -34.6347 -6 13.7437 -17.578 -2.3262 14.4454 -17.2558
3 16 -2.3262 14.4454 -17.2558 3.5094 17.3915 -16.6572 4.8708 19.3 -25.6784
3 16 4.8708 19.3 -25.6784 -3.6558 19.3 -34.6347 -2.3262 14.4454 -17.2558
3 16 3.5094 17.3915 -16.6572 6 19.3 -20 4.8708 19.3 -25.6784
3 16 -4.3216 19.3 -34.8708 -6 19.3 -35.2046 -6 13.7437 -17.578
3 16 -3.6558 19.3 -34.6347 -4.3216 19.3 -34.8708 -6 13.7437 -17.578
5 24 -1.3962 5.2288 36 -6 5.3803 17.73 -1.6662 7.0552 17.9906 -6 4 36
5 24 -2.0058 10.0038 .1396 -2.3262 14.4454 -17.2558 3.5094 17.3915 -16.6572 -6 8.6453 -.2304
5 24 -2.3262 14.4454 -17.2558 -6 8.6453 -.2304 -2.0058 10.0038 .1396 -6 13.7437 -17.578
5 24 -6 8.6453 -.2304 -2.0058 10.0038 .1396 -2.3262 14.4454 -17.2558 -1.6662 7.0552 17.9906
5 24 4.5924 14.5112 18.4027 6 19.3 18.5 5.0604 13.5852 36 6 19.3 1
5 24 4.8708 19.3 -25.6784 3.5094 17.3915 -16.6572 6 19.3 -20 -2.3262 14.4454 -17.2558
5 24 5.0604 13.5852 36 -1.6662 7.0552 17.9906 -1.3962 5.2288 36 4.5924 14.5112 18.4027
5 24 -1.6662 7.0552 17.9906 4.5924 14.5112 18.4027 5.0604 13.5852 36 4.1466 15.8647 .8018
5 24 3.5094 17.3915 -16.6572 -2.0058 10.0038 .1396 -2.3262 14.4454 -17.2558 4.1466 15.8647 .8018
5 24 4.5924 14.5112 18.4027 5.0604 13.5852 36 6 19.3 18.5 -1.6662 7.0552 17.9906
5 24 6 19.3 1 4.5924 14.5112 18.4027 4.1466 15.8647 .8018 6 19.3 18.5
5 24 4.1466 15.8647 .8018 4.5924 14.5112 18.4027 6 19.3 1 -1.6662 7.0552 17.9906
5 24 -1.3962 5.2288 36 -1.6662 7.0552 17.9906 5.0604 13.5852 36 -6 5.3803 17.73
5 24 -1.6662 7.0552 17.9906 -6 5.3803 17.73 -1.3962 5.2288 36 -6 8.6453 -.2304
5 24 -4.3216 19.3 -34.8708 -6 13.7437 -17.578 -3.6558 19.3 -34.6347 -6 19.3 -35.2046
5 24 6 19.3 -20 4.1466 15.8647 .8018 6 19.3 1 3.5094 17.3915 -16.6572
5 24 -3.6558 19.3 -34.6347 -6 13.7437 -17.578 -4.3216 19.3 -34.8708 -2.3262 14.4454 -17.2558
5 24 -2.3262 14.4454 -17.2558 -3.6558 19.3 -34.6347 4.8708 19.3 -25.6784 -6 13.7437 -17.578
5 24 4.1466 15.8647 .8018 -1.6662 7.0552 17.9906 -2.0058 10.0038 .1396 4.5924 14.5112 18.4027
5 24 6 19.3 1 4.1466 15.8647 .8018 4.5924 14.5112 18.4027 6 19.3 -20
5 24 3.5094 17.3915 -16.6572 6 19.3 -20 4.8708 19.3 -25.6784 4.1466 15.8647 .8018
5 24 -1.6662 7.0552 17.9906 -2.0058 10.0038 .1396 4.1466 15.8647 .8018 -6 8.6453 -.2304
5 24 -6 8.6453 -.2304 -1.6662 7.0552 17.9906 -2.0058 10.0038 .1396 -6 5.3803 17.73
5 24 3.5094 17.3915 -16.6572 -2.3262 14.4454 -17.2558 -2.0058 10.0038 .1396 4.8708 19.3 -25.6784
5 24 3.5094 17.3915 -16.6572 4.1466 15.8647 .8018 -2.0058 10.0038 .1396 6 19.3 -20
5 24 -2.0058 10.0038 .1396 4.1466 15.8647 .8018 3.5094 17.3915 -16.6572 -1.6662 7.0552 17.9906
5 24 -2.3262 14.4454 -17.2558 4.8708 19.3 -25.6784 3.5094 17.3915 -16.6572 -3.6558 19.3 -34.6347
5 24 5.0604 13.5852 36 6 19.3 18.5 4.5924 14.5112 18.4027 6 19.3 36
5 24 -2.3262 14.4454 -17.2558 -6 13.7437 -17.578 -6 8.6453 -.2304 -3.6558 19.3 -34.6347

0 // Lip Outside
4 16 -2.346 24 -38.478 -1.368 24 -37.8244 -.7686 23.7071 -37.4238 -.5203 23 -37.2579
4 16 -2.346 20 -38.478 -2.346 24 -38.478 -.5203 23 -37.2579 -.0965 20 -36.9746
4 16 8.478 20 -27.654 6.9746 20 -29.9035 7.2579 23 -29.4797 8.478 24 -27.654
4 16 7.8244 24 -28.632 8.478 24 -27.654 7.2579 23 -29.4797 7.4238 23.7071 -29.2314
4 16 -2.346 20 -38.478 -10 20 -40 -10 24 -40 -2.346 24 -38.478
4 16 10 20 -20 8.478 20 -27.654 8.478 24 -27.654 10 24 -20
4 16 10 20 10 9.998 20 0 10 24 -20 10 24 40
3 16 10 20 20 10 20 10 10 24 40
3 16 10 20 20 10 24 40 10 20 30
3 16 10 20 30 10 24 40 10 20 40
3 16 10 20 -20 10 24 -20 10 20 -10
3 16 10 20 -10 10 24 -20 9.998 20 0
2 24 10 20 20 10 20 10
2 24 8.478 20 -27.654 10 20 -20
2 24 9.998 20 0 10 20 -10
2 24 9.998 20 0 10 20 10
2 24 10 20 30 10 20 20
2 24 6.9746 20 -29.9035 8.478 20 -27.654
2 24 -10 20 -40 -2.346 20 -38.478
2 24 10 20 -10 10 20 -20
2 24 -2.346 20 -38.478 -.0965 20 -36.9746
2 24 -10 20 -40 -10 24 -40
5 24 10 20 40 10 20 30 8.478 12.346 40 10 24 40

4 16 -10 24 40 -10 0 40 -2.346 1.522 40 4.142 5.858 40
4 16 -10 24 40 4.142 5.858 40 8.478 12.346 40 10 20 40
3 16 -10 24 40 10 20 40 10 24 40
2 24 -10 0 40 -2.346 1.522 40
2 24 -2.346 1.522 40 4.142 5.858 40
2 24 4.142 5.858 40 8.478 12.346 40
2 24 8.478 12.346 40 10 20 40
2 24 10 20 40 10 24 40
2 24 -10 0 40 -10 24 40
4 16 -10 20 -40 -10 15.3881 -30.7649 -10 11.3587 -21.232 -10 24 -40
4 16 -10 24 -40 -10 11.3587 -21.232 -10 7.9254 -11.4218 -10 24 40
4 16 -10 24 40 -10 7.9254 -11.4218 -10 5.0896 -1.4062 -10 2.8712 8.784
4 16 -10 24 40 -10 2.8712 8.784 -10 1.2836 19.12 -10 .3134 29.5365
3 16 -10 .3134 29.5365 -10 0 40 -10 24 40
2 24 -10 20 -40 -10 15.3881 -30.7649
2 24 -10 15.3881 -30.7649 -10 11.3587 -21.232
2 24 -10 11.3587 -21.232 -10 7.9254 -11.4218
2 24 -10 5.0896 -1.4062 -10 7.9254 -11.4218
2 24 -10 0 40 -10 .3134 29.5365
2 24 -10 .3134 29.5365 -10 1.2836 19.12
2 24 -10 1.2836 19.12 -10 2.8712 8.784
2 24 -10 2.8712 8.784 -10 5.0896 -1.4062

0 // Stud3s
1 16 0 17 -20 1 0 0 0 -1.75 0 0 0 1 stud3a.dat
1 16 0 17 -20 4 0 0 0 -2 0 0 0 4 1-4cyls.dat
1 16 0 15 -20 4 0 0 0 -1.5 0 0 0 4 1-4cyls2.dat
1 16 0 17 -20 4 0 0 0 -3.5 0 0 0 -4 1-4cyls2.dat
1 16 0 17 -20 -4 0 0 0 -2 0 0 0 4 1-4cyli.dat

1 16 0 13 20 1 0 0 0 -2.75 0 0 0 1 stud3a.dat
1 16 0 13 20 4 0 0 0 -6 0 0 0 4 1-4cyls.dat
1 16 0 7 20 4 0 0 0 -1.6 0 0 0 4 1-4cyls2.dat
1 16 0 13 20 4 0 0 0 -6 0 0 0 -4 1-4cyls.dat
1 16 0 7 20 4 0 0 0 -1.6 0 0 0 -4 1-4cyls2.dat
1 16 0 13 20 0 0 -4 0 -6 0 -4 0 0 2-4cyli.dat

1 16 0 14 0 1 0 0 0 -2.5 0 0 0 1 stud3a.dat
1 16 0 14 0 4 0 0 0 -3.5 0 0 0 4 1-4cyls.dat
1 16 0 10.5 0 4 0 0 0 -2.5 0 0 0 4 1-4cyls2.dat
1 16 0 14 0 4 0 0 0 -3.5 0 0 0 -4 1-4cyls.dat
1 16 0 10.5 0 4 0 0 0 -2.5 0 0 0 -4 1-4cyls2.dat
1 16 0 14 0 0 0 -4 0 -3.5 0 -4 0 0 2-4cyli.dat

2 24 3.847 15.5793 .7696 4 15.8215 0
2 24 0 12.449 -4 1.5308 13.8901 -3.6956
2 24 -.6917 11.764 -3.8624 0 12.449 -4
2 24 2.8284 15.037 -2.8284 3.6956 15.7153 -1.5308
2 24 2.8284 15.037 -2.8284 1.5308 13.8901 -3.6956
2 24 3.6956 15.7153 -1.5308 4 15.8215 0
2 24 -1.5308 14.6163 -16.3044 0 15.3501 -16
2 24 0 15.3501 -16 1.5308 16.2453 -16.3044
2 24 -2.3184 14.3369 -16.8307 -1.5308 14.6163 -16.3044
2 24 -1.5308 11.2734 -3.6956 -2.0698 10.8911 -3.3354
2 24 -1.5308 11.2734 -3.6956 -.6917 11.764 -3.8624
2 24 1.5308 16.2453 -16.3044 2.2517 16.7566 -16.7862
2 24 1.5308 11.0673 16.3044 0 9.2654 16
2 24 0 9.2654 16 -1.0646 7.9669 16.2117
2 24 3.6078 13.3383 18.3379 2.8284 12.5293 17.1716
2 24 1.5308 11.0673 16.3044 2.8284 12.5293 17.1716
2 24 3.6956 15.2923 1.5308 3.847 15.5793 .7696
2 24 2.8284 14.2107 2.8284 1.5308 12.7896 3.6956
2 24 3.6956 15.2923 1.5308 2.8284 14.2107 2.8284
2 24 0 11.2452 4 -1.5308 9.8125 3.6956
2 24 1.5308 12.7896 3.6956 0 11.2452 4
2 24 -1.5308 9.8125 3.6956 -1.9434 9.462 3.4199
2 24 -1.6962 7.3155 16.4149 -1.5308 7.4966 16.3044
2 24 -1.5308 7.4966 16.3044 -1.0646 7.9669 16.2117
2 24 4 13.6673 20 3.6956 13.1737 21.5308
2 24 2.8284 12.0261 22.8284 1.5308 10.3998 23.6956
2 24 2.8284 12.0261 22.8284 3.6956 13.1737 21.5308
2 24 1.5308 10.3998 23.6956 .5384 9.1953 23.8929
2 24 3.6078 13.3383 18.3379 3.6956 13.4322 18.4692
2 24 4 13.6673 20 3.6956 13.4322 18.4692
2 24 0 8.4856 24 -1.5308 6.5412 23.6956
2 24 0 8.4856 24 .5384 9.1953 23.8929
2 24 -1.5308 6.5412 23.6956 -1.5812 6.48 23.6619
2 24 -2.9194 14.3321 -17.3078 -2.8284 14.3118 -17.1716
2 24 -2.4054 14.3204 -16.8889 -2.8284 14.3118 -17.1716
2 24 -1.9937 7.1754 16.6137 -2.8284 6.7422 17.1716
2 24 -2.8284 6.7422 17.1716 -3.3097 6.42 17.8918
2 24 -2.8284 9.2486 2.8284 -3.6956 9.1629 1.5308
2 24 -1.9434 9.462 3.4199 -2.8284 9.2486 2.8284
2 24 -1.6962 7.3155 16.4149 -1.9937 7.1754 16.6137
2 24 -3.9912 9.3285 -.0443 -4 9.3178 0
2 24 -3.6956 9.1629 1.5308 -4 9.3178 0
2 24 -3.6956 5.8779 21.5308 -2.8284 6.0794 22.8284
2 24 -2.8284 6.0794 22.8284 -1.5812 6.48 23.6619
2 24 -4 5.9226 20 -3.6956 6.2064 18.4692
2 24 -4 5.9226 20 -3.6956 5.8779 21.5308
2 24 -3.3097 6.42 17.8918 -3.6956 6.2064 18.4692
2 24 3.6956 18.1377 -21.5308 2.8284 17.861 -22.8284
2 24 2.8284 17.861 -22.8284 2.5783 17.7537 -22.9955
2 24 4 18.0915 -20 3.6956 18.1377 -21.5308
2 24 3.6956 17.7296 -18.4692 4 18.0915 -20
2 24 2.2517 16.7566 -16.7862 2.8284 17.107 -17.1716
2 24 2.8284 17.107 -17.1716 3.6956 17.7296 -18.4692
2 24 -3.6956 14.5074 -18.4692 -2.9194 14.3321 -17.3078
2 24 -3.6956 15.4134 -21.5308 -4 14.8944 -20
2 24 -3.6956 14.5074 -18.4692 -4 14.8944 -20
2 24 -2.8284 15.9856 -22.8284 -2.7562 16.0155 -22.8766
2 24 -2.8284 15.9856 -22.8284 -3.6956 15.4134 -21.5308
2 24 -3.9912 9.3285 -.0443 -3.6956 9.8258 -1.5308
2 24 -2.3184 14.3369 -16.8307 -2.4054 14.3204 -16.8889
2 24 -2.8284 10.4818 -2.8284 -2.0698 10.8911 -3.3354
2 24 -2.8284 10.4818 -2.8284 -3.6956 9.8258 -1.5308
2 24 -1.5308 16.6553 -23.6956 -2.7562 16.0155 -22.8766
2 24 1.5308 17.6321 -23.6956 0 17.2361 -24
2 24 -1.5308 16.6553 -23.6956 0 17.2361 -24
2 24 1.5308 17.6321 -23.6956 2.5783 17.7537 -22.9955

0 // Cond Lines
5 24 10 20 -20 10 24 -20 8.478 20 -27.654 10 20 -10
5 24 1.5853 16.6568 -28.7075 1.371 13.9279 -20.4725 -3.877 12.3042 -20.8638 5.1675 17.9041 -28
5 24 6.455 15.686 -10.2534 10 20 -20 10 20 -10 5.849 16.6106 -20.1797
5 24 8.478 12.346 40 10 20 30 8.06 12.6369 29.947 10 20 40
5 24 -10 .3134 29.5365 -2.525 2.3055 29.6934 -2.346 1.522 40 -10 1.2836 19.12
5 24 1.5853 16.6568 -28.7075 -3.667 15.5795 -29.704 -3.877 12.3042 -20.8638 3.3773 19 -32.5165
5 24 7.654 13.2786 19.8888 10 20 20 8.06 12.6369 29.947 10 20 10
5 24 6.455 15.686 -10.2534 6.911 14.7469 -.2265 2.363 10.3374 -.5426 10 20 -10
5 24 -3.667 15.5795 -29.704 -.5295 19 -35.1274 3.3773 19 -32.5165 -.7393 19.3 -35.853
5 24 -3.877 12.3042 -20.8638 -3.722 9.4734 -10.985 -10 7.9254 -11.4218 1.371 13.9279 -20.4725
5 24 1.371 13.9279 -20.4725 -3.877 12.3042 -20.8638 1.5853 16.6568 -28.7075 -3.722 9.4734 -10.985
5 24 -2.525 2.3055 29.6934 -10 1.2836 19.12 -2.777 3.5248 19.4178 -10 .3134 29.5365
5 24 4 12 36 6 19.3 1 4 14 10 6 20 36
5 24 -3.667 15.5795 -29.704 -.7393 19.3 -35.853 -2.346 20 -38.478 -.5295 19 -35.1274
5 24 3.3773 19 -32.5165 -3.667 15.5795 -29.704 -.5295 19 -35.1274 1.5853 16.6568 -28.7075
5 24 7.309 13.9219 9.8254 9.998 20 0 6.911 14.7469 -.2265 10 20 10
5 24 5.1675 17.9041 -28 1.371 13.9279 -20.4725 5.849 16.6106 -20.1797 1.5853 16.6568 -28.7075
5 24 -3.343 6.9122 -.9833 -10 5.0896 -1.4062 -10 2.8712 8.784 -3.722 9.4734 -10.985
5 24 3.291 7.7864 19.7028 -2.777 3.5248 19.4178 3.722 6.827 29.8534 2.842 8.9192 9.5618
5 24 7.309 13.9219 9.8254 3.291 7.7864 19.7028 2.842 8.9192 9.5618 7.654 13.2786 19.8888
5 24 -3.667 15.5795 -29.704 -3.877 12.3042 -20.8638 -10 11.3587 -21.232 1.5853 16.6568 -28.7075
5 24 -3.722 9.4734 -10.985 1.371 13.9279 -20.4725 -3.877 12.3042 -20.8638 1.901 12.0476 -10.5806
5 24 -3.877 12.3042 -20.8638 -10 7.9254 -11.4218 -3.722 9.4734 -10.985 -10 11.3587 -21.232
5 24 3.722 6.827 29.8534 3.291 7.7864 19.7028 -2.525 2.3055 29.6934 7.654 13.2786 19.8888
5 24 6.911 14.7469 -.2265 7.309 13.9219 9.8254 2.842 8.9192 9.5618 9.998 20 0
5 24 8.478 20 -27.654 5.1675 17.9041 -28 5.849 16.6106 -20.1797 6.186 19.3 -29.5291
5 24 7.654 13.2786 19.8888 8.06 12.6369 29.947 3.722 6.827 29.8534 10 20 20
5 24 10 20 20 8.06 12.6369 29.947 7.654 13.2786 19.8888 10 20 30
5 24 -10 11.3587 -21.232 -3.877 12.3042 -20.8638 -3.667 15.5795 -29.704 -10 7.9254 -11.4218
5 24 5.5434 19.3 -27.7038 5.5434 23.1048 -27.7038 4.6347 19.3 -26.3441 5.7341 20 -28.663
5 24 10 20 -20 5.849 16.6106 -20.1797 8.478 20 -27.654 6.455 15.686 -10.2534
5 24 -10 .3134 29.5365 -2.346 1.522 40 -2.525 2.3055 29.6934 -10 0 40
5 24 1.901 12.0476 -10.5806 5.849 16.6106 -20.1797 6.455 15.686 -10.2534 1.371 13.9279 -20.4725
5 24 2.363 10.3374 -.5426 -3.062 5.0363 9.1828 2.842 8.9192 9.5618 -3.343 6.9122 -.9833
5 24 7.654 13.2786 19.8888 3.722 6.827 29.8534 3.291 7.7864 19.7028 8.06 12.6369 29.947
5 24 7.309 13.9219 9.8254 7.654 13.2786 19.8888 3.291 7.7864 19.7028 10 20 10
5 24 -10 11.3587 -21.232 -3.667 15.5795 -29.704 -3.877 12.3042 -20.8638 -10 15.3881 -30.7649
5 24 5.1675 17.9041 -28 1.5853 16.6568 -28.7075 1.371 13.9279 -20.4725 4.6313 19 -31.2115
5 24 -10 1.2836 19.12 -2.777 3.5248 19.4178 -10 2.8712 8.784 -2.525 2.3055 29.6934
5 24 2.842 8.9192 9.5618 7.309 13.9219 9.8254 3.291 7.7864 19.7028 6.911 14.7469 -.2265
5 24 -3.343 6.9122 -.9833 -10 2.8712 8.784 -10 5.0896 -1.4062 -3.062 5.0363 9.1828
5 24 -2.777 3.5248 19.4178 -3.062 5.0363 9.1828 -10 1.2836 19.12 2.842 8.9192 9.5618
5 24 -2.777 3.5248 19.4178 -2.525 2.3055 29.6934 3.291 7.7864 19.7028 -10 1.2836 19.12
5 24 -3.062 5.0363 9.1828 2.842 8.9192 9.5618 2.363 10.3374 -.5426 -2.777 3.5248 19.4178
5 24 8.478 20 -27.654 8.478 24 -27.654 6.9746 20 -29.9035 10 24 -20
5 24 10 20 30 8.06 12.6369 29.947 8.478 12.346 40 10 20 20
5 24 4.142 5.858 40 3.722 6.827 29.8534 8.06 12.6369 29.947 -2.525 2.3055 29.6934
5 24 10 20 -10 6.911 14.7469 -.2265 6.455 15.686 -10.2534 9.998 20 0
5 24 -10 5.0896 -1.4062 -3.722 9.4734 -10.985 -10 7.9254 -11.4218 -3.343 6.9122 -.9833
5 24 6.455 15.686 -10.2534 5.849 16.6106 -20.1797 10 20 -20 1.901 12.0476 -10.5806
5 24 -3.722 9.4734 -10.985 -3.343 6.9122 -.9833 1.901 12.0476 -10.5806 -10 5.0896 -1.4062
5 24 5.1675 17.9041 -28 5.849 16.6106 -20.1797 1.371 13.9279 -20.4725 8.478 20 -27.654
5 24 -3.667 15.5795 -29.704 -2.346 20 -38.478 -10 15.3881 -30.7649 -.7393 19.3 -35.853
5 24 -3.722 9.4734 -10.985 -10 7.9254 -11.4218 -10 5.0896 -1.4062 -3.877 12.3042 -20.8638
5 24 1.901 12.0476 -10.5806 -3.343 6.9122 -.9833 -3.722 9.4734 -10.985 2.363 10.3374 -.5426
5 24 1.901 12.0476 -10.5806 1.371 13.9279 -20.4725 5.849 16.6106 -20.1797 -3.722 9.4734 -10.985
5 24 8.478 20 -27.654 5.849 16.6106 -20.1797 5.1675 17.9041 -28 10 20 -20
5 24 8.06 12.6369 29.947 3.722 6.827 29.8534 4.142 5.858 40 7.654 13.2786 19.8888
5 24 2.842 8.9192 9.5618 3.291 7.7864 19.7028 -2.777 3.5248 19.4178 7.309 13.9219 9.8254
5 24 6.455 15.686 -10.2534 1.901 12.0476 -10.5806 2.363 10.3374 -.5426 5.849 16.6106 -20.1797
5 24 10 20 -10 6.455 15.686 -10.2534 6.911 14.7469 -.2265 10 20 -20
5 24 -2.346 1.522 40 -2.525 2.3055 29.6934 4.142 5.858 40 -10 .3134 29.5365
5 24 -2.346 24 -38.478 -2.346 20 -38.478 -10 20 -40 -.5203 23 -37.2579
5 24 5.849 16.6106 -20.1797 1.371 13.9279 -20.4725 5.1675 17.9041 -28 1.901 12.0476 -10.5806
5 24 1.5853 16.6568 -28.7075 -3.877 12.3042 -20.8638 -3.667 15.5795 -29.704 1.371 13.9279 -20.4725
5 24 2.363 10.3374 -.5426 6.911 14.7469 -.2265 6.455 15.686 -10.2534 2.842 8.9192 9.5618
5 24 6.455 15.686 -10.2534 2.363 10.3374 -.5426 1.901 12.0476 -10.5806 6.911 14.7469 -.2265
5 24 -3.062 5.0363 9.1828 -10 2.8712 8.784 -2.777 3.5248 19.4178 -3.343 6.9122 -.9833
5 24 9.998 20 0 6.911 14.7469 -.2265 10 20 -10 7.309 13.9219 9.8254
5 24 1.5853 16.6568 -28.7075 3.3773 19 -32.5165 4.6313 19 -31.2115 -3.667 15.5795 -29.704
5 24 6.911 14.7469 -.2265 2.842 8.9192 9.5618 2.363 10.3374 -.5426 7.309 13.9219 9.8254
5 24 2.842 8.9192 9.5618 2.363 10.3374 -.5426 6.911 14.7469 -.2265 -3.062 5.0363 9.1828
5 24 4.6347 23.7359 -26.3441 4.6347 19.3 -26.3441 4.8708 19.3 -25.6784 5.5434 23.1048 -27.7038
5 24 -2.346 20 -38.478 -10 15.3881 -30.7649 -10 20 -40 -3.667 15.5795 -29.704
5 24 1.901 12.0476 -10.5806 2.363 10.3374 -.5426 -3.343 6.9122 -.9833 6.455 15.686 -10.2534
5 24 4 14 10 4 12 36 -4 7.2176 10 6 19.3 1
5 24 -3.343 6.9122 -.9833 2.363 10.3374 -.5426 -3.062 5.0363 9.1828 1.901 12.0476 -10.5806
5 24 4.6313 19 -31.2115 5.1675 17.9041 -28 1.5853 16.6568 -28.7075 5.5275 19 -29.8706
5 24 4.142 5.858 40 8.06 12.6369 29.947 8.478 12.346 40 3.722 6.827 29.8534
5 24 -2.525 2.3055 29.6934 4.142 5.858 40 -2.346 1.522 40 3.722 6.827 29.8534
5 24 -10 15.3881 -30.7649 -3.667 15.5795 -29.704 -10 11.3587 -21.232 -2.346 20 -38.478
5 24 1.901 12.0476 -10.5806 -3.722 9.4734 -10.985 -3.343 6.9122 -.9833 1.371 13.9279 -20.4725
5 24 -2.525 2.3055 29.6934 3.722 6.827 29.8534 -2.777 3.5248 19.4178 4.142 5.858 40
5 24 10 20 10 7.654 13.2786 19.8888 7.309 13.9219 9.8254 10 20 20
5 24 -2.777 3.5248 19.4178 2.842 8.9192 9.5618 3.291 7.7864 19.7028 -3.062 5.0363 9.1828
5 24 7.309 13.9219 9.8254 10 20 10 9.998 20 0 7.654 13.2786 19.8888
5 24 8.478 12.346 40 8.06 12.6369 29.947 10 20 30 4.142 5.858 40
5 24 -3.062 5.0363 9.1828 -3.343 6.9122 -.9833 -10 2.8712 8.784 2.363 10.3374 -.5426
5 24 3.291 7.7864 19.7028 7.654 13.2786 19.8888 3.722 6.827 29.8534 7.309 13.9219 9.8254