0 ~Windscreen  4 x  8 x  1 Curved without Patternable Surfaces - Half
0 Name: s\7207s02.dat
0 Author: Gerald Lasser [GeraldLasser]
0 !LDRAW_ORG Unofficial_Subpart
0 !LICENSE Licensed under CC BY 4.0 : see CAreadme.txt

0 BFC CERTIFY CCW

0 // Bottom - Cavity Centre
3 16 -3.3 0 -9.855 -13.5 0 -6 -2.5 0 -9
4 16 0 0 -9 -2.5 0 -9 -13.5 0 -6 0 0 -6
4 16 -3.3 0 -9.855 -6.976 0 -9.696 -13.888 0 -8.784 -13.5 0 -6
1 16 -13.5 0 -3.5 -2.5 0 0 0 -1 0 0 0 -2.5 1-4ndis.dat
4 16 -16 0 -6 -13.5 0 -6 -13.888 0 -8.784 -20.704 0 -7.272
4 16 -16 0 -3.5 -16 0 -6 -20.704 0 -7.272 -20 0 -3.3
4 16 -16 0 -3.5 -20 0 -3.3 -20 0 6.4 -16 0 6
4 16 0 0 9 0 0 6 -16 0 6 -14 0 9
1 16 -24 0 6.4 4 0 0 0 -1 0 0 0 4 3-16tndis.dat
1 16 -14 0 13 0 0 -4 0 -1 0 -4 0 0 3-16tndis.dat
4 16 -14 0 9 -16 0 6 -20 0 6.4 -17.6956 0 9
4 16 -17.6956 0 9 -20 0 6.4 -20 0 10.0956 -17.6956 0 11.4692
4 16 -20.524 0 12.6408 -18.9982 0 12.3132 -20 0 10.0956 -22.4692 0 10.0956
3 16 -18.9982 0 12.3132 -17.6956 0 11.4692 -20 0 10.0956
0 BFC INVERTNEXT
1 16 -13.5 0 -3.5 -2.5 0 0 0 -4.8 0 0 0 -2.5 1-4cylo.dat
0 BFC INVERTNEXT
1 16 -8 -2.4 1.25 0 -8 0 2.4 0 0 0 0 4.75 box2-7.dat
1 16 -6.75 -2.4 -6 6.75 0 0 0 0 2.4 0 -1 0 rect2p.dat
1 16 -13.5 -4.8 -3.5 -2.5 0 0 0 -1 0 0 0 -2.5 1-4chrd.dat
3 16 -13.5 -4.8 -6 -16 -4.8 -3.5 -16 -4.8 6
4 16 0 -4.8 -6 -13.5 -4.8 -6 -16 -4.8 6 0 -4.8 6

0 // Bottom - Stud Cut-Out Centre
4 16 -26.9201 0 14.6855 -20.524 0 12.6408 -22.4692 0 10.0956 -26.7 0 11.4
4 16 -32.371 0 9.964 -32 0 10.448 -26.7 0 11.4 -28.141 0 8.25
3 16 -27.6081 0 14.2256 -26.9201 0 14.6855 -26.7 0 11.4
4 16 -26.7 0 11.4 -32 0 10.448 -28.7569 0 13.75 -27.6081 0 14.2256
4 16 -32.374 0 10.93 -30 0 13.75 -28.7569 0 13.75 -32 0 10.448
4 16 -42.7842 0 7.2139 -32.371 0 9.964 -28.141 0 8.25 -38.559 0 5.458
3 16 -38.925 0 5.043 -42.7842 0 7.2139 -38.559 0 5.458
4 16 -38.684 0 4.545 -40 0 .72 -45.888 0 4.464 -42.7842 0 7.2139
4 16 -20 0 -3.3 -20.704 0 -7.272 -23.9737 0 -6.2424 -22.3916 0 -2.551
4 16 -37.111 0 3.7211 -38.6897 0 .0378 -40 0 .72 -38.684 0 4.545
3 16 -42.7842 0 7.2139 -38.925 0 5.043 -38.684 0 4.545
1 16 -30 0 20 0 0 6.25 0 -1 0 -6.25 0 0 1-16tang.dat
2 24 -22.3916 0 -2.551 -20 0 -3.3
2 24 -20 0 -3.3 -20 0 6.4
2 24 -22.4692 0 10.0956 -26.7 0 11.4
2 24 -26.7 0 11.4 -28.141 0 8.25
2 24 -28.141 0 8.25 -38.559 0 5.458
2 24 -38.559 0 5.458 -38.925 0 5.043
2 24 -38.925 0 5.043 -38.684 0 4.545
2 24 -38.684 0 4.545 -37.111 0 3.7211
2 24 -23.2727 -.3808 -2.2735 -22.3916 0 -2.551
2 24 -23.6377 -1.3 -2.1586 -23.2727 -.3808 -2.2735
2 24 -24.1944 -4.4192 -1.9833 -23.8294 -3.5 -2.0982
2 24 -24.1944 -4.4192 -1.9833 -25.0756 -4.8 -1.7058
2 24 -23.8294 -3.5 -2.0982 -23.6377 -1.3 -2.1586
2 24 -36.2934 -.3808 3.2954 -37.111 0 3.7211
2 24 -35.9547 -1.3 3.1191 -36.2934 -.3808 3.2954
2 24 -35.4381 -4.4192 2.8501 -35.7768 -3.5 3.0264
2 24 -35.4381 -4.4192 2.8501 -34.6205 -4.8 2.4244
2 24 -35.7768 -3.5 3.0264 -35.9547 -1.3 3.1191
4 16 -22.3916 0 -2.551 -23.9737 0 -6.2424 -24.8548 -.3808 -5.9649 -23.2727 -.3808 -2.2735
4 16 -23.2727 -.3808 -2.2735 -24.8548 -.3808 -5.9649 -25.2198 -1.3 -5.8499 -23.6377 -1.3 -2.1586
4 16 -23.6377 -1.3 -2.1586 -25.2198 -1.3 -5.8499 -25.4116 -3.5 -5.7896 -23.8294 -3.5 -2.0982
4 16 -23.8294 -3.5 -2.0982 -25.4116 -3.5 -5.7896 -25.7766 -4.4192 -5.6746 -24.1944 -4.4192 -1.9833
4 16 -25.7766 -4.4192 -5.6746 -26.6577 -4.8 -5.3971 -25.0756 -4.8 -1.7058 -24.1944 -4.4192 -1.9833
4 16 -36.1992 -4.8 -1.259 -34.6205 -4.8 2.4244 -25.0756 -4.8 -1.7058 -33.808 -4.8 -2.504
4 16 -26.6577 -4.8 -5.3971 -27.36 -4.8 -5.176 -33.808 -4.8 -2.504 -25.0756 -4.8 -1.7058
4 16 -34.6205 -4.8 2.4244 -36.1992 -4.8 -1.259 -37.0168 -4.4192 -.8333 -35.4381 -4.4192 2.8501
4 16 -35.4381 -4.4192 2.8501 -37.0168 -4.4192 -.8333 -37.3555 -3.5 -.6569 -35.7768 -3.5 3.0264
4 16 -35.7768 -3.5 3.0264 -37.3555 -3.5 -.6569 -37.5334 -1.3 -.5643 -35.9547 -1.3 3.1191
4 16 -35.9547 -1.3 3.1191 -37.5334 -1.3 -.5643 -37.8721 -.3808 -.388 -36.2934 -.3808 3.2954
4 16 -37.8721 -.3808 -.388 -38.6897 0 .0378 -37.111 0 3.7211 -36.2934 -.3808 3.2954
2 24 -20 -4.8 -3.3 -20 -4.8 6.4
2 24 -22.4692 -4.8 10.0956 -26.7 -4.8 11.4
2 24 -26.7 -4.8 11.4 -28.141 -4.8 8.25
2 24 -28.141 -4.8 8.25 -38.559 -4.8 5.458
2 24 -38.559 -4.8 5.458 -38.925 -4.8 5.043
2 24 -38.925 -4.8 5.043 -38.684 -4.8 4.545
2 24 -38.684 -4.8 4.545 -34.6205 -4.8 2.4244
2 24 -28.141 -4.8 8.25 -28.141 0 8.25
2 24 -26.7 -4.8 11.4 -26.7 0 11.4
2 24 -20 0 -3.3 -20 -4.8 -3.3
2 24 -25.0756 -4.8 -1.7058 -20 -4.8 -3.3
4 16 -23.2727 -.3808 -2.2735 -23.6377 -1.3 -2.1586 -23.8294 -3.5 -2.0982 -22.3916 0 -2.551
4 16 -20 0 -3.3 -22.3916 0 -2.551 -23.8294 -3.5 -2.0982 -20 -4.8 -3.3
3 16 -20 -4.8 -3.3 -23.8294 -3.5 -2.0982 -24.1944 -4.4192 -1.9833
3 16 -20 -4.8 -3.3 -24.1944 -4.4192 -1.9833 -25.0756 -4.8 -1.7058
4 16 -20 0 -3.3 -20 -4.8 -3.3 -20 -4.8 6.4 -20 0 6.4
4 16 -26.7 0 11.4 -22.4692 0 10.0956 -22.4692 -4.8 10.0956 -26.7 -4.8 11.4
4 16 -26.7 0 11.4 -26.7 -4.8 11.4 -28.141 -4.8 8.25 -28.141 0 8.25
4 16 -28.141 0 8.25 -28.141 -4.8 8.25 -38.559 -4.8 5.458 -38.559 0 5.458
4 16 -38.559 -4.8 5.458 -38.925 -4.8 5.043 -38.925 0 5.043 -38.559 0 5.458
4 16 -38.925 0 5.043 -38.925 -4.8 5.043 -38.684 -4.8 4.545 -38.684 0 4.545
0 BFC INVERTNEXT
1 16 -24 0 6.4 4 0 0 0 -4.8 0 0 0 4 3-16cylo.dat
4 16 -35.9547 -1.3 3.1191 -36.2934 -.3808 3.2954 -37.111 0 3.7211 -38.684 0 4.545
4 16 -38.684 -4.8 4.545 -35.7768 -3.5 3.0264 -35.9547 -1.3 3.1191 -38.684 0 4.545
3 16 -35.7768 -3.5 3.0264 -38.684 -4.8 4.545 -35.4381 -4.4192 2.8501
3 16 -35.4381 -4.4192 2.8501 -38.684 -4.8 4.545 -34.6205 -4.8 2.4244
4 16 -22.4692 -4.8 10.0956 -20 -4.8 6.4 -20 -4.8 -3.3 -25.0756 -4.8 -1.7058
4 16 -26.7 -4.8 11.4 -22.4692 -4.8 10.0956 -25.0756 -4.8 -1.7058 -28.141 -4.8 8.25
4 16 -28.141 -4.8 8.25 -25.0756 -4.8 -1.7058 -34.6205 -4.8 2.4244 -38.559 -4.8 5.458
4 16 -38.684 -4.8 4.545 -38.925 -4.8 5.043 -38.559 -4.8 5.458 -34.6205 -4.8 2.4244
1 16 -24 -4.8 6.4 4 0 0 0 -1 0 0 0 4 3-16chrd.dat
5 24 -22.4692 0 10.0956 -22.4692 -4.8 10.0956 -21.1716 -4.8 9.2284 -26.7 -4.8 11.4
5 24 -37.8721 -.3808 -.388 -36.2934 -.3808 3.2954 -35.9547 -1.3 3.1191 -38.6897 0 .0378
5 24 -23.8294 -3.5 -2.0982 -25.4116 -3.5 -5.7896 -25.7766 -4.4192 -5.6746 -23.6377 -1.3 -2.1586
5 24 -37.111 0 3.7211 -38.6897 0 .0378 -40 0 .72 -36.2934 -.3808 3.2954
5 24 -24.8548 -.3808 -5.9649 -23.2727 -.3808 -2.2735 -22.3916 0 -2.551 -25.2198 -1.3 -5.8499
5 24 -37.3555 -3.5 -.6569 -35.7768 -3.5 3.0264 -37.5334 -1.3 -.5643 -35.4381 -4.4192 2.8501
5 24 -23.6377 -1.3 -2.1586 -25.2198 -1.3 -5.8499 -23.2727 -.3808 -2.2735 -25.4116 -3.5 -5.7896
5 24 -25.0756 -4.8 -1.7058 -26.6577 -4.8 -5.3971 -27.36 -4.8 -5.176 -24.1944 -4.4192 -1.9833
5 24 -24.1944 -4.4192 -1.9833 -25.7766 -4.4192 -5.6746 -26.6577 -4.8 -5.3971 -23.8294 -3.5 -2.0982
5 24 -35.9547 -1.3 3.1191 -37.5334 -1.3 -.5643 -35.7768 -3.5 3.0264 -37.8721 -.3808 -.388
5 24 -38.925 -4.8 5.043 -38.925 0 5.043 -38.559 -4.8 5.458 -38.684 -4.8 4.545
5 24 -38.559 -4.8 5.458 -38.559 0 5.458 -38.925 -4.8 5.043 -28.141 0 8.25
5 24 -38.684 0 4.545 -38.684 -4.8 4.545 -38.925 0 5.043 -35.7768 -3.5 3.0264
5 24 -37.0168 -4.4192 -.8333 -35.4381 -4.4192 2.8501 -37.3555 -3.5 -.6569 -34.6205 -4.8 2.4244
5 24 -34.6205 -4.8 2.4244 -36.1992 -4.8 -1.259 -37.0168 -4.4192 -.8333 -25.0756 -4.8 -1.7058
5 24 -23.9737 0 -6.2424 -22.3916 0 -2.551 -24.8548 -.3808 -5.9649 -20 0 -3.3
5 24 -35.4381 -4.4192 2.8501 -38.684 -4.8 4.545 -35.7768 -3.5 3.0264 -34.6205 -4.8 2.4244

0 // Bottom - Blind Cavity - Centre
1 16 -30 0 20 0 0 -6.25 0 -1 0 -6.25 0 0 3-16ndis.dat
3 16 -30 0 13.75 -32.374 0 10.93 -34.483 0 11.766
3 16 -30 0 13.75 -34.483 0 11.766 -36.086 0 12.869
3 16 -30 0 13.75 -36.086 0 12.869 -36.25 0 13.75
3 16 -36.25 0 13.75 -36.086 0 12.869 -37.621 0 14.54
3 16 -36.25 0 13.75 -37.621 0 14.54 -38.584 0 16.231
3 16 -36.25 0 13.75 -38.584 0 16.231 -35.7744 0 17.6081
3 16 -35.7744 0 17.6081 -38.584 0 16.231 -35.9766 0 18.6251
3 16 -35.9766 0 18.6251 -38.584 0 16.231 -40 0 20.72
3 16 -38.584 0 16.231 -40.671 0 17.361 -40 0 20.72
4 16 -48.363 0 11.324 -41.1381 0 21.4437 -40 0 20.72 -40.671 0 17.361
4 16 -40.671 0 17.361 -46.1397 0 9.6982 -51.424 0 8.72 -48.363 0 11.324
4 16 -51.424 0 8.72 -46.1397 0 9.6982 -42.7842 0 7.2139 -45.888 0 4.464
2 24 -32.371 0 9.964 -32 0 10.448
2 24 -32 0 10.448 -32.374 0 10.93
2 24 -32.374 0 10.93 -34.483 0 11.766
2 24 -34.483 0 11.766 -36.086 0 12.869
2 24 -36.086 0 12.869 -37.621 0 14.54
2 24 -37.621 0 14.54 -38.584 0 16.231
2 24 -38.584 0 16.231 -40.671 0 17.361
2 24 -40.671 0 17.361 -46.1397 0 9.6982
2 24 -46.1397 0 9.6982 -42.7842 0 7.2139
2 24 -42.7842 0 7.2139 -32.371 0 9.964
2 24 -32.371 -4.8 9.964 -32 -4.8 10.448
2 24 -32 -4.8 10.448 -32.374 -4.8 10.93
2 24 -32.374 -4.8 10.93 -34.483 -4.8 11.766
2 24 -34.483 -4.8 11.766 -36.086 -4.8 12.869
2 24 -36.086 -4.8 12.869 -37.621 -4.8 14.54
2 24 -37.621 -4.8 14.54 -38.584 -4.8 16.231
2 24 -38.584 -4.8 16.231 -40.671 -4.8 17.361
2 24 -40.671 -4.8 17.361 -46.1397 -4.8 9.6982
2 24 -46.1397 -4.8 9.6982 -42.7842 -4.8 7.2139
2 24 -42.7842 -4.8 7.2139 -32.371 -4.8 9.964
2 24 -38.584 -4.8 16.231 -38.584 0 16.231
2 24 -40.671 -4.8 17.361 -40.671 0 17.361
2 24 -46.1397 -4.8 9.6982 -46.1397 0 9.6982
2 24 -42.7842 -4.8 7.2139 -42.7842 0 7.2139
4 16 -32.374 -4.8 10.93 -32.374 0 10.93 -32 0 10.448 -32 -4.8 10.448
4 16 -32 0 10.448 -32.371 0 9.964 -32.371 -4.8 9.964 -32 -4.8 10.448
4 16 -32.371 -4.8 9.964 -32.371 0 9.964 -42.7842 0 7.2139 -42.7842 -4.8 7.2139
4 16 -46.1397 -4.8 9.6982 -42.7842 -4.8 7.2139 -42.7842 0 7.2139 -46.1397 0 9.6982
4 16 -46.1397 -4.8 9.6982 -46.1397 0 9.6982 -40.671 0 17.361 -40.671 -4.8 17.361
4 16 -40.671 0 17.361 -38.584 0 16.231 -38.584 -4.8 16.231 -40.671 -4.8 17.361
4 16 -37.621 -4.8 14.54 -38.584 -4.8 16.231 -38.584 0 16.231 -37.621 0 14.54
4 16 -36.086 0 12.869 -36.086 -4.8 12.869 -37.621 -4.8 14.54 -37.621 0 14.54
4 16 -34.483 -4.8 11.766 -36.086 -4.8 12.869 -36.086 0 12.869 -34.483 0 11.766
4 16 -32.374 -4.8 10.93 -34.483 -4.8 11.766 -34.483 0 11.766 -32.374 0 10.93
5 24 -36.086 -4.8 12.869 -36.086 0 12.869 -34.483 0 11.766 -37.621 -4.8 14.54
5 24 -32 0 10.448 -32 -4.8 10.448 -32.371 -4.8 9.964 -32.374 -4.8 10.93
5 24 -34.483 0 11.766 -34.483 -4.8 11.766 -32.374 0 10.93 -36.086 -4.8 12.869
5 24 -32.374 -4.8 10.93 -32.374 0 10.93 -32 0 10.448 -34.483 -4.8 11.766
5 24 -37.621 0 14.54 -37.621 -4.8 14.54 -36.086 0 12.869 -38.584 -4.8 16.231
5 24 -32.371 -4.8 9.964 -32.371 0 9.964 -42.7842 0 7.2139 -32 -4.8 10.448
4 16 -32.374 -4.8 10.93 -32 -4.8 10.448 -32.371 -4.8 9.964 -34.483 -4.8 11.766
4 16 -34.483 -4.8 11.766 -32.371 -4.8 9.964 -42.7842 -4.8 7.2139 -46.1397 -4.8 9.6982
4 16 -40.671 -4.8 17.361 -38.584 -4.8 16.231 -37.621 -4.8 14.54 -46.1397 -4.8 9.6982
3 16 -36.086 -4.8 12.869 -34.483 -4.8 11.766 -46.1397 -4.8 9.6982
3 16 -46.1397 -4.8 9.6982 -37.621 -4.8 14.54 -36.086 -4.8 12.869

0 // Bottom - Stud Cutout 45 deg
4 16 -51.2761 0 14.0037 -48.363 0 11.324 -51.424 0 8.72 -52.3919 0 14.2256
4 16 -51.424 0 8.72 -56.568 0 13.432 -54.4194 0 15.5806 -52.3919 0 14.2256
4 16 -61.28 0 18.576 -55.7744 0 17.6081 -54.4194 0 15.5806 -56.568 0 13.432
4 16 -55.7744 0 17.6081 -61.28 0 18.576 -57.5299 0 20.3982 -55.9963 0 18.7239
4 16 -55.3026 0 28.2085 -57.5299 0 20.3982 -61.28 0 18.576 -59.3274 0 22.5929
3 16 -51.424 0 28.72 -57.5299 0 20.3982 -55.3026 0 28.2085
2 24 -41.1381 0 21.4437 -48.363 0 11.324
2 24 -48.363 0 11.324 -51.2761 0 14.0037
2 24 -52.3919 0 14.2256 -51.2761 0 14.0037
2 24 -54.4194 0 15.5806 -52.3919 0 14.2256
2 24 -54.4194 0 15.5806 -55.7744 0 17.6081
2 24 -55.7744 0 17.6081 -55.9963 0 18.7239
2 24 -55.9963 0 18.7239 -57.5299 0 20.3982
2 24 -57.5299 0 20.3982 -51.424 0 28.72
2 24 -41.1381 -4.8 21.4437 -48.363 -4.8 11.324
2 24 -48.363 -4.8 11.324 -51.2761 -4.8 14.0037
2 24 -52.3919 -4.8 14.2256 -51.2761 -4.8 14.0037
2 24 -54.4194 -4.8 15.5806 -52.3919 -4.8 14.2256
2 24 -54.4194 -4.8 15.5806 -55.7744 -4.8 17.6081
2 24 -55.7744 -4.8 17.6081 -55.9963 -4.8 18.7239
2 24 -55.9963 -4.8 18.7239 -57.5299 -4.8 20.3982
2 24 -57.5299 -4.8 20.3982 -51.424 -4.8 28.72
4 16 -48.363 -4.8 11.324 -41.1381 -4.8 21.4437 -41.1381 0 21.4437 -48.363 0 11.324
4 16 -48.363 -4.8 11.324 -48.363 0 11.324 -51.2761 0 14.0037 -51.2761 -4.8 14.0037
4 16 -51.2761 0 14.0037 -52.3919 0 14.2256 -52.3919 -4.8 14.2256 -51.2761 -4.8 14.0037
4 16 -52.3919 0 14.2256 -54.4194 0 15.5806 -54.4194 -4.8 15.5806 -52.3919 -4.8 14.2256
4 16 -54.4194 -4.8 15.5806 -54.4194 0 15.5806 -55.7744 0 17.6081 -55.7744 -4.8 17.6081
4 16 -55.7744 0 17.6081 -55.9963 0 18.7239 -55.9963 -4.8 18.7239 -55.7744 -4.8 17.6081
4 16 -55.9963 0 18.7239 -57.5299 0 20.3982 -57.5299 -4.8 20.3982 -55.9963 -4.8 18.7239
4 16 -51.424 -4.8 28.72 -57.5299 -4.8 20.3982 -57.5299 0 20.3982 -51.424 0 28.72
2 24 -57.5299 -4.8 20.3982 -57.5299 0 20.3982
2 24 -55.9963 -4.8 18.7239 -55.9963 0 18.7239
2 24 -51.2761 0 14.0037 -51.2761 -4.8 14.0037
2 24 -48.363 -4.8 11.324 -48.363 0 11.324
5 24 -54.4194 0 15.5806 -54.4194 -4.8 15.5806 -55.7744 0 17.6081 -52.3919 -4.8 14.2256
5 24 -52.3919 -4.8 14.2256 -52.3919 0 14.2256 -54.4194 0 15.5806 -51.2761 -4.8 14.0037
5 24 -55.7744 -4.8 17.6081 -55.7744 0 17.6081 -55.9963 0 18.7239 -54.4194 -4.8 15.5806
4 16 -54.4194 -4.8 15.5806 -55.7744 -4.8 17.6081 -55.9963 -4.8 18.7239 -52.3919 -4.8 14.2256
4 16 -51.424 -4.8 28.72 -51.2761 -4.8 14.0037 -52.3919 -4.8 14.2256 -55.9963 -4.8 18.7239
4 16 -41.1381 -4.8 21.4437 -48.363 -4.8 11.324 -51.2761 -4.8 14.0037 -45.888 -4.8 24.464
3 16 -51.424 -4.8 28.72 -45.888 -4.8 24.464 -51.2761 -4.8 14.0037
3 16 -55.9963 -4.8 18.7239 -57.5299 -4.8 20.3982 -51.424 -4.8 28.72

0 // Bottom - Blind Cavity - Side
4 16 -65.536 0 24.112 -62.2592 0 26.4064 -59.3274 0 22.5929 -61.28 0 18.576
4 16 -62.2592 0 26.4064 -65.536 0 24.112 -69.28 0 30 -65.816 0 32
4 16 -61.3257 0 34.1888 -59.033 0 36.123 -56.568 0 33.432 -58.6893 0 31.3107
4 16 -51.424 0 28.72 -55.3026 0 28.2085 -58.6893 0 31.3107 -56.568 0 33.432
4 16 -61.3257 0 34.1888 -65.816 0 32 -70.0265 0 31.4338 -59.033 0 36.123
3 16 -69.28 0 30 -70.0265 0 31.4338 -65.816 0 32
2 24 -65.816 0 32 -61.3257 0 34.1888
2 24 -61.3257 0 34.1888 -58.6893 0 31.3107
2 24 -58.6893 0 31.3107 -55.3026 0 28.2085
2 24 -55.3026 0 28.2085 -59.3274 0 22.5929
2 24 -59.3274 0 22.5929 -62.2592 0 26.4064
2 24 -62.2592 -4.8 26.4064 -65.816 -4.8 32
2 24 -65.816 -4.8 32 -65.816 0 32
2 24 -59.3274 -4.8 22.5929 -59.3274 0 22.5929
2 24 -55.3026 -4.8 28.2085 -55.3026 0 28.2085
2 24 -61.3257 0 34.1888 -61.3257 -4.8 34.1888
2 24 -65.816 0 32 -62.2592 0 26.4064
2 24 -65.816 -4.8 32 -61.3257 -4.8 34.1888
2 24 -61.3257 -4.8 34.1888 -58.6893 -4.8 31.3107
2 24 -58.6893 -4.8 31.3107 -55.3026 -4.8 28.2085
2 24 -55.3026 -4.8 28.2085 -59.3274 -4.8 22.5929
2 24 -59.3274 -4.8 22.5929 -62.2592 -4.8 26.4064
4 16 -59.3274 0 22.5929 -59.3274 -4.8 22.5929 -55.3026 -4.8 28.2085 -55.3026 0 28.2085
4 16 -55.3026 0 28.2085 -55.3026 -4.8 28.2085 -58.6893 -4.8 31.3107 -58.6893 0 31.3107
4 16 -58.6893 0 31.3107 -58.6893 -4.8 31.3107 -61.3257 -4.8 34.1888 -61.3257 0 34.1888
4 16 -65.816 -4.8 32 -65.816 0 32 -61.3257 0 34.1888 -61.3257 -4.8 34.1888
4 16 -62.2592 0 26.4064 -65.816 0 32 -65.816 -4.8 32 -62.2592 -4.8 26.4064
4 16 -62.2592 0 26.4064 -62.2592 -4.8 26.4064 -59.3274 -4.8 22.5929 -59.3274 0 22.5929
5 24 -58.6893 -4.8 31.3107 -58.6893 0 31.3107 -61.3257 -4.8 34.1888 -55.3026 0 28.2085
5 24 -62.2592 -4.8 26.4064 -62.2592 0 26.4064 -65.816 0 32 -59.3274 -4.8 22.5929
4 16 -61.3257 -4.8 34.1888 -58.6893 -4.8 31.3107 -62.2592 -4.8 26.4064 -65.816 -4.8 32
4 16 -59.3274 -4.8 22.5929 -62.2592 -4.8 26.4064 -58.6893 -4.8 31.3107 -55.3026 -4.8 28.2085

0 // Bottom - Stud Cutout - Side
4 16 -76.0068 -.3808 45.2783 -76.2843 0 46.1594 -68.8533 0 49.3289 -68.3534 -.3808 48.5428
4 16 -76.0068 -.3808 45.2783 -68.3534 -.3808 48.5428 -68.1463 -1.3 48.2171 -75.8919 -1.3 44.9134
4 16 -75.8315 -3.5 44.7217 -75.8919 -1.3 44.9134 -68.1463 -1.3 48.2171 -68.0376 -3.5 48.0461
4 16 -75.7166 -4.4192 44.3568 -75.8315 -3.5 44.7217 -68.0376 -3.5 48.0461 -67.8305 -4.4192 47.7205
4 16 -75.7166 -4.4192 44.3568 -67.8305 -4.4192 47.7205 -67.3306 -4.8 46.9343 -75.4392 -4.8 43.4757
4 16 -75.176 -4.8 42.64 -75.4392 -4.8 43.4757 -67.3306 -4.8 46.9343 -72.504 -4.8 36.192
4 16 -61.038 -4.8 38.3118 -71.3235 -4.8 33.9247 -72.504 -4.8 36.192 -61.28 -4.8 38.576
3 16 -65.536 -4.8 44.112 -61.28 -4.8 38.576 -72.504 -4.8 36.192
3 16 -67.3306 -4.8 46.9343 -65.536 -4.8 44.112 -72.504 -4.8 36.192
4 16 -70.8977 -4.4192 33.1069 -71.3235 -4.8 33.9247 -61.038 -4.8 38.3118 -60.3798 -4.4192 37.5932
4 16 -70.8977 -4.4192 33.1069 -60.3798 -4.4192 37.5932 -60.1071 -3.5 37.2956 -70.7213 -3.5 32.7682
4 16 -70.6287 -1.3 32.5903 -70.7213 -3.5 32.7682 -60.1071 -3.5 37.2956 -59.9639 -1.3 37.1392
4 16 -70.6287 -1.3 32.5903 -59.9639 -1.3 37.1392 -59.6912 -.3808 36.8416 -70.4523 -.3808 32.2516
4 16 -59.033 0 36.123 -70.0265 0 31.4338 -70.4523 -.3808 32.2516 -59.6912 -.3808 36.8416

5 24 -68.8533 0 49.3289 -76.2843 0 46.1594 -73 0 49.5 -68.3534 -.3808 48.5428
5 24 -68.3534 -.3808 48.5428 -76.0068 -.3808 45.2783 -76.2843 0 46.1594 -68.1463 -1.3 48.2171
5 24 -67.8305 -4.4192 47.7205 -75.7166 -4.4192 44.3568 -75.8315 -3.5 44.7217 -67.3306 -4.8 46.9343
5 24 -59.6912 -.3808 36.8416 -70.4523 -.3808 32.2516 -70.6287 -1.3 32.5903 -59.033 0 36.123
5 24 -70.8977 -4.4192 33.1069 -60.3798 -4.4192 37.5932 -71.3235 -4.8 33.9247 -60.1071 -3.5 37.2956
5 24 -75.4392 -4.8 43.4757 -67.3306 -4.8 46.9343 -75.7166 -4.4192 44.3568 -72.504 -4.8 36.192
5 24 -60.1071 -3.5 37.2956 -70.7213 -3.5 32.7682 -70.8977 -4.4192 33.1069 -59.9639 -1.3 37.1392
5 24 -68.0376 -3.5 48.0461 -75.8315 -3.5 44.7217 -67.8305 -4.4192 47.7205 -75.8919 -1.3 44.9134
5 24 -71.3235 -4.8 33.9247 -61.038 -4.8 38.3118 -60.3798 -4.4192 37.5932 -72.504 -4.8 36.192
5 24 -68.1463 -1.3 48.2171 -75.8919 -1.3 44.9134 -76.0068 -.3808 45.2783 -68.0376 -3.5 48.0461
5 24 -59.9639 -1.3 37.1392 -70.6287 -1.3 32.5903 -59.6912 -.3808 36.8416 -70.7213 -3.5 32.7682
5 24 -59.033 0 36.123 -70.0265 0 31.4338 -70.4523 -.3808 32.2516 -61.3257 0 34.1888

0 // Bottom - Side
0 BFC INVERTNEXT
1 16 -73 -3 51 1.5 0 0 0 3 0 0 0 1.5 4-4cylc.dat
1 16 -73 0 51 1.5 0 0 0 -1 0 0 0 1.5 4-4ndis.dat
4 16 -69.28 0 50 -68.8533 0 49.3289 -71.5 0 49.5 -71.5 0 51
4 16 -71.5 0 49.5 -68.8533 0 49.3289 -76.2843 0 46.1594 -73 0 49.5
3 16 -76.2843 0 46.1594 -74.5 0 49.5 -73 0 49.5
3 16 -74.5 0 49.5 -76.2843 0 46.1594 -77.272 0 49.296
3 16 -74.5 0 49.5 -77.272 0 49.296 -74.5 0 51
3 16 -74.5 0 51 -77.272 0 49.296 -74.5 0 52.5
3 16 -69.28 0 50 -71.5 0 51 -71.5 0 52.5
1 16 -70 0 60 -6 0 0 0 -1 0 0 0 -6 3-16ndis.dat
3 16 -74.5 0 52.5 -77.272 0 49.296 -76 0 54
3 16 -74.5 0 52.5 -76 0 54 -72.2962 0 54.4566
3 16 -74.5 0 52.5 -72.2962 0 54.4566 -73 0 52.5
3 16 -73 0 52.5 -72.2962 0 54.4566 -71.5 0 52.5
4 16 -71.5 0 52.5 -72.2962 0 54.4566 -71.5201 0 54.3023 -69.28 0 50
4 16 -76 0 54 -77.272 0 49.296 -78.784 0 56.112 -76 0 60
4 16 -76 0 65.2567 -76 0 60 -78.784 0 56.112 -79.696 0 63.024
4 16 -77.4282 0 70 -76 0 65.2567 -79.696 0 63.024 -80 0 70
2 24 -76 0 65.2567 -76 0 60
2 24 -77.4282 0 70 -76 0 65.2567
2 24 -71.5201 0 54.3023 -69.28 0 50
2 24 -72.2962 0 54.4566 -71.5201 0 54.3023
2 24 -76 -4.8 65.2567 -76 -4.8 60
2 24 -77.4282 0 70 -77.4282 -8 70
2 24 -71.5201 0 54.3023 -71.5201 -4.8 54.3023
2 24 -72.2962 -4.8 54.4566 -71.5201 -4.8 54.3023
2 24 -76 -4.8 65.2567 -76 0 65.2567
0 BFC INVERTNEXT
1 16 -70 0 60 -6 0 0 0 -4.8 0 0 0 -6 3-16cylo.dat
4 16 -71.5201 0 54.3023 -71.5201 -4.8 54.3023 -69.28 -8 50 -69.28 0 50
4 16 -72.2962 0 54.4566 -72.2962 -4.8 54.4566 -71.5201 -4.8 54.3023 -71.5201 0 54.3023
4 16 -76 -4.8 60 -76 0 60 -76 0 65.2567 -76 -4.8 65.2567
4 16 -76 -4.8 65.2567 -76 0 65.2567 -77.4282 0 70 -77.4282 -8 70

0 // Inside
2 24 -14 0 9 0 0 9
2 24 -14 -4.8 9 0 -4.8 9
2 24 0 -4.8 10 -6.976 -4.8 10.304
2 24 -6.976 -4.8 10.304 -13.888 -4.8 11.216
2 24 -13.888 -4.8 11.216 -18.9982 -4.8 12.3132
2 24 -18.9982 -4.8 12.3132 -17.6956 -4.8 11.4692
2 24 -18.9982 0 12.3132 -17.6956 0 11.4692
2 24 -20.524 0 12.6408 -18.9982 0 12.3132
2 24 0 -8 10 -6.976 -8 10.304
2 24 -6.976 -8 10.304 -13.888 -8 11.216
2 24 -13.888 -8 11.216 -20.524 -8 12.6408
4 16 0 -4.8 9 0 0 9 -14 0 9 -14 -4.8 9
0 BFC INVERTNEXT
1 16 -14 0 13 0 0 -4 0 -4.8 0 -4 0 0 3-16cylo.dat
4 16 -17.6956 -4.8 11.4692 -17.6956 0 11.4692 -18.9982 0 12.3132 -18.9982 -4.8 12.3132
1 16 -14 -4.8 13 0 0 -4 0 -1 0 -4 0 0 3-16chrd.dat
3 16 -17.6956 -4.8 11.4692 -18.9982 -4.8 12.3132 -13.888 -4.8 11.216
3 16 -17.6956 -4.8 11.4692 -13.888 -4.8 11.216 -14 -4.8 9
4 16 -13.888 -4.8 11.216 -6.976 -4.8 10.304 0 -4.8 9 -14 -4.8 9
3 16 0 -4.8 10 0 -4.8 9 -6.976 -4.8 10.304
4 16 -20.524 -8 12.6408 -13.888 -8 11.216 -13.888 -4.8 11.216 -18.9982 -4.8 12.3132
4 16 -18.9982 -4.8 12.3132 -18.9982 0 12.3132 -20.524 0 12.6408 -20.524 -8 12.6408
4 16 -6.976 -4.8 10.304 -6.976 -8 10.304 0 -8 10 0 -4.8 10
4 16 -13.888 -8 11.216 -6.976 -8 10.304 -6.976 -4.8 10.304 -13.888 -4.8 11.216
5 24 -6.976 -8 10.304 -6.976 -4.8 10.304 -13.888 -4.8 11.216 0 -4.8 10
5 24 -13.888 -8 11.216 -13.888 -4.8 11.216 -18.9982 -4.8 12.3132 -6.976 -4.8 10.304
5 24 -17.6956 -4.8 11.4692 -17.6956 0 11.4692 -18.9982 0 12.3132 -16.8284 0 10.1716
5 24 -18.9982 -4.8 12.3132 -18.9982 0 12.3132 -20.524 0 12.6408 -17.6956 0 11.4692
5 24 -20.524 -8 12.6408 -20.524 0 12.6408 -26.9201 0 14.6855 -18.9982 0 12.3132

0 // -
2 24 -26.9201 0 14.6855 -20.524 0 12.6408
2 24 -27.6081 0 14.2256 -26.9201 0 14.6855
2 24 -26.9201 0 14.6855 -26.9201 -4.8 14.6855
2 24 -27.6081 -4.8 14.2256 -26.9201 -4.8 14.6855
2 24 -35.7744 0 17.6081 -35.9766 0 18.6251
2 24 -35.9766 -4.8 18.6251 -35.7744 -4.8 17.6081
2 24 -35.9766 0 18.6251 -35.9766 -4.8 18.6251
2 24 -35.9766 0 18.6251 -40 0 20.72
2 24 -27.36 -8 14.824 -20.524 -8 12.6408
2 24 -27.36 -8 14.824 -33.808 -8 17.496
2 24 -33.808 -8 17.496 -40 -8 20.72
2 24 -27.36 -4.8 14.824 -26.9201 -4.8 14.6855
2 24 -27.36 -4.8 14.824 -33.808 -4.8 17.496
2 24 -33.808 -4.8 17.496 -35.9766 -4.8 18.6251
4 16 -35.7744 -4.8 17.6081 -35.7744 0 17.6081 -35.9766 0 18.6251 -35.9766 -4.8 18.6251
4 16 -27.6081 0 14.2256 -27.6081 -4.8 14.2256 -26.9201 -4.8 14.6855 -26.9201 0 14.6855
4 16 -26.9201 -4.8 14.6855 -27.6081 -4.8 14.2256 -30 -4.8 13.75 -27.36 -4.8 14.824
3 16 -30 -4.8 13.75 -33.808 -4.8 17.496 -27.36 -4.8 14.824
4 16 -30 -4.8 13.75 -35.7744 -4.8 17.6081 -35.9766 -4.8 18.6251 -33.808 -4.8 17.496
0 BFC INVERTNEXT
1 16 -30 0 20 0 0 6.25 0 -4.8 0 -6.25 0 0 1-16cylo.dat
0 BFC INVERTNEXT
1 16 -30 0 20 0 0 -6.25 0 -4.8 0 -6.25 0 0 3-16cylo.dat
1 16 -30 -4.8 20 0 0 6.25 0 1 0 6.25 0 0 1-16chrd.dat
1 16 -30 -4.8 20 0 0 -6.25 0 -1 0 -6.25 0 0 3-16chrd.dat
4 16 -35.9766 -4.8 18.6251 -35.9766 0 18.6251 -40 0 20.72 -40 -8 20.72
4 16 -20.524 -8 12.6408 -20.524 0 12.6408 -26.9201 0 14.6855 -26.9201 -4.8 14.6855
4 16 -27.36 -4.8 14.824 -27.36 -8 14.824 -20.524 -8 12.6408 -26.9201 -4.8 14.6855
4 16 -27.36 -8 14.824 -27.36 -4.8 14.824 -33.808 -4.8 17.496 -33.808 -8 17.496
4 16 -33.808 -4.8 17.496 -35.9766 -4.8 18.6251 -40 -8 20.72 -33.808 -8 17.496
5 24 -27.6081 -4.8 14.2256 -27.6081 0 14.2256 -26.9201 0 14.6855 -30 0 13.75
5 24 -35.7744 -4.8 17.6081 -35.7744 0 17.6081 -35.9766 0 18.6251 -34.4194 0 15.5806
5 24 -27.36 -8 14.824 -27.36 -4.8 14.824 -20.524 -8 12.6408 -33.808 -8 17.496
5 24 -33.808 -8 17.496 -33.808 -4.8 17.496 -35.9766 -4.8 18.6251 -27.36 -4.8 14.824
5 24 -40 -8 20.72 -40 0 20.72 -41.1381 0 21.4437 -35.9766 0 18.6251
5 24 -26.9201 -4.8 14.6855 -20.524 -8 12.6408 -27.36 -4.8 14.824 -20.524 0 12.6408

0 // -
2 24 -51.424 -4.8 28.72 -51.424 0 28.72
2 24 -41.1381 0 21.4437 -41.1381 -4.8 21.4437
2 24 -40 0 20.72 -41.1381 0 21.4437
2 24 -51.424 0 28.72 -56.568 0 33.432
2 24 -41.1381 -4.8 21.4437 -45.888 -4.8 24.464
2 24 -45.888 -4.8 24.464 -51.424 -4.8 28.72
2 24 -40 -8 20.72 -45.888 -8 24.464
2 24 -45.888 -8 24.464 -51.424 -8 28.72
2 24 -51.424 -8 28.72 -56.568 -8 33.432
4 16 -40 -8 20.72 -40 0 20.72 -41.1381 0 21.4437 -41.1381 -4.8 21.4437
4 16 -51.424 -4.8 28.72 -51.424 0 28.72 -56.568 0 33.432 -56.568 -8 33.432
4 16 -40 -8 20.72 -41.1381 -4.8 21.4437 -45.888 -4.8 24.464 -45.888 -8 24.464
4 16 -51.424 -8 28.72 -45.888 -8 24.464 -45.888 -4.8 24.464 -51.424 -4.8 28.72
3 16 -51.424 -8 28.72 -51.424 -4.8 28.72 -56.568 -8 33.432
5 24 -45.888 -8 24.464 -45.888 -4.8 24.464 -40 -8 20.72 -51.424 -8 28.72
5 24 -51.424 -8 28.72 -51.424 -4.8 28.72 -56.568 -8 33.432 -45.888 -8 24.464
5 24 -56.568 -8 33.432 -56.568 0 33.432 -61.28 -8 38.576 -51.424 -8 28.72

0 // -
2 24 -59.9639 -1.3 37.1392 -59.6912 -.3808 36.8416
2 24 -59.6912 -.3808 36.8416 -59.033 0 36.123
2 24 -60.3798 -4.4192 37.5932 -60.1071 -3.5 37.2956
2 24 -60.3798 -4.4192 37.5932 -61.038 -4.8 38.3118
2 24 -60.1071 -3.5 37.2956 -59.9639 -1.3 37.1392
2 24 -61.28 -4.8 38.576 -61.038 -4.8 38.3118
2 24 -65.536 -4.8 44.112 -61.28 -4.8 38.576
2 24 -67.3306 -4.8 46.9343 -65.536 -4.8 44.112
2 24 -68.3534 -.3808 48.5428 -68.1463 -1.3 48.2171
2 24 -68.8533 0 49.3289 -68.3534 -.3808 48.5428
2 24 -67.8305 -4.4192 47.7205 -67.3306 -4.8 46.9343
2 24 -68.0376 -3.5 48.0461 -67.8305 -4.4192 47.7205
2 24 -68.1463 -1.3 48.2171 -68.0376 -3.5 48.0461
2 24 -59.033 0 36.123 -56.568 0 33.432
2 24 -56.568 -8 33.432 -61.28 -8 38.576
2 24 -61.28 -8 38.576 -65.536 -8 44.112
2 24 -65.536 -8 44.112 -69.28 -8 50
2 24 -69.28 0 50 -68.8533 0 49.3289
4 16 -59.6912 -.3808 36.8416 -59.9639 -1.3 37.1392 -60.1071 -3.5 37.2956 -59.033 0 36.123
4 16 -56.568 0 33.432 -59.033 0 36.123 -60.1071 -3.5 37.2956 -56.568 -8 33.432
3 16 -60.1071 -3.5 37.2956 -60.3798 -4.4192 37.5932 -56.568 -8 33.432
3 16 -60.3798 -4.4192 37.5932 -61.038 -4.8 38.3118 -56.568 -8 33.432
3 16 -67.8305 -4.4192 47.7205 -69.28 -8 50 -67.3306 -4.8 46.9343
3 16 -68.0376 -3.5 48.0461 -69.28 -8 50 -67.8305 -4.4192 47.7205
4 16 -68.1463 -1.3 48.2171 -68.3534 -.3808 48.5428 -68.8533 0 49.3289 -68.0376 -3.5 48.0461
4 16 -68.8533 0 49.3289 -69.28 0 50 -69.28 -8 50 -68.0376 -3.5 48.0461
4 16 -61.28 -4.8 38.576 -61.28 -8 38.576 -56.568 -8 33.432 -61.038 -4.8 38.3118
4 16 -65.536 -8 44.112 -61.28 -8 38.576 -61.28 -4.8 38.576 -65.536 -4.8 44.112
4 16 -65.536 -4.8 44.112 -67.3306 -4.8 46.9343 -69.28 -8 50 -65.536 -8 44.112
5 24 -61.28 -8 38.576 -61.28 -4.8 38.576 -61.038 -4.8 38.3118 -65.536 -4.8 44.112
5 24 -65.536 -8 44.112 -65.536 -4.8 44.112 -61.28 -8 38.576 -69.28 -8 50
5 24 -69.28 0 50 -69.28 -8 50 -71.5201 -4.8 54.3023 -65.536 -8 44.112

0 // -
2 24 -71.5201 -4.8 54.3023 -72.504 -4.8 56.192
2 24 -72.504 -4.8 56.192 -75.176 -4.8 62.64
2 24 -75.176 -4.8 62.64 -76 -4.8 65.2567
2 24 -69.28 -8 50 -72.504 -8 56.192
2 24 -74.432 -8 60.8446 -75.176 -8 62.64
2 24 -72.504 -8 56.192 -74.432 -8 60.8446
2 24 -75.176 -8 62.64 -77.4282 -8 70
2 24 -75.6746 -8 70 -77.4282 -8 70
2 24 -75.6746 -8 70 -75.3372 -8 65.112
2 24 -74.432 -8 60.8446 -73.8914 -8 58.296
2 24 -75.3372 -8 65.112 -74.432 -8 60.8446
1 16 -70 -4.8 60 -6 0 0 0 -1 0 0 0 -6 3-16chrd.dat
4 16 -72.504 -4.8 56.192 -71.5201 -4.8 54.3023 -72.2962 -4.8 54.4566 -76 -4.8 60
3 16 -75.176 -4.8 62.64 -72.504 -4.8 56.192 -76 -4.8 60
3 16 -76 -4.8 65.2567 -75.176 -4.8 62.64 -76 -4.8 60
4 16 -69.28 -8 50 -71.5201 -4.8 54.3023 -72.504 -4.8 56.192 -72.504 -8 56.192
4 16 -75.176 -8 62.64 -74.432 -8 60.8446 -72.504 -4.8 56.192 -75.176 -4.8 62.64
3 16 -74.432 -8 60.8446 -72.504 -8 56.192 -72.504 -4.8 56.192
3 16 -75.176 -8 62.64 -75.176 -4.8 62.64 -76 -4.8 65.2567
3 16 -75.176 -8 62.64 -76 -4.8 65.2567 -77.4282 -8 70
3 16 -74.432 -8 60.8446 -75.176 -8 62.64 -75.3372 -8 65.112
3 16 -75.3372 -8 65.112 -75.176 -8 62.64 -77.4282 -8 70
3 16 -75.3372 -8 65.112 -77.4282 -8 70 -75.6746 -8 70
5 24 -72.504 -8 56.192 -72.504 -4.8 56.192 -69.28 -8 50 -74.432 -8 60.8446
5 24 -75.176 -8 62.64 -75.176 -4.8 62.64 -76 -4.8 65.2567 -74.432 -8 60.8446
5 24 -76 -4.8 65.2567 -77.4282 -8 70 -75.176 -8 62.64 -76 0 65.2567
5 24 -76 -4.8 65.2567 -75.176 -8 62.64 -77.4282 -8 70 -75.176 -4.8 62.64

0 // Top Inside
4 16 -6.6708 -8 -.696 0 -8 -1 0 -8 10 -6.976 -8 10.304
4 16 -6.6708 -8 -.696 -6.976 -8 10.304 -13.888 -8 11.216 -13.2804 -8 .216
4 16 -13.2804 -8 .216 -13.888 -8 11.216 -20.524 -8 12.6408 -19.7982 -8 1.728
4 16 -19.7982 -8 1.728 -20.524 -8 12.6408 -27.36 -8 14.824 -26.163 -8 3.824
4 16 -32.3289 -8 6.496 -26.163 -8 3.824 -27.36 -8 14.824 -33.808 -8 17.496
4 16 -32.3289 -8 6.496 -33.808 -8 17.496 -40 -8 20.72 -38.25 -8 9.72
4 16 -43.8804 -8 13.464 -38.25 -8 9.72 -40 -8 20.72 -45.888 -8 24.464
4 16 -49.1742 -8 17.72 -43.8804 -8 13.464 -45.888 -8 24.464 -54.0932 -8 22.432
4 16 -54.0932 -8 22.432 -45.888 -8 24.464 -51.424 -8 28.72 -58.599 -8 27.576
4 16 -58.599 -8 27.576 -51.424 -8 28.72 -56.568 -8 33.432 -62.6688 -8 33.112
3 16 -56.568 -8 33.432 -61.28 -8 38.576 -62.6688 -8 33.112
3 16 -62.6688 -8 33.112 -61.28 -8 38.576 -66.249 -8 39
3 16 -66.249 -8 39 -61.28 -8 38.576 -65.536 -8 44.112
3 16 -66.249 -8 39 -65.536 -8 44.112 -69.332 -8 45.192
3 16 -69.332 -8 45.192 -65.536 -8 44.112 -69.28 -8 50
3 16 -69.332 -8 45.192 -69.28 -8 50 -71.8871 -8 51.64
3 16 -71.8871 -8 51.64 -69.28 -8 50 -72.504 -8 56.192
3 16 -71.8871 -8 51.64 -72.504 -8 56.192 -73.8914 -8 58.296
2 24 0 -8 -1 -6.6708 -8 -.696
2 24 -6.6708 -8 -.696 -13.2804 -8 .216
2 24 -13.2804 -8 .216 -19.7982 -8 1.728
2 24 -19.7982 -8 1.728 -26.163 -8 3.824
2 24 -26.163 -8 3.824 -32.3289 -8 6.496
2 24 -32.3289 -8 6.496 -38.25 -8 9.72
2 24 -38.25 -8 9.72 -43.8804 -8 13.464
2 24 -43.8804 -8 13.464 -49.1742 -8 17.72
2 24 -49.1742 -8 17.72 -54.0932 -8 22.432
2 24 -54.0932 -8 22.432 -58.599 -8 27.576
2 24 -58.599 -8 27.576 -62.6688 -8 33.112
2 24 -62.6688 -8 33.112 -66.249 -8 39
2 24 -66.249 -8 39 -69.332 -8 45.192
2 24 -69.332 -8 45.192 -71.8871 -8 51.64
2 24 -71.8871 -8 51.64 -73.8914 -8 58.296

0 // Slanted Face - Inside
3 16 0 -8 -1 -6.6708 -8 -.696 0 -22.83 14.6712
3 16 0 -22.83 14.6712 -6.6708 -8 -.696 -6.8016 -22.7636 14.9483
3 16 -6.8016 -22.7636 14.9483 -6.6708 -8 -.696 -13.2804 -8 .216
3 16 -6.8016 -22.7636 14.9483 -13.2804 -8 .216 -13.5408 -22.5646 15.7798
3 16 -13.5408 -22.5646 15.7798 -13.2804 -8 .216 -19.7982 -8 1.728
3 16 -13.5408 -22.5646 15.7798 -19.7982 -8 1.728 -20.1864 -22.2347 17.1584
3 16 -20.1864 -22.2347 17.1584 -19.7982 -8 1.728 -26.163 -8 3.824
3 16 -20.1864 -22.2347 17.1584 -26.163 -8 3.824 -26.676 -21.7773 19.0694
3 16 -26.676 -21.7773 19.0694 -26.163 -8 3.824 -32.3289 -8 6.496
3 16 -26.676 -21.7773 19.0694 -32.3289 -8 6.496 -32.9628 -21.1942 21.5056
3 16 -32.3289 -8 6.496 -38.25 -8 9.72 -32.9628 -21.1942 21.5056
3 16 -32.9628 -21.1942 21.5056 -38.25 -8 9.72 -39 -20.4907 24.4451
3 16 -39 -20.4907 24.4451 -38.25 -8 9.72 -43.8804 -8 13.464
3 16 -39 -20.4907 24.4451 -43.8804 -8 13.464 -49.1742 -8 17.72
3 16 -49.1742 -8 17.72 -44.7408 -19.6737 27.8587 -39 -20.4907 24.4451
3 16 -44.7408 -19.6737 27.8587 -49.1742 -8 17.72 -54.0932 -8 22.432
3 16 -54.0932 -8 22.432 -50.1384 -18.7449 31.7391 -44.7408 -19.6737 27.8587
3 16 -50.1384 -18.7449 31.7391 -54.0932 -8 22.432 -58.599 -8 27.576
3 16 -58.599 -8 27.576 -55.1538 -17.7167 36.0353 -50.1384 -18.7449 31.7391
3 16 -55.1538 -17.7167 36.0353 -58.599 -8 27.576 -62.6688 -8 33.112
3 16 -62.6688 -8 33.112 -59.748 -16.5942 40.7253 -55.1538 -17.7167 36.0353
3 16 -59.748 -16.5942 40.7253 -62.6688 -8 33.112 -66.249 -8 39
3 16 -66.249 -8 39 -63.8976 -15.3861 45.7727 -59.748 -16.5942 40.7253
3 16 -75.3402 -9.8905 68.7342 -75.6746 -8 70 -75.6746 -9.5875 70
3 16 -75.3402 -9.8905 68.7342 -75.3372 -8 65.112 -75.6746 -8 70
3 16 -73.2966 -11.343 62.6656 -75.3372 -8 65.112 -75.3402 -9.8905 68.7342
3 16 -74.432 -8 60.8446 -75.3372 -8 65.112 -73.2966 -11.343 62.6656
3 16 -73.8914 -8 58.296 -74.432 -8 60.8446 -73.2966 -11.343 62.6656
3 16 -73.8914 -8 58.296 -73.2966 -11.343 62.6656 -70.6914 -12.75 56.7867
3 16 -70.6914 -12.75 56.7867 -71.8871 -8 51.64 -73.8914 -8 58.296
3 16 -71.8871 -8 51.64 -70.6914 -12.75 56.7867 -67.548 -14.1012 51.1411
3 16 -67.548 -14.1012 51.1411 -69.332 -8 45.192 -71.8871 -8 51.64
3 16 -69.332 -8 45.192 -67.548 -14.1012 51.1411 -63.8976 -15.3861 45.7727
3 16 -63.8976 -15.3861 45.7727 -66.249 -8 39 -69.332 -8 45.192
5 24 -26.163 -8 3.824 -20.1864 -22.2347 17.1584 -19.7982 -8 1.728 -26.676 -21.7773 19.0694
5 24 -69.332 -8 45.192 -67.548 -14.1012 51.1411 -71.8871 -8 51.64 -63.8976 -15.3861 45.7727
5 24 -6.6708 -8 -.696 0 -22.83 14.6712 0 -8 -1 -6.8016 -22.7636 14.9483
5 24 -49.1742 -8 17.72 -39 -20.4907 24.4451 -44.7408 -19.6737 27.8587 -43.8804 -8 13.464
5 24 -54.0932 -8 22.432 -44.7408 -19.6737 27.8587 -50.1384 -18.7449 31.7391 -49.1742 -8 17.72
5 24 -20.1864 -22.2347 17.1584 -19.7982 -8 1.728 -13.5408 -22.5646 15.7798 -26.163 -8 3.824
5 24 -19.7982 -8 1.728 -13.5408 -22.5646 15.7798 -20.1864 -22.2347 17.1584 -13.2804 -8 .216
5 24 -58.599 -8 27.576 -50.1384 -18.7449 31.7391 -55.1538 -17.7167 36.0353 -54.0932 -8 22.432
5 24 -32.3289 -8 6.496 -26.676 -21.7773 19.0694 -26.163 -8 3.824 -32.9628 -21.1942 21.5056
5 24 -75.3402 -9.8905 68.7342 -75.3372 -8 65.112 -73.2966 -11.343 62.6656 -75.6746 -8 70
5 24 -75.6746 -8 70 -75.3402 -9.8905 68.7342 -75.6746 -9.5875 70 -75.3372 -8 65.112
5 24 -26.676 -21.7773 19.0694 -26.163 -8 3.824 -20.1864 -22.2347 17.1584 -32.3289 -8 6.496
5 24 -54.0932 -8 22.432 -50.1384 -18.7449 31.7391 -58.599 -8 27.576 -44.7408 -19.6737 27.8587
5 24 -73.8914 -8 58.296 -73.2966 -11.343 62.6656 -74.432 -8 60.8446 -70.6914 -12.75 56.7867
5 24 -32.9628 -21.1942 21.5056 -32.3289 -8 6.496 -26.676 -21.7773 19.0694 -38.25 -8 9.72
5 24 -49.1742 -8 17.72 -44.7408 -19.6737 27.8587 -54.0932 -8 22.432 -39 -20.4907 24.4451
5 24 -6.8016 -22.7636 14.9483 -6.6708 -8 -.696 0 -22.83 14.6712 -13.2804 -8 .216
5 24 -73.8914 -8 58.296 -70.6914 -12.75 56.7867 -73.2966 -11.343 62.6656 -71.8871 -8 51.64
5 24 -13.5408 -22.5646 15.7798 -13.2804 -8 .216 -19.7982 -8 1.728 -6.8016 -22.7636 14.9483
5 24 -62.6688 -8 33.112 -55.1538 -17.7167 36.0353 -59.748 -16.5942 40.7253 -58.599 -8 27.576
5 24 -75.3372 -8 65.112 -73.2966 -11.343 62.6656 -75.3402 -9.8905 68.7342 -74.432 -8 60.8446
5 24 -66.249 -8 39 -63.8976 -15.3861 45.7727 -69.332 -8 45.192 -59.748 -16.5942 40.7253
5 24 -38.25 -8 9.72 -32.9628 -21.1942 21.5056 -32.3289 -8 6.496 -39 -20.4907 24.4451
5 24 -39 -20.4907 24.4451 -38.25 -8 9.72 -32.9628 -21.1942 21.5056 -43.8804 -8 13.464
5 24 -63.8976 -15.3861 45.7727 -69.332 -8 45.192 -66.249 -8 39 -67.548 -14.1012 51.1411
5 24 -62.6688 -8 33.112 -59.748 -16.5942 40.7253 -66.249 -8 39 -55.1538 -17.7167 36.0353
5 24 -13.2804 -8 .216 -6.8016 -22.7636 14.9483 -6.6708 -8 -.696 -13.5408 -22.5646 15.7798
5 24 -58.599 -8 27.576 -55.1538 -17.7167 36.0353 -62.6688 -8 33.112 -50.1384 -18.7449 31.7391
5 24 -71.8871 -8 51.64 -70.6914 -12.75 56.7867 -67.548 -14.1012 51.1411 -73.8914 -8 58.296
5 24 -66.249 -8 39 -59.748 -16.5942 40.7253 -63.8976 -15.3861 45.7727 -62.6688 -8 33.112
5 24 -43.8804 -8 13.464 -39 -20.4907 24.4451 -38.25 -8 9.72 -49.1742 -8 17.72

0 // Slanted Face - Top Lip
4 16 -7.1504 -23.9231 10.1041 0 -24 9.81 0 -22.83 14.6712 -6.8016 -22.7636 14.9483
4 16 -6.8016 -22.7636 14.9483 -13.5408 -22.5646 15.7798 -14.2352 -23.7108 10.9911 -7.1504 -23.9231 10.1041
4 16 -21.2216 -23.3588 12.4616 -14.2352 -23.7108 10.9911 -13.5408 -22.5646 15.7798 -20.1864 -22.2347 17.1584
4 16 -20.1864 -22.2347 17.1584 -26.676 -21.7773 19.0694 -28.044 -22.871 14.5 -21.2216 -23.3588 12.4616
4 16 -26.676 -21.7773 19.0694 -32.9628 -21.1942 21.5056 -34.6532 -22.249 17.0986 -28.044 -22.871 14.5
4 16 -32.9628 -21.1942 21.5056 -39 -20.4907 24.4451 -41 -21.4986 20.234 -34.6532 -22.249 17.0986
4 16 -44.7408 -19.6737 27.8587 -47.0352 -20.6271 23.8752 -41 -21.4986 20.234 -39 -20.4907 24.4451
4 16 -44.7408 -19.6737 27.8587 -50.1384 -18.7449 31.7391 -52.7096 -19.6364 28.0143 -47.0352 -20.6271 23.8752
4 16 -57.9822 -18.5396 32.5969 -52.7096 -19.6364 28.0143 -50.1384 -18.7449 31.7391 -55.1538 -17.7167 36.0353
4 16 -55.1538 -17.7167 36.0353 -59.748 -16.5942 40.7253 -62.812 -17.3423 37.5996 -57.9822 -18.5396 32.5969
4 16 -67.1744 -16.0537 42.9835 -62.812 -17.3423 37.5996 -59.748 -16.5942 40.7253 -63.8976 -15.3861 45.7727
4 16 -63.8976 -15.3861 45.7727 -67.548 -14.1012 51.1411 -71.012 -14.6832 48.7098 -67.1744 -16.0537 42.9835
4 16 -67.548 -14.1012 51.1411 -70.6914 -12.75 56.7867 -74.3166 -13.2419 54.7317 -71.012 -14.6832 48.7098
4 16 -70.6914 -12.75 56.7867 -73.2966 -11.343 62.6656 -77.0554 -11.741 61.0026 -74.3166 -13.2419 54.7317
4 16 -79.2038 -10.1917 67.4758 -77.0554 -11.741 61.0026 -73.2966 -11.343 62.6656 -75.3402 -9.8905 68.7342
4 16 -75.6746 -9.5875 70 -79.794 -9.5876 70 -79.2038 -10.1917 67.4758 -75.3402 -9.8905 68.7342
2 24 -75.6746 -9.5875 70 -79.794 -9.5876 70
2 24 -77.4282 0 70 -80 0 70
2 24 -75.6746 -9.5875 70 -75.3402 -9.8905 68.7342
2 24 -75.3402 -9.8905 68.7342 -73.2966 -11.343 62.6656
2 24 -73.2966 -11.343 62.6656 -70.6914 -12.75 56.7867
2 24 -70.6914 -12.75 56.7867 -67.548 -14.1012 51.1411
2 24 -67.548 -14.1012 51.1411 -63.8976 -15.3861 45.7727
2 24 -63.8976 -15.3861 45.7727 -59.748 -16.5942 40.7253
2 24 -59.748 -16.5942 40.7253 -55.1538 -17.7167 36.0353
2 24 -55.1538 -17.7167 36.0353 -50.1384 -18.7449 31.7391
2 24 -50.1384 -18.7449 31.7391 -44.7408 -19.6737 27.8587
2 24 -44.7408 -19.6737 27.8587 -39 -20.4907 24.4451
2 24 -39 -20.4907 24.4451 -32.9628 -21.1942 21.5056
2 24 -32.9628 -21.1942 21.5056 -26.676 -21.7773 19.0694
2 24 -26.676 -21.7773 19.0694 -20.1864 -22.2347 17.1584
2 24 -20.1864 -22.2347 17.1584 -13.5408 -22.5646 15.7798
2 24 -13.5408 -22.5646 15.7798 -6.8016 -22.7636 14.9483
2 24 -6.8016 -22.7636 14.9483 0 -22.83 14.6712
2 24 -7.1504 -23.9231 10.1041 0 -24 9.81
2 24 -7.1504 -23.9231 10.1041 -14.2352 -23.7108 10.9911
2 24 -14.2352 -23.7108 10.9911 -21.2216 -23.3588 12.4616
2 24 -21.2216 -23.3588 12.4616 -28.044 -22.871 14.5
2 24 -28.044 -22.871 14.5 -34.6532 -22.249 17.0986
2 24 -34.6532 -22.249 17.0986 -41 -21.4986 20.234
2 24 -41 -21.4986 20.234 -47.0352 -20.6271 23.8752
2 24 -47.0352 -20.6271 23.8752 -52.7096 -19.6364 28.0143
2 24 -52.7096 -19.6364 28.0143 -57.9822 -18.5396 32.5969
2 24 -57.9822 -18.5396 32.5969 -62.812 -17.3423 37.5996
2 24 -62.812 -17.3423 37.5996 -67.1744 -16.0537 42.9835
2 24 -67.1744 -16.0537 42.9835 -71.012 -14.6832 48.7098
2 24 -71.012 -14.6832 48.7098 -74.3166 -13.2419 54.7317
2 24 -74.3166 -13.2419 54.7317 -77.0554 -11.741 61.0026
2 24 -77.0554 -11.741 61.0026 -79.2038 -10.1917 67.4758
2 24 -79.2038 -10.1917 67.4758 -79.794 -9.5876 70
2 24 -79.794 -9.5876 70 -80 -4.8 70
2 24 -75.6746 -9.5875 70 -75.6746 -8 70

4 16 -75.6746 -9.5875 70 -75.6746 -8 70 -77.4282 -8 70 -79.794 -9.5876 70
4 16 -80 -4.8 70 -79.794 -9.5876 70 -77.4282 -8 70 -77.4282 0 70
3 16 -80 0 70 -80 -4.8 70 -77.4282 0 70

0 // Slanted Face - Outside
5 24 -7.1504 -23.9231 10.1041 -2.5 -5.6609 -9 -6.976 -4.8 -9.696 0 -24 9.81
5 24 -78.784 -4.8 56.112 -77.0554 -11.741 61.0026 -77.272 -4.8 49.296 -79.2038 -10.1917 67.4758
5 24 -79.2038 -10.1917 67.4758 -78.784 -4.8 56.112 -79.696 -4.8 63.024 -77.0554 -11.741 61.0026
5 24 -72.504 -4.8 36.192 -62.812 -17.3423 37.5996 -69.28 -4.8 30 -67.1744 -16.0537 42.9835
5 24 -75.176 -4.8 42.64 -74.3166 -13.2419 54.7317 -77.272 -4.8 49.296 -71.012 -14.6832 48.7098
5 24 -77.272 -4.8 49.296 -77.0554 -11.741 61.0026 -74.3166 -13.2419 54.7317 -78.784 -4.8 56.112
5 24 -51.424 -4.8 8.72 -47.0352 -20.6271 23.8752 -45.888 -4.8 4.464 -56.568 -4.8 13.432
5 24 -20.704 -4.8 -7.272 -14.2352 -23.7108 10.9911 -21.2216 -23.3588 12.4616 -13.888 -4.8 -8.784
5 24 -71.012 -14.6832 48.7098 -75.176 -4.8 42.64 -74.3166 -13.2419 54.7317 -67.1744 -16.0537 42.9835
5 24 -41 -21.4986 20.234 -40 -4.8 .72 -34.6532 -22.249 17.0986 -45.888 -4.8 4.464
5 24 -14.2352 -23.7108 10.9911 -13.888 -4.8 -8.784 -7.1504 -23.9231 10.1041 -20.704 -4.8 -7.272
5 24 -45.888 -4.8 4.464 -41 -21.4986 20.234 -47.0352 -20.6271 23.8752 -40 -4.8 .72
5 24 -69.28 -4.8 30 -57.9822 -18.5396 32.5969 -65.536 -4.8 24.112 -62.812 -17.3423 37.5996
5 24 -21.2216 -23.3588 12.4616 -20.704 -4.8 -7.272 -14.2352 -23.7108 10.9911 -27.36 -4.8 -5.176
5 24 -52.7096 -19.6364 28.0143 -61.28 -4.8 18.576 -57.9822 -18.5396 32.5969 -56.568 -4.8 13.432
5 24 -57.9822 -18.5396 32.5969 -65.536 -4.8 24.112 -69.28 -4.8 30 -61.28 -4.8 18.576
5 24 -62.812 -17.3423 37.5996 -69.28 -4.8 30 -57.9822 -18.5396 32.5969 -72.504 -4.8 36.192
5 24 -74.3166 -13.2419 54.7317 -77.272 -4.8 49.296 -77.0554 -11.741 61.0026 -75.176 -4.8 42.64
5 24 -34.6532 -22.249 17.0986 -33.808 -4.8 -2.504 -28.044 -22.871 14.5 -40 -4.8 .72
5 24 -79.2038 -10.1917 67.4758 -79.696 -4.8 63.024 -78.784 -4.8 56.112 -79.794 -9.5876 70
5 24 -47.0352 -20.6271 23.8752 -45.888 -4.8 4.464 -51.424 -4.8 8.72 -41 -21.4986 20.234
5 24 -61.28 -4.8 18.576 -57.9822 -18.5396 32.5969 -65.536 -4.8 24.112 -52.7096 -19.6364 28.0143
5 24 -75.176 -4.8 42.64 -67.1744 -16.0537 42.9835 -71.012 -14.6832 48.7098 -72.504 -4.8 36.192
5 24 -67.1744 -16.0537 42.9835 -72.504 -4.8 36.192 -62.812 -17.3423 37.5996 -75.176 -4.8 42.64
5 24 -33.808 -4.8 -2.504 -28.044 -22.871 14.5 -27.36 -4.8 -5.176 -34.6532 -22.249 17.0986
5 24 -40 -4.8 .72 -34.6532 -22.249 17.0986 -41 -21.4986 20.234 -33.808 -4.8 -2.504
5 24 -28.044 -22.871 14.5 -27.36 -4.8 -5.176 -33.808 -4.8 -2.504 -21.2216 -23.3588 12.4616
5 24 -27.36 -4.8 -5.176 -21.2216 -23.3588 12.4616 -20.704 -4.8 -7.272 -28.044 -22.871 14.5
5 24 -47.0352 -20.6271 23.8752 -56.568 -4.8 13.432 -52.7096 -19.6364 28.0143 -51.424 -4.8 8.72
5 24 -13.888 -4.8 -8.784 -7.1504 -23.9231 10.1041 -14.2352 -23.7108 10.9911 -6.976 -4.8 -9.696
5 24 -56.568 -4.8 13.432 -52.7096 -19.6364 28.0143 -61.28 -4.8 18.576 -47.0352 -20.6271 23.8752
5 24 0 -24 9.81 -2.5 -5.6609 -9 0 -5.7692 -9 -7.1504 -23.9231 10.1041
5 24 -6.976 -4.8 -9.696 -7.1504 -23.9231 10.1041 -13.888 -4.8 -8.784 -2.5 -5.6609 -9

0 // Lip Outside
4 16 -6.976 -4.8 -9.696 -6.976 0 -9.696 -3.3 0 -9.855 -3.3 -4.8 -9.855
4 16 -6.976 0 -9.696 -6.976 -4.8 -9.696 -13.888 -4.8 -8.784 -13.888 0 -8.784
4 16 -13.888 0 -8.784 -13.888 -4.8 -8.784 -20.704 -4.8 -7.272 -20.704 0 -7.272
4 16 -45.888 0 4.464 -40 0 .72 -40 -4.8 .72 -45.888 -4.8 4.464
4 16 -45.888 0 4.464 -45.888 -4.8 4.464 -51.424 -4.8 8.72 -51.424 0 8.72
4 16 -56.568 0 13.432 -51.424 0 8.72 -51.424 -4.8 8.72 -56.568 -4.8 13.432
4 16 -56.568 0 13.432 -56.568 -4.8 13.432 -61.28 -4.8 18.576 -61.28 0 18.576
4 16 -65.536 0 24.112 -61.28 0 18.576 -61.28 -4.8 18.576 -65.536 -4.8 24.112
4 16 -69.28 0 30 -65.536 0 24.112 -65.536 -4.8 24.112 -69.28 -4.8 30
4 16 -78.784 0 56.112 -77.272 0 49.296 -77.272 -4.8 49.296 -78.784 -4.8 56.112
4 16 -79.696 0 63.024 -78.784 0 56.112 -78.784 -4.8 56.112 -79.696 -4.8 63.024
4 16 -79.696 0 63.024 -79.696 -4.8 63.024 -80 -4.8 70 -80 0 70
4 16 -70.6287 -1.3 32.5903 -70.4523 -.3808 32.2516 -70.0265 0 31.4338 -70.7213 -3.5 32.7682
4 16 -69.28 -4.8 30 -70.7213 -3.5 32.7682 -70.0265 0 31.4338 -69.28 0 30
3 16 -70.7213 -3.5 32.7682 -69.28 -4.8 30 -70.8977 -4.4192 33.1069
3 16 -71.3235 -4.8 33.9247 -70.8977 -4.4192 33.1069 -69.28 -4.8 30
3 16 -40 -4.8 .72 -37.3555 -3.5 -.6569 -37.0168 -4.4192 -.8333
4 16 -38.6897 0 .0378 -37.8721 -.3808 -.388 -37.5334 -1.3 -.5643 -37.3555 -3.5 -.6569
4 16 -38.6897 0 .0378 -37.3555 -3.5 -.6569 -40 -4.8 .72 -40 0 .72
4 16 -25.2198 -1.3 -5.8499 -24.8548 -.3808 -5.9649 -23.9737 0 -6.2424 -25.4116 -3.5 -5.7896
4 16 -25.4116 -3.5 -5.7896 -23.9737 0 -6.2424 -20.704 0 -7.272 -20.704 -4.8 -7.272
3 16 -26.6577 -4.8 -5.3971 -25.7766 -4.4192 -5.6746 -20.704 -4.8 -7.272
3 16 -20.704 -4.8 -7.272 -25.7766 -4.4192 -5.6746 -25.4116 -3.5 -5.7896
3 16 -37.0168 -4.4192 -.8333 -36.1992 -4.8 -1.259 -40 -4.8 .72
3 16 -77.272 -4.8 49.296 -75.7166 -4.4192 44.3568 -75.4392 -4.8 43.4757
3 16 -75.7166 -4.4192 44.3568 -77.272 -4.8 49.296 -75.8315 -3.5 44.7217
4 16 -76.2843 0 46.1594 -76.0068 -.3808 45.2783 -75.8919 -1.3 44.9134 -75.8315 -3.5 44.7217
4 16 -76.2843 0 46.1594 -75.8315 -3.5 44.7217 -77.272 -4.8 49.296 -77.272 0 49.296
4 16 0 0 -9 0 -5.7692 -9 -2.5 -5.6609 -9 -2.5 0 -9
4 16 -2.5 -5.6609 -9 -3.3 -4.8 -9.855 -3.3 0 -9.855 -2.5 0 -9
2 24 -76.0068 -.3808 45.2783 -75.8919 -1.3 44.9134
2 24 -76.0068 -.3808 45.2783 -76.2843 0 46.1594
2 24 -75.7166 -4.4192 44.3568 -75.4392 -4.8 43.4757
2 24 -75.7166 -4.4192 44.3568 -75.8315 -3.5 44.7217
2 24 -75.8919 -1.3 44.9134 -75.8315 -3.5 44.7217
2 24 -75.4392 -4.8 43.4757 -75.176 -4.8 42.64
2 24 -72.504 -4.8 36.192 -71.3235 -4.8 33.9247
2 24 -75.176 -4.8 42.64 -72.504 -4.8 36.192
2 24 -70.4523 -.3808 32.2516 -70.6287 -1.3 32.5903
2 24 -70.0265 0 31.4338 -70.4523 -.3808 32.2516
2 24 -70.8977 -4.4192 33.1069 -70.7213 -3.5 32.7682
2 24 -70.8977 -4.4192 33.1069 -71.3235 -4.8 33.9247
2 24 -70.6287 -1.3 32.5903 -70.7213 -3.5 32.7682
2 24 -23.9737 0 -6.2424 -24.8548 -.3808 -5.9649
2 24 -25.2198 -1.3 -5.8499 -24.8548 -.3808 -5.9649
2 24 -25.4116 -3.5 -5.7896 -25.7766 -4.4192 -5.6746
2 24 -26.6577 -4.8 -5.3971 -25.7766 -4.4192 -5.6746
2 24 -25.2198 -1.3 -5.8499 -25.4116 -3.5 -5.7896
2 24 -37.8721 -.3808 -.388 -38.6897 0 .0378
2 24 -37.5334 -1.3 -.5643 -37.8721 -.3808 -.388
2 24 -37.3555 -3.5 -.6569 -37.0168 -4.4192 -.8333
2 24 -37.0168 -4.4192 -.8333 -36.1992 -4.8 -1.259
2 24 -37.5334 -1.3 -.5643 -37.3555 -3.5 -.6569
2 24 -3.3 0 -9.855 -2.5 0 -9
2 24 -2.5 0 -9 0 0 -9
2 24 -3.3 -4.8 -9.855 -2.5 -5.6609 -9
2 24 -2.5 -5.6609 -9 0 -5.7692 -9
2 24 -6.976 0 -9.696 -3.3 0 -9.855
2 24 -6.976 -4.8 -9.696 -3.3 -4.8 -9.855
2 24 -3.3 -4.8 -9.855 -3.3 0 -9.855
2 24 -2.5 -5.6609 -9 -2.5 0 -9
2 24 -13.888 -4.8 -8.784 -6.976 -4.8 -9.696
2 24 -13.888 -4.8 -8.784 -20.704 -4.8 -7.272
2 24 -20.704 -4.8 -7.272 -27.36 -4.8 -5.176
2 24 -27.36 -4.8 -5.176 -33.808 -4.8 -2.504
2 24 -33.808 -4.8 -2.504 -40 -4.8 .72
2 24 -40 -4.8 .72 -45.888 -4.8 4.464
2 24 -51.424 -4.8 8.72 -45.888 -4.8 4.464
2 24 -51.424 -4.8 8.72 -56.568 -4.8 13.432
2 24 -56.568 -4.8 13.432 -61.28 -4.8 18.576
2 24 -61.28 -4.8 18.576 -65.536 -4.8 24.112
2 24 -65.536 -4.8 24.112 -69.28 -4.8 30
2 24 -69.28 -4.8 30 -71.3235 -4.8 33.9247
2 24 -75.4392 -4.8 43.4757 -77.272 -4.8 49.296
2 24 -77.272 -4.8 49.296 -78.784 -4.8 56.112
2 24 -78.784 -4.8 56.112 -79.696 -4.8 63.024
2 24 -80 -4.8 70 -80 0 70
2 24 -80 0 70 -79.696 0 63.024
2 24 -79.696 0 63.024 -78.784 0 56.112
2 24 -78.784 0 56.112 -77.272 0 49.296
2 24 -77.272 0 49.296 -76.2843 0 46.1594
2 24 -70.0265 0 31.4338 -69.28 0 30
2 24 -69.28 0 30 -65.536 0 24.112
2 24 -65.536 0 24.112 -61.28 0 18.576
2 24 -61.28 0 18.576 -56.568 0 13.432
2 24 -56.568 0 13.432 -51.424 0 8.72
2 24 -51.424 0 8.72 -45.888 0 4.464
2 24 -20.704 0 -7.272 -13.888 0 -8.784
2 24 -13.888 0 -8.784 -6.976 0 -9.696
2 24 -23.9737 0 -6.2424 -20.704 0 -7.272
2 24 -45.888 0 4.464 -40 0 .72
2 24 -40 0 .72 -38.6897 0 .0378
5 24 -13.888 -4.8 -8.784 -13.888 0 -8.784 -6.976 0 -9.696 -20.704 -4.8 -7.272
5 24 -51.424 0 8.72 -51.424 -4.8 8.72 -56.568 -4.8 13.432 -45.888 0 4.464
5 24 -6.976 0 -9.696 -6.976 -4.8 -9.696 -3.3 0 -9.855 -13.888 -4.8 -8.784
5 24 -78.784 0 56.112 -78.784 -4.8 56.112 -77.272 0 49.296 -79.696 -4.8 63.024
5 24 -77.272 0 49.296 -77.272 -4.8 49.296 -78.784 -4.8 56.112 -76.2843 0 46.1594
5 24 -80 -4.8 70 -79.696 -4.8 63.024 -79.794 -9.5876 70 -80 0 70
5 24 -65.536 0 24.112 -65.536 -4.8 24.112 -69.28 -4.8 30 -61.28 0 18.576
5 24 -20.704 0 -7.272 -20.704 -4.8 -7.272 -25.4116 -3.5 -5.7896 -13.888 0 -8.784
5 24 -40 0 .72 -40 -4.8 .72 -38.6897 0 .0378 -45.888 -4.8 4.464
5 24 -61.28 0 18.576 -61.28 -4.8 18.576 -56.568 0 13.432 -65.536 -4.8 24.112
5 24 -45.888 0 4.464 -45.888 -4.8 4.464 -51.424 -4.8 8.72 -40 0 .72
5 24 -56.568 -4.8 13.432 -56.568 0 13.432 -61.28 -4.8 18.576 -51.424 0 8.72
5 24 -79.696 0 63.024 -79.696 -4.8 63.024 -78.784 0 56.112 -80 -4.8 70
5 24 -69.28 0 30 -69.28 -4.8 30 -70.7213 -3.5 32.7682 -65.536 0 24.112
5 24 -79.794 -9.5876 70 -79.696 -4.8 63.024 -80 -4.8 70 -79.2038 -10.1917 67.4758