0 ~Wheel  6 x 56 with Center Axle Hole, 6 Pin Holes, Curved Spokes - Quarter
0 Name: s\7230s01.dat
0 Author: Rene Rechthaler [Blechtaler]
0 !LDRAW_ORG Unofficial_Subpart
0 !LICENSE Licensed under CC BY 4.0 : see CAreadme.txt

0 BFC CERTIFY CCW

0 !HISTORY 2025-08-19 [Philo] Subparted the spokes

0 // outer rim

1 16 0 0 2.5 69.87 0 0 0 0 -69.87 0 -15 0 48\1-4cylo.dat
0 BFC INVERTNEXT
1 16 0 0 2.5 65.76 0 0 0 0 -65.76 0 -15 0 48\1-4cylo.dat
1 16 0 0 2.5 4.11 0 0 0 0 -4.11 0 -1 0 48\1-4ring16.dat
1 16 0 0 -12.5 4.11 0 0 0 0 -4.11 0 1 0 48\1-4ring16.dat

0 // center
1 16 0 0 0 30 0 0 0 0 -30 0 20 0 48\1-4cylo.dat
1 16 0 0 0 9 0 0 0 0 -9 0 2 0 1-4cylo.dat
1 16 0 0 6 9 0 0 0 0 -9 0 14 0 1-4cylo.dat
1 16 0 -20 0 0 0 1 1 0 0 0 1 0 5-16ring8.dat
1 16 0 -20 20 0 0 1 1 0 0 0 -1 0 5-16ring8.dat
1 16 0 -20 0 9 0 0 0 0 9 0 2 0 1-4cylo.dat
1 16 0 -20 0 9 0 0 0 0 -9 0 2 0 1-16cylo.dat
1 16 0 -20 6 9 0 0 0 0 9 0 14 0 1-4cylo.dat
1 16 0 -20 6 9 0 0 0 0 -9 0 14 0 1-16cylo.dat
1 16 17.3205 -10 6 -9 0 0 0 0 9 0 14 0 3-8cylo.dat
1 16 17.3205 -10 6 -9 0 0 0 0 -9 0 14 0 3-16cylo.dat
0 BFC INVERTNEXT
1 16 17.3205 -10 2 6 0 0 0 0 6 0 16 0 4-4cylo.dat
1 16 17.3205 -10 20 1 0 0 0 0 1 0 -1 0 peghole.dat
1 16 17.3205 -10 20 -1 0 0 0 0 1 0 -1 0 3-8ring8.dat
1 16 17.3205 -10 20 -1 0 0 0 0 -1 0 -1 0 3-16ring8.dat
1 16 17.3205 -10 20 8 0 0 0 0 8 0 -1 0 1-8tang.dat
1 16 17.3205 -10 20 8 0 0 0 0 -8 0 -1 0 1-4tang.dat
1 16 17.3205 -10 20 0 0 -8 -8 0 0 0 -1 0 1-16tang.dat

0 // front
1 16 17.3205 -10 2 6 0 0 0 0 6 0 1 0 4-4edge.dat
1 16 17.3205 -10 2 0 0 2 -2 0 0 0 1 0 3-8ring3.dat
1 16 17.3205 -10 2 0 0 -2 -2 0 0 0 1 0 3-8ring3.dat
0 BFC INVERTNEXT
1 16 17.3205 -10 0 0 0 8 -8 0 0 0 2 0 3-8cylo.dat
0 BFC INVERTNEXT
1 16 17.3205 -10 0 0 0 -8 -8 0 0 0 2 0 3-8cylo.dat
1 16 17.3205 -10 2 0 0 6 6 0 0 0 1 0 1-8tndis.dat
1 16 17.3205 -10 2 0 0 -6 6 0 0 0 1 0 1-8tndis.dat
1 16 17.3205 -10 0 -9 0 0 0 0 9 0 2 0 1-8cylo.dat
1 16 17.3205 -10 0 -1 0 0 0 0 1 0 1 0 1-8ring8.dat
1 16 17.3205 -10 0 -9 0 0 0 0 -9 0 2 0 3-16cylo.dat
1 16 17.3205 -10 0 -1 0 0 0 0 -1 0 1 0 3-16ring8.dat
1 16 22.8309 -3.9897 1 -0.14645 1 0 0.35355 0 0 0 0 -1 rect2p.dat
1 16 11.8102 -3.9897 1 -0.14645 -1 0 -0.35355 0 0 0 0 -1 rect2p.dat
4 16 21.5631 -4 2 22.6844 -3.6361 2 22.9773 -4.3432 2 21.5631 -5.7574 2
4 16 11.9566 -3.6361 2 13.0779 -4 2 13.0779 -5.7574 2 11.6637 -4.3432 2
3 16 11.9566 -3.6361 0 11.6637 -4.3432 0 10.9566 -3.6361 0

5 24 22.9773 -4.3432 0 22.9773 -4.3432 2 24.7117 -6.9384 0 22.6844 -3.6361 0
5 24 22.6844 -3.6361 0 22.6844 -3.6361 2 22.9773 -4.3432 0 22.6844 3.6361 0
5 24 11.9566 -3.6361 0 11.9566 -3.6361 2 11.9566 3.6361 0 11.6637 -4.3432 0
5 24 11.6637 -4.3432 0 11.6637 -4.3432 2 11.9566 -3.6361 0 9.9293 -6.9384 0
5 24 13 -22.516 2 13 -22.516 0 15.8288 -20.6284 0 9.9502 -24.0214 0

0 // front filler
1 16 9.1327 -23.7329 1 -0.81755 0 0 0.28855 -1 0 0 0 1 rect.dat
1 16 11.4751 -23.2687 1 -1.5249 0 0 -0.7527 -1 0 0 0 1 rect2p.dat
1 16 14.4144 -21.5722 1 -1.4144 0 0 -0.9438 -1 0 0 0 1 rect2p.dat
1 16 15.9873 -19.7758 1 0.1585 1 0 0.8526 0 0 0 0 1 rect.dat
1 16 15.011 -18.6192 1 1.1348 0 0 -0.30405 1 0 0 0 1 rect2p.dat
3 16 9 0 2 10.9566 -3.6361 2 8.3151 -3.4443 2
4 16 6.3639 -6.3639 2 8.3151 -3.4443 2 10.9566 -3.6361 2 9.0054 -6.5557 2
4 16 9.0054 -6.5557 2 8.3205 -10 2 3.4443 -8.3151 2 6.3639 -6.3639 2
4 16 3.4443 -8.3151 2 3.4443 -11.6849 2 0 -11 2 0 -9 2
4 16 3.4443 -8.3151 2 8.3205 -10 2 6.3639 -13.6361 2 3.4443 -11.6849 2
4 16 8.3151 -16.5557 2 6.3639 -13.6361 2 8.3205 -10 2 9.0054 -13.4443 2
4 16 9.0054 -13.4443 2 10.9566 -16.3639 2 9 -20 2 8.3151 -16.5557 2
4 16 10.9566 -16.3639 2 13.8762 -18.3151 2 13 -22.516 2 9 -20 2
4 16 13 -22.516 2 13.8762 -18.3151 2 16.1458 -18.9232 2 15.8288 -20.6284 2
4 16 8.3151 -23.4443 2 9 -20 2 13 -22.516 2 9.9502 -24.0214 2

1 16 0 -20 0 0 0 8 -8 0 0 0 1 0 3-16tndis.dat
1 16 0 0 0 30 0 0 0 0 -30 0 1 0 48\1-16chrd.dat
1 16 0 0 0 21.213 0 21.213 -21.213 0 21.213 0 1 0 48\1-16chrd.dat
1 16 0 0 0 21.213 0 -21.213 -21.213 0 -21.213 0 1 0 48\1-16chrd.dat
1 16 0 0 0 0 0 30 -30 0 0 0 1 0 48\1-16chrd.dat
1 16 17.3205 -10 0 8 0 0 0 0 8 0 1 0 1-8tndis.dat
1 16 17.3205 -10 0 8 0 0 0 0 -8 0 1 0 1-4tang.dat
1 16 17.3205 -10 0 0 0 -8 -8 0 0 0 1 0 1-16tang.dat
4 16 30 0 0 25.3205 -4.3432 0 22.9773 -4.3432 0 22.6844 -3.6361 0
4 16 25.3205 -4.3432 0 30 0 0 27.717 -11.481 0 25.3205 -10 0
3 16 25.3205 -10 0 27.717 -11.481 0 25.3205 -11.5912 0
3 16 25.3205 -11.5912 0 27.717 -11.481 0 24.7117 -13.0616 0
3 16 24.7117 -13.0616 0 27.717 -11.481 0 24.1029 -14.532 0
4 16 27.717 -11.481 0 21.213 -21.213 0 22.9773 -15.6568 0 24.1029 -14.532 0
3 16 22.9773 -15.6568 0 21.213 -21.213 0 21.8525 -16.7824 0
3 16 21.8525 -16.7824 0 21.213 -21.213 0 20.3821 -17.3912 0
4 16 15.8288 -20.6284 0 18.9117 -18 0 20.3821 -17.3912 0 21.213 -21.213 0
3 16 7.3912 -23.0616 0 8.3151 -23.4443 0 7.3912 -28 0
3 16 7.3912 -28 0 11.481 -27.717 0 0 -30 0
3 16 0 -30 0 0 -28 0 7.3912 -28 0

0 // rear filler
1 16 9.1327 -23.7329 13 -0.81755 0 0 0.28855 -1 0 0 0 7 rect.dat
1 16 11.4751 -23.2687 13 -1.5249 0 0 -0.7527 -1 0 0 0 7 rect2p.dat
1 16 14.4144 -21.5722 13 -1.4144 0 0 -0.9438 -1 0 0 0 7 rect2p.dat
1 16 15.9873 -19.7758 13 0.1585 1 0 0.8526 0 0 0 0 7 rect.dat
4 16 14.2589 -17.3912 0 15.7293 -18 0 16.1458 -18.9232 0 13.8762 -18.3151 0
3 16 16.1458 -18.9232 0 15.7293 -18 0 17.3205 -18 0
4 16 17.3205 -18 0 18.9117 -18 0 15.8288 -20.6284 0 16.1458 -18.9232 0
4 16 15.8288 -20.6284 0 21.213 -21.213 0 11.481 -27.717 0 13 -22.516 0
3 16 13 -22.516 0 11.481 -27.717 0 9.9502 -24.0214 0
4 16 7.3912 -28 0 8.3151 -23.4443 0 9.9502 -24.0214 0 11.481 -27.717 0

1 16 15.011 -18.6192 13 1.1348 0 0 -0.30405 1 0 0 0 7 rect2p.dat
1 16 24.0726 -4.0787 13 0.3882 0 0 -0.44255 -1 0 0 0 7 rect2p.dat
1 16 25.1186 -3.9571 13 -0.6578 1 0 -0.5641 0 0 0 0 7 rect.dat
1 16 25.8882 -1.6965 13 -0.1118 1 0 -1.6965 0 0 0 0 7 rect2p.dat
4 16 9.9502 -24.0214 6 13 -22.516 6 9 -20 6 8.3151 -23.4443 6
4 16 10.9566 -16.3639 6 9 -20 6 13 -22.516 6 13.8762 -18.3151 6
4 16 13 -22.516 6 15.8288 -20.6284 6 16.1458 -18.9232 6 13.8762 -18.3151 6
4 16 9 -20 6 10.9566 -16.3639 6 9.0054 -13.4443 6 8.3151 -16.5557 6
4 16 8.3151 -16.5557 6 9.0054 -13.4443 6 8.3205 -10 6 6.3639 -13.6361 6
4 16 3.4443 -8.3151 6 3.4443 -11.6849 6 6.3639 -13.6361 6 8.3205 -10 6
4 16 0 -9 6 0 -11 6 3.4443 -11.6849 6 3.4443 -8.3151 6
4 16 3.4443 -8.3151 6 8.3205 -10 6 9.0054 -6.5557 6 6.3639 -6.3639 6
4 16 13.8762 -1.6849 6 9 0 6 8.3151 -3.4443 6 10.9566 -3.6361 6
4 16 6.3639 -6.3639 6 9.0054 -6.5557 6 10.9566 -3.6361 6 8.3151 -3.4443 6
3 16 9 0 6 13.8762 -1.6849 6 17.3205 -1 6
3 16 17.3205 -1 6 26 0 6 9 0 6
3 16 26 0 6 17.3205 -1 6 20.7648 -1.6849 6
4 16 26 0 6 20.7648 -1.6849 6 23.6844 -3.6361 6 25.7764 -3.393 6
3 16 25.7764 -3.393 6 23.6844 -3.6361 6 24.4608 -4.5212 6

1 16 0 -20 20 0 0 8 -8 0 0 0 -1 0 3-16tndis.dat
1 16 0 0 20 30 0 0 0 0 -30 0 -1 0 48\1-16chrd.dat
1 16 0 0 20 21.213 0 21.213 -21.213 0 21.213 0 -1 0 48\1-16chrd.dat
1 16 0 0 20 21.213 0 -21.213 -21.213 0 -21.213 0 -1 0 48\1-16chrd.dat
1 16 0 0 20 0 0 30 -30 0 0 0 -1 0 48\1-16chrd.dat

3 16 0 -28 20 0 -30 20 7.3912 -28 20
3 16 7.3912 -28 20 0 -30 20 11.481 -27.717 20
3 16 8.3151 -23.4443 20 7.3912 -23.0616 20 7.3912 -28 20
4 16 7.3912 -28 20 11.481 -27.717 20 9.9502 -24.0214 20 8.3151 -23.4443 20
3 16 9.9502 -24.0214 20 11.481 -27.717 20 13 -22.516 20
4 16 15.8288 -20.6284 20 13 -22.516 20 11.481 -27.717 20 21.213 -21.213 20
4 16 16.1458 -18.9232 20 15.7293 -18 20 14.2589 -17.3912 20 13.8762 -18.3151 20
3 16 17.3205 -18 20 15.7293 -18 20 16.1458 -18.9232 20
4 16 20.3821 -17.3912 20 18.9117 -18 20 15.8288 -20.6284 20 21.213 -21.213 20
4 16 16.1458 -18.9232 20 15.8288 -20.6284 20 18.9117 -18 20 17.3205 -18 20
3 16 20.3821 -17.3912 20 21.213 -21.213 20 21.8525 -16.7824 20
3 16 21.8525 -16.7824 20 21.213 -21.213 20 22.9773 -15.6568 20
4 16 22.9773 -15.6568 20 21.213 -21.213 20 27.717 -11.481 20 24.1029 -14.532 20
3 16 24.1029 -14.532 20 27.717 -11.481 20 24.7117 -13.0616 20
3 16 24.7117 -13.0616 20 27.717 -11.481 20 25.3205 -11.5912 20
3 16 25.3205 -11.5912 20 27.717 -11.481 20 25.3205 -10 20
3 16 25.3205 -10 20 27.717 -11.481 20 25.3205 -8.4088 20
4 16 23.6844 -3.6361 20 22.9773 -4.3432 20 24.1029 -5.468 20 24.4608 -4.5212 20
4 16 24.1029 -5.468 20 24.7117 -6.9384 20 25.7764 -3.393 20 24.4608 -4.5212 20
4 16 24.7117 -6.9384 20 25.3205 -8.4088 20 27.717 -11.481 20 25.7764 -3.393 20
4 16 26 0 20 25.7764 -3.393 20 27.717 -11.481 20 30 0 20

0 // Spokes
1 16 0 0 0 1 0 0 0 1 0 0 0 1 s\7230s02.dat
1 16 0 0 0 0.5 -0.86603 0 0.86603 0.5 0 0 0 1 s\7230s02.dat
1 16 0 0 0 -0.5 -0.86603 0 -0.86603 0.5 0 0 0 1 s\7230s02.dat

5 24 31.9719 -18.459 6.408 33.5862 -19.391 14.559 31.8159 -19.4012 6.367 32.7099 -17.8528 6.367
5 24 28.5035 -16.4565 6.693 31.9719 -18.459 6.408 32.7099 -17.8528 6.367 31.8159 -19.4012 6.367
2 24 31.5969 -54.7274 2.078 29.1922 -50.5624 2.247
2 24 36.1254 -20.857 3.904 33.277 -19.2125 3.213
2 24 28.9512 -50.1449 0.383 30.9069 -53.5324 -1.129
5 24 33.5862 -19.391 14.559 34.0071 -19.634 15.139 33.7686 -20.6371 15.236 34.7566 -18.9259 15.236
2 24 34.6246 -19.9905 15.024 35.7235 -20.625 13.646
2 24 34.0071 -19.634 15.139 34.6246 -19.9905 15.024
2 24 29.3375 -16.938 2.873 25.9808 -15 2.5689
2 24 36.5939 -21.1275 12.069 37.9354 -21.902 8.688
2 24 28.366 -49.1314 1.63 28.9512 -50.1449 0.383
2 24 33.277 -19.2125 3.213 29.3375 -16.938 2.873
2 24 30.9069 -53.5324 -1.129 32.8793 -56.9486 -1.183
5 24 13 -22.516 20 13 -22.516 6 9.9502 -24.0214 6 15.8288 -20.6284 20
2 24 37.4625 -21.629 5.955 36.1254 -20.857 3.904
2 24 29.1922 -50.5624 2.247 28.366 -49.1314 1.63
2 24 35.7235 -20.625 13.646 36.5939 -21.1275 12.069
2 24 37.9354 -21.902 8.688 37.4625 -21.629 5.955
2 24 32.8786 -56.949 1.696 31.5969 -54.7274 2.078