0 ~Minifig Head Looney Tunes Bugs Bunny Ear Area
0 Name: s\74505s07.dat
0 Author: Fredrik Hareide [fhareide]
0 !LDRAW_ORG Unofficial_Subpart
0 !LICENSE Licensed under CC BY 4.0 : see CAreadme.txt

0 BFC CERTIFY CCW

3 16 7.052 -43.031 -1.245 9.315 -43.625 -1.314 7.986 -46.295 -1.978
3 16 6.032 -46.492 -2.561 7.986 -46.295 -1.978 9.681 -52.131 -3.248
4 16 6.133 -52.699 -4.117 9.681 -52.131 -3.248 10.44 -57.098 -4.479 6.87 -57.269 -5.257
3 16 10.025 -65.059 -7.426 10.44 -57.098 -4.479 12.484 -65.114 -7.085
3 16 12.715 -72.309 -9.072 13.426 -71.386 -8.818 13.239 -73.165 -9.187
3 16 9.315 -43.625 -1.314 10.819 -46.117 -2.03 7.986 -46.295 -1.978
3 16 14.737 -68.709 -8.357 13.426 -71.386 -8.818 12.484 -65.114 -7.085
3 16 14.737 -68.709 -8.357 14.385 -71.454 -8.853 13.426 -71.386 -8.818
3 16 9.315 -43.625 -1.314 7.052 -43.031 -1.245 7.882 -41.723 -0.858
3 16 12.484 -65.114 -7.085 11.906 -70.113 -8.594 10.902 -67.342 -7.95
3 16 7.43 -41.485 -0.805 7.052 -43.031 -1.245 6.692 -41.667 -0.918
3 16 6.692 -41.667 -0.918 7.052 -43.031 -1.245 6.365 -42.709 -1.391
3 16 15.198 -64.958 -7.329 12.484 -65.114 -7.085 14.559 -56.507 -5.064
3 16 6.365 -42.709 -1.391 7.052 -43.031 -1.245 6.032 -46.492 -2.561
4 16 13.426 -71.386 -8.818 12.362 -71.316 -8.9 11.906 -70.113 -8.594 12.484 -65.114 -7.085
3 16 14.252 -72.621 -9.059 13.705 -73.452 -9.214 13.426 -71.386 -8.818
3 16 6.032 -46.492 -2.561 9.681 -52.131 -3.248 5.976 -49.121 -3.269
3 16 9.681 -52.131 -3.248 6.133 -52.699 -4.117 5.976 -49.121 -3.269
3 16 10.44 -57.098 -4.479 10.025 -65.059 -7.426 6.87 -57.269 -5.257
3 16 12.362 -71.316 -8.9 13.426 -71.386 -8.818 12.715 -72.309 -9.072
3 16 13.426 -71.386 -8.818 13.705 -73.452 -9.214 13.239 -73.165 -9.187
3 16 12.484 -65.114 -7.085 15.198 -64.958 -7.329 14.737 -68.709 -8.357
3 16 7.052 -43.031 -1.245 7.43 -41.485 -0.805 7.882 -41.723 -0.858
3 16 10.902 -67.342 -7.95 10.025 -65.059 -7.426 12.484 -65.114 -7.085
3 16 9.681 -52.131 -3.248 10.819 -46.117 -2.03 13.64 -51.391 -3.701
3 16 10.819 -46.117 -2.03 9.681 -52.131 -3.248 7.986 -46.295 -1.978
3 16 14.559 -56.507 -5.064 12.484 -65.114 -7.085 10.44 -57.098 -4.479
3 16 6.032 -46.492 -2.561 7.052 -43.031 -1.245 7.986 -46.295 -1.978
3 16 10.44 -57.098 -4.479 13.64 -51.391 -3.701 14.559 -56.507 -5.064
3 16 9.681 -52.131 -3.248 13.64 -51.391 -3.701 10.44 -57.098 -4.479
3 16 14.252 -72.621 -9.059 13.426 -71.386 -8.818 14.385 -71.454 -8.853
3 16 13.705 -73.452 -9.214 14.252 -72.621 -9.059 14.133 -73.23 -9.17

5 24 13.426 -71.386 -8.818 14.737 -68.709 -8.357 14.385 -71.454 -8.853 12.484 -65.114 -7.085
5 24 13.705 -73.452 -9.214 14.252 -72.621 -9.059 14.133 -73.23 -9.17 13.426 -71.386 -8.818
5 24 7.052 -43.031 -1.245 9.315 -43.625 -1.314 7.882 -41.723 -0.858 7.986 -46.295 -1.978
5 24 12.484 -65.114 -7.085 14.737 -68.709 -8.357 13.426 -71.386 -8.818 15.198 -64.958 -7.329
5 24 10.819 -46.117 -2.03 9.681 -52.131 -3.248 7.986 -46.295 -1.978 13.64 -51.391 -3.701
5 24 10.44 -57.098 -4.479 6.87 -57.269 -5.257 10.025 -65.059 -7.426 6.133 -52.699 -4.117
5 24 13.426 -71.386 -8.818 14.252 -72.621 -9.059 13.705 -73.452 -9.214 14.385 -71.454 -8.853
5 24 7.43 -41.485 -0.805 7.052 -43.031 -1.245 6.692 -41.667 -0.918 7.882 -41.723 -0.858
5 24 7.052 -43.031 -1.245 6.032 -46.492 -2.561 6.365 -42.709 -1.391 7.986 -46.295 -1.978
5 24 12.715 -72.309 -9.072 13.426 -71.386 -8.818 13.239 -73.165 -9.187 12.362 -71.316 -8.9
5 24 9.315 -43.625 -1.314 7.986 -46.295 -1.978 10.819 -46.117 -2.03 7.052 -43.031 -1.245
5 24 10.44 -57.098 -4.479 12.484 -65.114 -7.085 14.559 -56.507 -5.064 10.025 -65.059 -7.426
5 24 10.819 -46.117 -2.03 7.986 -46.295 -1.978 9.681 -52.131 -3.248 9.315 -43.625 -1.314
5 24 12.484 -65.114 -7.085 11.906 -70.113 -8.594 13.426 -71.386 -8.818 10.902 -67.342 -7.95
5 24 7.986 -46.295 -1.978 7.052 -43.031 -1.245 9.315 -43.625 -1.314 6.032 -46.492 -2.561
5 24 13.705 -73.452 -9.214 13.426 -71.386 -8.818 13.239 -73.165 -9.187 14.252 -72.621 -9.059
5 24 15.198 -64.958 -7.329 12.484 -65.114 -7.085 14.559 -56.507 -5.064 14.737 -68.709 -8.357
5 24 12.484 -65.114 -7.085 14.559 -56.507 -5.064 10.44 -57.098 -4.479 15.198 -64.958 -7.329
5 24 6.133 -52.699 -4.117 9.681 -52.131 -3.248 10.44 -57.098 -4.479 5.976 -49.121 -3.269
5 24 9.681 -52.131 -3.248 6.032 -46.492 -2.561 5.976 -49.121 -3.269 7.986 -46.295 -1.978
5 24 5.976 -49.121 -3.269 9.681 -52.131 -3.248 6.133 -52.699 -4.117 6.032 -46.492 -2.561
5 24 9.681 -52.131 -3.248 10.44 -57.098 -4.479 13.64 -51.391 -3.701 6.133 -52.699 -4.117
5 24 6.692 -41.667 -0.918 7.052 -43.031 -1.245 7.43 -41.485 -0.805 6.365 -42.709 -1.391
5 24 7.052 -43.031 -1.245 6.365 -42.709 -1.391 6.032 -46.492 -2.561 6.692 -41.667 -0.918
5 24 13.426 -71.386 -8.818 12.484 -65.114 -7.085 11.906 -70.113 -8.594 14.737 -68.709 -8.357
5 24 10.44 -57.098 -4.479 14.559 -56.507 -5.064 13.64 -51.391 -3.701 12.484 -65.114 -7.085
5 24 12.484 -65.114 -7.085 10.025 -65.059 -7.426 10.44 -57.098 -4.479 10.902 -67.342 -7.95
5 24 14.385 -71.454 -8.853 13.426 -71.386 -8.818 14.737 -68.709 -8.357 14.252 -72.621 -9.059
5 24 13.64 -51.391 -3.701 9.681 -52.131 -3.248 10.819 -46.117 -2.03 10.44 -57.098 -4.479
5 24 6.032 -46.492 -2.561 7.986 -46.295 -1.978 7.052 -43.031 -1.245 9.681 -52.131 -3.248
5 24 7.986 -46.295 -1.978 9.681 -52.131 -3.248 10.819 -46.117 -2.03 6.032 -46.492 -2.561
5 24 13.426 -71.386 -8.818 13.239 -73.165 -9.187 12.715 -72.309 -9.072 13.705 -73.452 -9.214
5 24 10.44 -57.098 -4.479 13.64 -51.391 -3.701 9.681 -52.131 -3.248 14.559 -56.507 -5.064
5 24 7.052 -43.031 -1.245 7.882 -41.723 -0.858 7.43 -41.485 -0.805 9.315 -43.625 -1.314
5 24 13.426 -71.386 -8.818 12.362 -71.316 -8.9 11.906 -70.113 -8.594 12.715 -72.309 -9.072
5 24 10.025 -65.059 -7.426 10.44 -57.098 -4.479 12.484 -65.114 -7.085 6.87 -57.269 -5.257
