0 ~Minifig Head Looney Tunes Lola Bunny Mouth Pattern
0 Name: s\75698p01s08.dat
0 Author: Fredrik Hareide [fhareide]
0 !LDRAW_ORG Unofficial_Subpart
0 !LICENSE Licensed under CC BY 4.0 : see CAreadme.txt

0 BFC CERTIFY CCW

0 // Black

4 0 5.955 -13.515 -16.847 6.395 -13.969 -16.815 5.88 -14.401 -17.119 5.221 -13.831 -17.197
3 0 5.193 -12.526 -16.847 4.543 -13.176 -17.207 4.495 -13.154 -17.213
3 0 6.873 -14.28 -16.73 6.882 -14.224 -16.714 6.969 -14.269 -16.689
3 0 6.873 -14.28 -16.73 6.755 -14.157 -16.738 6.882 -14.224 -16.714
3 0 5.193 -12.526 -16.847 2.948 -11.643 -17.109 4.659 -11.1 -16.596
4 0 1.424 -11.183 -17.177 2.088 -8.781 -16.424 2.948 -11.643 -17.109 1.575 -11.609 -17.276
3 0 2.948 -11.643 -17.109 2.088 -8.781 -16.424 4.282 -9.27 -16.208
3 0 4.282 -9.27 -16.208 4.659 -11.1 -16.596 2.948 -11.643 -17.109
3 0 7.044 -14.872 -16.687 6.653 -14.792 -16.867 6.873 -14.28 -16.73
4 0 3.552 -12.707 -17.299 2.948 -11.643 -17.109 5.193 -12.526 -16.847 4.495 -13.154 -17.213
4 0 2.948 -11.643 -17.109 2.48 -12.498 -17.461 1.715 -12.005 -17.393 1.575 -11.609 -17.276
4 0 0.522 -12.567 -17.619 1.208 -12.275 -17.505 1.13 -12.803 -17.659 0.762 -13.003 -17.733
3 0 0.817 -10.547 -17.029 0.378 -10.461 -17.024 0 -8.792 -16.565
4 0 13.785 -13.394 -13.147 13.837 -13.469 -13.134 13.796 -13.529 -13.176 13.396 -13.385 -13.391
4 0 12.899 -13.373 -13.717 13.075 -13.566 -13.651 12.446 -13.597 -14.021 12.434 -13.363 -13.985
4 0 11.436 -13.52 -14.548 11.598 -13.778 -14.508 10.84 -14.164 -14.972 10.175 -14.014 -15.295
4 0 8.373 -14.964 -16.141 7.941 -14.473 -16.297 8.889 -14.393 -15.9 8.971 -14.851 -15.888
3 0 5.99 -14.456 -17.095 6.873 -14.28 -16.73 6.643 -14.787 -16.872
3 0 2.731 -12.547 -17.446 2.948 -11.643 -17.109 3.378 -12.673 -17.33
4 0 1.621 -12.1 -17.437 1.925 -12.583 -17.563 1.382 -12.666 -17.609 1.208 -12.275 -17.505
4 0 0.417 -13.19 -17.766 0 -12.736 -17.641 0.283 -12.668 -17.635 0.762 -13.003 -17.733
3 0 0.955 -10.574 -17.028 2.088 -8.781 -16.424 1.308 -10.856 -17.088
4 0 13.396 -13.385 -13.391 13.383 -13.55 -13.443 13.075 -13.566 -13.651 12.899 -13.373 -13.717
4 0 10.05 -14.527 -15.411 9.657 -14.167 -15.574 9.911 -14.092 -15.447 10.462 -14.337 -15.2
4 0 9.448 -14.228 -15.66 9.692 -14.647 -15.59 9.226 -14.803 -15.784 8.971 -14.851 -15.888
4 0 5.068 -13.683 -17.211 5.193 -12.526 -16.847 5.604 -13.049 -16.844 5.221 -13.831 -17.197
3 0 5.604 -13.049 -16.844 5.955 -13.515 -16.847 5.221 -13.831 -17.197
4 0 6.755 -14.157 -16.738 6.873 -14.28 -16.73 5.99 -14.456 -17.095 6.395 -13.969 -16.815
3 0 5.88 -14.401 -17.119 6.395 -13.969 -16.815 5.99 -14.456 -17.095
3 0 5.193 -12.526 -16.847 5.068 -13.683 -17.211 4.543 -13.176 -17.207
3 0 6.873 -14.28 -16.73 6.653 -14.792 -16.867 6.643 -14.787 -16.872
3 0 3.378 -12.673 -17.33 2.948 -11.643 -17.109 3.552 -12.707 -17.299
3 0 1.621 -12.1 -17.437 1.673 -12.078 -17.423 1.925 -12.583 -17.563
4 0 1.925 -12.583 -17.563 1.673 -12.078 -17.423 1.715 -12.005 -17.393 2.48 -12.498 -17.461
3 0 2.48 -12.498 -17.461 2.948 -11.643 -17.109 2.731 -12.547 -17.446
3 0 0.378 -10.461 -17.024 0 -10.457 -17.039 0 -8.792 -16.565
3 0 13.383 -13.55 -13.443 13.396 -13.385 -13.391 13.796 -13.529 -13.176
4 0 12.446 -13.597 -14.021 12.255 -13.638 -14.139 12.193 -13.401 -14.131 12.434 -13.363 -13.985
4 0 10.462 -14.337 -15.2 9.911 -14.092 -15.447 10.175 -14.014 -15.295 10.84 -14.164 -14.972
4 0 11.598 -13.778 -14.508 11.436 -13.52 -14.548 12.193 -13.401 -14.131 12.255 -13.638 -14.139
4 0 6.873 -14.28 -16.73 6.969 -14.269 -16.689 7.03 -14.301 -16.665 7.044 -14.872 -16.687
4 0 7.03 -14.301 -16.665 7.941 -14.473 -16.297 7.506 -14.966 -16.5 7.044 -14.872 -16.687
3 0 7.506 -14.966 -16.5 7.941 -14.473 -16.297 8.373 -14.964 -16.141
3 0 9.448 -14.228 -15.66 8.971 -14.851 -15.888 8.889 -14.393 -15.9
3 0 1.208 -12.275 -17.505 1.382 -12.666 -17.609 1.13 -12.803 -17.659
3 0 0.522 -12.567 -17.619 0.762 -13.003 -17.733 0.283 -12.668 -17.635
3 0 0 -12.736 -17.641 0.417 -13.19 -17.766 0 -13.251 -17.766
3 0 1.308 -10.856 -17.088 2.088 -8.781 -16.424 1.424 -11.183 -17.177
4 0 2.088 -8.781 -16.424 0.955 -10.574 -17.028 0.817 -10.547 -17.029 0 -8.792 -16.565
3 0 9.692 -14.647 -15.59 9.657 -14.167 -15.574 10.05 -14.527 -15.411
3 0 9.448 -14.228 -15.66 9.657 -14.167 -15.574 9.692 -14.647 -15.59

0 // White
4 15 1.715 -12.005 -17.393 1.673 -12.078 -17.423 1.621 -12.1 -17.437 1.575 -11.609 -17.276
4 15 1.308 -11.602 -17.308 1.621 -12.1 -17.437 1.208 -12.275 -17.505 0 -11.615 -17.369
4 15 0 -11.615 -17.369 0.378 -10.461 -17.024 0.817 -10.547 -17.029 1.308 -11.602 -17.308
4 15 0.817 -10.547 -17.029 0.955 -10.574 -17.028 1.308 -10.856 -17.088 1.308 -11.602 -17.308
3 15 1.424 -11.183 -17.177 1.575 -11.609 -17.276 1.308 -11.602 -17.308
4 15 0 -11.615 -17.369 0.522 -12.567 -17.619 0.283 -12.668 -17.635 0 -12.736 -17.641
3 15 1.575 -11.609 -17.276 1.621 -12.1 -17.437 1.308 -11.602 -17.308
3 15 0 -11.615 -17.369 0 -10.457 -17.039 0.378 -10.461 -17.024
3 15 1.424 -11.183 -17.177 1.308 -11.602 -17.308 1.308 -10.856 -17.088
3 15 0 -11.615 -17.369 1.208 -12.275 -17.505 0.522 -12.567 -17.619

0 // Main_Colour
4 16 14.847 -12.749 -12.305 13.837 -13.469 -13.134 13.785 -13.394 -13.147 13.599 -10.816 -12.585
3 16 13.357 -13.875 -13.545 13.075 -13.566 -13.651 13.383 -13.55 -13.443
3 16 14.847 -12.749 -12.305 14.216 -15.01 -13.164 13.357 -13.875 -13.545
3 16 14.216 -15.01 -13.164 12.698 -15.331 -14.197 13.357 -13.875 -13.545
3 16 11.901 -12.283 -14.093 12.434 -13.363 -13.985 12.193 -13.401 -14.131
4 16 9.879 -17.279 -15.682 10.05 -14.527 -15.411 10.462 -14.337 -15.2 12.698 -15.331 -14.197
4 16 10.175 -14.014 -15.295 9.644 -13.973 -15.567 11.901 -12.283 -14.093 11.436 -13.52 -14.548
3 16 9.657 -14.167 -15.574 9.448 -14.228 -15.66 9.644 -13.973 -15.567
3 16 7.03 -14.301 -16.665 6.969 -14.269 -16.689 7.941 -14.473 -16.297
4 16 6.653 -14.792 -16.867 7.044 -14.872 -16.687 7.568 -16.682 -16.558 5.767 -16.721 -17.415
4 16 5.99 -14.456 -17.095 6.643 -14.787 -16.872 5.767 -16.721 -17.415 4.961 -14.662 -17.52
4 16 3.552 -12.707 -17.299 4.495 -13.154 -17.213 3.829 -13.753 -17.563 3.378 -12.673 -17.33
4 16 3.378 -12.673 -17.33 3.829 -13.753 -17.563 2.502 -13.5 -17.801 2.731 -12.547 -17.446
3 16 1.028 -13.489 -17.86 0.762 -13.003 -17.733 1.13 -12.803 -17.659
4 16 0 -13.521 -17.832 0 -13.251 -17.766 0.417 -13.19 -17.766 1.028 -13.489 -17.86
3 16 7.407 -11.048 -15.841 5.193 -12.526 -16.847 4.659 -11.1 -16.596
3 16 5.713 -7.133 -15.074 7.407 -11.048 -15.841 4.282 -9.27 -16.208
3 16 5.713 -7.133 -15.074 4.282 -9.27 -16.208 3.795 -7.524 -15.577
3 16 3.524 -4.339 -13.752 5.713 -7.133 -15.074 2.96 -5.897 -15.058
3 16 3.524 -4.339 -13.752 2.96 -5.897 -15.058 1.944 -4.842 -14.388
3 16 0 -4.213 -14.18 3.524 -4.339 -13.752 1.944 -4.842 -14.388
3 16 2.96 -5.897 -15.058 5.713 -7.133 -15.074 3.795 -7.524 -15.577
3 16 4.282 -9.27 -16.208 7.407 -11.048 -15.841 4.659 -11.1 -16.596
3 16 4.961 -14.662 -17.52 5.221 -13.831 -17.197 5.88 -14.401 -17.119
4 16 5.955 -13.515 -16.847 5.604 -13.049 -16.844 6.755 -14.157 -16.738 6.395 -13.969 -16.815
4 16 7.407 -11.048 -15.841 9.644 -13.973 -15.567 6.969 -14.269 -16.689 6.882 -14.224 -16.714
4 16 2.502 -13.5 -17.801 1.925 -12.583 -17.563 2.48 -12.498 -17.461 2.731 -12.547 -17.446
4 16 12.446 -13.597 -14.021 13.357 -13.875 -13.545 12.698 -15.331 -14.197 12.255 -13.638 -14.139
4 16 11.598 -13.778 -14.508 12.255 -13.638 -14.139 12.698 -15.331 -14.197 10.84 -14.164 -14.972
3 16 7.506 -14.966 -16.5 8.373 -14.964 -16.141 7.568 -16.682 -16.558
4 16 5.068 -13.683 -17.211 4.961 -14.662 -17.52 3.829 -13.753 -17.563 4.543 -13.176 -17.207
4 16 7.407 -11.048 -15.841 6.882 -14.224 -16.714 6.755 -14.157 -16.738 5.193 -12.526 -16.847
4 16 1.382 -12.666 -17.609 2.502 -13.5 -17.801 1.028 -13.489 -17.86 1.13 -12.803 -17.659
4 16 11.901 -12.283 -14.093 13.599 -10.816 -12.585 13.396 -13.385 -13.391 12.899 -13.373 -13.717
3 16 9.644 -13.973 -15.567 9.911 -14.092 -15.447 9.657 -14.167 -15.574
3 16 9.879 -17.279 -15.682 9.226 -14.803 -15.784 9.692 -14.647 -15.59
3 16 13.796 -13.529 -13.176 13.357 -13.875 -13.545 13.383 -13.55 -13.443
3 16 13.796 -13.529 -13.176 14.847 -12.749 -12.305 13.357 -13.875 -13.545
3 16 13.785 -13.394 -13.147 13.396 -13.385 -13.391 13.599 -10.816 -12.585
3 16 13.796 -13.529 -13.176 13.837 -13.469 -13.134 14.847 -12.749 -12.305
3 16 12.899 -13.373 -13.717 12.434 -13.363 -13.985 11.901 -12.283 -14.093
3 16 9.879 -17.279 -15.682 9.692 -14.647 -15.59 10.05 -14.527 -15.411
3 16 11.901 -12.283 -14.093 12.193 -13.401 -14.131 11.436 -13.52 -14.548
3 16 9.644 -13.973 -15.567 10.175 -14.014 -15.295 9.911 -14.092 -15.447
4 16 7.941 -14.473 -16.297 6.969 -14.269 -16.689 9.644 -13.973 -15.567 8.889 -14.393 -15.9
3 16 9.448 -14.228 -15.66 8.889 -14.393 -15.9 9.644 -13.973 -15.567
3 16 6.653 -14.792 -16.867 5.767 -16.721 -17.415 6.643 -14.787 -16.872
3 16 0.417 -13.19 -17.766 0.762 -13.003 -17.733 1.028 -13.489 -17.86
3 16 5.068 -13.683 -17.211 5.221 -13.831 -17.197 4.961 -14.662 -17.52
3 16 5.99 -14.456 -17.095 4.961 -14.662 -17.52 5.88 -14.401 -17.119
3 16 6.755 -14.157 -16.738 5.604 -13.049 -16.844 5.193 -12.526 -16.847
3 16 12.446 -13.597 -14.021 13.075 -13.566 -13.651 13.357 -13.875 -13.545
3 16 12.698 -15.331 -14.197 10.462 -14.337 -15.2 10.84 -14.164 -14.972
3 16 7.506 -14.966 -16.5 7.568 -16.682 -16.558 7.044 -14.872 -16.687
3 16 7.568 -16.682 -16.558 8.373 -14.964 -16.141 8.971 -14.851 -15.888
3 16 4.543 -13.176 -17.207 3.829 -13.753 -17.563 4.495 -13.154 -17.213
3 16 2.502 -13.5 -17.801 1.382 -12.666 -17.609 1.925 -12.583 -17.563
4 16 9.879 -17.279 -15.682 7.568 -16.682 -16.558 8.971 -14.851 -15.888 9.226 -14.803 -15.784

5 24 7.407 -11.048 -15.841 4.659 -11.1 -16.596 4.282 -9.27 -16.208 5.193 -12.526 -16.847
5 24 4.659 -11.1 -16.596 4.282 -9.27 -16.208 7.407 -11.048 -15.841 2.948 -11.643 -17.109
5 24 4.282 -9.27 -16.208 7.407 -11.048 -15.841 5.713 -7.133 -15.074 4.659 -11.1 -16.596
5 24 9.644 -13.973 -15.567 9.879 -17.279 -15.682 7.568 -16.682 -16.558 12.698 -15.331 -14.197
5 24 13.599 -10.816 -12.585 13.357 -13.875 -13.545 14.847 -12.749 -12.305 11.901 -12.283 -14.093
5 24 2.948 -11.643 -17.109 4.282 -9.27 -16.208 2.088 -8.781 -16.424 4.659 -11.1 -16.596
5 24 3.524 -4.339 -13.752 1.944 -4.842 -14.388 2.96 -5.897 -15.058 0 -4.213 -14.18
5 24 1.308 -11.602 -17.308 2.088 -8.781 -16.424 0 -8.792 -16.565 2.948 -11.643 -17.109
5 24 1.308 -11.602 -17.308 2.948 -11.643 -17.109 2.088 -8.781 -16.424 2.502 -13.5 -17.801
5 24 12.698 -15.331 -14.197 11.901 -12.283 -14.093 13.357 -13.875 -13.545 9.644 -13.973 -15.567
5 24 5.193 -12.526 -16.847 7.407 -11.048 -15.841 6.873 -14.28 -16.73 4.659 -11.1 -16.596
5 24 5.193 -12.526 -16.847 6.873 -14.28 -16.73 4.961 -14.662 -17.52 7.407 -11.048 -15.841
5 24 13.357 -13.875 -13.545 14.216 -15.01 -13.164 14.847 -12.749 -12.305 12.698 -15.331 -14.197
5 24 0 -8.792 -16.565 1.308 -11.602 -17.308 2.088 -8.781 -16.424 0 -11.615 -17.369
5 24 11.901 -12.283 -14.093 13.357 -13.875 -13.545 13.599 -10.816 -12.585 12.698 -15.331 -14.197
5 24 6.873 -14.28 -16.73 9.644 -13.973 -15.567 7.407 -11.048 -15.841 7.568 -16.682 -16.558
5 24 3.829 -13.753 -17.563 5.193 -12.526 -16.847 4.961 -14.662 -17.52 2.948 -11.643 -17.109
5 24 7.568 -16.682 -16.558 9.644 -13.973 -15.567 6.873 -14.28 -16.73 9.879 -17.279 -15.682
5 24 9.644 -13.973 -15.567 12.698 -15.331 -14.197 11.901 -12.283 -14.093 9.879 -17.279 -15.682
5 24 2.948 -11.643 -17.109 5.193 -12.526 -16.847 3.829 -13.753 -17.563 4.659 -11.1 -16.596
5 24 2.502 -13.5 -17.801 1.308 -11.602 -17.308 2.948 -11.643 -17.109 1.028 -13.489 -17.86
5 24 12.698 -15.331 -14.197 13.357 -13.875 -13.545 14.216 -15.01 -13.164 11.901 -12.283 -14.093
5 24 5.767 -16.721 -17.415 6.873 -14.28 -16.73 4.961 -14.662 -17.52 7.568 -16.682 -16.558
5 24 1.028 -13.489 -17.86 0 -11.615 -17.369 0 -13.521 -17.832 1.308 -11.602 -17.308
5 24 6.873 -14.28 -16.73 7.568 -16.682 -16.558 5.767 -16.721 -17.415 9.644 -13.973 -15.567
5 24 2.948 -11.643 -17.109 2.502 -13.5 -17.801 1.308 -11.602 -17.308 3.829 -13.753 -17.563
5 24 13.357 -13.875 -13.545 14.847 -12.749 -12.305 13.599 -10.816 -12.585 14.216 -15.01 -13.164
5 24 2.088 -8.781 -16.424 2.948 -11.643 -17.109 4.282 -9.27 -16.208 1.308 -11.602 -17.308
5 24 5.193 -12.526 -16.847 4.659 -11.1 -16.596 2.948 -11.643 -17.109 7.407 -11.048 -15.841
5 24 2.96 -5.897 -15.058 3.524 -4.339 -13.752 5.713 -7.133 -15.074 1.944 -4.842 -14.388
5 24 4.282 -9.27 -16.208 5.713 -7.133 -15.074 7.407 -11.048 -15.841 3.795 -7.524 -15.577
5 24 4.961 -14.662 -17.52 5.193 -12.526 -16.847 6.873 -14.28 -16.73 3.829 -13.753 -17.563
5 24 6.873 -14.28 -16.73 4.961 -14.662 -17.52 5.767 -16.721 -17.415 5.193 -12.526 -16.847
5 24 2.96 -5.897 -15.058 5.713 -7.133 -15.074 3.524 -4.339 -13.752 3.795 -7.524 -15.577
5 24 6.873 -14.28 -16.73 7.407 -11.048 -15.841 5.193 -12.526 -16.847 9.644 -13.973 -15.567
5 24 0 -11.615 -17.369 0 -8.792 -16.565 -1.308 -11.602 -17.308 1.308 -11.602 -17.308
5 24 0 -13.521 -17.832 0 -11.615 -17.369 1.028 -13.489 -17.86 -1.028 -13.489 -17.86
