0 ~Minifig Head Looney Tunes Lola Bunny Nose Bridge Area
0 Name: s\75698s03.dat
0 Author: Fredrik Hareide [fhareide]
0 !LDRAW_ORG Unofficial_Subpart
0 !LICENSE Licensed under CC BY 4.0 : see CAreadme.txt

0 BFC CERTIFY CCW

3 16 2.166 -20.402 -16.99 2.634 -23.605 -15.677 1.39 -23.723 -15.821
4 16 0 -20.542 -17.107 2.166 -20.402 -16.99 1.39 -23.723 -15.821 0 -23.807 -15.878
3 16 -2.634 -23.605 -15.677 -2.166 -20.402 -16.99 -1.39 -23.723 -15.821
4 16 -1.39 -23.723 -15.821 -2.166 -20.402 -16.99 0 -20.542 -17.107 0 -23.807 -15.878

5 24 0 -20.542 -17.107 0 -23.807 -15.878 1.39 -23.723 -15.821 -1.39 -23.723 -15.821
5 24 -2.166 -20.402 -16.99 -1.39 -23.723 -15.821 -2.634 -23.605 -15.677 0 -20.542 -17.107
5 24 2.166 -20.402 -16.99 1.39 -23.723 -15.821 0 -20.542 -17.107 2.634 -23.605 -15.677
