0 ~Minifig Head Looney Tunes Lola Bunny Hair
0 Name: s\75698s10.dat
0 Author: Fredrik Hareide [fhareide]
0 !LDRAW_ORG Unofficial_Subpart
0 !LICENSE Licensed under CC BY 4.0 : see CAreadme.txt

0 BFC CERTIFY CCW

0 // Main_Colour

3 16 5.855 -37.013 6.92 5.32 -37.665 8.244 5.783 -37.645 6.811
3 16 5.783 -37.645 6.811 5.32 -37.665 8.244 5.715 -38.124 6.8
3 16 5.783 -37.645 6.811 5.715 -38.124 6.8 6.359 -37.904 4.997
3 16 6.512 -37.22 5.024 5.783 -37.645 6.811 6.359 -37.904 4.997
3 16 5.855 -37.013 6.92 5.783 -37.645 6.811 6.512 -37.22 5.024
3 16 6.359 -37.904 4.997 5.715 -38.124 6.8 6.19 -38.613 5.127
3 16 6.359 -37.904 4.997 7.444 -37.392 0.933 6.512 -37.22 5.024
3 16 7.24 -38.126 0.885 7.444 -37.392 0.933 6.359 -37.904 4.997
3 16 7.444 -37.392 0.933 7.24 -38.126 0.885 7.655 -37.25 -3.491
4 16 7.854 -38.086 -3.569 7.655 -37.25 -3.491 7.24 -38.126 0.885 7.438 -39.009 0.899
3 16 7.655 -37.25 -3.491 7.854 -38.086 -3.569 7.176 -37.004 -5.282
3 16 7.854 -38.086 -3.569 7.228 -37.734 -5.588 7.176 -37.004 -5.282
3 16 7.176 -37.004 -5.282 7.228 -37.734 -5.588 5.554 -36.819 -7.291
3 16 7.228 -37.734 -5.588 5.794 -37.597 -7.535 5.554 -36.819 -7.291
3 16 5.554 -36.819 -7.291 5.794 -37.597 -7.535 3.763 -36.551 -8.397
3 16 5.794 -37.597 -7.535 3.745 -37.204 -8.993 3.763 -36.551 -8.397
3 16 2.337 -35.882 -9.472 3.763 -36.551 -8.397 3.745 -37.204 -8.993
3 16 2.074 -36.356 -10.336 2.337 -35.882 -9.472 3.745 -37.204 -8.993
3 16 2.337 -35.882 -9.472 2.074 -36.356 -10.336 1.477 -34.774 -10.572
3 16 2.074 -36.356 -10.336 1.245 -35.252 -11.494 1.477 -34.774 -10.572
3 16 1.477 -34.774 -10.572 1.245 -35.252 -11.494 0.986 -33.279 -11.989
3 16 1.245 -35.252 -11.494 0.804 -34.05 -12.672 0.986 -33.279 -11.989
3 16 7.854 -38.086 -3.569 7.438 -39.009 0.899 7.871 -39.313 -3.616
3 16 7.868 -39.053 -5.765 7.854 -38.086 -3.569 7.871 -39.313 -3.616
3 16 7.868 -39.053 -5.765 7.228 -37.734 -5.588 7.854 -38.086 -3.569
3 16 5.794 -37.597 -7.535 7.228 -37.734 -5.588 7.868 -39.053 -5.765
3 16 5.794 -37.597 -7.535 7.868 -39.053 -5.765 7.382 -39.518 -8.303
3 16 1.589 -36.897 -12.864 1.245 -35.252 -11.494 2.074 -36.356 -10.336
3 16 1.589 -36.897 -12.864 2.074 -36.356 -10.336 3.279 -38.7 -12.215
3 16 3.745 -37.204 -8.993 3.279 -38.7 -12.215 2.074 -36.356 -10.336
3 16 3.745 -37.204 -8.993 5.828 -39.592 -10.51 3.279 -38.7 -12.215
3 16 5.828 -39.592 -10.51 5.794 -37.597 -7.535 7.382 -39.518 -8.303
3 16 5.828 -39.592 -10.51 3.745 -37.204 -8.993 5.794 -37.597 -7.535
3 16 0.97 -35.368 -12.935 1.245 -35.252 -11.494 1.589 -36.897 -12.864
3 16 0.97 -35.368 -12.935 0.804 -34.05 -12.672 1.245 -35.252 -11.494
3 16 7.438 -39.009 0.899 6.359 -37.904 4.997 6.19 -38.613 5.127
3 16 7.438 -39.009 0.899 7.24 -38.126 0.885 6.359 -37.904 4.997
3 16 -5.903 -39.295 4.777 -5.209 -37.821 8.058 -5.394 -37.206 6.95
3 16 -5.903 -39.295 4.777 -5.394 -37.206 6.95 -5.905 -37.529 5.054
3 16 -6.521 -37.666 2.606 -5.903 -39.295 4.777 -5.905 -37.529 5.054
3 16 -6.521 -37.666 2.606 -6.329 -39.822 2.676 -5.903 -39.295 4.777
3 16 -7.292 -38.746 0.2 -6.329 -39.822 2.676 -6.521 -37.666 2.606
3 16 -7.292 -38.746 0.2 -6.521 -37.666 2.606 -7.25 -37.716 0.304
3 16 -7.292 -38.746 0.2 -7.25 -37.716 0.304 -9.129 -38.054 -2.802
3 16 -7.292 -38.746 0.2 -9.129 -38.054 -2.802 -8.986 -39.252 -2.932
3 16 -7.162 -39.603 -0.132 -7.292 -38.746 0.2 -8.986 -39.252 -2.932
4 16 -8.113 -40.343 -2.881 -7.162 -39.603 -0.132 -8.986 -39.252 -2.932 -9.15 -40.713 -5.276
3 16 -8.986 -39.252 -2.932 -10.227 -39.537 -5.233 -9.15 -40.713 -5.276
3 16 -10.48 -38.097 -5.162 -10.227 -39.537 -5.233 -8.986 -39.252 -2.932
3 16 -9.129 -38.054 -2.802 -10.48 -38.097 -5.162 -8.986 -39.252 -2.932
3 16 -11.068 -39.44 -7.294 -10.227 -39.537 -5.233 -10.48 -38.097 -5.162
3 16 -11.217 -37.984 -7.186 -11.068 -39.44 -7.294 -10.48 -38.097 -5.162
3 16 -11.068 -39.44 -7.294 -11.217 -37.984 -7.186 -11.289 -39.018 -8.81
3 16 -11.068 -39.44 -7.294 -11.289 -39.018 -8.81 -10.341 -40.279 -8.959
3 16 -9.965 -40.834 -7.311 -11.068 -39.44 -7.294 -10.341 -40.279 -8.959
3 16 -9.965 -40.834 -7.311 -9.15 -40.713 -5.276 -10.227 -39.537 -5.233
3 16 -11.068 -39.44 -7.294 -9.965 -40.834 -7.311 -10.227 -39.537 -5.233
3 16 -11.217 -37.984 -7.186 -11.315 -37.488 -8.591 -11.289 -39.018 -8.81
3 16 -10.592 -38.485 -10.45 -11.289 -39.018 -8.81 -11.315 -37.488 -8.591
3 16 -10.829 -37.143 -10.145 -10.592 -38.485 -10.45 -11.315 -37.488 -8.591
3 16 -10.592 -38.485 -10.45 -10.829 -37.143 -10.145 -9.464 -37.312 -11.427
3 16 -10.592 -38.485 -10.45 -9.464 -37.312 -11.427 -9.475 -38.236 -11.394
3 16 -10.155 -39.371 -10.416 -10.592 -38.485 -10.45 -9.475 -38.236 -11.394
3 16 -10.155 -39.371 -10.416 -10.341 -40.279 -8.959 -11.289 -39.018 -8.81
3 16 -10.592 -38.485 -10.45 -10.155 -39.371 -10.416 -11.289 -39.018 -8.81
3 16 -7.793 -36.677 -12.351 -9.475 -38.236 -11.394 -9.464 -37.312 -11.427
3 16 -6.792 -35.828 -12.209 -7.793 -36.677 -12.351 -9.464 -37.312 -11.427
3 16 -10.829 -37.143 -10.145 -9.552 -36.582 -11.135 -9.464 -37.312 -11.427
3 16 -6.792 -35.828 -12.209 -9.464 -37.312 -11.427 -9.552 -36.582 -11.135
3 16 -5.899 -35.24 -11.754 -6.792 -35.828 -12.209 -9.552 -36.582 -11.135
3 16 -6.26 -40.808 -15.683 -4.865 -39.087 -16.421 -4.196 -39.935 -17.684
3 16 -5.656 -42.172 -17.051 -6.26 -40.808 -15.683 -4.196 -39.935 -17.684
3 16 -4.196 -39.935 -17.684 -4.865 -39.087 -16.421 -3.017 -38.731 -17.297
3 16 -4.865 -39.087 -16.421 -3.806 -37.99 -16.425 -3.017 -38.731 -17.297
3 16 -3.017 -38.731 -17.297 -3.806 -37.99 -16.425 -1.868 -37.527 -16.583
3 16 -3.806 -37.99 -16.425 -2.561 -37.072 -16.073 -1.868 -37.527 -16.583
3 16 -2.561 -37.072 -16.073 -1.413 -36.374 -15.332 -1.868 -37.527 -16.583
3 16 -1.413 -36.374 -15.332 -0.825 -36.798 -15.226 -1.868 -37.527 -16.583
3 16 -7.554 -43.15 -13.909 -6.26 -40.808 -15.683 -5.656 -42.172 -17.051
3 16 -6.574 -44.869 -15.024 -7.554 -43.15 -13.909 -5.656 -42.172 -17.051
3 16 -7.792 -45.499 -11.689 -7.554 -43.15 -13.909 -6.574 -44.869 -15.024
3 16 -6.657 -47.025 -12.157 -7.792 -45.499 -11.689 -6.574 -44.869 -15.024
3 16 -7.028 -47.272 -9.717 -7.792 -45.499 -11.689 -6.657 -47.025 -12.157
3 16 -6.242 -47.965 -10.095 -7.028 -47.272 -9.717 -6.657 -47.025 -12.157
3 16 -6.331 -48.007 -8.033 -7.028 -47.272 -9.717 -6.242 -47.965 -10.095
3 16 -5.295 -48.518 -7.714 -6.331 -48.007 -8.033 -6.242 -47.965 -10.095
3 16 -3.017 -38.731 -17.297 -2.17 -39.979 -17.188 -2.9 -40.71 -17.752
3 16 -4.196 -39.935 -17.684 -3.017 -38.731 -17.297 -2.9 -40.71 -17.752
3 16 -2.17 -39.979 -17.188 -3.017 -38.731 -17.297 -1.333 -38.482 -16.302
3 16 -3.017 -38.731 -17.297 -1.868 -37.527 -16.583 -1.333 -38.482 -16.302
3 16 -1.333 -38.482 -16.302 -1.868 -37.527 -16.583 -0.55 -37.335 -15.268
3 16 -1.868 -37.527 -16.583 -0.825 -36.798 -15.226 -0.55 -37.335 -15.268
3 16 -2.9 -40.71 -17.752 -4.109 -43.076 -17.617 -4.196 -39.935 -17.684
3 16 -4.109 -43.076 -17.617 -5.656 -42.172 -17.051 -4.196 -39.935 -17.684
3 16 -4.109 -43.076 -17.617 -4.293 -45.603 -15.773 -5.656 -42.172 -17.051
3 16 -4.293 -45.603 -15.773 -6.574 -44.869 -15.024 -5.656 -42.172 -17.051
3 16 -4.293 -45.603 -15.773 -3.898 -47.799 -12.973 -6.574 -44.869 -15.024
3 16 -3.898 -47.799 -12.973 -6.657 -47.025 -12.157 -6.574 -44.869 -15.024
3 16 -6.242 -47.965 -10.095 -6.657 -47.025 -12.157 -3.898 -47.799 -12.973
3 16 -3.313 -48.847 -10.416 -6.242 -47.965 -10.095 -3.898 -47.799 -12.973
3 16 -6.242 -47.965 -10.095 -3.313 -48.847 -10.416 -5.295 -48.518 -7.714
3 16 -3.313 -48.847 -10.416 -2.709 -49.156 -8.289 -5.295 -48.518 -7.714
3 16 -4.109 -43.076 -17.617 -2.9 -40.71 -17.752 -2.419 -41.561 -18.372
3 16 -2.853 -43.624 -18.261 -4.109 -43.076 -17.617 -2.419 -41.561 -18.372
3 16 -2.419 -41.561 -18.372 -2.9 -40.71 -17.752 -1.84 -40.162 -17.049
3 16 -2.9 -40.71 -17.752 -2.17 -39.979 -17.188 -1.84 -40.162 -17.049
3 16 -4.293 -45.603 -15.773 -4.109 -43.076 -17.617 -2.853 -43.624 -18.261
3 16 -3.076 -46.255 -16.515 -4.293 -45.603 -15.773 -2.853 -43.624 -18.261
3 16 -4.293 -45.603 -15.773 -3.076 -46.255 -16.515 -3.898 -47.799 -12.973
3 16 -3.076 -46.255 -16.515 -2.551 -48.409 -13.447 -3.898 -47.799 -12.973
3 16 -3.898 -47.799 -12.973 -2.551 -48.409 -13.447 -3.313 -48.847 -10.416
3 16 -2.551 -48.409 -13.447 -2.084 -49.263 -10.644 -3.313 -48.847 -10.416
3 16 -2.709 -49.156 -8.289 -3.313 -48.847 -10.416 -2.084 -49.263 -10.644
3 16 -1.864 -49.155 -7.795 -2.709 -49.156 -8.289 -2.084 -49.263 -10.644
3 16 -2.551 -48.409 -13.447 -3.076 -46.255 -16.515 -0.979 -45.342 -15.505
3 16 0.692 -47.092 -12.867 -2.551 -48.409 -13.447 -0.979 -45.342 -15.505
3 16 -0.979 -45.342 -15.505 -3.076 -46.255 -16.515 -1.816 -42.957 -17.161
3 16 -3.076 -46.255 -16.515 -2.853 -43.624 -18.261 -1.816 -42.957 -17.161
3 16 -1.816 -42.957 -17.161 -2.853 -43.624 -18.261 -2.419 -41.561 -18.372
3 16 -1.469 -41.181 -17.101 -1.816 -42.957 -17.161 -2.419 -41.561 -18.372
3 16 -2.419 -41.561 -18.372 -1.574 -40.476 -17.034 -1.469 -41.181 -17.101
3 16 -2.419 -41.561 -18.372 -1.84 -40.162 -17.049 -1.574 -40.476 -17.034
3 16 -2.084 -49.263 -10.644 -2.551 -48.409 -13.447 0.692 -47.092 -12.867
3 16 0.388 -48.457 -10.322 -2.084 -49.263 -10.644 0.692 -47.092 -12.867
3 16 -2.084 -49.263 -10.644 0.388 -48.457 -10.322 -0.677 -49.026 -8.699
3 16 -1.864 -49.155 -7.795 -2.084 -49.263 -10.644 -0.677 -49.026 -8.699
3 16 -9.129 -38.054 -2.802 -7.25 -37.716 0.304 -8.383 -37.109 -2.43
3 16 -9.129 -38.054 -2.802 -8.383 -37.109 -2.43 -9.01 -36.499 -4.743
3 16 -10.48 -38.097 -5.162 -9.129 -38.054 -2.802 -9.01 -36.499 -4.743
3 16 -10.48 -38.097 -5.162 -9.01 -36.499 -4.743 -9.318 -35.829 -6.714
3 16 -11.217 -37.984 -7.186 -10.48 -38.097 -5.162 -9.318 -35.829 -6.714
3 16 -11.217 -37.984 -7.186 -9.318 -35.829 -6.714 -11.315 -37.488 -8.591
3 16 -9.318 -35.829 -6.714 -9.139 -35.495 -8.71 -11.315 -37.488 -8.591
3 16 -9.139 -35.495 -8.71 -10.829 -37.143 -10.145 -11.315 -37.488 -8.591
3 16 -10.829 -37.143 -10.145 -9.139 -35.495 -8.71 -8.714 -35.547 -9.952
3 16 -9.552 -36.582 -11.135 -10.829 -37.143 -10.145 -8.714 -35.547 -9.952
3 16 -9.552 -36.582 -11.135 -8.714 -35.547 -9.952 -5.899 -35.24 -11.754
3 16 -8.714 -35.547 -9.952 -5.648 -34.886 -11.239 -5.899 -35.24 -11.754
4 16 -2.319 -34.063 -12.689 -5.899 -35.24 -11.754 -5.648 -34.886 -11.239 -1.728 -33.425 -11.906
3 16 -1.728 -33.425 -11.906 -0.219 -33.666 -13.099 -2.319 -34.063 -12.689
3 16 -0.081 -32.991 -12.298 -0.219 -33.666 -13.099 -1.728 -33.425 -11.906
3 16 -0.081 -32.991 -12.298 0.472 -33.728 -12.895 -0.219 -33.666 -13.099
3 16 0.62 -32.833 -12.281 0.472 -33.728 -12.895 -0.081 -32.991 -12.298
3 16 0.188 -35.115 -13.693 -0.219 -33.666 -13.099 0.472 -33.728 -12.895
4 16 -0.717 -34.367 -13.805 -0.219 -33.666 -13.099 0.188 -35.115 -13.693 -0.51 -35.686 -14.437
3 16 -0.219 -33.666 -13.099 -0.717 -34.367 -13.805 -2.319 -34.063 -12.689
3 16 -0.717 -34.367 -13.805 -0.51 -35.686 -14.437 -1.371 -34.881 -14.398
3 16 -1.371 -34.881 -14.398 -0.51 -35.686 -14.437 -1.413 -36.374 -15.332
4 16 -2.36 -35.283 -14.923 -1.371 -34.881 -14.398 -1.413 -36.374 -15.332 -2.561 -37.072 -16.073
3 16 -2.319 -34.063 -12.689 -3.183 -34.536 -13.399 -5.899 -35.24 -11.754
3 16 -3.183 -34.536 -13.399 -2.319 -34.063 -12.689 -0.717 -34.367 -13.805
3 16 -2.36 -35.283 -14.923 -3.183 -34.536 -13.399 -1.371 -34.881 -14.398
3 16 -1.371 -34.881 -14.398 -3.183 -34.536 -13.399 -0.717 -34.367 -13.805
3 16 -5.899 -35.24 -11.754 -3.183 -34.536 -13.399 -6.792 -35.828 -12.209
3 16 -2.561 -37.072 -16.073 -3.598 -35.829 -15.382 -2.36 -35.283 -14.923
3 16 -3.598 -35.829 -15.382 -2.561 -37.072 -16.073 -3.806 -37.99 -16.425
3 16 -4.897 -36.57 -15.559 -3.598 -35.829 -15.382 -3.806 -37.99 -16.425
3 16 -3.806 -37.99 -16.425 -4.865 -39.087 -16.421 -4.897 -36.57 -15.559
3 16 -4.865 -39.087 -16.421 -6.53 -37.942 -15.139 -4.897 -36.57 -15.559
3 16 -4.865 -39.087 -16.421 -6.26 -40.808 -15.683 -6.53 -37.942 -15.139
3 16 -6.26 -40.808 -15.683 -8.171 -39.814 -14.016 -6.53 -37.942 -15.139
3 16 -7.731 -36.98 -13.479 -6.53 -37.942 -15.139 -8.171 -39.814 -14.016
3 16 -9.727 -38.884 -12.211 -7.731 -36.98 -13.479 -8.171 -39.814 -14.016
3 16 -9.727 -38.884 -12.211 -8.171 -39.814 -14.016 -9.294 -41.891 -12.57
3 16 -10.69 -40.633 -11.112 -9.727 -38.884 -12.211 -9.294 -41.891 -12.57
3 16 -10.69 -40.633 -11.112 -9.294 -41.891 -12.57 -9.634 -43.826 -10.758
3 16 -10.958 -41.856 -9.499 -10.69 -40.633 -11.112 -9.634 -43.826 -10.758
3 16 -10.467 -42.657 -7.417 -10.958 -41.856 -9.499 -9.634 -43.826 -10.758
3 16 -9.324 -45.266 -8.533 -10.467 -42.657 -7.417 -9.634 -43.826 -10.758
3 16 -7.554 -43.15 -13.909 -9.294 -41.891 -12.57 -8.171 -39.814 -14.016
3 16 -6.26 -40.808 -15.683 -7.554 -43.15 -13.909 -8.171 -39.814 -14.016
3 16 -9.634 -43.826 -10.758 -9.294 -41.891 -12.57 -7.554 -43.15 -13.909
3 16 -7.792 -45.499 -11.689 -9.634 -43.826 -10.758 -7.554 -43.15 -13.909
3 16 -9.324 -45.266 -8.533 -9.634 -43.826 -10.758 -7.792 -45.499 -11.689
3 16 -7.028 -47.272 -9.717 -9.324 -45.266 -8.533 -7.792 -45.499 -11.689
3 16 -6.53 -37.942 -15.139 -7.731 -36.98 -13.479 -5.928 -35.683 -13.987
3 16 -4.897 -36.57 -15.559 -6.53 -37.942 -15.139 -5.928 -35.683 -13.987
3 16 -4.897 -36.57 -15.559 -5.928 -35.683 -13.987 -4.506 -35.074 -13.984
3 16 -3.598 -35.829 -15.382 -4.897 -36.57 -15.559 -4.506 -35.074 -13.984
3 16 -3.598 -35.829 -15.382 -4.506 -35.074 -13.984 -2.36 -35.283 -14.923
3 16 -4.506 -35.074 -13.984 -3.183 -34.536 -13.399 -2.36 -35.283 -14.923
3 16 -4.506 -35.074 -13.984 -5.928 -35.683 -13.987 -6.792 -35.828 -12.209
3 16 -3.183 -34.536 -13.399 -4.506 -35.074 -13.984 -6.792 -35.828 -12.209
3 16 -7.291 -46.976 -6.696 -9.324 -45.266 -8.533 -7.028 -47.272 -9.717
3 16 -6.331 -48.007 -8.033 -7.291 -46.976 -6.696 -7.028 -47.272 -9.717
3 16 -5.142 -48.118 -6.133 -7.291 -46.976 -6.696 -6.331 -48.007 -8.033
3 16 -5.295 -48.518 -7.714 -5.142 -48.118 -6.133 -6.331 -48.007 -8.033
3 16 -3.052 -48.532 -5.858 -5.142 -48.118 -6.133 -5.295 -48.518 -7.714
3 16 -2.709 -49.156 -8.289 -3.052 -48.532 -5.858 -5.295 -48.518 -7.714
3 16 -3.052 -48.532 -5.858 -2.709 -49.156 -8.289 -1.864 -49.155 -7.795
3 16 -0.271 -48.322 -5.773 -3.052 -48.532 -5.858 -1.864 -49.155 -7.795
4 16 -0.271 -48.322 -5.773 -1.864 -49.155 -7.795 -0.677 -49.026 -8.699 2.381 -47.945 -7.185
3 16 0.388 -48.457 -10.322 2.381 -47.945 -7.185 -0.677 -49.026 -8.699
3 16 4.254 -46.869 -9.042 2.381 -47.945 -7.185 0.388 -48.457 -10.322
3 16 4.254 -46.869 -9.042 0.388 -48.457 -10.322 3.558 -45.189 -12.475
3 16 5.34 -43.347 -11.668 4.254 -46.869 -9.042 3.558 -45.189 -12.475
3 16 6.495 -44.461 -7.733 4.254 -46.869 -9.042 5.34 -43.347 -11.668
3 16 5.34 -43.347 -11.668 7.2 -42.019 -8.736 6.495 -44.461 -7.733
3 16 5.872 -40.993 -11.111 7.2 -42.019 -8.736 5.34 -43.347 -11.668
3 16 5.872 -40.993 -11.111 5.828 -39.592 -10.51 7.2 -42.019 -8.736
3 16 5.872 -40.993 -11.111 3.279 -38.7 -12.215 5.828 -39.592 -10.51
3 16 2.936 -39.47 -13.275 3.279 -38.7 -12.215 5.872 -40.993 -11.111
3 16 3.279 -38.7 -12.215 2.936 -39.47 -13.275 1.589 -36.897 -12.864
3 16 1.589 -36.897 -12.864 2.936 -39.47 -13.275 0.927 -37.505 -13.859
4 16 0.97 -35.368 -12.935 1.589 -36.897 -12.864 0.927 -37.505 -13.859 0.188 -35.115 -13.693
3 16 0.188 -35.115 -13.693 0.804 -34.05 -12.672 0.97 -35.368 -12.935
3 16 0.188 -35.115 -13.693 0.472 -33.728 -12.895 0.804 -34.05 -12.672
3 16 0.986 -33.279 -11.989 0.804 -34.05 -12.672 0.472 -33.728 -12.895
3 16 0.986 -33.279 -11.989 0.472 -33.728 -12.895 0.62 -32.833 -12.281
3 16 5.828 -39.592 -10.51 7.382 -39.518 -8.303 7.2 -42.019 -8.736
3 16 7.382 -39.518 -8.303 7.474 -41.416 -5.82 7.2 -42.019 -8.736
3 16 6.495 -44.461 -7.733 7.2 -42.019 -8.736 7.474 -41.416 -5.82
3 16 7.382 -39.518 -8.303 7.868 -39.053 -5.765 7.474 -41.416 -5.82
3 16 7.868 -39.053 -5.765 7.338 -40.662 -3.468 7.474 -41.416 -5.82
3 16 7.868 -39.053 -5.765 7.871 -39.313 -3.616 7.338 -40.662 -3.468
3 16 7.871 -39.313 -3.616 6.368 -40.093 0.725 7.338 -40.662 -3.468
3 16 7.871 -39.313 -3.616 7.438 -39.009 0.899 6.368 -40.093 0.725
3 16 0.188 -35.115 -13.693 0.927 -37.505 -13.859 0.068 -37.09 -14.518
3 16 0.188 -35.115 -13.693 0.068 -37.09 -14.518 -0.51 -35.686 -14.437
3 16 -0.825 -36.798 -15.226 -0.51 -35.686 -14.437 0.068 -37.09 -14.518
3 16 -0.825 -36.798 -15.226 -1.413 -36.374 -15.332 -0.51 -35.686 -14.437
3 16 -0.55 -37.335 -15.268 -0.825 -36.798 -15.226 0.068 -37.09 -14.518
4 16 -0.033 -37.866 -15.007 -0.55 -37.335 -15.268 0.068 -37.09 -14.518 0.927 -37.505 -13.859
3 16 -0.033 -37.866 -15.007 -0.576 -38.812 -15.893 -0.55 -37.335 -15.268
3 16 -0.55 -37.335 -15.268 -0.576 -38.812 -15.893 -1.333 -38.482 -16.302
3 16 -0.576 -38.812 -15.893 -1.84 -40.162 -17.049 -1.333 -38.482 -16.302
3 16 -1.333 -38.482 -16.302 -1.84 -40.162 -17.049 -2.17 -39.979 -17.188
4 16 -1.84 -40.162 -17.049 -0.576 -38.812 -15.893 -0.09 -39.805 -16.032 -1.574 -40.476 -17.034
3 16 -1.574 -40.476 -17.034 -0.09 -39.805 -16.032 0.117 -41.247 -16.286
3 16 -1.574 -40.476 -17.034 0.117 -41.247 -16.286 -1.469 -41.181 -17.101
3 16 -1.469 -41.181 -17.101 0.117 -41.247 -16.286 0.191 -42.736 -16.253
3 16 -1.469 -41.181 -17.101 0.191 -42.736 -16.253 -1.816 -42.957 -17.161
3 16 -0.576 -38.812 -15.893 0.871 -39.133 -15.037 -0.09 -39.805 -16.032
3 16 -0.576 -38.812 -15.893 -0.033 -37.866 -15.007 0.871 -39.133 -15.037
3 16 0.117 -41.247 -16.286 -0.09 -39.805 -16.032 0.871 -39.133 -15.037
3 16 -0.033 -37.866 -15.007 0.927 -37.505 -13.859 0.871 -39.133 -15.037
3 16 0.927 -37.505 -13.859 2.936 -39.47 -13.275 0.871 -39.133 -15.037
3 16 0.871 -39.133 -15.037 2.936 -39.47 -13.275 2.658 -41.157 -14.412
3 16 2.658 -41.157 -14.412 0.117 -41.247 -16.286 0.871 -39.133 -15.037
3 16 2.936 -39.47 -13.275 5.872 -40.993 -11.111 2.658 -41.157 -14.412
3 16 2.658 -41.157 -14.412 5.872 -40.993 -11.111 5.34 -43.347 -11.668
4 16 0.117 -41.247 -16.286 2.658 -41.157 -14.412 2.137 -43.386 -14.833 0.191 -42.736 -16.253
3 16 2.137 -43.386 -14.833 2.658 -41.157 -14.412 5.34 -43.347 -11.668
3 16 -0.979 -45.342 -15.505 0.191 -42.736 -16.253 2.137 -43.386 -14.833
3 16 -0.979 -45.342 -15.505 -1.816 -42.957 -17.161 0.191 -42.736 -16.253
3 16 2.137 -43.386 -14.833 0.692 -47.092 -12.867 -0.979 -45.342 -15.505
3 16 2.137 -43.386 -14.833 3.558 -45.189 -12.475 0.692 -47.092 -12.867
3 16 2.137 -43.386 -14.833 5.34 -43.347 -11.668 3.558 -45.189 -12.475
3 16 0.388 -48.457 -10.322 0.692 -47.092 -12.867 3.558 -45.189 -12.475
3 16 -7.793 -36.677 -12.351 -9.727 -38.884 -12.211 -9.475 -38.236 -11.394
3 16 -7.793 -36.677 -12.351 -7.731 -36.98 -13.479 -9.727 -38.884 -12.211
3 16 -9.727 -38.884 -12.211 -10.155 -39.371 -10.416 -9.475 -38.236 -11.394
3 16 -9.727 -38.884 -12.211 -10.69 -40.633 -11.112 -10.155 -39.371 -10.416
4 16 -10.341 -40.279 -8.959 -10.155 -39.371 -10.416 -10.69 -40.633 -11.112 -10.958 -41.856 -9.499
3 16 -9.965 -40.834 -7.311 -10.341 -40.279 -8.959 -10.958 -41.856 -9.499
3 16 -10.467 -42.657 -7.417 -9.965 -40.834 -7.311 -10.958 -41.856 -9.499
3 16 -9.965 -40.834 -7.311 -10.467 -42.657 -7.417 -9.31 -42.177 -5.134
3 16 -9.15 -40.713 -5.276 -9.965 -40.834 -7.311 -9.31 -42.177 -5.134
3 16 -9.15 -40.713 -5.276 -9.31 -42.177 -5.134 -8.162 -41.448 -2.813
3 16 -8.113 -40.343 -2.881 -9.15 -40.713 -5.276 -8.162 -41.448 -2.813
3 16 -7.162 -39.603 -0.132 -8.113 -40.343 -2.881 -8.162 -41.448 -2.813
3 16 -6.78 -40.379 0.461 -7.162 -39.603 -0.132 -8.162 -41.448 -2.813
4 16 -7.731 -36.98 -13.479 -7.793 -36.677 -12.351 -6.792 -35.828 -12.209 -5.928 -35.683 -13.987
3 16 6.399 -43.276 -5.018 6.495 -44.461 -7.733 7.474 -41.416 -5.82
3 16 6.495 -44.461 -7.733 6.399 -43.276 -5.018 3.549 -46.605 -5.439
3 16 3.549 -46.605 -5.439 4.254 -46.869 -9.042 6.495 -44.461 -7.733
3 16 2.381 -47.945 -7.185 4.254 -46.869 -9.042 3.549 -46.605 -5.439
4 16 2.381 -47.945 -7.185 3.549 -46.605 -5.439 0.683 -47.028 -4.018 -0.271 -48.322 -5.773
3 16 -0.271 -48.322 -5.773 0.683 -47.028 -4.018 -2.238 -47.074 -3.598
3 16 -0.271 -48.322 -5.773 -2.238 -47.074 -3.598 -3.052 -48.532 -5.858
3 16 -3.052 -48.532 -5.858 -2.238 -47.074 -3.598 -4.935 -46.521 -3.853
3 16 -3.052 -48.532 -5.858 -4.935 -46.521 -3.853 -5.142 -48.118 -6.133
3 16 -5.142 -48.118 -6.133 -4.935 -46.521 -3.853 -7.232 -45.413 -4.676
3 16 -5.142 -48.118 -6.133 -7.232 -45.413 -4.676 -7.291 -46.976 -6.696
3 16 -8.937 -44.099 -5.636 -7.291 -46.976 -6.696 -7.232 -45.413 -4.676
3 16 -8.937 -44.099 -5.636 -9.324 -45.266 -8.533 -7.291 -46.976 -6.696
3 16 -8.937 -44.099 -5.636 -10.467 -42.657 -7.417 -9.324 -45.266 -8.533
3 16 -8.937 -44.099 -5.636 -9.31 -42.177 -5.134 -10.467 -42.657 -7.417
3 16 -9.31 -42.177 -5.134 -8.937 -44.099 -5.636 -7.434 -42.886 -2.796
3 16 -7.434 -42.886 -2.796 -8.937 -44.099 -5.636 -7.232 -45.413 -4.676
3 16 -9.31 -42.177 -5.134 -7.434 -42.886 -2.796 -8.162 -41.448 -2.813
3 16 -6.78 -40.379 0.461 -8.162 -41.448 -2.813 -7.434 -42.886 -2.796
3 16 -6.78 -40.379 0.461 -7.434 -42.886 -2.796 -5.549 -41.302 0.992
3 16 -7.434 -42.886 -2.796 -7.232 -45.413 -4.676 -6.226 -43.966 -2.499
3 16 -6.226 -43.966 -2.499 -7.232 -45.413 -4.676 -4.935 -46.521 -3.853
3 16 -6.226 -43.966 -2.499 -4.935 -46.521 -3.853 -4.029 -44.944 -1.905
3 16 -4.029 -44.944 -1.905 -4.935 -46.521 -3.853 -2.238 -47.074 -3.598
4 16 -4.029 -44.944 -1.905 -2.238 -47.074 -3.598 -1.508 -45.335 -1.702 -3.189 -43.461 -0.233
3 16 -2.238 -47.074 -3.598 0.683 -47.028 -4.018 -1.508 -45.335 -1.702
3 16 -1.508 -45.335 -1.702 0.683 -47.028 -4.018 1.44 -45.027 -2.002
3 16 -5.549 -41.302 0.992 -6.329 -39.822 2.676 -6.78 -40.379 0.461
3 16 -4.911 -40.599 3.025 -6.329 -39.822 2.676 -5.549 -41.302 0.992
3 16 -6.329 -39.822 2.676 -4.911 -40.599 3.025 -5.903 -39.295 4.777
3 16 -5.903 -39.295 4.777 -4.911 -40.599 3.025 -4.33 -40.034 4.992
3 16 -4.33 -40.034 4.992 -3.654 -39.381 7.315 -5.903 -39.295 4.777
3 16 -5.903 -39.295 4.777 -3.654 -39.381 7.315 -5.209 -37.821 8.058
3 16 -2.017 -40.294 5.236 -3.654 -39.381 7.315 -4.33 -40.034 4.992
3 16 -1.756 -39.665 7.104 -3.654 -39.381 7.315 -2.017 -40.294 5.236
4 16 -4.33 -40.034 4.992 -4.911 -40.599 3.025 -2.351 -40.951 3.154 -2.017 -40.294 5.236
3 16 -4.911 -40.599 3.025 -2.893 -42.078 1.366 -2.351 -40.951 3.154
3 16 -4.911 -40.599 3.025 -5.549 -41.302 0.992 -2.893 -42.078 1.366
3 16 0.683 -47.028 -4.018 4.029 -44.71 -3.586 1.44 -45.027 -2.002
3 16 0.683 -47.028 -4.018 3.549 -46.605 -5.439 4.029 -44.71 -3.586
3 16 6.399 -43.276 -5.018 4.029 -44.71 -3.586 3.549 -46.605 -5.439
3 16 -2.893 -42.078 1.366 -5.549 -41.302 0.992 -4.78 -42.823 -0.364
3 16 -4.78 -42.823 -0.364 -5.549 -41.302 0.992 -7.434 -42.886 -2.796
3 16 -4.78 -42.823 -0.364 -7.434 -42.886 -2.796 -6.226 -43.966 -2.499
3 16 -2.893 -42.078 1.366 -4.78 -42.823 -0.364 -3.189 -43.461 -0.233
3 16 -4.029 -44.944 -1.905 -4.78 -42.823 -0.364 -6.226 -43.966 -2.499
3 16 -4.029 -44.944 -1.905 -3.189 -43.461 -0.233 -4.78 -42.823 -0.364
3 16 -3.189 -43.461 -0.233 -1.508 -45.335 -1.702 -1.018 -43.729 -0.134
3 16 -3.189 -43.461 -0.233 -1.018 -43.729 -0.134 -2.893 -42.078 1.366
3 16 1.44 -45.027 -2.002 -1.018 -43.729 -0.134 -1.508 -45.335 -1.702
3 16 1.158 -43.631 -0.314 -1.018 -43.729 -0.134 1.44 -45.027 -2.002
3 16 6.197 -42.381 -3.27 4.029 -44.71 -3.586 6.399 -43.276 -5.018
3 16 7.474 -41.416 -5.82 6.197 -42.381 -3.27 6.399 -43.276 -5.018
3 16 7.338 -40.662 -3.468 6.197 -42.381 -3.27 7.474 -41.416 -5.82
3 16 6.368 -40.093 0.725 6.197 -42.381 -3.27 7.338 -40.662 -3.468
3 16 4.67 -41.319 0.552 6.197 -42.381 -3.27 6.368 -40.093 0.725
3 16 6.368 -40.093 0.725 3.664 -40.557 3.355 4.67 -41.319 0.552
3 16 4.97 -39.647 4.7 3.664 -40.557 3.355 6.368 -40.093 0.725
3 16 6.368 -40.093 0.725 7.438 -39.009 0.899 4.97 -39.647 4.7
3 16 4.97 -39.647 4.7 7.438 -39.009 0.899 6.19 -38.613 5.127
3 16 6.19 -38.613 5.127 5.715 -38.124 6.8 4.97 -39.647 4.7
3 16 4.97 -39.647 4.7 5.715 -38.124 6.8 2.657 -40.042 5.628
3 16 2.657 -40.042 5.628 3.664 -40.557 3.355 4.97 -39.647 4.7
3 16 2.657 -40.042 5.628 5.715 -38.124 6.8 2.791 -39.408 7.166
3 16 0.787 -39.868 7.04 2.657 -40.042 5.628 2.791 -39.408 7.166
3 16 0.625 -40.3 5.508 2.657 -40.042 5.628 0.787 -39.868 7.04
3 16 0.625 -40.3 5.508 2.074 -40.955 3.423 2.657 -40.042 5.628
3 16 2.074 -40.955 3.423 3.664 -40.557 3.355 2.657 -40.042 5.628
3 16 -0.036 -41.074 3.374 2.074 -40.955 3.423 0.625 -40.3 5.508
3 16 2.791 -39.408 7.166 5.715 -38.124 6.8 5.32 -37.665 8.244
3 16 -0.488 -42.213 1.46 2.074 -40.955 3.423 -0.036 -41.074 3.374
3 16 2.808 -42.302 0.347 2.074 -40.955 3.423 -0.488 -42.213 1.46
3 16 2.074 -40.955 3.423 2.808 -42.302 0.347 3.664 -40.557 3.355
3 16 3.664 -40.557 3.355 2.808 -42.302 0.347 4.67 -41.319 0.552
3 16 2.808 -42.302 0.347 4.185 -43.42 -2.222 4.67 -41.319 0.552
3 16 4.67 -41.319 0.552 4.185 -43.42 -2.222 6.197 -42.381 -3.27
3 16 4.185 -43.42 -2.222 4.029 -44.71 -3.586 6.197 -42.381 -3.27
3 16 -1.756 -39.665 7.104 0.625 -40.3 5.508 0.787 -39.868 7.04
3 16 -2.017 -40.294 5.236 0.625 -40.3 5.508 -1.756 -39.665 7.104
3 16 -2.017 -40.294 5.236 -0.036 -41.074 3.374 0.625 -40.3 5.508
3 16 -2.351 -40.951 3.154 -0.036 -41.074 3.374 -2.017 -40.294 5.236
3 16 -0.036 -41.074 3.374 -2.351 -40.951 3.154 -0.488 -42.213 1.46
3 16 -0.488 -42.213 1.46 -2.351 -40.951 3.154 -2.893 -42.078 1.366
3 16 -2.893 -42.078 1.366 -1.018 -43.729 -0.134 -0.488 -42.213 1.46
3 16 -1.018 -43.729 -0.134 1.158 -43.631 -0.314 -0.488 -42.213 1.46
3 16 -0.488 -42.213 1.46 1.158 -43.631 -0.314 2.808 -42.302 0.347
3 16 2.808 -42.302 0.347 1.158 -43.631 -0.314 4.185 -43.42 -2.222
3 16 4.185 -43.42 -2.222 1.158 -43.631 -0.314 1.44 -45.027 -2.002
3 16 4.185 -43.42 -2.222 1.44 -45.027 -2.002 4.029 -44.71 -3.586
3 16 -6.329 -39.822 2.676 -7.292 -38.746 0.2 -6.78 -40.379 0.461
3 16 -6.78 -40.379 0.461 -7.292 -38.746 0.2 -7.162 -39.603 -0.132

0 // Edge_Colour
2 24 -6.792 -35.828 -12.209 -5.899 -35.24 -11.754
2 24 -6.26 -40.808 -15.683 -7.554 -43.15 -13.909
2 24 -9.15 -40.713 -5.276 -9.965 -40.834 -7.311
2 24 -9.552 -36.582 -11.135 -5.899 -35.24 -11.754
2 24 -2.17 -39.979 -17.188 -2.9 -40.71 -17.752
2 24 -2.17 -39.979 -17.188 -1.333 -38.482 -16.302
2 24 -1.413 -36.374 -15.332 -2.561 -37.072 -16.073
2 24 0.188 -35.115 -13.693 -0.51 -35.686 -14.437
2 24 -2.551 -48.409 -13.447 -2.084 -49.263 -10.644
2 24 -9.475 -38.236 -11.394 -7.793 -36.677 -12.351
2 24 -6.329 -39.822 2.676 -6.78 -40.379 0.461
2 24 7.871 -39.313 -3.616 7.868 -39.053 -5.765
2 24 -3.017 -38.731 -17.297 -4.196 -39.935 -17.684
2 24 -3.017 -38.731 -17.297 -1.868 -37.527 -16.583
2 24 -3.898 -47.799 -12.973 -3.313 -48.847 -10.416
2 24 0.472 -33.728 -12.895 0.62 -32.833 -12.281
2 24 -9.727 -38.884 -12.211 -7.731 -36.98 -13.479
2 24 -10.467 -42.657 -7.417 -9.31 -42.177 -5.134
2 24 -9.31 -42.177 -5.134 -8.162 -41.448 -2.813
2 24 7.868 -39.053 -5.765 7.382 -39.518 -8.303
2 24 -6.574 -44.869 -15.024 -6.657 -47.025 -12.157
2 24 0.388 -48.457 -10.322 -0.677 -49.026 -8.699
2 24 0.692 -47.092 -12.867 0.388 -48.457 -10.322
2 24 -7.028 -47.272 -9.717 -6.331 -48.007 -8.033
2 24 -2.419 -41.561 -18.372 -2.853 -43.624 -18.261
2 24 -2.561 -37.072 -16.073 -3.806 -37.99 -16.425
2 24 -1.868 -37.527 -16.583 -0.825 -36.798 -15.226
2 24 -2.853 -43.624 -18.261 -3.076 -46.255 -16.515
2 24 -11.315 -37.488 -8.591 -10.829 -37.143 -10.145
2 24 1.589 -36.897 -12.864 0.97 -35.368 -12.935
2 24 -5.903 -39.295 4.777 -5.209 -37.821 8.058
2 24 -3.806 -37.99 -16.425 -4.865 -39.087 -16.421
2 24 -8.113 -40.343 -2.881 -7.162 -39.603 -0.132
2 24 0.986 -33.279 -11.989 0.804 -34.05 -12.672
2 24 -10.341 -40.279 -8.959 -9.965 -40.834 -7.311
2 24 -10.341 -40.279 -8.959 -10.155 -39.371 -10.416
2 24 6.19 -38.613 5.127 7.438 -39.009 0.899
2 24 0.804 -34.05 -12.672 0.97 -35.368 -12.935
2 24 -8.113 -40.343 -2.881 -9.15 -40.713 -5.276
2 24 -3.313 -48.847 -10.416 -2.709 -49.156 -8.289
2 24 -1.469 -41.181 -17.101 -1.574 -40.476 -17.034
2 24 -9.129 -38.054 -2.802 -10.48 -38.097 -5.162
2 24 -10.829 -37.143 -10.145 -9.552 -36.582 -11.135
2 24 -10.69 -40.633 -11.112 -10.958 -41.856 -9.499
2 24 -1.864 -49.155 -7.795 -0.677 -49.026 -8.699
2 24 -0.979 -45.342 -15.505 0.692 -47.092 -12.867
2 24 5.715 -38.124 6.8 5.32 -37.665 8.244
2 24 7.438 -39.009 0.899 7.871 -39.313 -3.616
2 24 -4.196 -39.935 -17.684 -5.656 -42.172 -17.051
2 24 -7.554 -43.15 -13.909 -7.792 -45.499 -11.689
2 24 -4.109 -43.076 -17.617 -4.293 -45.603 -15.773
2 24 -4.293 -45.603 -15.773 -3.898 -47.799 -12.973
2 24 -3.076 -46.255 -16.515 -2.551 -48.409 -13.447
2 24 -1.574 -40.476 -17.034 -1.84 -40.162 -17.049
2 24 -4.865 -39.087 -16.421 -6.26 -40.808 -15.683
2 24 0.188 -35.115 -13.693 0.472 -33.728 -12.895
2 24 -0.55 -37.335 -15.268 -1.333 -38.482 -16.302
2 24 -10.958 -41.856 -9.499 -10.467 -42.657 -7.417
2 24 -5.656 -42.172 -17.051 -6.574 -44.869 -15.024
2 24 -1.469 -41.181 -17.101 -1.816 -42.957 -17.161
2 24 -9.475 -38.236 -11.394 -10.155 -39.371 -10.416
2 24 -10.48 -38.097 -5.162 -11.217 -37.984 -7.186
2 24 -2.9 -40.71 -17.752 -4.109 -43.076 -17.617
2 24 -0.979 -45.342 -15.505 -1.816 -42.957 -17.161
2 24 -2.084 -49.263 -10.644 -1.864 -49.155 -7.795
2 24 -6.331 -48.007 -8.033 -5.295 -48.518 -7.714
2 24 5.828 -39.592 -10.51 3.279 -38.7 -12.215
2 24 5.828 -39.592 -10.51 7.382 -39.518 -8.303
2 24 -9.727 -38.884 -12.211 -10.69 -40.633 -11.112
2 24 -7.792 -45.499 -11.689 -7.028 -47.272 -9.717
2 24 5.715 -38.124 6.8 6.19 -38.613 5.127
2 24 -7.25 -37.716 0.304 -9.129 -38.054 -2.802
2 24 -6.657 -47.025 -12.157 -6.242 -47.965 -10.095
2 24 3.279 -38.7 -12.215 1.589 -36.897 -12.864
2 24 -7.793 -36.677 -12.351 -6.792 -35.828 -12.209
2 24 -6.329 -39.822 2.676 -5.903 -39.295 4.777
2 24 -11.217 -37.984 -7.186 -11.315 -37.488 -8.591
2 24 -2.419 -41.561 -18.372 -1.84 -40.162 -17.049
2 24 -7.731 -36.98 -13.479 -5.928 -35.683 -13.987
2 24 -8.162 -41.448 -2.813 -6.78 -40.379 0.461
2 24 -0.51 -35.686 -14.437 -1.413 -36.374 -15.332
2 24 -6.242 -47.965 -10.095 -5.295 -48.518 -7.714
2 24 -2.709 -49.156 -8.289 -1.864 -49.155 -7.795
5 24 6.359 -37.904 4.997 5.715 -38.124 6.8 5.783 -37.645 6.811 6.19 -38.613 5.127
5 24 6.19 -38.613 5.127 6.359 -37.904 4.997 7.438 -39.009 0.899 5.715 -38.124 6.8
5 24 5.794 -37.597 -7.535 3.763 -36.551 -8.397 5.554 -36.819 -7.291 3.745 -37.204 -8.993
5 24 1.589 -36.897 -12.864 2.074 -36.356 -10.336 1.245 -35.252 -11.494 3.279 -38.7 -12.215
5 24 -7.162 -39.603 -0.132 -7.292 -38.746 0.2 -8.986 -39.252 -2.932 -6.78 -40.379 0.461
5 24 0.683 -47.028 -4.018 4.029 -44.71 -3.586 1.44 -45.027 -2.002 3.549 -46.605 -5.439
5 24 -9.634 -43.826 -10.758 -10.958 -41.856 -9.499 -10.69 -40.633 -11.112 -10.467 -42.657 -7.417
5 24 0.683 -47.028 -4.018 -1.508 -45.335 -1.702 -2.238 -47.074 -3.598 1.44 -45.027 -2.002
5 24 -1.756 -39.665 7.104 0.625 -40.3 5.508 0.787 -39.868 7.04 -2.017 -40.294 5.236
5 24 -10.592 -38.485 -10.45 -10.155 -39.371 -10.416 -9.475 -38.236 -11.394 -11.289 -39.018 -8.81
5 24 -1.728 -33.425 -11.906 -2.319 -34.063 -12.689 -5.648 -34.886 -11.239 -0.219 -33.666 -13.099
5 24 6.359 -37.904 4.997 7.438 -39.009 0.899 6.19 -38.613 5.127 7.24 -38.126 0.885
5 24 -4.911 -40.599 3.025 -4.33 -40.034 4.992 -5.903 -39.295 4.777 -2.351 -40.951 3.154
5 24 -5.549 -41.302 0.992 -4.911 -40.599 3.025 -2.893 -42.078 1.366 -6.329 -39.822 2.676
5 24 -3.189 -43.461 -0.233 -1.508 -45.335 -1.702 -4.029 -44.944 -1.905 -1.018 -43.729 -0.134
5 24 -0.979 -45.342 -15.505 0.191 -42.736 -16.253 2.137 -43.386 -14.833 -1.816 -42.957 -17.161
5 24 6.368 -40.093 0.725 4.67 -41.319 0.552 6.197 -42.381 -3.27 3.664 -40.557 3.355
5 24 -0.219 -33.666 -13.099 0.188 -35.115 -13.693 0.472 -33.728 -12.895 -0.717 -34.367 -13.805
5 24 -7.792 -45.499 -11.689 -9.634 -43.826 -10.758 -7.554 -43.15 -13.909 -9.324 -45.266 -8.533
5 24 -2.17 -39.979 -17.188 -3.017 -38.731 -17.297 -1.333 -38.482 -16.302 -2.9 -40.71 -17.752
5 24 -9.294 -41.891 -12.57 -8.171 -39.814 -14.016 -7.554 -43.15 -13.909 -9.727 -38.884 -12.211
5 24 -6.53 -37.942 -15.139 -6.26 -40.808 -15.683 -4.865 -39.087 -16.421 -8.171 -39.814 -14.016
5 24 -9.727 -38.884 -12.211 -9.294 -41.891 -12.57 -8.171 -39.814 -14.016 -10.69 -40.633 -11.112
5 24 -9.31 -42.177 -5.134 -9.965 -40.834 -7.311 -10.467 -42.657 -7.417 -9.15 -40.713 -5.276
5 24 2.074 -40.955 3.423 -0.036 -41.074 3.374 0.625 -40.3 5.508 -0.488 -42.213 1.46
5 24 -0.51 -35.686 -14.437 -0.717 -34.367 -13.805 0.188 -35.115 -13.693 -1.371 -34.881 -14.398
5 24 2.337 -35.882 -9.472 3.745 -37.204 -8.993 3.763 -36.551 -8.397 2.074 -36.356 -10.336
5 24 -2.084 -49.263 -10.644 -3.313 -48.847 -10.416 -2.551 -48.409 -13.447 -2.709 -49.156 -8.289
5 24 -3.183 -34.536 -13.399 -0.717 -34.367 -13.805 -1.371 -34.881 -14.398 -2.319 -34.063 -12.689
5 24 5.872 -40.993 -11.111 3.279 -38.7 -12.215 5.828 -39.592 -10.51 2.936 -39.47 -13.275
5 24 -6.242 -47.965 -10.095 -3.898 -47.799 -12.973 -6.657 -47.025 -12.157 -3.313 -48.847 -10.416
5 24 0.927 -37.505 -13.859 0.188 -35.115 -13.693 0.068 -37.09 -14.518 0.97 -35.368 -12.935
5 24 -6.226 -43.966 -2.499 -7.434 -42.886 -2.796 -4.78 -42.823 -0.364 -7.232 -45.413 -4.676
5 24 7.24 -38.126 0.885 7.444 -37.392 0.933 6.359 -37.904 4.997 7.655 -37.25 -3.491
5 24 -1.413 -36.374 -15.332 -1.868 -37.527 -16.583 -2.561 -37.072 -16.073 -0.825 -36.798 -15.226
5 24 -2.319 -34.063 -12.689 -3.183 -34.536 -13.399 -0.717 -34.367 -13.805 -5.899 -35.24 -11.754
5 24 -0.033 -37.866 -15.007 0.927 -37.505 -13.859 0.871 -39.133 -15.037 0.068 -37.09 -14.518
5 24 -0.271 -48.322 -5.773 0.683 -47.028 -4.018 -2.238 -47.074 -3.598 2.381 -47.945 -7.185
5 24 -2.351 -40.951 3.154 -4.911 -40.599 3.025 -4.33 -40.034 4.992 -2.893 -42.078 1.366
5 24 -9.129 -38.054 -2.802 -8.986 -39.252 -2.932 -7.292 -38.746 0.2 -10.48 -38.097 -5.162
5 24 4.029 -44.71 -3.586 1.44 -45.027 -2.002 0.683 -47.028 -4.018 4.185 -43.42 -2.222
5 24 7.474 -41.416 -5.82 7.2 -42.019 -8.736 7.382 -39.518 -8.303 6.495 -44.461 -7.733
5 24 -9.31 -42.177 -5.134 -7.434 -42.886 -2.796 -8.937 -44.099 -5.636 -8.162 -41.448 -2.813
5 24 -4.911 -40.599 3.025 -2.893 -42.078 1.366 -2.351 -40.951 3.154 -5.549 -41.302 0.992
5 24 -2.551 -48.409 -13.447 -0.979 -45.342 -15.505 -3.076 -46.255 -16.515 0.692 -47.092 -12.867
5 24 -3.052 -48.532 -5.858 -1.864 -49.155 -7.795 -2.709 -49.156 -8.289 -0.271 -48.322 -5.773
5 24 3.745 -37.204 -8.993 2.074 -36.356 -10.336 3.279 -38.7 -12.215 2.337 -35.882 -9.472
5 24 5.794 -37.597 -7.535 3.745 -37.204 -8.993 3.763 -36.551 -8.397 5.828 -39.592 -10.51
5 24 -0.576 -38.812 -15.893 -1.333 -38.482 -16.302 -1.84 -40.162 -17.049 -0.55 -37.335 -15.268
5 24 -8.162 -41.448 -2.813 -9.15 -40.713 -5.276 -9.31 -42.177 -5.134 -8.113 -40.343 -2.881
5 24 -1.371 -34.881 -14.398 -2.36 -35.283 -14.923 -3.183 -34.536 -13.399 -1.413 -36.374 -15.332
5 24 -2.893 -42.078 1.366 -3.189 -43.461 -0.233 -4.78 -42.823 -0.364 -1.018 -43.729 -0.134
5 24 -3.654 -39.381 7.315 -4.33 -40.034 4.992 -5.903 -39.295 4.777 -2.017 -40.294 5.236
5 24 -4.865 -39.087 -16.421 -6.53 -37.942 -15.139 -4.897 -36.57 -15.559 -6.26 -40.808 -15.683
5 24 -9.15 -40.713 -5.276 -8.986 -39.252 -2.932 -8.113 -40.343 -2.881 -10.227 -39.537 -5.233
5 24 -6.657 -47.025 -12.157 -7.792 -45.499 -11.689 -6.574 -44.869 -15.024 -7.028 -47.272 -9.717
5 24 -3.313 -48.847 -10.416 -5.295 -48.518 -7.714 -6.242 -47.965 -10.095 -2.709 -49.156 -8.289
5 24 -0.036 -41.074 3.374 -0.488 -42.213 1.46 2.074 -40.955 3.423 -2.351 -40.951 3.154
5 24 -5.928 -35.683 -13.987 -4.897 -36.57 -15.559 -4.506 -35.074 -13.984 -6.53 -37.942 -15.139
5 24 1.44 -45.027 -2.002 -1.018 -43.729 -0.134 -1.508 -45.335 -1.702 1.158 -43.631 -0.314
5 24 4.185 -43.42 -2.222 1.158 -43.631 -0.314 2.808 -42.302 0.347 1.44 -45.027 -2.002
5 24 -0.488 -42.213 1.46 2.808 -42.302 0.347 1.158 -43.631 -0.314 2.074 -40.955 3.423
5 24 -9.01 -36.499 -4.743 -9.129 -38.054 -2.802 -8.383 -37.109 -2.43 -10.48 -38.097 -5.162
5 24 2.657 -40.042 5.628 2.074 -40.955 3.423 0.625 -40.3 5.508 3.664 -40.557 3.355
5 24 1.44 -45.027 -2.002 4.185 -43.42 -2.222 1.158 -43.631 -0.314 4.029 -44.71 -3.586
5 24 -9.129 -38.054 -2.802 -8.383 -37.109 -2.43 -7.25 -37.716 0.304 -9.01 -36.499 -4.743
5 24 -1.333 -38.482 -16.302 -3.017 -38.731 -17.297 -2.17 -39.979 -17.188 -1.868 -37.527 -16.583
5 24 -2.084 -49.263 -10.644 0.692 -47.092 -12.867 -2.551 -48.409 -13.447 0.388 -48.457 -10.322
5 24 2.657 -40.042 5.628 5.715 -38.124 6.8 4.97 -39.647 4.7 2.791 -39.408 7.166
5 24 7.338 -40.662 -3.468 7.474 -41.416 -5.82 6.197 -42.381 -3.27 7.868 -39.053 -5.765
5 24 2.074 -36.356 -10.336 3.279 -38.7 -12.215 1.589 -36.897 -12.864 3.745 -37.204 -8.993
5 24 -11.217 -37.984 -7.186 -11.289 -39.018 -8.81 -11.315 -37.488 -8.591 -11.068 -39.44 -7.294
5 24 -9.139 -35.495 -8.71 -10.829 -37.143 -10.145 -11.315 -37.488 -8.591 -8.714 -35.547 -9.952
5 24 -2.017 -40.294 5.236 -0.036 -41.074 3.374 0.625 -40.3 5.508 -2.351 -40.951 3.154
5 24 5.794 -37.597 -7.535 5.828 -39.592 -10.51 7.382 -39.518 -8.303 3.745 -37.204 -8.993
5 24 -5.903 -39.295 4.777 -4.33 -40.034 4.992 -4.911 -40.599 3.025 -3.654 -39.381 7.315
5 24 -3.052 -48.532 -5.858 -5.295 -48.518 -7.714 -5.142 -48.118 -6.133 -2.709 -49.156 -8.289
5 24 -9.475 -38.236 -11.394 -10.592 -38.485 -10.45 -9.464 -37.312 -11.427 -10.155 -39.371 -10.416
5 24 -1.868 -37.527 -16.583 -1.333 -38.482 -16.302 -3.017 -38.731 -17.297 -0.55 -37.335 -15.268
5 24 -3.313 -48.847 -10.416 -2.551 -48.409 -13.447 -3.898 -47.799 -12.973 -2.084 -49.263 -10.644
5 24 -11.068 -39.44 -7.294 -10.227 -39.537 -5.233 -9.965 -40.834 -7.311 -10.48 -38.097 -5.162
5 24 6.399 -43.276 -5.018 3.549 -46.605 -5.439 4.029 -44.71 -3.586 6.495 -44.461 -7.733
5 24 -2.351 -40.951 3.154 -0.036 -41.074 3.374 -2.017 -40.294 5.236 -0.488 -42.213 1.46
5 24 -8.171 -39.814 -14.016 -7.731 -36.98 -13.479 -6.53 -37.942 -15.139 -9.727 -38.884 -12.211
5 24 7.338 -40.662 -3.468 6.197 -42.381 -3.27 7.474 -41.416 -5.82 6.368 -40.093 0.725
5 24 -0.488 -42.213 1.46 -2.893 -42.078 1.366 -2.351 -40.951 3.154 -1.018 -43.729 -0.134
5 24 -4.78 -42.823 -0.364 -6.226 -43.966 -2.499 -7.434 -42.886 -2.796 -4.029 -44.944 -1.905
5 24 -6.521 -37.666 2.606 -6.329 -39.822 2.676 -5.903 -39.295 4.777 -7.292 -38.746 0.2
5 24 -9.318 -35.829 -6.714 -11.315 -37.488 -8.591 -11.217 -37.984 -7.186 -9.139 -35.495 -8.71
5 24 0.188 -35.115 -13.693 0.97 -35.368 -12.935 0.927 -37.505 -13.859 0.804 -34.05 -12.672
5 24 -7.434 -42.886 -2.796 -5.549 -41.302 0.992 -4.78 -42.823 -0.364 -6.78 -40.379 0.461
5 24 -2.893 -42.078 1.366 -5.549 -41.302 0.992 -4.78 -42.823 -0.364 -4.911 -40.599 3.025
5 24 4.67 -41.319 0.552 6.197 -42.381 -3.27 6.368 -40.093 0.725 4.185 -43.42 -2.222
5 24 -2.017 -40.294 5.236 -1.756 -39.665 7.104 0.625 -40.3 5.508 -3.654 -39.381 7.315
5 24 -1.508 -45.335 -1.702 -2.238 -47.074 -3.598 -4.029 -44.944 -1.905 0.683 -47.028 -4.018
5 24 0.871 -39.133 -15.037 -0.033 -37.866 -15.007 -0.576 -38.812 -15.893 0.927 -37.505 -13.859
5 24 -3.052 -48.532 -5.858 -2.238 -47.074 -3.598 -4.935 -46.521 -3.853 -0.271 -48.322 -5.773
5 24 -2.238 -47.074 -3.598 -0.271 -48.322 -5.773 -3.052 -48.532 -5.858 0.683 -47.028 -4.018
5 24 2.936 -39.47 -13.275 0.927 -37.505 -13.859 1.589 -36.897 -12.864 0.871 -39.133 -15.037
5 24 5.34 -43.347 -11.668 2.137 -43.386 -14.833 2.658 -41.157 -14.412 3.558 -45.189 -12.475
5 24 -9.475 -38.236 -11.394 -9.464 -37.312 -11.427 -10.592 -38.485 -10.45 -7.793 -36.677 -12.351
5 24 -3.806 -37.99 -16.425 -3.017 -38.731 -17.297 -4.865 -39.087 -16.421 -1.868 -37.527 -16.583
5 24 -0.979 -45.342 -15.505 -3.076 -46.255 -16.515 -2.551 -48.409 -13.447 -1.816 -42.957 -17.161
5 24 -10.69 -40.633 -11.112 -9.634 -43.826 -10.758 -9.294 -41.891 -12.57 -10.958 -41.856 -9.499
5 24 6.512 -37.22 5.024 6.359 -37.904 4.997 5.783 -37.645 6.811 7.444 -37.392 0.933
5 24 -3.076 -46.255 -16.515 -1.816 -42.957 -17.161 -0.979 -45.342 -15.505 -2.853 -43.624 -18.261
5 24 -10.958 -41.856 -9.499 -9.965 -40.834 -7.311 -10.341 -40.279 -8.959 -10.467 -42.657 -7.417
5 24 -10.467 -42.657 -7.417 -9.634 -43.826 -10.758 -10.958 -41.856 -9.499 -9.324 -45.266 -8.533
5 24 0.871 -39.133 -15.037 -0.576 -38.812 -15.893 -0.09 -39.805 -16.032 -0.033 -37.866 -15.007
5 24 5.828 -39.592 -10.51 3.745 -37.204 -8.993 3.279 -38.7 -12.215 5.794 -37.597 -7.535
5 24 -3.183 -34.536 -13.399 -6.792 -35.828 -12.209 -4.506 -35.074 -13.984 -5.899 -35.24 -11.754
5 24 -0.576 -38.812 -15.893 -0.55 -37.335 -15.268 -0.033 -37.866 -15.007 -1.333 -38.482 -16.302
5 24 -6.78 -40.379 0.461 -7.162 -39.603 -0.132 -7.292 -38.746 0.2 -8.162 -41.448 -2.813
5 24 -11.068 -39.44 -7.294 -10.48 -38.097 -5.162 -10.227 -39.537 -5.233 -11.217 -37.984 -7.186
5 24 -0.271 -48.322 -5.773 -3.052 -48.532 -5.858 -2.238 -47.074 -3.598 -1.864 -49.155 -7.795
5 24 6.359 -37.904 4.997 7.444 -37.392 0.933 6.512 -37.22 5.024 7.24 -38.126 0.885
5 24 2.808 -42.302 0.347 4.185 -43.42 -2.222 1.158 -43.631 -0.314 4.67 -41.319 0.552
5 24 6.19 -38.613 5.127 4.97 -39.647 4.7 7.438 -39.009 0.899 5.715 -38.124 6.8
5 24 5.783 -37.645 6.811 6.359 -37.904 4.997 5.715 -38.124 6.8 6.512 -37.22 5.024
5 24 6.512 -37.22 5.024 5.783 -37.645 6.811 6.359 -37.904 4.997 5.855 -37.013 6.92
5 24 -4.506 -35.074 -13.984 -6.792 -35.828 -12.209 -5.928 -35.683 -13.987 -3.183 -34.536 -13.399
5 24 -0.488 -42.213 1.46 1.158 -43.631 -0.314 -1.018 -43.729 -0.134 2.808 -42.302 0.347
5 24 -1.84 -40.162 -17.049 -0.576 -38.812 -15.893 -0.09 -39.805 -16.032 -1.333 -38.482 -16.302
5 24 -1.728 -33.425 -11.906 -0.219 -33.666 -13.099 -2.319 -34.063 -12.689 -0.081 -32.991 -12.298
5 24 0.871 -39.133 -15.037 0.117 -41.247 -16.286 -0.09 -39.805 -16.032 2.658 -41.157 -14.412
5 24 -5.656 -42.172 -17.051 -6.26 -40.808 -15.683 -7.554 -43.15 -13.909 -4.196 -39.935 -17.684
5 24 -0.219 -33.666 -13.099 0.472 -33.728 -12.895 -0.081 -32.991 -12.298 0.188 -35.115 -13.693
5 24 -6.26 -40.808 -15.683 -8.171 -39.814 -14.016 -7.554 -43.15 -13.909 -6.53 -37.942 -15.139
5 24 -9.324 -45.266 -8.533 -8.937 -44.099 -5.636 -7.291 -46.976 -6.696 -10.467 -42.657 -7.417
5 24 3.549 -46.605 -5.439 0.683 -47.028 -4.018 4.029 -44.71 -3.586 2.381 -47.945 -7.185
5 24 -7.434 -42.886 -2.796 -6.78 -40.379 0.461 -8.162 -41.448 -2.813 -5.549 -41.302 0.992
5 24 2.074 -40.955 3.423 0.625 -40.3 5.508 -0.036 -41.074 3.374 2.657 -40.042 5.628
5 24 -1.413 -36.374 -15.332 -1.371 -34.881 -14.398 -0.51 -35.686 -14.437 -2.36 -35.283 -14.923
5 24 0.927 -37.505 -13.859 1.589 -36.897 -12.864 2.936 -39.47 -13.275 0.97 -35.368 -12.935
5 24 -8.937 -44.099 -5.636 -10.467 -42.657 -7.417 -9.324 -45.266 -8.533 -9.31 -42.177 -5.134
5 24 -7.731 -36.98 -13.479 -6.53 -37.942 -15.139 -5.928 -35.683 -13.987 -8.171 -39.814 -14.016
5 24 -4.506 -35.074 -13.984 -3.598 -35.829 -15.382 -2.36 -35.283 -14.923 -4.897 -36.57 -15.559
5 24 7.338 -40.662 -3.468 7.868 -39.053 -5.765 7.474 -41.416 -5.82 7.871 -39.313 -3.616
5 24 4.185 -43.42 -2.222 6.197 -42.381 -3.27 4.029 -44.71 -3.586 4.67 -41.319 0.552
5 24 3.664 -40.557 3.355 4.67 -41.319 0.552 2.808 -42.302 0.347 6.368 -40.093 0.725
5 24 -3.898 -47.799 -12.973 -6.657 -47.025 -12.157 -6.574 -44.869 -15.024 -6.242 -47.965 -10.095
5 24 -4.897 -36.57 -15.559 -4.865 -39.087 -16.421 -3.806 -37.99 -16.425 -6.53 -37.942 -15.139
5 24 3.549 -46.605 -5.439 2.381 -47.945 -7.185 4.254 -46.869 -9.042 0.683 -47.028 -4.018
5 24 -3.183 -34.536 -13.399 -1.371 -34.881 -14.398 -2.36 -35.283 -14.923 -0.717 -34.367 -13.805
5 24 2.936 -39.47 -13.275 3.279 -38.7 -12.215 5.872 -40.993 -11.111 1.589 -36.897 -12.864
5 24 -2.36 -35.283 -14.923 -4.506 -35.074 -13.984 -3.183 -34.536 -13.399 -3.598 -35.829 -15.382
5 24 -7.792 -45.499 -11.689 -6.574 -44.869 -15.024 -7.554 -43.15 -13.909 -6.657 -47.025 -12.157
5 24 -5.899 -35.24 -11.754 -3.183 -34.536 -13.399 -6.792 -35.828 -12.209 -2.319 -34.063 -12.689
5 24 -6.26 -40.808 -15.683 -4.196 -39.935 -17.684 -4.865 -39.087 -16.421 -5.656 -42.172 -17.051
5 24 0.683 -47.028 -4.018 1.44 -45.027 -2.002 -1.508 -45.335 -1.702 4.029 -44.71 -3.586
5 24 6.368 -40.093 0.725 3.664 -40.557 3.355 4.67 -41.319 0.552 4.97 -39.647 4.7
5 24 4.254 -46.869 -9.042 3.558 -45.189 -12.475 5.34 -43.347 -11.668 0.388 -48.457 -10.322
5 24 -9.139 -35.495 -8.71 -11.315 -37.488 -8.591 -9.318 -35.829 -6.714 -10.829 -37.143 -10.145
5 24 -5.549 -41.302 0.992 -6.78 -40.379 0.461 -6.329 -39.822 2.676 -7.434 -42.886 -2.796
5 24 -9.294 -41.891 -12.57 -10.69 -40.633 -11.112 -9.727 -38.884 -12.211 -9.634 -43.826 -10.758
5 24 -2.709 -49.156 -8.289 -3.052 -48.532 -5.858 -5.295 -48.518 -7.714 -1.864 -49.155 -7.795
5 24 -8.171 -39.814 -14.016 -6.53 -37.942 -15.139 -6.26 -40.808 -15.683 -7.731 -36.98 -13.479
5 24 -5.656 -42.172 -17.051 -4.293 -45.603 -15.773 -4.109 -43.076 -17.617 -6.574 -44.869 -15.024
5 24 -10.227 -39.537 -5.233 -9.965 -40.834 -7.311 -9.15 -40.713 -5.276 -11.068 -39.44 -7.294
5 24 7.438 -39.009 0.899 7.854 -38.086 -3.569 7.24 -38.126 0.885 7.871 -39.313 -3.616
5 24 1.245 -35.252 -11.494 1.477 -34.774 -10.572 2.074 -36.356 -10.336 0.986 -33.279 -11.989
5 24 7.871 -39.313 -3.616 7.854 -38.086 -3.569 7.438 -39.009 0.899 7.868 -39.053 -5.765
5 24 -1.84 -40.162 -17.049 -2.9 -40.71 -17.752 -2.419 -41.561 -18.372 -2.17 -39.979 -17.188
5 24 -3.598 -35.829 -15.382 -2.36 -35.283 -14.923 -2.561 -37.072 -16.073 -4.506 -35.074 -13.984
5 24 -5.142 -48.118 -6.133 -4.935 -46.521 -3.853 -3.052 -48.532 -5.858 -7.232 -45.413 -4.676
5 24 -4.293 -45.603 -15.773 -6.574 -44.869 -15.024 -5.656 -42.172 -17.051 -3.898 -47.799 -12.973
5 24 7.2 -42.019 -8.736 5.872 -40.993 -11.111 5.34 -43.347 -11.668 5.828 -39.592 -10.51
5 24 1.589 -36.897 -12.864 1.245 -35.252 -11.494 2.074 -36.356 -10.336 0.97 -35.368 -12.935
5 24 -4.911 -40.599 3.025 -5.903 -39.295 4.777 -6.329 -39.822 2.676 -4.33 -40.034 4.992
5 24 1.44 -45.027 -2.002 1.158 -43.631 -0.314 4.185 -43.42 -2.222 -1.018 -43.729 -0.134
5 24 0.068 -37.09 -14.518 -0.51 -35.686 -14.437 0.188 -35.115 -13.693 -0.825 -36.798 -15.226
5 24 0.191 -42.736 -16.253 -1.469 -41.181 -17.101 0.117 -41.247 -16.286 -1.816 -42.957 -17.161
5 24 -8.714 -35.547 -9.952 -9.552 -36.582 -11.135 -10.829 -37.143 -10.145 -5.899 -35.24 -11.754
5 24 -0.033 -37.866 -15.007 -0.55 -37.335 -15.268 0.068 -37.09 -14.518 -0.576 -38.812 -15.893
5 24 -9.727 -38.884 -12.211 -10.155 -39.371 -10.416 -9.475 -38.236 -11.394 -10.69 -40.633 -11.112
5 24 -10.829 -37.143 -10.145 -10.592 -38.485 -10.45 -11.315 -37.488 -8.591 -9.464 -37.312 -11.427
5 24 -2.419 -41.561 -18.372 -2.9 -40.71 -17.752 -1.84 -40.162 -17.049 -4.109 -43.076 -17.617
5 24 -5.899 -35.24 -11.754 -8.714 -35.547 -9.952 -9.552 -36.582 -11.135 -5.648 -34.886 -11.239
5 24 5.855 -37.013 6.92 5.783 -37.645 6.811 5.32 -37.665 8.244 6.512 -37.22 5.024
5 24 7.176 -37.004 -5.282 7.854 -38.086 -3.569 7.655 -37.25 -3.491 7.228 -37.734 -5.588
5 24 5.34 -43.347 -11.668 4.254 -46.869 -9.042 6.495 -44.461 -7.733 3.558 -45.189 -12.475
5 24 -0.717 -34.367 -13.805 -0.219 -33.666 -13.099 0.188 -35.115 -13.693 -2.319 -34.063 -12.689
5 24 7.382 -39.518 -8.303 5.794 -37.597 -7.535 7.868 -39.053 -5.765 5.828 -39.592 -10.51
5 24 4.97 -39.647 4.7 7.438 -39.009 0.899 6.368 -40.093 0.725 6.19 -38.613 5.127
5 24 1.589 -36.897 -12.864 2.936 -39.47 -13.275 3.279 -38.7 -12.215 0.927 -37.505 -13.859
5 24 0.692 -47.092 -12.867 3.558 -45.189 -12.475 2.137 -43.386 -14.833 0.388 -48.457 -10.322
5 24 -7.292 -38.746 0.2 -9.129 -38.054 -2.802 -7.25 -37.716 0.304 -8.986 -39.252 -2.932
5 24 5.794 -37.597 -7.535 5.554 -36.819 -7.291 7.228 -37.734 -5.588 3.763 -36.551 -8.397
5 24 -10.341 -40.279 -8.959 -11.068 -39.44 -7.294 -11.289 -39.018 -8.81 -9.965 -40.834 -7.311
5 24 -0.51 -35.686 -14.437 -0.825 -36.798 -15.226 0.068 -37.09 -14.518 -1.413 -36.374 -15.332
5 24 -10.829 -37.143 -10.145 -8.714 -35.547 -9.952 -9.139 -35.495 -8.71 -9.552 -36.582 -11.135
5 24 0.388 -48.457 -10.322 2.381 -47.945 -7.185 -0.677 -49.026 -8.699 4.254 -46.869 -9.042
5 24 1.158 -43.631 -0.314 2.808 -42.302 0.347 -0.488 -42.213 1.46 4.185 -43.42 -2.222
5 24 6.495 -44.461 -7.733 3.549 -46.605 -5.439 6.399 -43.276 -5.018 4.254 -46.869 -9.042
5 24 6.197 -42.381 -3.27 7.474 -41.416 -5.82 6.399 -43.276 -5.018 7.338 -40.662 -3.468
5 24 5.828 -39.592 -10.51 7.2 -42.019 -8.736 5.872 -40.993 -11.111 7.382 -39.518 -8.303
5 24 -10.341 -40.279 -8.959 -10.958 -41.856 -9.499 -9.965 -40.834 -7.311 -10.69 -40.633 -11.112
5 24 1.44 -45.027 -2.002 -1.508 -45.335 -1.702 0.683 -47.028 -4.018 -1.018 -43.729 -0.134
5 24 -6.242 -47.965 -10.095 -6.331 -48.007 -8.033 -7.028 -47.272 -9.717 -5.295 -48.518 -7.714
5 24 -0.51 -35.686 -14.437 -1.371 -34.881 -14.398 -0.717 -34.367 -13.805 -1.413 -36.374 -15.332
5 24 -9.294 -41.891 -12.57 -9.634 -43.826 -10.758 -7.554 -43.15 -13.909 -10.69 -40.633 -11.112
5 24 -9.15 -40.713 -5.276 -9.31 -42.177 -5.134 -9.965 -40.834 -7.311 -8.162 -41.448 -2.813
5 24 0.692 -47.092 -12.867 -2.551 -48.409 -13.447 -2.084 -49.263 -10.644 -0.979 -45.342 -15.505
5 24 -0.677 -49.026 -8.699 2.381 -47.945 -7.185 -0.271 -48.322 -5.773 0.388 -48.457 -10.322
5 24 -8.162 -41.448 -2.813 -7.162 -39.603 -0.132 -8.113 -40.343 -2.881 -6.78 -40.379 0.461
5 24 -8.937 -44.099 -5.636 -7.291 -46.976 -6.696 -7.232 -45.413 -4.676 -9.324 -45.266 -8.533
5 24 0.191 -42.736 -16.253 -1.816 -42.957 -17.161 -0.979 -45.342 -15.505 -1.469 -41.181 -17.101
5 24 -9.552 -36.582 -11.135 -9.464 -37.312 -11.427 -10.829 -37.143 -10.145 -6.792 -35.828 -12.209
5 24 -3.598 -35.829 -15.382 -3.806 -37.99 -16.425 -2.561 -37.072 -16.073 -4.897 -36.57 -15.559
5 24 -0.576 -38.812 -15.893 -0.09 -39.805 -16.032 -1.84 -40.162 -17.049 0.871 -39.133 -15.037
5 24 -7.793 -36.677 -12.351 -9.727 -38.884 -12.211 -9.475 -38.236 -11.394 -7.731 -36.98 -13.479
5 24 -1.018 -43.729 -0.134 -2.893 -42.078 1.366 -0.488 -42.213 1.46 -3.189 -43.461 -0.233
5 24 -2.017 -40.294 5.236 -3.654 -39.381 7.315 -4.33 -40.034 4.992 -1.756 -39.665 7.104
5 24 -1.508 -45.335 -1.702 -1.018 -43.729 -0.134 -3.189 -43.461 -0.233 1.44 -45.027 -2.002
5 24 4.185 -43.42 -2.222 4.029 -44.71 -3.586 1.44 -45.027 -2.002 6.197 -42.381 -3.27
5 24 -7.292 -38.746 0.2 -6.78 -40.379 0.461 -6.329 -39.822 2.676 -7.162 -39.603 -0.132
5 24 -4.029 -44.944 -1.905 -3.189 -43.461 -0.233 -1.508 -45.335 -1.702 -4.78 -42.823 -0.364
5 24 -7.028 -47.272 -9.717 -6.657 -47.025 -12.157 -7.792 -45.499 -11.689 -6.242 -47.965 -10.095
5 24 7.854 -38.086 -3.569 7.868 -39.053 -5.765 7.871 -39.313 -3.616 7.228 -37.734 -5.588
5 24 -7.292 -38.746 0.2 -6.521 -37.666 2.606 -6.329 -39.822 2.676 -7.25 -37.716 0.304
5 24 -5.928 -35.683 -13.987 -6.792 -35.828 -12.209 -7.731 -36.98 -13.479 -4.506 -35.074 -13.984
5 24 -6.574 -44.869 -15.024 -7.554 -43.15 -13.909 -5.656 -42.172 -17.051 -7.792 -45.499 -11.689
5 24 0.117 -41.247 -16.286 2.658 -41.157 -14.412 2.137 -43.386 -14.833 0.871 -39.133 -15.037
5 24 2.137 -43.386 -14.833 2.658 -41.157 -14.412 0.117 -41.247 -16.286 5.34 -43.347 -11.668
5 24 -2.709 -49.156 -8.289 -2.084 -49.263 -10.644 -3.313 -48.847 -10.416 -1.864 -49.155 -7.795
5 24 -2.561 -37.072 -16.073 -3.598 -35.829 -15.382 -2.36 -35.283 -14.923 -3.806 -37.99 -16.425
5 24 4.97 -39.647 4.7 5.715 -38.124 6.8 6.19 -38.613 5.127 2.657 -40.042 5.628
5 24 -2.351 -40.951 3.154 -0.488 -42.213 1.46 -0.036 -41.074 3.374 -2.893 -42.078 1.366
5 24 -3.017 -38.731 -17.297 -2.9 -40.71 -17.752 -2.17 -39.979 -17.188 -4.196 -39.935 -17.684
5 24 -11.315 -37.488 -8.591 -11.289 -39.018 -8.81 -11.217 -37.984 -7.186 -10.592 -38.485 -10.45
5 24 0.787 -39.868 7.04 2.657 -40.042 5.628 2.791 -39.408 7.166 0.625 -40.3 5.508
5 24 -4.029 -44.944 -1.905 -4.935 -46.521 -3.853 -2.238 -47.074 -3.598 -6.226 -43.966 -2.499
5 24 -1.018 -43.729 -0.134 -3.189 -43.461 -0.233 -1.508 -45.335 -1.702 -2.893 -42.078 1.366
5 24 -5.928 -35.683 -13.987 -4.506 -35.074 -13.984 -4.897 -36.57 -15.559 -6.792 -35.828 -12.209
5 24 -4.78 -42.823 -0.364 -4.029 -44.944 -1.905 -6.226 -43.966 -2.499 -3.189 -43.461 -0.233
5 24 -6.226 -43.966 -2.499 -7.232 -45.413 -4.676 -4.935 -46.521 -3.853 -7.434 -42.886 -2.796
5 24 -6.331 -48.007 -8.033 -5.142 -48.118 -6.133 -7.291 -46.976 -6.696 -5.295 -48.518 -7.714
5 24 -10.592 -38.485 -10.45 -11.289 -39.018 -8.81 -11.315 -37.488 -8.591 -10.155 -39.371 -10.416
5 24 7.228 -37.734 -5.588 7.176 -37.004 -5.282 7.854 -38.086 -3.569 5.554 -36.819 -7.291
5 24 2.074 -36.356 -10.336 1.245 -35.252 -11.494 1.589 -36.897 -12.864 1.477 -34.774 -10.572
5 24 -7.292 -38.746 0.2 -6.329 -39.822 2.676 -6.521 -37.666 2.606 -6.78 -40.379 0.461
5 24 -11.289 -39.018 -8.81 -11.068 -39.44 -7.294 -10.341 -40.279 -8.959 -11.217 -37.984 -7.186
5 24 -2.853 -43.624 -18.261 -1.816 -42.957 -17.161 -3.076 -46.255 -16.515 -2.419 -41.561 -18.372
5 24 0.117 -41.247 -16.286 0.191 -42.736 -16.253 2.137 -43.386 -14.833 -1.469 -41.181 -17.101
5 24 -7.434 -42.886 -2.796 -8.162 -41.448 -2.813 -9.31 -42.177 -5.134 -6.78 -40.379 0.461
5 24 -1.574 -40.476 -17.034 0.117 -41.247 -16.286 -0.09 -39.805 -16.032 -1.469 -41.181 -17.101
5 24 0.625 -40.3 5.508 -2.017 -40.294 5.236 -1.756 -39.665 7.104 -0.036 -41.074 3.374
5 24 -0.219 -33.666 -13.099 -2.319 -34.063 -12.689 -1.728 -33.425 -11.906 -0.717 -34.367 -13.805
5 24 2.808 -42.302 0.347 2.074 -40.955 3.423 -0.488 -42.213 1.46 3.664 -40.557 3.355
5 24 -7.232 -45.413 -4.676 -5.142 -48.118 -6.133 -4.935 -46.521 -3.853 -7.291 -46.976 -6.696
5 24 -9.324 -45.266 -8.533 -10.467 -42.657 -7.417 -9.634 -43.826 -10.758 -8.937 -44.099 -5.636
5 24 -4.196 -39.935 -17.684 -4.865 -39.087 -16.421 -3.017 -38.731 -17.297 -6.26 -40.808 -15.683
5 24 -8.937 -44.099 -5.636 -7.434 -42.886 -2.796 -9.31 -42.177 -5.134 -7.232 -45.413 -4.676
5 24 3.664 -40.557 3.355 2.074 -40.955 3.423 2.657 -40.042 5.628 2.808 -42.302 0.347
5 24 -4.897 -36.57 -15.559 -3.598 -35.829 -15.382 -3.806 -37.99 -16.425 -4.506 -35.074 -13.984
5 24 -2.561 -37.072 -16.073 -1.868 -37.527 -16.583 -3.806 -37.99 -16.425 -1.413 -36.374 -15.332
5 24 -4.109 -43.076 -17.617 -4.196 -39.935 -17.684 -2.9 -40.71 -17.752 -5.656 -42.172 -17.051
5 24 -5.648 -34.886 -11.239 -5.899 -35.24 -11.754 -8.714 -35.547 -9.952 -2.319 -34.063 -12.689
5 24 7.868 -39.053 -5.765 7.474 -41.416 -5.82 7.382 -39.518 -8.303 7.338 -40.662 -3.468
5 24 0.787 -39.868 7.04 0.625 -40.3 5.508 -1.756 -39.665 7.104 2.657 -40.042 5.628
5 24 -3.076 -46.255 -16.515 -3.898 -47.799 -12.973 -4.293 -45.603 -15.773 -2.551 -48.409 -13.447
5 24 -7.434 -42.886 -2.796 -4.78 -42.823 -0.364 -5.549 -41.302 0.992 -6.226 -43.966 -2.499
5 24 -9.464 -37.312 -11.427 -10.592 -38.485 -10.45 -9.475 -38.236 -11.394 -10.829 -37.143 -10.145
5 24 -9.552 -36.582 -11.135 -6.792 -35.828 -12.209 -9.464 -37.312 -11.427 -5.899 -35.24 -11.754
5 24 6.495 -44.461 -7.733 4.254 -46.869 -9.042 3.549 -46.605 -5.439 5.34 -43.347 -11.668
5 24 -11.217 -37.984 -7.186 -9.318 -35.829 -6.714 -10.48 -38.097 -5.162 -11.315 -37.488 -8.591
5 24 -5.549 -41.302 0.992 -4.78 -42.823 -0.364 -2.893 -42.078 1.366 -7.434 -42.886 -2.796
5 24 -2.709 -49.156 -8.289 -5.295 -48.518 -7.714 -3.313 -48.847 -10.416 -3.052 -48.532 -5.858
5 24 -6.331 -48.007 -8.033 -7.291 -46.976 -6.696 -7.028 -47.272 -9.717 -5.142 -48.118 -6.133
5 24 -1.864 -49.155 -7.795 -0.271 -48.322 -5.773 -3.052 -48.532 -5.858 -0.677 -49.026 -8.699
5 24 5.715 -38.124 6.8 2.791 -39.408 7.166 5.32 -37.665 8.244 2.657 -40.042 5.628
5 24 -6.53 -37.942 -15.139 -5.928 -35.683 -13.987 -7.731 -36.98 -13.479 -4.897 -36.57 -15.559
5 24 -9.965 -40.834 -7.311 -10.467 -42.657 -7.417 -9.31 -42.177 -5.134 -10.958 -41.856 -9.499
5 24 3.558 -45.189 -12.475 2.137 -43.386 -14.833 0.692 -47.092 -12.867 5.34 -43.347 -11.668
5 24 2.137 -43.386 -14.833 0.692 -47.092 -12.867 -0.979 -45.342 -15.505 3.558 -45.189 -12.475
5 24 -3.806 -37.99 -16.425 -4.897 -36.57 -15.559 -3.598 -35.829 -15.382 -4.865 -39.087 -16.421
5 24 -0.677 -49.026 -8.699 -2.084 -49.263 -10.644 0.388 -48.457 -10.322 -1.864 -49.155 -7.795
5 24 5.794 -37.597 -7.535 7.868 -39.053 -5.765 7.228 -37.734 -5.588 7.382 -39.518 -8.303
5 24 -4.109 -43.076 -17.617 -2.853 -43.624 -18.261 -4.293 -45.603 -15.773 -2.419 -41.561 -18.372
5 24 4.254 -46.869 -9.042 2.381 -47.945 -7.185 0.388 -48.457 -10.322 3.549 -46.605 -5.439
5 24 -10.592 -38.485 -10.45 -11.315 -37.488 -8.591 -11.289 -39.018 -8.81 -10.829 -37.143 -10.145
5 24 -4.506 -35.074 -13.984 -4.897 -36.57 -15.559 -5.928 -35.683 -13.987 -3.598 -35.829 -15.382
5 24 1.245 -35.252 -11.494 0.804 -34.05 -12.672 0.97 -35.368 -12.935 0.986 -33.279 -11.989
5 24 -4.78 -42.823 -0.364 -2.893 -42.078 1.366 -5.549 -41.302 0.992 -3.189 -43.461 -0.233
5 24 -2.351 -40.951 3.154 -2.017 -40.294 5.236 -0.036 -41.074 3.374 -4.33 -40.034 4.992
5 24 0.804 -34.05 -12.672 0.188 -35.115 -13.693 0.97 -35.368 -12.935 0.472 -33.728 -12.895
5 24 -10.69 -40.633 -11.112 -10.155 -39.371 -10.416 -9.727 -38.884 -12.211 -10.341 -40.279 -8.959
5 24 -7.291 -46.976 -6.696 -9.324 -45.266 -8.533 -7.028 -47.272 -9.717 -8.937 -44.099 -5.636
5 24 0.188 -35.115 -13.693 0.068 -37.09 -14.518 -0.51 -35.686 -14.437 0.927 -37.505 -13.859
5 24 6.495 -44.461 -7.733 5.34 -43.347 -11.668 7.2 -42.019 -8.736 4.254 -46.869 -9.042
5 24 2.381 -47.945 -7.185 -0.271 -48.322 -5.773 -0.677 -49.026 -8.699 0.683 -47.028 -4.018
5 24 3.745 -37.204 -8.993 3.763 -36.551 -8.397 5.794 -37.597 -7.535 2.337 -35.882 -9.472
5 24 -1.816 -42.957 -17.161 -2.419 -41.561 -18.372 -2.853 -43.624 -18.261 -1.469 -41.181 -17.101
5 24 -7.028 -47.272 -9.717 -9.324 -45.266 -8.533 -7.291 -46.976 -6.696 -7.792 -45.499 -11.689
5 24 3.664 -40.557 3.355 4.97 -39.647 4.7 6.368 -40.093 0.725 2.657 -40.042 5.628
5 24 0.472 -33.728 -12.895 -0.081 -32.991 -12.298 -0.219 -33.666 -13.099 0.62 -32.833 -12.281
5 24 -5.142 -48.118 -6.133 -7.291 -46.976 -6.696 -6.331 -48.007 -8.033 -7.232 -45.413 -4.676
5 24 -0.09 -39.805 -16.032 0.117 -41.247 -16.286 -1.574 -40.476 -17.034 0.871 -39.133 -15.037
5 24 -2.17 -39.979 -17.188 -1.84 -40.162 -17.049 -2.9 -40.71 -17.752 -1.333 -38.482 -16.302
5 24 -4.935 -46.521 -3.853 -7.232 -45.413 -4.676 -5.142 -48.118 -6.133 -6.226 -43.966 -2.499
5 24 2.808 -42.302 0.347 4.67 -41.319 0.552 4.185 -43.42 -2.222 3.664 -40.557 3.355
5 24 -4.935 -46.521 -3.853 -6.226 -43.966 -2.499 -4.029 -44.944 -1.905 -7.232 -45.413 -4.676
5 24 -2.561 -37.072 -16.073 -2.36 -35.283 -14.923 -1.413 -36.374 -15.332 -3.598 -35.829 -15.382
5 24 0.472 -33.728 -12.895 0.804 -34.05 -12.672 0.188 -35.115 -13.693 0.986 -33.279 -11.989
5 24 0.388 -48.457 -10.322 4.254 -46.869 -9.042 2.381 -47.945 -7.185 3.558 -45.189 -12.475
5 24 -6.242 -47.965 -10.095 -7.028 -47.272 -9.717 -6.657 -47.025 -12.157 -6.331 -48.007 -8.033
5 24 6.359 -37.904 4.997 7.24 -38.126 0.885 7.438 -39.009 0.899 7.444 -37.392 0.933
5 24 5.715 -38.124 6.8 5.783 -37.645 6.811 6.359 -37.904 4.997 5.32 -37.665 8.244
5 24 7.228 -37.734 -5.588 5.794 -37.597 -7.535 7.868 -39.053 -5.765 5.554 -36.819 -7.291
5 24 -0.825 -36.798 -15.226 0.068 -37.09 -14.518 -0.51 -35.686 -14.437 -0.55 -37.335 -15.268
5 24 0.472 -33.728 -12.895 0.986 -33.279 -11.989 0.804 -34.05 -12.672 0.62 -32.833 -12.281
5 24 2.657 -40.042 5.628 4.97 -39.647 4.7 5.715 -38.124 6.8 3.664 -40.557 3.355
5 24 2.936 -39.47 -13.275 2.658 -41.157 -14.412 0.871 -39.133 -15.037 5.872 -40.993 -11.111
5 24 2.658 -41.157 -14.412 0.871 -39.133 -15.037 2.936 -39.47 -13.275 0.117 -41.247 -16.286
5 24 2.657 -40.042 5.628 3.664 -40.557 3.355 4.97 -39.647 4.7 2.074 -40.955 3.423
5 24 -10.227 -39.537 -5.233 -9.15 -40.713 -5.276 -9.965 -40.834 -7.311 -8.986 -39.252 -2.932
5 24 -3.189 -43.461 -0.233 -4.78 -42.823 -0.364 -4.029 -44.944 -1.905 -2.893 -42.078 1.366
5 24 -8.937 -44.099 -5.636 -7.232 -45.413 -4.676 -7.434 -42.886 -2.796 -7.291 -46.976 -6.696
5 24 7.474 -41.416 -5.82 7.382 -39.518 -8.303 7.868 -39.053 -5.765 7.2 -42.019 -8.736
5 24 -7.291 -46.976 -6.696 -7.028 -47.272 -9.717 -9.324 -45.266 -8.533 -6.331 -48.007 -8.033
5 24 3.558 -45.189 -12.475 5.34 -43.347 -11.668 2.137 -43.386 -14.833 4.254 -46.869 -9.042
5 24 -4.109 -43.076 -17.617 -2.419 -41.561 -18.372 -2.9 -40.71 -17.752 -2.853 -43.624 -18.261
5 24 -9.318 -35.829 -6.714 -10.48 -38.097 -5.162 -9.01 -36.499 -4.743 -11.217 -37.984 -7.186
5 24 7.474 -41.416 -5.82 6.399 -43.276 -5.018 6.197 -42.381 -3.27 6.495 -44.461 -7.733
5 24 2.658 -41.157 -14.412 5.872 -40.993 -11.111 2.936 -39.47 -13.275 5.34 -43.347 -11.668
5 24 6.399 -43.276 -5.018 6.495 -44.461 -7.733 7.474 -41.416 -5.82 3.549 -46.605 -5.439
5 24 -1.018 -43.729 -0.134 -0.488 -42.213 1.46 -2.893 -42.078 1.366 1.158 -43.631 -0.314
5 24 -0.55 -37.335 -15.268 -1.868 -37.527 -16.583 -1.333 -38.482 -16.302 -0.825 -36.798 -15.226
5 24 0.191 -42.736 -16.253 2.137 -43.386 -14.833 0.117 -41.247 -16.286 -0.979 -45.342 -15.505
5 24 -6.574 -44.869 -15.024 -3.898 -47.799 -12.973 -4.293 -45.603 -15.773 -6.657 -47.025 -12.157
5 24 -11.068 -39.44 -7.294 -9.965 -40.834 -7.311 -10.227 -39.537 -5.233 -10.341 -40.279 -8.959
5 24 -8.986 -39.252 -2.932 -7.162 -39.603 -0.132 -7.292 -38.746 0.2 -8.113 -40.343 -2.881
5 24 -5.903 -39.295 4.777 -6.521 -37.666 2.606 -5.905 -37.529 5.054 -6.329 -39.822 2.676
5 24 -1.868 -37.527 -16.583 -3.806 -37.99 -16.425 -3.017 -38.731 -17.297 -2.561 -37.072 -16.073
5 24 -4.33 -40.034 4.992 -2.017 -40.294 5.236 -3.654 -39.381 7.315 -2.351 -40.951 3.154
5 24 5.872 -40.993 -11.111 5.828 -39.592 -10.51 7.2 -42.019 -8.736 3.279 -38.7 -12.215
5 24 -4.029 -44.944 -1.905 -6.226 -43.966 -2.499 -4.78 -42.823 -0.364 -4.935 -46.521 -3.853
5 24 -11.289 -39.018 -8.81 -10.341 -40.279 -8.959 -10.155 -39.371 -10.416 -11.068 -39.44 -7.294
5 24 0.388 -48.457 -10.322 3.558 -45.189 -12.475 0.692 -47.092 -12.867 4.254 -46.869 -9.042
5 24 -7.554 -43.15 -13.909 -9.294 -41.891 -12.57 -8.171 -39.814 -14.016 -9.634 -43.826 -10.758
5 24 0.927 -37.505 -13.859 0.068 -37.09 -14.518 0.188 -35.115 -13.693 -0.033 -37.866 -15.007
5 24 -3.076 -46.255 -16.515 -4.293 -45.603 -15.773 -2.853 -43.624 -18.261 -3.898 -47.799 -12.973
5 24 -9.634 -43.826 -10.758 -9.324 -45.266 -8.533 -10.467 -42.657 -7.417 -7.792 -45.499 -11.689
5 24 7.655 -37.25 -3.491 7.24 -38.126 0.885 7.444 -37.392 0.933 7.854 -38.086 -3.569
5 24 -9.634 -43.826 -10.758 -7.554 -43.15 -13.909 -9.294 -41.891 -12.57 -7.792 -45.499 -11.689
5 24 7.24 -38.126 0.885 7.438 -39.009 0.899 6.359 -37.904 4.997 7.854 -38.086 -3.569
5 24 -0.09 -39.805 -16.032 0.871 -39.133 -15.037 -0.576 -38.812 -15.893 0.117 -41.247 -16.286
5 24 7.2 -42.019 -8.736 6.495 -44.461 -7.733 7.474 -41.416 -5.82 5.34 -43.347 -11.668
5 24 -1.371 -34.881 -14.398 -0.717 -34.367 -13.805 -3.183 -34.536 -13.399 -0.51 -35.686 -14.437
5 24 -0.717 -34.367 -13.805 -2.319 -34.063 -12.689 -3.183 -34.536 -13.399 -0.219 -33.666 -13.099
5 24 -5.905 -37.529 5.054 -5.903 -39.295 4.777 -5.394 -37.206 6.95 -6.521 -37.666 2.606
5 24 0.986 -33.279 -11.989 1.245 -35.252 -11.494 1.477 -34.774 -10.572 0.804 -34.05 -12.672
5 24 5.554 -36.819 -7.291 7.228 -37.734 -5.588 7.176 -37.004 -5.282 5.794 -37.597 -7.535
5 24 -2.419 -41.561 -18.372 -1.469 -41.181 -17.101 -1.816 -42.957 -17.161 -1.574 -40.476 -17.034
5 24 6.399 -43.276 -5.018 4.029 -44.71 -3.586 3.549 -46.605 -5.439 6.197 -42.381 -3.27
5 24 -4.935 -46.521 -3.853 -3.052 -48.532 -5.858 -2.238 -47.074 -3.598 -5.142 -48.118 -6.133
5 24 -6.53 -37.942 -15.139 -4.897 -36.57 -15.559 -4.865 -39.087 -16.421 -5.928 -35.683 -13.987
5 24 7.871 -39.313 -3.616 6.368 -40.093 0.725 7.338 -40.662 -3.468 7.438 -39.009 0.899
5 24 0.683 -47.028 -4.018 -2.238 -47.074 -3.598 -1.508 -45.335 -1.702 -0.271 -48.322 -5.773
5 24 3.745 -37.204 -8.993 3.279 -38.7 -12.215 2.074 -36.356 -10.336 5.828 -39.592 -10.51
5 24 -8.986 -39.252 -2.932 -7.292 -38.746 0.2 -9.129 -38.054 -2.802 -7.162 -39.603 -0.132
5 24 7.2 -42.019 -8.736 7.382 -39.518 -8.303 5.828 -39.592 -10.51 7.474 -41.416 -5.82
5 24 6.368 -40.093 0.725 4.97 -39.647 4.7 3.664 -40.557 3.355 7.438 -39.009 0.899
5 24 -7.25 -37.716 0.304 -7.292 -38.746 0.2 -6.521 -37.666 2.606 -9.129 -38.054 -2.802
5 24 -3.017 -38.731 -17.297 -4.865 -39.087 -16.421 -4.196 -39.935 -17.684 -3.806 -37.99 -16.425
5 24 7.854 -38.086 -3.569 7.228 -37.734 -5.588 7.176 -37.004 -5.282 7.868 -39.053 -5.765
5 24 -10.829 -37.143 -10.145 -9.464 -37.312 -11.427 -9.552 -36.582 -11.135 -10.592 -38.485 -10.45
5 24 -11.289 -39.018 -8.81 -10.155 -39.371 -10.416 -10.341 -40.279 -8.959 -10.592 -38.485 -10.45
5 24 6.399 -43.276 -5.018 6.197 -42.381 -3.27 7.474 -41.416 -5.82 4.029 -44.71 -3.586
5 24 -3.052 -48.532 -5.858 -5.142 -48.118 -6.133 -4.935 -46.521 -3.853 -5.295 -48.518 -7.714
5 24 5.34 -43.347 -11.668 5.872 -40.993 -11.111 7.2 -42.019 -8.736 2.658 -41.157 -14.412
5 24 7.474 -41.416 -5.82 6.495 -44.461 -7.733 6.399 -43.276 -5.018 7.2 -42.019 -8.736
5 24 -1.413 -36.374 -15.332 -0.825 -36.798 -15.226 -1.868 -37.527 -16.583 -0.51 -35.686 -14.437
5 24 -8.171 -39.814 -14.016 -9.727 -38.884 -12.211 -9.294 -41.891 -12.57 -7.731 -36.98 -13.479
5 24 -1.333 -38.482 -16.302 -1.84 -40.162 -17.049 -0.576 -38.812 -15.893 -2.17 -39.979 -17.188
5 24 -7.793 -36.677 -12.351 -7.731 -36.98 -13.479 -6.792 -35.828 -12.209 -9.727 -38.884 -12.211
5 24 -2.238 -47.074 -3.598 -4.029 -44.944 -1.905 -4.935 -46.521 -3.853 -1.508 -45.335 -1.702
5 24 -3.654 -39.381 7.315 -5.903 -39.295 4.777 -4.33 -40.034 4.992 -5.209 -37.821 8.058
5 24 6.197 -42.381 -3.27 6.368 -40.093 0.725 7.338 -40.662 -3.468 4.67 -41.319 0.552
5 24 -0.033 -37.866 -15.007 -0.576 -38.812 -15.893 0.871 -39.133 -15.037 -0.55 -37.335 -15.268
5 24 -0.09 -39.805 -16.032 -1.574 -40.476 -17.034 -1.84 -40.162 -17.049 0.117 -41.247 -16.286
5 24 -9.464 -37.312 -11.427 -7.793 -36.677 -12.351 -9.475 -38.236 -11.394 -6.792 -35.828 -12.209
5 24 0.117 -41.247 -16.286 -1.469 -41.181 -17.101 -1.574 -40.476 -17.034 0.191 -42.736 -16.253
5 24 -0.081 -32.991 -12.298 -0.219 -33.666 -13.099 -1.728 -33.425 -11.906 0.472 -33.728 -12.895
5 24 -9.324 -45.266 -8.533 -7.792 -45.499 -11.689 -9.634 -43.826 -10.758 -7.028 -47.272 -9.717
5 24 6.197 -42.381 -3.27 4.029 -44.71 -3.586 4.185 -43.42 -2.222 6.399 -43.276 -5.018
5 24 -6.329 -39.822 2.676 -4.911 -40.599 3.025 -5.903 -39.295 4.777 -5.549 -41.302 0.992
5 24 3.549 -46.605 -5.439 4.254 -46.869 -9.042 6.495 -44.461 -7.733 2.381 -47.945 -7.185
5 24 -2.238 -47.074 -3.598 -4.935 -46.521 -3.853 -4.029 -44.944 -1.905 -3.052 -48.532 -5.858
5 24 5.34 -43.347 -11.668 7.2 -42.019 -8.736 6.495 -44.461 -7.733 5.872 -40.993 -11.111
5 24 -7.232 -45.413 -4.676 -7.434 -42.886 -2.796 -8.937 -44.099 -5.636 -6.226 -43.966 -2.499
5 24 2.137 -43.386 -14.833 -0.979 -45.342 -15.505 0.191 -42.736 -16.253 0.692 -47.092 -12.867
5 24 -0.55 -37.335 -15.268 0.068 -37.09 -14.518 -0.825 -36.798 -15.226 -0.033 -37.866 -15.007
5 24 0.388 -48.457 -10.322 -2.084 -49.263 -10.644 0.692 -47.092 -12.867 -0.677 -49.026 -8.699
5 24 2.791 -39.408 7.166 2.657 -40.042 5.628 5.715 -38.124 6.8 0.787 -39.868 7.04
5 24 -5.295 -48.518 -7.714 -5.142 -48.118 -6.133 -6.331 -48.007 -8.033 -3.052 -48.532 -5.858
5 24 6.368 -40.093 0.725 7.338 -40.662 -3.468 6.197 -42.381 -3.27 7.871 -39.313 -3.616
5 24 -11.217 -37.984 -7.186 -11.068 -39.44 -7.294 -10.48 -38.097 -5.162 -11.289 -39.018 -8.81
5 24 -8.162 -41.448 -2.813 -8.113 -40.343 -2.881 -9.15 -40.713 -5.276 -7.162 -39.603 -0.132
5 24 1.477 -34.774 -10.572 2.074 -36.356 -10.336 2.337 -35.882 -9.472 1.245 -35.252 -11.494
5 24 5.783 -37.645 6.811 5.32 -37.665 8.244 5.855 -37.013 6.92 5.715 -38.124 6.8
5 24 -5.394 -37.206 6.95 -5.903 -39.295 4.777 -5.209 -37.821 8.058 -5.905 -37.529 5.054
5 24 -6.792 -35.828 -12.209 -9.464 -37.312 -11.427 -7.793 -36.677 -12.351 -9.552 -36.582 -11.135
5 24 0.871 -39.133 -15.037 0.927 -37.505 -13.859 -0.033 -37.866 -15.007 2.936 -39.47 -13.275
5 24 -4.293 -45.603 -15.773 -2.853 -43.624 -18.261 -4.109 -43.076 -17.617 -3.076 -46.255 -16.515
5 24 -2.36 -35.283 -14.923 -3.183 -34.536 -13.399 -1.371 -34.881 -14.398 -4.506 -35.074 -13.984
5 24 4.67 -41.319 0.552 4.185 -43.42 -2.222 2.808 -42.302 0.347 6.197 -42.381 -3.27
5 24 -8.171 -39.814 -14.016 -7.554 -43.15 -13.909 -9.294 -41.891 -12.57 -6.26 -40.808 -15.683
5 24 2.936 -39.47 -13.275 0.871 -39.133 -15.037 0.927 -37.505 -13.859 2.658 -41.157 -14.412
5 24 -10.48 -38.097 -5.162 -8.986 -39.252 -2.932 -10.227 -39.537 -5.233 -9.129 -38.054 -2.802
5 24 -5.549 -41.302 0.992 -6.329 -39.822 2.676 -6.78 -40.379 0.461 -4.911 -40.599 3.025
5 24 -4.109 -43.076 -17.617 -5.656 -42.172 -17.051 -4.196 -39.935 -17.684 -4.293 -45.603 -15.773
5 24 7.868 -39.053 -5.765 7.228 -37.734 -5.588 7.854 -38.086 -3.569 5.794 -37.597 -7.535
5 24 2.808 -42.302 0.347 3.664 -40.557 3.355 2.074 -40.955 3.423 4.67 -41.319 0.552
5 24 -3.183 -34.536 -13.399 -4.506 -35.074 -13.984 -6.792 -35.828 -12.209 -2.36 -35.283 -14.923
5 24 2.074 -40.955 3.423 -0.488 -42.213 1.46 -0.036 -41.074 3.374 2.808 -42.302 0.347
5 24 -9.31 -42.177 -5.134 -8.937 -44.099 -5.636 -10.467 -42.657 -7.417 -7.434 -42.886 -2.796
5 24 1.245 -35.252 -11.494 0.97 -35.368 -12.935 1.589 -36.897 -12.864 0.804 -34.05 -12.672
5 24 -4.196 -39.935 -17.684 -2.9 -40.71 -17.752 -4.109 -43.076 -17.617 -3.017 -38.731 -17.297
5 24 7.438 -39.009 0.899 6.368 -40.093 0.725 4.97 -39.647 4.7 7.871 -39.313 -3.616
5 24 -9.475 -38.236 -11.394 -9.727 -38.884 -12.211 -7.793 -36.677 -12.351 -10.155 -39.371 -10.416
5 24 2.658 -41.157 -14.412 5.34 -43.347 -11.668 2.137 -43.386 -14.833 5.872 -40.993 -11.111
5 24 -7.232 -45.413 -4.676 -7.291 -46.976 -6.696 -5.142 -48.118 -6.133 -8.937 -44.099 -5.636
5 24 7.871 -39.313 -3.616 7.338 -40.662 -3.468 7.868 -39.053 -5.765 6.368 -40.093 0.725
5 24 0.625 -40.3 5.508 2.657 -40.042 5.628 0.787 -39.868 7.04 2.074 -40.955 3.423
5 24 -8.986 -39.252 -2.932 -10.227 -39.537 -5.233 -9.15 -40.713 -5.276 -10.48 -38.097 -5.162
5 24 -2.551 -48.409 -13.447 -3.898 -47.799 -12.973 -3.076 -46.255 -16.515 -3.313 -48.847 -10.416
5 24 -1.574 -40.476 -17.034 -2.419 -41.561 -18.372 -1.84 -40.162 -17.049 -1.469 -41.181 -17.101
5 24 -10.48 -38.097 -5.162 -9.01 -36.499 -4.743 -9.129 -38.054 -2.802 -9.318 -35.829 -6.714
5 24 0.625 -40.3 5.508 -0.036 -41.074 3.374 -2.017 -40.294 5.236 2.074 -40.955 3.423
5 24 -3.313 -48.847 -10.416 -6.242 -47.965 -10.095 -3.898 -47.799 -12.973 -5.295 -48.518 -7.714
5 24 -0.825 -36.798 -15.226 -0.55 -37.335 -15.268 0.068 -37.09 -14.518 -1.868 -37.527 -16.583
5 24 -10.227 -39.537 -5.233 -10.48 -38.097 -5.162 -8.986 -39.252 -2.932 -11.068 -39.44 -7.294
5 24 2.074 -36.356 -10.336 2.337 -35.882 -9.472 3.745 -37.204 -8.993 1.477 -34.774 -10.572
5 24 -2.319 -34.063 -12.689 -5.899 -35.24 -11.754 -5.648 -34.886 -11.239 -3.183 -34.536 -13.399
5 24 -7.554 -43.15 -13.909 -5.656 -42.172 -17.051 -6.26 -40.808 -15.683 -6.574 -44.869 -15.024
5 24 5.872 -40.993 -11.111 2.936 -39.47 -13.275 3.279 -38.7 -12.215 2.658 -41.157 -14.412
5 24 4.029 -44.71 -3.586 3.549 -46.605 -5.439 0.683 -47.028 -4.018 6.399 -43.276 -5.018
5 24 -2.893 -42.078 1.366 -2.351 -40.951 3.154 -0.488 -42.213 1.46 -4.911 -40.599 3.025
5 24 1.158 -43.631 -0.314 -1.018 -43.729 -0.134 -0.488 -42.213 1.46 1.44 -45.027 -2.002
5 24 7.854 -38.086 -3.569 7.655 -37.25 -3.491 7.24 -38.126 0.885 7.176 -37.004 -5.282
