0 ~Minifig Head Looney Tunes Petunia Pig Eye Pattern
0 Name: s\75692p01s02.dat
0 Author: Fredrik Hareide [fhareide]
0 !LDRAW_ORG Unofficial_Subpart
0 !LICENSE Licensed under CC BY 4.0 : see CAreadme.txt

0 BFC CERTIFY CCW

0 // Black

4 0 9.072 -25.42 -17.566 9.406 -25.486 -17.43 9.455 -25.629 -17.396 9.155 -25.551 -17.519
4 0 9.532 -26.401 -17.277 9.155 -25.551 -17.519 9.455 -25.629 -17.396 9.691 -26.307 -17.227
3 0 8.879 -27.987 -17.29 9.149 -27.795 -17.261 9.162 -28.173 -17.213
4 0 7.061 -28.434 -17.495 7.848 -28.393 -17.38 6.974 -28.866 -17.433 6.547 -28.818 -17.508
4 0 9.162 -28.173 -17.213 7.977 -28.875 -17.24 7.29 -28.901 -17.363 6.974 -28.866 -17.433
3 0 8.795 -28.634 -17.153 9.162 -28.173 -17.213 9.227 -28.406 -17.151
4 0 4.883 -23.326 -18.092 4.92 -22.24 -18.049 5.367 -22.782 -18.029 5.396 -23.704 -18.061
3 0 5.752 -10.041 -16.376 5.735 -10.243 -16.269 5.331 -9.924 -16.751
3 0 6.532 -13.575 -16.505 5.76 -13.424 -16.638 6.529 -13.071 -16.423
4 0 5.296 -16.286 -17.332 4.688 -16.204 -17.452 4.519 -16.047 -17.458 5.741 -16.02 -17.177
4 0 9.933 -23.52 -17.111 10.349 -24.237 -17.038 9.627 -23.722 -17.231 8.998 -23.049 -17.379
3 0 9.072 -25.42 -17.566 9.052 -24.767 -17.514 9.334 -25.34 -17.472
3 0 8.165 -22.79 -17.532 8.204 -22.83 -17.528 7.835 -23.179 -17.635
4 0 5.735 -10.243 -16.269 6.093 -10.569 -16.227 6.31 -11.711 -16.312 5.76 -13.424 -16.638
4 0 3.704 -21.137 -18.087 4.114 -20.737 -18.027 4.52 -21.615 -18.049 3.891 -21.733 -18.11
3 0 4.519 -16.047 -17.458 4.22 -15.769 -17.461 4.116 -15.525 -17.441
4 0 5.5 -28.322 -17.723 5.558 -28.188 -17.742 5.977 -28.26 -17.696 5.989 -28.553 -17.642
4 0 6.503 -24.764 -17.955 6.238 -24.279 -17.979 6.537 -23.923 -17.916 6.931 -24.768 -17.886
4 0 9.85 -17.525 -16.413 9.766 -18.482 -16.604 9.233 -17.987 -16.709 9.318 -17.572 -16.609
3 0 9.819 -27.952 -16.988 9.497 -28.204 -17.057 9.162 -28.173 -17.213
4 0 9.099 -10.973 -16.311 9.053 -11.061 -16.255 8.622 -11.051 -16.271 8.489 -10.803 -16.435
4 0 9.071 -18.777 -16.864 9.766 -18.482 -16.604 9.715 -19.002 -16.688 8.885 -19.376 -17.001
4 0 9.501 -15.696 -16.187 9.823 -15.944 -16.122 9.824 -16.462 -16.22 9.318 -17.572 -16.609
4 0 7.434 -26.757 -17.718 7.243 -26.795 -17.75 7.035 -26.038 -17.882 7.249 -25.763 -17.874
3 0 9.162 -28.173 -17.213 9.497 -28.204 -17.057 9.227 -28.406 -17.151
4 0 6.105 -10.139 -16.431 7.897 -10.92 -16.215 6.263 -10.505 -16.181 5.735 -10.243 -16.269
4 0 3.952 -12.643 -17.003 4.031 -12.113 -16.933 5.76 -13.424 -16.638 3.896 -13.279 -17.077
3 0 8.661 -20.099 -17.145 8.885 -19.376 -17.001 8.946 -21.376 -17.243
4 0 9.874 -27.279 -17.045 10.651 -27.092 -16.771 9.819 -27.952 -16.988 9.149 -27.795 -17.261
3 0 5.735 -10.243 -16.269 5.752 -10.041 -16.376 6.105 -10.139 -16.431
4 0 4.194 -11.394 -16.806 5.735 -10.243 -16.269 5.76 -13.424 -16.638 4.046 -12.012 -16.917
4 0 8.906 -21.468 -17.263 7.977 -21.585 -17.469 8.362 -20.761 -17.3 8.924 -21.433 -17.255
4 0 5.76 -13.424 -16.638 6.172 -15.46 -16.97 5.741 -16.02 -17.177 3.891 -14.555 -17.292
4 0 10.913 -26.069 -16.784 11.354 -26.148 -16.605 11.081 -26.515 -16.674 10.705 -26.311 -16.841
4 0 11.101 -24.939 -16.826 11.054 -25.065 -16.832 10.957 -25.029 -16.873 11.032 -24.825 -16.865
4 0 3.84 -9.509 -17.95 3.784 -9.711 -17.83 3.695 -9.627 -17.946 3.716 -9.517 -18.017
3 0 9.406 -25.486 -17.43 9.072 -25.42 -17.566 9.334 -25.34 -17.472
3 0 9.691 -26.307 -17.227 9.682 -26.38 -17.222 9.617 -26.421 -17.243
3 0 9.532 -26.401 -17.277 9.691 -26.307 -17.227 9.617 -26.421 -17.243
4 0 7.848 -28.393 -17.38 8.879 -27.987 -17.29 9.162 -28.173 -17.213 6.974 -28.866 -17.433
4 0 6.547 -28.818 -17.508 5.989 -28.553 -17.642 6.279 -28.313 -17.639 7.061 -28.434 -17.495
3 0 5.977 -28.26 -17.696 6.279 -28.313 -17.639 5.989 -28.553 -17.642
3 0 9.162 -28.173 -17.213 8.795 -28.634 -17.153 7.977 -28.875 -17.24
4 0 5.792 -23.034 -18.001 5.819 -23.859 -18.03 5.396 -23.704 -18.061 5.367 -22.782 -18.029
4 0 4.92 -22.24 -18.049 4.883 -23.326 -18.092 4.154 -22.294 -18.118 4.757 -21.985 -18.053
3 0 4.757 -21.985 -18.053 4.154 -22.294 -18.118 4.048 -22.069 -18.119
4 0 5.741 -16.02 -17.177 4.519 -16.047 -17.458 4.116 -15.525 -17.441 3.972 -15.187 -17.403
3 0 5.741 -16.02 -17.177 3.972 -15.187 -17.403 3.891 -14.555 -17.292
3 0 5.76 -13.424 -16.638 3.891 -14.555 -17.292 3.875 -13.917 -17.164
3 0 5.76 -13.424 -16.638 3.875 -13.917 -17.164 3.881 -13.732 -17.124
3 0 9.011 -23.475 -17.412 8.998 -23.049 -17.379 9.627 -23.722 -17.231
4 0 10.349 -24.237 -17.038 9.933 -23.52 -17.111 10.613 -24.14 -16.942 10.844 -24.882 -16.932
3 0 11.032 -24.825 -16.865 10.844 -24.882 -16.932 10.613 -24.14 -16.942
4 0 7.745 -23.392 -17.672 7.671 -23.919 -17.733 6.748 -22.93 -17.843 7.736 -23.272 -17.664
4 0 7.736 -23.272 -17.664 6.748 -22.93 -17.843 7.32 -22.446 -17.681 7.835 -23.179 -17.635
4 0 8.165 -22.738 -17.528 7.696 -22.005 -17.564 7.977 -21.585 -17.469 8.906 -21.468 -17.263
4 0 7.32 -22.446 -17.681 7.696 -22.005 -17.564 8.165 -22.738 -17.528 7.835 -23.179 -17.635
3 0 7.835 -23.179 -17.635 8.165 -22.738 -17.528 8.165 -22.79 -17.532
4 0 9.052 -24.767 -17.514 9.072 -25.42 -17.566 8.677 -24.797 -17.596 8.514 -24.039 -17.565
4 0 8.051 -24.183 -17.675 7.745 -23.392 -17.672 8.514 -24.039 -17.565 8.677 -24.797 -17.596
3 0 7.745 -23.392 -17.672 8.051 -24.183 -17.675 7.671 -23.919 -17.733
4 0 8.735 -23.364 -17.461 8.204 -22.83 -17.528 8.998 -23.049 -17.379 9.011 -23.475 -17.412
3 0 8.735 -23.364 -17.461 7.835 -23.179 -17.635 8.204 -22.83 -17.528
3 0 6.263 -10.505 -16.181 6.119 -10.51 -16.214 5.735 -10.243 -16.269
3 0 6.119 -10.51 -16.214 6.093 -10.569 -16.227 5.735 -10.243 -16.269
4 0 6.442 -12.333 -16.356 6.529 -13.071 -16.423 5.76 -13.424 -16.638 6.31 -11.711 -16.312
4 0 4.52 -21.615 -18.049 4.757 -21.985 -18.053 4.048 -22.069 -18.119 3.891 -21.733 -18.11
4 0 4.114 -20.737 -18.027 3.704 -21.137 -18.087 3.453 -19.908 -18.029 3.647 -19.435 -17.982
4 0 3.647 -19.435 -17.982 3.453 -19.908 -18.029 3.434 -19.413 -17.999 3.521 -19.375 -17.989
3 0 3.597 -19.388 -17.983 3.647 -19.435 -17.982 3.521 -19.375 -17.989
3 0 5.558 -28.188 -17.742 5.5 -28.322 -17.723 5.471 -28.242 -17.739
4 0 5.819 -23.859 -18.03 5.792 -23.034 -18.001 5.876 -23.084 -17.99 5.949 -23.906 -18.011
4 0 5.949 -23.906 -18.011 5.876 -23.084 -17.99 6.345 -23.088 -17.914 6.647 -23.784 -17.893
3 0 7.552 -23.837 -17.749 6.748 -22.93 -17.843 7.671 -23.919 -17.733
3 0 7.079 -23.71 -17.82 6.748 -22.93 -17.843 7.552 -23.837 -17.749
4 0 6.873 -23.701 -17.853 6.345 -23.088 -17.914 6.748 -22.93 -17.843 7.079 -23.71 -17.82
3 0 5.949 -23.906 -18.011 6.647 -23.784 -17.893 6.537 -23.923 -17.916
3 0 6.238 -24.279 -17.979 5.949 -23.906 -18.011 6.537 -23.923 -17.916
3 0 6.345 -23.088 -17.914 6.873 -23.701 -17.853 6.647 -23.784 -17.893
4 0 7.228 -25.652 -17.873 7.249 -25.763 -17.874 6.956 -25.818 -17.924 6.759 -25.275 -17.934
4 0 6.931 -24.768 -17.886 7.228 -25.652 -17.873 6.759 -25.275 -17.934 6.503 -24.764 -17.955
3 0 9.121 -11.03 -16.273 9.053 -11.061 -16.255 9.099 -10.973 -16.311
4 0 9.393 -20.239 -16.953 8.946 -21.376 -17.243 8.885 -19.376 -17.001 9.715 -19.002 -16.688
3 0 9.233 -17.987 -16.709 9.766 -18.482 -16.604 9.071 -18.777 -16.864
3 0 9.318 -17.572 -16.609 9.824 -16.462 -16.22 9.85 -17.525 -16.413
4 0 9.75 -15.531 -16.068 9.501 -15.696 -16.187 9.535 -15.559 -16.149 9.601 -15.491 -16.113
3 0 9.682 -15.432 -16.074 9.75 -15.531 -16.068 9.601 -15.491 -16.113
3 0 9.823 -15.944 -16.122 9.501 -15.696 -16.187 9.75 -15.531 -16.068
3 0 7.249 -25.763 -17.874 7.035 -26.038 -17.882 6.956 -25.818 -17.924
4 0 7.434 -26.757 -17.718 7.413 -26.857 -17.709 7.318 -26.871 -17.726 7.243 -26.795 -17.75
4 0 7.897 -10.92 -16.215 6.105 -10.139 -16.431 8.489 -10.803 -16.435 8.622 -11.051 -16.271
3 0 3.881 -13.732 -17.124 3.896 -13.279 -17.077 5.76 -13.424 -16.638
4 0 8.946 -21.376 -17.243 8.924 -21.433 -17.255 8.362 -20.761 -17.3 8.661 -20.099 -17.145
3 0 9.149 -27.795 -17.261 9.819 -27.952 -16.988 9.162 -28.173 -17.213
4 0 10.651 -27.092 -16.771 9.874 -27.279 -17.045 10.705 -26.311 -16.841 11.081 -26.515 -16.674
3 0 4.031 -12.113 -16.933 4.046 -12.012 -16.917 5.76 -13.424 -16.638
3 0 4.194 -11.394 -16.806 4.387 -10.788 -16.684 5.735 -10.243 -16.269
3 0 4.387 -10.788 -16.684 4.403 -10.75 -16.675 5.735 -10.243 -16.269
4 0 5.76 -13.424 -16.638 6.532 -13.575 -16.505 6.474 -14.226 -16.651 6.363 -14.854 -16.804
3 0 6.363 -14.854 -16.804 6.172 -15.46 -16.97 5.76 -13.424 -16.638
3 0 6.172 -15.46 -16.97 5.813 -15.977 -17.153 5.741 -16.02 -17.177
4 0 11.354 -26.148 -16.605 10.913 -26.069 -16.784 12.008 -24.631 -16.505 12.115 -24.717 -16.455
3 0 12.101 -24.62 -16.47 12.115 -24.717 -16.455 12.008 -24.631 -16.505
3 0 10.844 -24.882 -16.932 11.032 -24.825 -16.865 10.957 -25.029 -16.873
3 0 11.054 -25.065 -16.832 11.101 -24.939 -16.826 11.11 -25.026 -16.814
4 0 5.735 -10.243 -16.269 4.403 -10.75 -16.675 4.72 -10.305 -16.825 5.331 -9.924 -16.751
4 0 5.331 -9.924 -16.751 4.719 -10.263 -16.857 4.208 -9.974 -17.378 3.84 -9.509 -17.95
3 0 4.208 -9.974 -17.378 3.784 -9.711 -17.83 3.84 -9.509 -17.95
3 0 5.331 -9.924 -16.751 4.72 -10.305 -16.825 4.719 -10.263 -16.857

0 // White
4 15 5.754 -21.866 -17.961 5.729 -17.615 -17.508 8.362 -20.761 -17.3 7.977 -21.585 -17.469
4 15 5.729 -17.615 -17.508 8.885 -19.376 -17.001 8.661 -20.099 -17.145 8.362 -20.761 -17.3
4 15 9.071 -18.777 -16.864 8.885 -19.376 -17.001 8.832 -17.616 -16.788 9.233 -17.987 -16.709
3 15 9.318 -17.572 -16.609 9.233 -17.987 -16.709 8.832 -17.616 -16.788
3 15 6.474 -14.226 -16.651 8.819 -14.023 -16.109 6.363 -14.854 -16.804
3 15 8.832 -17.616 -16.788 5.729 -17.615 -17.508 8.819 -14.023 -16.109
4 15 9.501 -15.696 -16.187 9.318 -17.572 -16.609 8.832 -17.616 -16.788 8.819 -14.023 -16.109
3 15 8.819 -14.023 -16.109 9.359 -14.059 -15.897 9.553 -14.77 -15.993
4 15 6.345 -23.088 -17.914 5.876 -23.084 -17.99 5.792 -23.034 -18.001 5.754 -21.866 -17.961
4 15 5.754 -21.866 -17.961 7.696 -22.005 -17.564 7.32 -22.446 -17.681 6.748 -22.93 -17.843
3 15 4.757 -21.985 -18.053 5.754 -21.866 -17.961 4.92 -22.24 -18.049
4 15 8.819 -14.023 -16.109 6.532 -13.575 -16.505 6.529 -13.071 -16.423 8.958 -12.88 -15.894
4 15 5.729 -17.615 -17.508 5.754 -21.866 -17.961 3.303 -18.442 -17.947 3.21 -17.757 -17.887
4 15 3.875 -13.917 -17.164 3.891 -14.555 -17.292 3.049 -14.143 -17.396 3.081 -13.862 -17.331
3 15 5.296 -16.286 -17.332 5.729 -17.615 -17.508 4.688 -16.204 -17.452
4 15 3.932 -10.222 -17.355 4.719 -10.263 -16.857 4.403 -10.75 -16.675 3.571 -11.067 -16.929
4 15 6.093 -10.569 -16.227 6.119 -10.51 -16.214 6.263 -10.505 -16.181 6.31 -11.711 -16.312
3 15 3.303 -18.442 -17.947 3.647 -19.435 -17.982 3.597 -19.388 -17.983
4 15 4.116 -15.525 -17.441 4.22 -15.769 -17.461 3.042 -16.512 -17.734 3.049 -14.143 -17.396
3 15 9.359 -14.059 -15.897 8.819 -14.023 -16.109 8.958 -12.88 -15.894
3 15 7.897 -10.92 -16.215 8.263 -11.498 -15.846 6.263 -10.505 -16.181
4 15 3.391 -11.628 -17.042 4.031 -12.113 -16.933 3.952 -12.643 -17.003 3.081 -13.862 -17.331
4 15 3.571 -11.067 -16.929 4.387 -10.788 -16.684 4.194 -11.394 -16.806 3.391 -11.628 -17.042
3 15 5.729 -17.615 -17.508 8.832 -17.616 -16.788 8.885 -19.376 -17.001
3 15 5.813 -15.977 -17.153 5.729 -17.615 -17.508 5.741 -16.02 -17.177
4 15 5.729 -17.615 -17.508 5.813 -15.977 -17.153 6.172 -15.46 -16.97 8.819 -14.023 -16.109
3 15 6.532 -13.575 -16.505 8.819 -14.023 -16.109 6.474 -14.226 -16.651
3 15 6.172 -15.46 -16.97 6.363 -14.854 -16.804 8.819 -14.023 -16.109
4 15 8.819 -14.023 -16.109 9.553 -14.77 -15.993 9.535 -15.559 -16.149 9.501 -15.696 -16.187
3 15 9.553 -14.77 -15.993 9.682 -15.432 -16.074 9.601 -15.491 -16.113
3 15 9.553 -14.77 -15.993 9.601 -15.491 -16.113 9.535 -15.559 -16.149
3 15 6.345 -23.088 -17.914 5.754 -21.866 -17.961 6.748 -22.93 -17.843
3 15 7.977 -21.585 -17.469 7.696 -22.005 -17.564 5.754 -21.866 -17.961
4 15 5.754 -21.866 -17.961 5.792 -23.034 -18.001 5.367 -22.782 -18.029 4.92 -22.24 -18.049
3 15 8.958 -12.88 -15.894 6.529 -13.071 -16.423 8.605 -12.118 -15.842
3 15 4.116 -15.525 -17.441 3.049 -14.143 -17.396 3.972 -15.187 -17.403
3 15 3.891 -14.555 -17.292 3.972 -15.187 -17.403 3.049 -14.143 -17.396
3 15 3.875 -13.917 -17.164 3.081 -13.862 -17.331 3.881 -13.732 -17.124
3 15 4.688 -16.204 -17.452 5.729 -17.615 -17.508 4.519 -16.047 -17.458
3 15 5.729 -17.615 -17.508 5.296 -16.286 -17.332 5.741 -16.02 -17.177
3 15 4.208 -9.974 -17.378 4.719 -10.263 -16.857 3.932 -10.222 -17.355
3 15 4.72 -10.305 -16.825 4.403 -10.75 -16.675 4.719 -10.263 -16.857
4 15 6.31 -11.711 -16.312 6.263 -10.505 -16.181 8.263 -11.498 -15.846 6.442 -12.333 -16.356
4 15 6.442 -12.333 -16.356 8.263 -11.498 -15.846 8.605 -12.118 -15.842 6.529 -13.071 -16.423
4 15 5.754 -21.866 -17.961 4.757 -21.985 -18.053 4.52 -21.615 -18.049 4.114 -20.737 -18.027
3 15 4.114 -20.737 -18.027 3.647 -19.435 -17.982 5.754 -21.866 -17.961
3 15 3.521 -19.375 -17.989 3.434 -19.413 -17.999 3.303 -18.442 -17.947
3 15 3.597 -19.388 -17.983 3.521 -19.375 -17.989 3.303 -18.442 -17.947
3 15 3.303 -18.442 -17.947 5.754 -21.866 -17.961 3.647 -19.435 -17.982
4 15 4.519 -16.047 -17.458 5.729 -17.615 -17.508 3.21 -17.757 -17.887 3.042 -16.512 -17.734
3 15 4.22 -15.769 -17.461 4.519 -16.047 -17.458 3.042 -16.512 -17.734
3 15 3.881 -13.732 -17.124 3.081 -13.862 -17.331 3.896 -13.279 -17.077
3 15 3.952 -12.643 -17.003 3.896 -13.279 -17.077 3.081 -13.862 -17.331
3 15 4.046 -12.012 -16.917 4.031 -12.113 -16.933 3.391 -11.628 -17.042
3 15 3.391 -11.628 -17.042 4.194 -11.394 -16.806 4.046 -12.012 -16.917
3 15 4.403 -10.75 -16.675 4.387 -10.788 -16.684 3.571 -11.067 -16.929

0 // Main_Colour
4 16 2.958 -11.3 -17.116 3.784 -9.711 -17.83 3.932 -10.222 -17.355 3.571 -11.067 -16.929
4 16 5.331 -9.924 -16.751 3.596 -8.551 -18.819 5.968 -7.425 -17.755 5.752 -10.041 -16.376
4 16 6.105 -10.139 -16.431 5.752 -10.041 -16.376 5.968 -7.425 -17.755 7.868 -9.643 -17.2
3 16 8.489 -10.803 -16.435 6.105 -10.139 -16.431 7.868 -9.643 -17.2
3 16 9.121 -11.03 -16.273 9.099 -10.973 -16.311 10.129 -10.83 -16.381
3 16 12.294 -12.379 -14.455 9.077 -11.901 -15.71 10.129 -10.83 -16.381
3 16 8.605 -12.118 -15.842 8.263 -11.498 -15.846 9.077 -11.901 -15.71
3 16 8.958 -12.88 -15.894 8.605 -12.118 -15.842 9.077 -11.901 -15.71
3 16 3.571 -11.067 -16.929 3.391 -11.628 -17.042 2.958 -11.3 -17.116
4 16 2.861 -13.899 -17.388 2.958 -11.3 -17.116 3.391 -11.628 -17.042 3.081 -13.862 -17.331
4 16 11.892 -14.232 -14.905 8.958 -12.88 -15.894 9.077 -11.901 -15.71 12.294 -12.379 -14.455
3 16 3.891 -21.733 -18.11 2.872 -22.208 -18.227 3.704 -21.137 -18.087
3 16 3.21 -17.757 -17.887 3.303 -18.442 -17.947 2.828 -17.779 -17.944
3 16 3.21 -17.757 -17.887 2.828 -17.779 -17.944 3.042 -16.512 -17.734
3 16 3.081 -13.862 -17.331 3.049 -14.143 -17.396 2.861 -13.899 -17.388
4 16 8.949 -21.463 -17.253 12.28 -20.812 -16.11 12.319 -24.435 -16.404 9.933 -23.52 -17.111
3 16 12.319 -24.435 -16.404 10.613 -24.14 -16.942 9.933 -23.52 -17.111
3 16 2.962 -26.385 -18.271 5.471 -28.242 -17.739 5.5 -28.322 -17.723
3 16 2.872 -22.208 -18.227 5.889 -26.019 -18.104 2.962 -26.385 -18.271
4 16 9.497 -28.204 -17.057 12.351 -28.468 -15.733 9.644 -29.891 -16.759 9.227 -28.406 -17.151
4 16 9.819 -27.952 -16.988 12.226 -27.14 -16.165 12.351 -28.468 -15.733 9.497 -28.204 -17.057
4 16 4.883 -23.326 -18.092 5.396 -23.704 -18.061 5.889 -26.019 -18.104 2.872 -22.208 -18.227
3 16 7.29 -28.901 -17.363 7.977 -28.875 -17.24 6.912 -31.003 -16.843
4 16 10.349 -24.237 -17.038 9.334 -25.34 -17.472 9.052 -24.767 -17.514 9.627 -23.722 -17.231
4 16 9.072 -25.42 -17.566 7.671 -23.919 -17.733 8.051 -24.183 -17.675 8.677 -24.797 -17.596
4 16 8.514 -24.039 -17.565 8.735 -23.364 -17.461 9.011 -23.475 -17.412 9.052 -24.767 -17.514
4 16 8.998 -23.049 -17.379 8.165 -22.738 -17.528 8.906 -21.468 -17.263 8.949 -21.463 -17.253
4 16 6.759 -25.275 -17.934 6.956 -25.818 -17.924 5.889 -26.019 -18.104 6.503 -24.764 -17.955
4 16 7.079 -23.71 -17.82 7.552 -23.837 -17.749 6.931 -24.768 -17.886 6.537 -23.923 -17.916
4 16 12.065 -17.327 -15.597 12.28 -20.812 -16.11 9.766 -18.482 -16.604 9.85 -17.525 -16.413
4 16 11.892 -14.232 -14.905 12.065 -17.327 -15.597 9.553 -14.77 -15.993 9.359 -14.059 -15.897
3 16 5.977 -28.26 -17.696 5.889 -26.019 -18.104 6.279 -28.313 -17.639
3 16 6.013 -29.17 -17.53 5.989 -28.553 -17.642 6.547 -28.818 -17.508
3 16 9.715 -19.002 -16.688 12.28 -20.812 -16.11 9.393 -20.239 -16.953
3 16 9.823 -15.944 -16.122 9.75 -15.531 -16.068 12.065 -17.327 -15.597
4 16 8.879 -27.987 -17.29 7.318 -26.871 -17.726 7.413 -26.857 -17.709 9.149 -27.795 -17.261
4 16 8.622 -11.051 -16.271 9.077 -11.901 -15.71 8.263 -11.498 -15.846 7.897 -10.92 -16.215
3 16 8.949 -21.463 -17.253 8.924 -21.433 -17.255 8.946 -21.376 -17.243
3 16 9.874 -27.279 -17.045 9.617 -26.421 -17.243 9.682 -26.38 -17.222
3 16 9.819 -27.952 -16.988 10.651 -27.092 -16.771 12.226 -27.14 -16.165
4 16 9.644 -29.891 -16.759 6.912 -31.003 -16.843 8.795 -28.634 -17.153 9.227 -28.406 -17.151
3 16 8.924 -21.433 -17.255 8.949 -21.463 -17.253 8.906 -21.468 -17.263
3 16 12.115 -24.717 -16.455 12.101 -24.62 -16.47 12.319 -24.435 -16.404
3 16 5.331 -9.924 -16.751 3.84 -9.509 -17.95 3.596 -8.551 -18.819
3 16 3.84 -9.509 -17.95 3.716 -9.517 -18.017 3.596 -8.551 -18.819
4 16 3.695 -9.627 -17.946 2.958 -11.3 -17.116 3.596 -8.551 -18.819 3.716 -9.517 -18.017
3 16 3.932 -10.222 -17.355 3.784 -9.711 -17.83 4.208 -9.974 -17.378
3 16 3.784 -9.711 -17.83 2.958 -11.3 -17.116 3.695 -9.627 -17.946
4 16 9.099 -10.973 -16.311 8.489 -10.803 -16.435 7.868 -9.643 -17.2 10.129 -10.83 -16.381
3 16 9.077 -11.901 -15.71 8.622 -11.051 -16.271 9.053 -11.061 -16.255
3 16 9.077 -11.901 -15.71 9.053 -11.061 -16.255 9.121 -11.03 -16.273
3 16 10.129 -10.83 -16.381 9.077 -11.901 -15.71 9.121 -11.03 -16.273
3 16 8.958 -12.88 -15.894 11.892 -14.232 -14.905 9.359 -14.059 -15.897
4 16 3.453 -19.908 -18.029 2.872 -22.208 -18.227 2.828 -17.779 -17.944 3.434 -19.413 -17.999
3 16 3.303 -18.442 -17.947 3.434 -19.413 -17.999 2.828 -17.779 -17.944
3 16 3.891 -21.733 -18.11 4.048 -22.069 -18.119 2.872 -22.208 -18.227
3 16 2.872 -22.208 -18.227 3.453 -19.908 -18.029 3.704 -21.137 -18.087
4 16 3.042 -16.512 -17.734 2.828 -17.779 -17.944 2.861 -13.899 -17.388 3.049 -14.143 -17.396
3 16 8.949 -21.463 -17.253 9.933 -23.52 -17.111 8.998 -23.049 -17.379
3 16 12.319 -24.435 -16.404 11.032 -24.825 -16.865 10.613 -24.14 -16.942
4 16 5.471 -28.242 -17.739 2.962 -26.385 -18.271 5.889 -26.019 -18.104 5.558 -28.188 -17.742
3 16 5.558 -28.188 -17.742 5.889 -26.019 -18.104 5.977 -28.26 -17.696
3 16 5.989 -28.553 -17.642 6.013 -29.17 -17.53 5.5 -28.322 -17.723
3 16 6.013 -29.17 -17.53 2.962 -26.385 -18.271 5.5 -28.322 -17.723
3 16 4.048 -22.069 -18.119 4.154 -22.294 -18.118 2.872 -22.208 -18.227
3 16 4.154 -22.294 -18.118 4.883 -23.326 -18.092 2.872 -22.208 -18.227
3 16 5.819 -23.859 -18.03 5.889 -26.019 -18.104 5.396 -23.704 -18.061
4 16 6.912 -31.003 -16.843 6.013 -29.17 -17.53 6.974 -28.866 -17.433 7.29 -28.901 -17.363
3 16 6.912 -31.003 -16.843 7.977 -28.875 -17.24 8.795 -28.634 -17.153
3 16 9.627 -23.722 -17.231 9.052 -24.767 -17.514 9.011 -23.475 -17.412
3 16 10.844 -24.882 -16.932 9.334 -25.34 -17.472 10.349 -24.237 -17.038
4 16 8.735 -23.364 -17.461 8.514 -24.039 -17.565 7.745 -23.392 -17.672 7.835 -23.179 -17.635
3 16 7.736 -23.272 -17.664 7.835 -23.179 -17.635 7.745 -23.392 -17.672
3 16 8.165 -22.738 -17.528 8.998 -23.049 -17.379 8.204 -22.83 -17.528
3 16 8.165 -22.738 -17.528 8.204 -22.83 -17.528 8.165 -22.79 -17.532
4 16 6.238 -24.279 -17.979 5.889 -26.019 -18.104 5.819 -23.859 -18.03 5.949 -23.906 -18.011
3 16 6.238 -24.279 -17.979 6.503 -24.764 -17.955 5.889 -26.019 -18.104
4 16 9.072 -25.42 -17.566 7.249 -25.763 -17.874 7.228 -25.652 -17.873 7.671 -23.919 -17.733
4 16 6.537 -23.923 -17.916 6.647 -23.784 -17.893 6.873 -23.701 -17.853 7.079 -23.71 -17.82
4 16 7.671 -23.919 -17.733 7.228 -25.652 -17.873 6.931 -24.768 -17.886 7.552 -23.837 -17.749
4 16 5.889 -26.019 -18.104 8.879 -27.987 -17.29 7.848 -28.393 -17.38 7.061 -28.434 -17.495
3 16 7.061 -28.434 -17.495 6.279 -28.313 -17.639 5.889 -26.019 -18.104
3 16 6.547 -28.818 -17.508 6.974 -28.866 -17.433 6.013 -29.17 -17.53
4 16 8.949 -21.463 -17.253 8.946 -21.376 -17.243 9.393 -20.239 -16.953 12.28 -20.812 -16.11
3 16 12.28 -20.812 -16.11 9.715 -19.002 -16.688 9.766 -18.482 -16.604
4 16 12.065 -17.327 -15.597 9.85 -17.525 -16.413 9.824 -16.462 -16.22 9.823 -15.944 -16.122
3 16 9.75 -15.531 -16.068 9.682 -15.432 -16.074 9.553 -14.77 -15.993
3 16 9.75 -15.531 -16.068 9.553 -14.77 -15.993 12.065 -17.327 -15.597
4 16 7.434 -26.757 -17.718 9.072 -25.42 -17.566 9.149 -27.795 -17.261 7.413 -26.857 -17.709
4 16 5.889 -26.019 -18.104 6.956 -25.818 -17.924 7.035 -26.038 -17.882 7.243 -26.795 -17.75
3 16 7.249 -25.763 -17.874 9.072 -25.42 -17.566 7.434 -26.757 -17.718
3 16 5.889 -26.019 -18.104 7.243 -26.795 -17.75 7.318 -26.871 -17.726
3 16 8.879 -27.987 -17.29 5.889 -26.019 -18.104 7.318 -26.871 -17.726
4 16 9.149 -27.795 -17.261 9.072 -25.42 -17.566 9.155 -25.551 -17.519 9.532 -26.401 -17.277
4 16 10.705 -26.311 -16.841 9.874 -27.279 -17.045 9.682 -26.38 -17.222 9.691 -26.307 -17.227
4 16 9.874 -27.279 -17.045 9.149 -27.795 -17.261 9.532 -26.401 -17.277 9.617 -26.421 -17.243
3 16 9.691 -26.307 -17.227 9.455 -25.629 -17.396 10.705 -26.311 -16.841
3 16 12.226 -27.14 -16.165 10.651 -27.092 -16.771 11.081 -26.515 -16.674
4 16 10.913 -26.069 -16.784 10.705 -26.311 -16.841 9.455 -25.629 -17.396 10.957 -25.029 -16.873
4 16 9.455 -25.629 -17.396 9.406 -25.486 -17.43 10.844 -24.882 -16.932 10.957 -25.029 -16.873
3 16 9.334 -25.34 -17.472 10.844 -24.882 -16.932 9.406 -25.486 -17.43
3 16 10.913 -26.069 -16.784 10.957 -25.029 -16.873 11.054 -25.065 -16.832
4 16 11.11 -25.026 -16.814 12.008 -24.631 -16.505 10.913 -26.069 -16.784 11.054 -25.065 -16.832
3 16 11.11 -25.026 -16.814 11.101 -24.939 -16.826 12.008 -24.631 -16.505
4 16 12.008 -24.631 -16.505 11.101 -24.939 -16.826 11.032 -24.825 -16.865 12.319 -24.435 -16.404
3 16 11.354 -26.148 -16.605 12.226 -27.14 -16.165 11.081 -26.515 -16.674
4 16 12.226 -27.14 -16.165 11.354 -26.148 -16.605 12.115 -24.717 -16.455 12.319 -24.435 -16.404
3 16 12.008 -24.631 -16.505 12.319 -24.435 -16.404 12.101 -24.62 -16.47

5 24 5.754 -21.866 -17.961 9.072 -25.42 -17.566 5.889 -26.019 -18.104 8.949 -21.463 -17.253
5 24 9.072 -25.42 -17.566 5.889 -26.019 -18.104 9.162 -28.173 -17.213 5.754 -21.866 -17.961
5 24 5.735 -10.243 -16.269 5.968 -7.425 -17.755 3.596 -8.551 -18.819 7.868 -9.643 -17.2
5 24 11.892 -14.232 -14.905 8.819 -14.023 -16.109 9.077 -11.901 -15.71 12.065 -17.327 -15.597
5 24 5.729 -17.615 -17.508 5.76 -13.424 -16.638 2.861 -13.899 -17.388 8.819 -14.023 -16.109
5 24 5.76 -13.424 -16.638 2.958 -11.3 -17.116 2.861 -13.899 -17.388 5.735 -10.243 -16.269
5 24 8.819 -14.023 -16.109 5.76 -13.424 -16.638 5.729 -17.615 -17.508 9.077 -11.901 -15.71
5 24 5.729 -17.615 -17.508 8.832 -17.616 -16.788 8.949 -21.463 -17.253 8.819 -14.023 -16.109
5 24 9.077 -11.901 -15.71 5.735 -10.243 -16.269 7.868 -9.643 -17.2 5.76 -13.424 -16.638
5 24 5.889 -26.019 -18.104 6.013 -29.17 -17.53 9.162 -28.173 -17.213 2.962 -26.385 -18.271
5 24 5.735 -10.243 -16.269 7.868 -9.643 -17.2 5.968 -7.425 -17.755 9.077 -11.901 -15.71
5 24 5.889 -26.019 -18.104 5.754 -21.866 -17.961 9.072 -25.42 -17.566 2.872 -22.208 -18.227
5 24 8.819 -14.023 -16.109 5.729 -17.615 -17.508 5.76 -13.424 -16.638 8.832 -17.616 -16.788
5 24 9.162 -28.173 -17.213 5.889 -26.019 -18.104 9.072 -25.42 -17.566 6.013 -29.17 -17.53
5 24 9.072 -25.42 -17.566 12.226 -27.14 -16.165 9.162 -28.173 -17.213 12.319 -24.435 -16.404
5 24 8.949 -21.463 -17.253 8.832 -17.616 -16.788 5.729 -17.615 -17.508 12.28 -20.812 -16.11
5 24 5.889 -26.019 -18.104 2.962 -26.385 -18.271 6.013 -29.17 -17.53 2.872 -22.208 -18.227
5 24 2.828 -17.779 -17.944 5.729 -17.615 -17.508 2.861 -13.899 -17.388 5.754 -21.866 -17.961
5 24 12.351 -28.468 -15.733 9.162 -28.173 -17.213 9.644 -29.891 -16.759 12.226 -27.14 -16.165
5 24 9.162 -28.173 -17.213 12.226 -27.14 -16.165 12.351 -28.468 -15.733 9.072 -25.42 -17.566
5 24 3.596 -8.551 -18.819 5.735 -10.243 -16.269 2.958 -11.3 -17.116 5.968 -7.425 -17.755
5 24 9.072 -25.42 -17.566 9.162 -28.173 -17.213 12.226 -27.14 -16.165 5.889 -26.019 -18.104
5 24 9.072 -25.42 -17.566 12.319 -24.435 -16.404 8.949 -21.463 -17.253 12.226 -27.14 -16.165
5 24 12.294 -12.379 -14.455 9.077 -11.901 -15.71 11.892 -14.232 -14.905 10.129 -10.83 -16.381
5 24 8.832 -17.616 -16.788 12.065 -17.327 -15.597 12.28 -20.812 -16.11 8.819 -14.023 -16.109
5 24 5.735 -10.243 -16.269 5.76 -13.424 -16.638 2.958 -11.3 -17.116 9.077 -11.901 -15.71
5 24 5.76 -13.424 -16.638 9.077 -11.901 -15.71 5.735 -10.243 -16.269 8.819 -14.023 -16.109
5 24 5.735 -10.243 -16.269 2.958 -11.3 -17.116 3.596 -8.551 -18.819 5.76 -13.424 -16.638
5 24 5.889 -26.019 -18.104 2.872 -22.208 -18.227 2.962 -26.385 -18.271 5.754 -21.866 -17.961
5 24 12.28 -20.812 -16.11 8.949 -21.463 -17.253 8.832 -17.616 -16.788 12.319 -24.435 -16.404
5 24 10.129 -10.83 -16.381 9.077 -11.901 -15.71 7.868 -9.643 -17.2 12.294 -12.379 -14.455
5 24 5.754 -21.866 -17.961 8.949 -21.463 -17.253 5.729 -17.615 -17.508 9.072 -25.42 -17.566
5 24 9.644 -29.891 -16.759 9.162 -28.173 -17.213 6.912 -31.003 -16.843 12.351 -28.468 -15.733
5 24 9.077 -11.901 -15.71 8.819 -14.023 -16.109 5.76 -13.424 -16.638 11.892 -14.232 -14.905
5 24 2.828 -17.779 -17.944 5.754 -21.866 -17.961 2.872 -22.208 -18.227 5.729 -17.615 -17.508
5 24 9.077 -11.901 -15.71 7.868 -9.643 -17.2 5.735 -10.243 -16.269 10.129 -10.83 -16.381
5 24 8.949 -21.463 -17.253 5.729 -17.615 -17.508 5.754 -21.866 -17.961 8.832 -17.616 -16.788
5 24 5.76 -13.424 -16.638 2.861 -13.899 -17.388 5.729 -17.615 -17.508 2.958 -11.3 -17.116
5 24 12.065 -17.327 -15.597 8.819 -14.023 -16.109 8.832 -17.616 -16.788 11.892 -14.232 -14.905
5 24 6.013 -29.17 -17.53 9.162 -28.173 -17.213 5.889 -26.019 -18.104 6.912 -31.003 -16.843
5 24 6.912 -31.003 -16.843 9.162 -28.173 -17.213 6.013 -29.17 -17.53 9.644 -29.891 -16.759
5 24 2.872 -22.208 -18.227 5.754 -21.866 -17.961 2.828 -17.779 -17.944 5.889 -26.019 -18.104
5 24 8.832 -17.616 -16.788 8.819 -14.023 -16.109 5.729 -17.615 -17.508 12.065 -17.327 -15.597
5 24 8.949 -21.463 -17.253 9.072 -25.42 -17.566 12.319 -24.435 -16.404 5.754 -21.866 -17.961
5 24 8.832 -17.616 -16.788 12.28 -20.812 -16.11 8.949 -21.463 -17.253 12.065 -17.327 -15.597
5 24 5.729 -17.615 -17.508 2.861 -13.899 -17.388 2.828 -17.779 -17.944 5.76 -13.424 -16.638
5 24 5.754 -21.866 -17.961 5.729 -17.615 -17.508 2.828 -17.779 -17.944 8.949 -21.463 -17.253
