0 ~Minifig Life Preserver with Handle Opaque Closure
0 Name: s\7649s03.dat
0 Author: Philippe Hurbain [Philo]
0 !LDRAW_ORG Unofficial_Subpart
0 !LICENSE Licensed under CC BY 4.0 : see CAreadme.txt

0 BFC CERTIFY CCW

1 16 0 20 0 20 0 0 0 0 20 0 -20 0 t04q1538.dat
1 16 0 20 0 20 0 0 0 0 -20 0 -20 0 t08o1538.dat
1 16 0 20 0 20 0 0 0 0 -20 0 -20 0 t08i1538.dat
1 16 0 20 0 14.14214 0 -14.14214 -14.14214 0 -14.14214 0 -20 0 t16o1538.dat
1 16 0 20 0 14.14214 0 -14.14214 -14.14214 0 -14.14214 0 -20 0 t16i1538.dat
1 16 0 20 0 20 0 0 0 0 -20 0 20 0 t08o1538.dat
1 16 0 20 0 20 0 0 0 0 -20 0 20 0 t08i1538.dat
1 16 0 20 0 14.14214 0 -14.14214 -14.14214 0 -14.14214 0 20 0 t16o1538.dat
1 16 0 20 0 14.14214 0 -14.14214 -14.14214 0 -14.14214 0 20 0 t16i1538.dat
3 16 16.0988 13 5.544 16.468 13.178 2.176 17.1 15.418 5.544
3 16 17.1 15.418 5.544 16.468 13.178 2.176 17.824 20 2.176
3 16 17.1 15.418 5.544 17.824 20 2.176 17.704 20 5.544
3 16 22.296 20 5.544 22.176 20 2.176 21.536 14.23 5.544
4 16 23.1153 13 4.242 21.0264 13 5.544 20.7836 13 2.176 24.5105 13 2.296
3 16 20.7836 13 2.176 21.0264 13 5.544 21.536 14.23 5.544
3 16 20.7836 13 2.176 21.536 14.23 5.544 22.176 20 2.176
4 16 20.7836 13 2.176 18.5625 13 -6 21.0264 13 -5.544 23.1153 13 -4.242
4 16 20.7836 13 2.176 23.1153 13 -4.242 24.5105 13 -2.296 25.0013 13 0
3 16 25.0013 13 0 24.5105 13 2.296 20.7836 13 2.176
2 24 16.349 13 2.176 15.5619 13 1.178
3 16 16.0988 13 5.544 16.349 13 2.176 16.468 13.178 2.176
4 16 16.349 13 2.176 16.0988 13 5.544 14.0097 13 4.242 12.6144 13 2.296
4 16 16.349 13 2.176 12.6144 13 2.296 12.124 13 0 12.6144 13 -2.296
4 16 20.7836 13 2.176 16.349 13 2.176 12.6144 13 -2.296 14.0097 13 -4.242
4 16 20.7836 13 2.176 14.0097 13 -4.242 16.0988 13 -5.544 18.5625 13 -6
2 24 16.349 13 2.176 16.468 13.178 2.176
2 24 16.468 13.178 2.176 17.824 20 2.176
2 24 20.7836 13 2.176 22.176 20 2.176
2 24 15.2857 13 0 15.5619 13 1.178
2 24 15.5619 13 -1.178 15.2857 13 0
2 24 15.5619 13 -1.178 16.349 13 -2.176
2 24 19.7856 13 -2.842 18.608 13 -3.076
2 24 20.7836 13 -2.176 19.7856 13 -2.842
2 24 21.4503 13 -1.178 20.7836 13 -2.176
2 24 21.4503 13 -1.178 21.6842 13 0
2 24 21.4503 13 1.178 21.6842 13 0
2 24 21.4503 13 1.178 20.7836 13 2.176
2 24 16.349 13 -2.176 17.4306 13 -2.842
2 24 17.4306 13 -2.842 18.608 13 -3.076
2 24 16.349 13 2.176 16.0988 13 5.544
2 24 21.0264 13 5.544 20.7836 13 2.176
3 16 16.468 26.822 2.176 16.0988 27 5.544 17.1 24.582 5.544
3 16 16.468 26.822 2.176 17.1 24.582 5.544 17.824 20 2.176
3 16 17.824 20 2.176 17.1 24.582 5.544 17.704 20 5.544
3 16 22.176 20 2.176 22.296 20 5.544 21.536 25.77 5.544
4 16 23.1153 27 4.242 24.5105 27 2.296 20.7836 27 2.176 21.0264 27 5.544
3 16 21.0264 27 5.544 20.7836 27 2.176 21.536 25.77 5.544
3 16 21.536 25.77 5.544 20.7836 27 2.176 22.176 20 2.176
4 16 20.7836 27 2.176 23.1153 27 -4.242 21.0264 27 -5.544 18.5625 27 -6
4 16 20.7836 27 2.176 25.0013 27 0 24.5105 27 -2.296 23.1153 27 -4.242
3 16 24.5105 27 2.296 25.0013 27 0 20.7836 27 2.176
2 24 16.349 27 2.176 15.5619 27 1.178
3 16 16.349 27 2.176 16.0988 27 5.544 16.468 26.822 2.176
4 16 16.349 27 2.176 12.6144 27 2.296 14.0097 27 4.242 16.0988 27 5.544
4 16 16.349 27 2.176 12.6144 27 -2.296 12.124 27 0 12.6144 27 2.296
4 16 20.7836 27 2.176 14.0097 27 -4.242 12.6144 27 -2.296 16.349 27 2.176
4 16 20.7836 27 2.176 18.5625 27 -6 16.0988 27 -5.544 14.0097 27 -4.242
2 24 16.349 27 2.176 16.468 26.822 2.176
2 24 16.468 26.822 2.176 17.824 20 2.176
2 24 20.7836 27 2.176 22.176 20 2.176
2 24 15.2857 27 0 15.5619 27 1.178
2 24 15.5619 27 -1.178 15.2857 27 0
2 24 15.5619 27 -1.178 16.349 27 -2.176
2 24 19.7856 27 -2.842 18.608 27 -3.076
2 24 20.7836 27 -2.176 19.7856 27 -2.842
2 24 21.4503 27 -1.178 20.7836 27 -2.176
2 24 21.4503 27 -1.178 21.6842 27 0
2 24 21.4503 27 1.178 21.6842 27 0
2 24 21.4503 27 1.178 20.7836 27 2.176
2 24 16.349 27 -2.176 17.4306 27 -2.842
2 24 17.4306 27 -2.842 18.608 27 -3.076
2 24 16.349 27 2.176 16.0988 27 5.544
2 24 21.0264 27 5.544 20.7836 27 2.176
3 16 7 36.0988 5.544 6.822 36.468 2.176 4.582 37.1 5.544
3 16 4.582 37.1 5.544 6.822 36.468 2.176 0 37.824 2.176
3 16 4.582 37.1 5.544 0 37.824 2.176 0 37.704 5.544
3 16 0 42.296 5.544 0 42.176 2.176 5.77 41.536 5.544
4 16 7 43.1153 4.242 7 41.0264 5.544 7 40.7836 2.176 7 44.5105 2.296
3 16 7 40.7836 2.176 7 41.0264 5.544 5.77 41.536 5.544
3 16 7 40.7836 2.176 5.77 41.536 5.544 0 42.176 2.176
4 16 7 40.7836 2.176 7 38.5625 -6 7 41.0264 -5.544 7 43.1153 -4.242
4 16 7 40.7836 2.176 7 43.1153 -4.242 7 44.5105 -2.296 7 45.0013 0
3 16 7 45.0013 0 7 44.5105 2.296 7 40.7836 2.176
2 24 7 36.349 2.176 7 35.5619 1.178
3 16 7 36.0988 5.544 7 36.349 2.176 6.822 36.468 2.176
4 16 7 36.349 2.176 7 36.0988 5.544 7 34.0097 4.242 7 32.6144 2.296
4 16 7 36.349 2.176 7 32.6144 2.296 7 32.124 0 7 32.6144 -2.296
4 16 7 40.7836 2.176 7 36.349 2.176 7 32.6144 -2.296 7 34.0097 -4.242
4 16 7 40.7836 2.176 7 34.0097 -4.242 7 36.0988 -5.544 7 38.5625 -6
2 24 7 36.349 2.176 6.822 36.468 2.176
2 24 6.822 36.468 2.176 0 37.824 2.176
2 24 7 40.7836 2.176 0 42.176 2.176
2 24 7 35.2857 0 7 35.5619 1.178
2 24 7 35.5619 -1.178 7 35.2857 0
2 24 7 35.5619 -1.178 7 36.349 -2.176
2 24 7 39.7856 -2.842 7 38.608 -3.076
2 24 7 40.7836 -2.176 7 39.7856 -2.842
2 24 7 41.4503 -1.178 7 40.7836 -2.176
2 24 7 41.4503 -1.178 7 41.6842 0
2 24 7 41.4503 1.178 7 41.6842 0
2 24 7 41.4503 1.178 7 40.7836 2.176
2 24 7 36.349 -2.176 7 37.4306 -2.842
2 24 7 37.4306 -2.842 7 38.608 -3.076
2 24 7 36.349 2.176 7 36.0988 5.544
2 24 7 41.0264 5.544 7 40.7836 2.176
2 24 8.4 5.3737 -1.178 8.4 5.6502 0
2 24 8.4 5.3737 -1.178 8.4 4.5865 -2.176
2 24 8.4 .6319 -2.842 8.4 2.0206 -3.076
2 24 8.4 -.2804 -2.3259 8.4 .6319 -2.842
2 24 8.4 3.4092 -2.842 8.4 4.5865 -2.176
2 24 8.4 3.4092 -2.842 8.4 2.0206 -3.076
2 24 8.4 4.5865 2.176 8.4 5.3737 1.178
2 24 8.4 5.6502 0 8.4 5.3737 1.178
2 24 8.4 -.2804 2.3259 8.4 .6319 2.842
2 24 8.4 .6319 2.842 8.4 2.0206 3.076
2 24 8.4 3.4092 2.842 8.4 2.0206 3.076
2 24 8.4 4.5865 2.176 8.4 3.4092 2.842
4 16 8.4 8.3796 2.296 8.4 -3.9307 2.296 8.4 -4.4214 0 8.4 8.9497 0
4 16 8.4 -3.9307 2.296 8.4 8.3796 2.296 8.4 6.7545 4.242 8.4 -2.5355 4.242
4 16 8.4 -2.5355 4.242 8.4 6.7545 4.242 8.4 5.4504 4.9398 8.4 -.4464 5.544
4 16 8.4 2.0173 6 8.4 -.4464 5.544 8.4 5.4504 4.9398 8.4 4.4808 5.544
4 16 8.4 -4.4214 0 8.4 -3.9307 -2.296 8.4 8.3796 -2.296 8.4 8.9497 0
4 16 8.4 6.7545 -4.242 8.4 8.3796 -2.296 8.4 -3.9307 -2.296 8.4 -2.5355 -4.242
4 16 8.4 5.4504 -4.9398 8.4 6.7545 -4.242 8.4 -2.5355 -4.242 8.4 -.4464 -5.544
4 16 8.4 5.4504 -4.9398 8.4 -.4464 -5.544 8.4 2.0173 -6 8.4 4.4808 -5.544
5 24 6.822 36.468 2.176 7 36.0988 5.544 7 36.349 2.176 4.582 37.1 5.544
5 24 21.536 25.77 5.544 22.176 20 2.176 20.7836 27 2.176 22.296 20 5.544
5 24 17.824 20 2.176 17.704 20 5.544 17.1 24.582 5.544 17.1 15.418 5.544
5 24 16.468 26.822 2.176 17.1 24.582 5.544 17.824 20 2.176 16.0988 27 5.544
5 24 17.1 24.582 5.544 17.824 20 2.176 17.704 20 5.544 16.468 26.822 2.176
5 24 0 37.824 2.176 4.582 37.1 5.544 6.822 36.468 2.176 0 37.704 5.544
5 24 4.582 37.1 5.544 6.822 36.468 2.176 7 36.0988 5.544 0 37.824 2.176
5 24 17.1 15.418 5.544 16.468 13.178 2.176 16.0988 13 5.544 17.824 20 2.176
5 24 17.824 20 2.176 17.1 15.418 5.544 16.468 13.178 2.176 17.704 20 5.544
5 24 5.77 41.536 5.544 7 40.7836 2.176 7 41.0264 5.544 0 42.176 2.176
5 24 22.176 20 2.176 21.536 14.23 5.544 22.296 20 5.544 20.7836 13 2.176
5 24 21.536 14.23 5.544 20.7836 13 2.176 21.0264 13 5.544 22.176 20 2.176
5 24 20.7836 27 2.176 21.536 25.77 5.544 22.176 20 2.176 21.0264 27 5.544
5 24 0 42.176 2.176 5.77 41.536 5.544 0 42.296 5.544 7 40.7836 2.176
5 24 22.296 20 5.544 22.176 20 2.176 21.536 14.23 5.544 21.536 25.77 5.544
5 24 16.468 13.178 2.176 16.0988 13 5.544 16.349 13 2.176 17.1 15.418 5.544
5 24 16.0988 27 5.544 16.468 26.822 2.176 17.1 24.582 5.544 16.349 27 2.176
1 16 7.6537 1.5224 0 0 -.92388 1.17749 0 -.38268 -2.84271 -3.07692 0 0 1-4cyls.dat
1 16 7.6537 1.5224 0 0 -.92388 1.17749 0 -.38268 -2.84271 3.07692 0 0 1-4cyls.dat
5 24 8.1043 .4345 -2.8428 8.4863 -.4877 -2.1757 8.2157 -.5998 -2.1757 15.68 4.32 -2.176
5 24 8.4863 -.4877 -2.1757 8.7413 -1.1043 -1.178 8.1712 -1.3402 -1.1775 16.1517 3.8483 -1.178
5 24 8.7413 -1.1043 -1.178 8.8304 -1.3207 0 7.9073 -1.703 0 16.3172 3.6828 0
5 24 8.8304 -1.3207 0 8.7413 -1.1043 1.178 7.9073 -1.703 0 16.3172 3.6828 0
2 24 8.4 -1.2455 -1.1775 8.4 -.5234 -2.1757
2 24 8.4 -1.4989 0 8.4 -1.2455 -1.1775
2 24 8.4 -.5234 2.1757 8.4 -1.2455 1.1775
2 24 8.4 -1.2455 1.1775 8.4 -1.4989 0
2 24 8.4 -.2793 2.3264 8.4 -.5234 2.1757
2 24 8.4 -.2793 -2.3264 8.4 -.5234 -2.1757