0 ~Tyre 22/ 50 x 49 ZR Tread Element
0 Name: s\7653s02.dat
0 Author: Philippe Hurbain [Philo]
0 !LDRAW_ORG Unofficial_Subpart
0 !LICENSE Licensed under CC BY 4.0 : see CAreadme.txt

0 BFC CERTIFY CCW

2 24 1.7053 60.3009 -24.643 1.696 59.5882 -25.3
2 24 1.7151 61.0628 -23.66 1.7053 60.3009 -24.643
2 24 1.7179 61.3884 -22.5631 1.7151 61.0628 -23.66
4 16 1.6811 59.7322 -21.2594 1.6856 59.7071 -21.9607 0 59.8175 -21.9706 0 59.8954 -19.7809
3 16 0 59.8954 -19.7809 1.2263 59.8007 -20.1714 1.6811 59.7322 -21.2594
4 16 7.8442 59.583 -14 7.792 59.1864 -25.3 4.9889 59.3712 -25.3 4.6267 59.7118 -16.3536
4 16 7.8442 59.583 -14 4.6267 59.7118 -16.3536 0 60.0292 -16 0 60.1 -14
5 24 1.2289 61.5054 -20.1685 1.2263 59.8007 -20.1714 0 59.8954 -19.7809 1.6911 61.4359 -21.2711
5 24 4.991 59.6558 -17.2582 5.008 60.8458 -23.66 4.9981 60.0839 -24.643 5.0107 61.1714 -22.5631
5 24 0 59.8954 -19.7809 1.2289 61.5054 -20.1685 1.2263 59.8007 -20.1714 0 61.497 -19.75
5 24 0 61.608 -16.432 1.2289 61.5054 -20.1685 0 61.497 -19.75 3.7597 61.4732 -16.3657
5 24 7.6354 57.9967 -26 1.6871 58.3888 -26 7.4266 56.4105 -26.9 1.696 59.5882 -25.3
5 24 1.6856 59.7071 -21.9607 1.6911 61.4359 -21.2711 1.6811 59.7322 -21.2594 1.7179 61.3884 -22.5631
5 24 3.7597 61.4732 -16.3657 1.2289 61.5054 -20.1685 0 61.608 -16.432 4.6457 61.4023 -16.7203
5 24 1.6856 59.7071 -21.9607 1.696 59.5882 -25.3 1.6871 58.3888 -26 1.7151 61.0628 -23.66
5 24 1.6811 59.7322 -21.2594 1.6911 61.4359 -21.2711 1.2263 59.8007 -20.1714 1.6856 59.7071 -21.9607
5 24 1.7053 60.3009 -24.643 4.9981 60.0839 -24.643 4.9889 59.3712 -25.3 1.7151 61.0628 -23.66
5 24 1.7179 61.3884 -22.5631 5.0107 61.1714 -22.5631 5.008 60.8458 -23.66 1.6911 61.4359 -21.2711
5 24 0 56.9 -26.9 7.4266 56.4105 -26.9 1.6871 58.3888 -26 7.1421 54.2493 -27.5
5 24 4.991 59.6558 -17.2582 5.0104 61.3463 -17.6235 4.6457 61.4023 -16.7203 5.0107 61.1714 -22.5631
5 24 3.7404 59.7827 -16 3.7597 61.4732 -16.3657 4.6267 59.7118 -16.3536 0 60.0292 -16
5 24 3.7597 61.4732 -16.3657 0 60.0292 -16 0 61.608 -16.432 3.7404 59.7827 -16
5 24 0 59.8175 -21.9706 1.6856 59.7071 -21.9607 0 59.8954 -19.7809 0 58.5031 -25.9905
5 24 1.6856 59.7071 -21.9607 1.7179 61.3884 -22.5631 1.6911 61.4359 -21.2711 1.7151 61.0628 -23.66
5 24 5.008 60.8458 -23.66 1.7151 61.0628 -23.66 4.9981 60.0839 -24.643 1.7179 61.3884 -22.5631
5 24 4.6457 61.4023 -16.7203 4.6267 59.7118 -16.3536 3.7597 61.4732 -16.3657 4.991 59.6558 -17.2582
5 24 7.1421 54.2493 -27.5 0 54.72 -27.5 0 56.9 -26.9 0 45.6 -27.5
5 24 4.9889 59.3712 -25.3 1.696 59.5882 -25.3 7.6354 57.9967 -26 1.7053 60.3009 -24.643
2 24 4.9889 59.3712 -25.3 7.792 59.1864 -25.3
2 24 4.6457 61.4023 -16.7203 5.0104 61.3463 -17.6235
2 24 1.6911 61.4359 -21.2711 1.2289 61.5054 -20.1685
2 24 0 61.608 -16.432 3.7597 61.4732 -16.3657
2 24 3.7597 61.4732 -16.3657 4.6457 61.4023 -16.7203
2 24 1.2289 61.5054 -20.1685 0 61.497 -19.75
2 24 4.9981 60.0839 -24.643 4.9889 59.3712 -25.3
2 24 1.6871 58.3888 -26 1.696 59.5882 -25.3
2 24 5.008 60.8458 -23.66 4.9981 60.0839 -24.643
2 24 5.0107 61.1714 -22.5631 5.008 60.8458 -23.66
2 24 5.0104 61.3463 -17.6235 5.0107 61.1714 -22.5631
2 24 1.7179 61.3884 -22.5631 1.6911 61.4359 -21.2711
2 24 4.991 59.6558 -17.2582 4.6267 59.7118 -16.3536
2 24 4.6267 59.7118 -16.3536 3.7404 59.7827 -16
2 24 3.7404 59.7827 -16 0 60.0292 -16
2 24 4.9889 59.3712 -25.3 4.991 59.6558 -17.2582
2 24 1.6871 58.3888 -26 1.6856 59.7071 -21.9607
2 24 1.6811 59.7322 -21.2594 1.2263 59.8007 -20.1714
2 24 1.6856 59.7071 -21.9607 1.6811 59.7322 -21.2594
2 24 1.2263 59.8007 -20.1714 0 59.8954 -19.7809
2 24 1.6871 58.3888 -26 0 58.5031 -25.9905
3 16 7.6354 57.9967 -26 4.9889 59.3712 -25.3 7.792 59.1864 -25.3
4 16 1.696 59.5882 -25.3 4.9889 59.3712 -25.3 7.6354 57.9967 -26 1.6871 58.3888 -26
3 16 4.6457 61.4023 -16.7203 5.0104 61.3463 -17.6235 1.6911 61.4359 -21.2711
3 16 0 61.497 -19.75 0 61.608 -16.432 1.2289 61.5054 -20.1685
3 16 1.2289 61.5054 -20.1685 0 61.608 -16.432 3.7597 61.4732 -16.3657
4 16 0 56.9 -26.9 7.4266 56.4105 -26.9 7.1421 54.2493 -27.5 0 54.72 -27.5
4 16 1.7053 60.3009 -24.643 4.9981 60.0839 -24.643 4.9889 59.3712 -25.3 1.696 59.5882 -25.3
4 16 5.0107 61.1714 -22.5631 5.008 60.8458 -23.66 1.7151 61.0628 -23.66 1.7179 61.3884 -22.5631
4 16 4.9981 60.0839 -24.643 1.7053 60.3009 -24.643 1.7151 61.0628 -23.66 5.008 60.8458 -23.66
4 16 5.0104 61.3463 -17.6235 5.0107 61.1714 -22.5631 1.7179 61.3884 -22.5631 1.6911 61.4359 -21.2711
4 16 3.7597 61.4732 -16.3657 4.6457 61.4023 -16.7203 1.6911 61.4359 -21.2711 1.2289 61.5054 -20.1685
4 16 3.7404 59.7827 -16 4.6267 59.7118 -16.3536 4.6457 61.4023 -16.7203 3.7597 61.4732 -16.3657
3 16 1.7179 61.3884 -22.5631 1.7151 61.0628 -23.66 1.6856 59.7071 -21.9607
3 16 1.7179 61.3884 -22.5631 1.6856 59.7071 -21.9607 1.6911 61.4359 -21.2711
3 16 1.696 59.5882 -25.3 1.6871 58.3888 -26 1.6856 59.7071 -21.9607
4 16 1.7151 61.0628 -23.66 1.7053 60.3009 -24.643 1.696 59.5882 -25.3 1.6856 59.7071 -21.9607
3 16 1.6911 61.4359 -21.2711 1.6856 59.7071 -21.9607 1.6811 59.7322 -21.2594
3 16 0 59.8954 -19.7809 1.2289 61.5054 -20.1685 1.2263 59.8007 -20.1714
4 16 1.6811 59.7322 -21.2594 1.2263 59.8007 -20.1714 1.2289 61.5054 -20.1685 1.6911 61.4359 -21.2711
4 16 4.6267 59.7118 -16.3536 4.991 59.6558 -17.2582 5.0104 61.3463 -17.6235 4.6457 61.4023 -16.7203
3 16 0 60.0292 -16 3.7597 61.4732 -16.3657 0 61.608 -16.432
3 16 3.7404 59.7827 -16 3.7597 61.4732 -16.3657 0 60.0292 -16
4 16 5.008 60.8458 -23.66 5.0107 61.1714 -22.5631 5.0104 61.3463 -17.6235 4.991 59.6558 -17.2582
4 16 4.9889 59.3712 -25.3 4.9981 60.0839 -24.643 5.008 60.8458 -23.66 4.991 59.6558 -17.2582
3 16 0 61.497 -19.75 1.2289 61.5054 -20.1685 0 59.8954 -19.7809
4 16 1.6871 58.3888 -26 0 58.5031 -25.9905 0 59.8175 -21.9706 1.6856 59.7071 -21.9607
3 16 1.6871 58.3888 -26 0 56.9 -26.9 0 58.5031 -25.9905
4 16 7.6354 57.9967 -26 7.4266 56.4105 -26.9 0 56.9 -26.9 1.6871 58.3888 -26
2 24 -1.696 59.5882 -25.3 -1.7053 60.3009 -24.643
2 24 -1.7053 60.3009 -24.643 -1.7151 61.0628 -23.66
2 24 -1.7151 61.0628 -23.66 -1.7179 61.3884 -22.5631
4 16 0 59.8175 -21.9706 -1.6856 59.7071 -21.9607 -1.6811 59.7322 -21.2594 0 59.8954 -19.7809
3 16 -1.2263 59.8007 -20.1714 0 59.8954 -19.7809 -1.6811 59.7322 -21.2594
4 16 -4.9889 59.3712 -25.3 -7.792 59.1864 -25.3 -7.8442 59.583 -14 -4.6267 59.7118 -16.3536
4 16 0 60.0292 -16 -4.6267 59.7118 -16.3536 -7.8442 59.583 -14 0 60.1 -14
5 24 -1.2263 59.8007 -20.1714 -1.2289 61.5054 -20.1685 0 59.8954 -19.7809 -1.6911 61.4359 -21.2711
5 24 -5.008 60.8458 -23.66 -4.991 59.6558 -17.2582 -4.9981 60.0839 -24.643 -5.0107 61.1714 -22.5631
5 24 -1.2289 61.5054 -20.1685 0 59.8954 -19.7809 -1.2263 59.8007 -20.1714 0 61.497 -19.75
5 24 -1.2289 61.5054 -20.1685 0 61.608 -16.432 0 61.497 -19.75 -3.7597 61.4732 -16.3657
5 24 -1.6871 58.3888 -26 -7.6354 57.9967 -26 -7.4266 56.4105 -26.9 -1.696 59.5882 -25.3
5 24 -1.6911 61.4359 -21.2711 -1.6856 59.7071 -21.9607 -1.6811 59.7322 -21.2594 -1.7179 61.3884 -22.5631
5 24 -1.2289 61.5054 -20.1685 -3.7597 61.4732 -16.3657 0 61.608 -16.432 -4.6457 61.4023 -16.7203
5 24 -1.696 59.5882 -25.3 -1.6856 59.7071 -21.9607 -1.6871 58.3888 -26 -1.7151 61.0628 -23.66
5 24 -1.6911 61.4359 -21.2711 -1.6811 59.7322 -21.2594 -1.2263 59.8007 -20.1714 -1.6856 59.7071 -21.9607
5 24 -4.9981 60.0839 -24.643 -1.7053 60.3009 -24.643 -4.9889 59.3712 -25.3 -1.7151 61.0628 -23.66
5 24 -5.0107 61.1714 -22.5631 -1.7179 61.3884 -22.5631 -5.008 60.8458 -23.66 -1.6911 61.4359 -21.2711
5 24 -7.4266 56.4105 -26.9 0 56.9 -26.9 -1.6871 58.3888 -26 -7.1421 54.2493 -27.5
5 24 -5.0104 61.3463 -17.6235 -4.991 59.6558 -17.2582 -4.6457 61.4023 -16.7203 -5.0107 61.1714 -22.5631
5 24 -3.7597 61.4732 -16.3657 -3.7404 59.7827 -16 -4.6267 59.7118 -16.3536 0 60.0292 -16
5 24 0 60.0292 -16 -3.7597 61.4732 -16.3657 0 61.608 -16.432 -3.7404 59.7827 -16
5 24 -1.6856 59.7071 -21.9607 0 59.8175 -21.9706 0 59.8954 -19.7809 0 58.5031 -25.9905
5 24 -1.7179 61.3884 -22.5631 -1.6856 59.7071 -21.9607 -1.6911 61.4359 -21.2711 -1.7151 61.0628 -23.66
5 24 -1.7151 61.0628 -23.66 -5.008 60.8458 -23.66 -4.9981 60.0839 -24.643 -1.7179 61.3884 -22.5631
5 24 -4.6267 59.7118 -16.3536 -4.6457 61.4023 -16.7203 -3.7597 61.4732 -16.3657 -4.991 59.6558 -17.2582
5 24 0 54.72 -27.5 -7.1421 54.2493 -27.5 0 56.9 -26.9 0 45.6 -27.5
5 24 -1.696 59.5882 -25.3 -4.9889 59.3712 -25.3 -7.6354 57.9967 -26 -1.7053 60.3009 -24.643
2 24 -7.792 59.1864 -25.3 -4.9889 59.3712 -25.3
2 24 -5.0104 61.3463 -17.6235 -4.6457 61.4023 -16.7203
2 24 -1.2289 61.5054 -20.1685 -1.6911 61.4359 -21.2711
2 24 -3.7597 61.4732 -16.3657 0 61.608 -16.432
2 24 -4.6457 61.4023 -16.7203 -3.7597 61.4732 -16.3657
2 24 0 61.497 -19.75 -1.2289 61.5054 -20.1685
2 24 -4.9889 59.3712 -25.3 -4.9981 60.0839 -24.643
2 24 -1.696 59.5882 -25.3 -1.6871 58.3888 -26
2 24 -4.9981 60.0839 -24.643 -5.008 60.8458 -23.66
2 24 -5.008 60.8458 -23.66 -5.0107 61.1714 -22.5631
2 24 -5.0107 61.1714 -22.5631 -5.0104 61.3463 -17.6235
2 24 -1.6911 61.4359 -21.2711 -1.7179 61.3884 -22.5631
2 24 -4.6267 59.7118 -16.3536 -4.991 59.6558 -17.2582
2 24 -3.7404 59.7827 -16 -4.6267 59.7118 -16.3536
2 24 0 60.0292 -16 -3.7404 59.7827 -16
2 24 -4.991 59.6558 -17.2582 -4.9889 59.3712 -25.3
2 24 -1.6856 59.7071 -21.9607 -1.6871 58.3888 -26
2 24 -1.2263 59.8007 -20.1714 -1.6811 59.7322 -21.2594
2 24 -1.6811 59.7322 -21.2594 -1.6856 59.7071 -21.9607
2 24 0 59.8954 -19.7809 -1.2263 59.8007 -20.1714
2 24 0 58.5031 -25.9905 -1.6871 58.3888 -26
3 16 -4.9889 59.3712 -25.3 -7.6354 57.9967 -26 -7.792 59.1864 -25.3
4 16 -7.6354 57.9967 -26 -4.9889 59.3712 -25.3 -1.696 59.5882 -25.3 -1.6871 58.3888 -26
3 16 -5.0104 61.3463 -17.6235 -4.6457 61.4023 -16.7203 -1.6911 61.4359 -21.2711
3 16 0 61.608 -16.432 0 61.497 -19.75 -1.2289 61.5054 -20.1685
3 16 0 61.608 -16.432 -1.2289 61.5054 -20.1685 -3.7597 61.4732 -16.3657
4 16 -7.1421 54.2493 -27.5 -7.4266 56.4105 -26.9 0 56.9 -26.9 0 54.72 -27.5
4 16 -4.9889 59.3712 -25.3 -4.9981 60.0839 -24.643 -1.7053 60.3009 -24.643 -1.696 59.5882 -25.3
4 16 -1.7151 61.0628 -23.66 -5.008 60.8458 -23.66 -5.0107 61.1714 -22.5631 -1.7179 61.3884 -22.5631
4 16 -1.7151 61.0628 -23.66 -1.7053 60.3009 -24.643 -4.9981 60.0839 -24.643 -5.008 60.8458 -23.66
4 16 -1.7179 61.3884 -22.5631 -5.0107 61.1714 -22.5631 -5.0104 61.3463 -17.6235 -1.6911 61.4359 -21.2711
4 16 -1.6911 61.4359 -21.2711 -4.6457 61.4023 -16.7203 -3.7597 61.4732 -16.3657 -1.2289 61.5054 -20.1685
4 16 -4.6457 61.4023 -16.7203 -4.6267 59.7118 -16.3536 -3.7404 59.7827 -16 -3.7597 61.4732 -16.3657
3 16 -1.7151 61.0628 -23.66 -1.7179 61.3884 -22.5631 -1.6856 59.7071 -21.9607
3 16 -1.6856 59.7071 -21.9607 -1.7179 61.3884 -22.5631 -1.6911 61.4359 -21.2711
3 16 -1.6871 58.3888 -26 -1.696 59.5882 -25.3 -1.6856 59.7071 -21.9607
4 16 -1.696 59.5882 -25.3 -1.7053 60.3009 -24.643 -1.7151 61.0628 -23.66 -1.6856 59.7071 -21.9607
3 16 -1.6856 59.7071 -21.9607 -1.6911 61.4359 -21.2711 -1.6811 59.7322 -21.2594
3 16 -1.2289 61.5054 -20.1685 0 59.8954 -19.7809 -1.2263 59.8007 -20.1714
4 16 -1.2289 61.5054 -20.1685 -1.2263 59.8007 -20.1714 -1.6811 59.7322 -21.2594 -1.6911 61.4359 -21.2711
4 16 -5.0104 61.3463 -17.6235 -4.991 59.6558 -17.2582 -4.6267 59.7118 -16.3536 -4.6457 61.4023 -16.7203
3 16 -3.7597 61.4732 -16.3657 0 60.0292 -16 0 61.608 -16.432
3 16 -3.7597 61.4732 -16.3657 -3.7404 59.7827 -16 0 60.0292 -16
4 16 -5.008 60.8458 -23.66 -4.991 59.6558 -17.2582 -5.0104 61.3463 -17.6235 -5.0107 61.1714 -22.5631
4 16 -4.9889 59.3712 -25.3 -4.991 59.6558 -17.2582 -5.008 60.8458 -23.66 -4.9981 60.0839 -24.643
3 16 -1.2289 61.5054 -20.1685 0 61.497 -19.75 0 59.8954 -19.7809
4 16 0 59.8175 -21.9706 0 58.5031 -25.9905 -1.6871 58.3888 -26 -1.6856 59.7071 -21.9607
3 16 0 56.9 -26.9 -1.6871 58.3888 -26 0 58.5031 -25.9905
4 16 0 56.9 -26.9 -7.4266 56.4105 -26.9 -7.6354 57.9967 -26 -1.6871 58.3888 -26
5 24 0 61.608 -16.432 0 61.497 -19.75 -1.2289 61.5054 -20.1685 1.2289 61.5054 -20.1685
5 24 0 59.8954 -19.7809 0 59.8175 -21.9706 1.6811 59.7322 -21.2594 -1.6856 59.7071 -21.9607
5 24 0 58.5031 -25.9905 0 59.8175 -21.9706 1.6856 59.7071 -21.9607 -1.6871 58.3888 -26
5 24 0 60.1 -14 0 60.0292 -16 -4.6267 59.7118 -16.3536 7.8442 59.583 -14
5 24 0 61.497 -19.75 0 59.8954 -19.7809 1.2289 61.5054 -20.1685 -1.2289 61.5054 -20.1685
5 24 0 60.0292 -16 0 61.608 -16.432 3.7597 61.4732 -16.3657 -3.7597 61.4732 -16.3657
5 24 0 58.5031 -25.9905 0 56.9 -26.9 1.6871 58.3888 -26 -1.6871 58.3888 -26
5 24 0 54.72 -27.5 0 56.9 -26.9 -7.1421 54.2493 -27.5 7.4266 56.4105 -26.9
5 24 7.4266 56.4105 -26.9 7.6354 57.9967 -26 0 56.9 -26.9 13.4825 56.8359 -26
5 24 7.792 59.1864 -25.3 7.6354 57.9967 -26 4.9889 59.3712 -25.3 10.5475 58.6394 -25.3
5 24 7.792 59.1864 -25.3 7.8442 59.583 -14 10.9855 58.8746 -16.3536 4.9889 59.3712 -25.3
5 24 7.1421 54.2493 -27.5 7.4266 56.4105 -26.9 14.7268 54.9612 -26.9 0 54.72 -27.5
4 16 0 45.6 -27.5 0 54.72 -27.5 7.1421 54.2493 -27.5 5.9508 45.2078 -27.5
4 16 -7.1421 54.2493 -27.5 0 54.72 -27.5 0 45.6 -27.5 -5.9508 45.2078 -27.5
5 24 0 56.9 -26.9 -1.6871 58.3888 -26 -7.4266 56.4105 -26.9 0 58.5031 -25.9905
5 24 1.6871 58.3888 -26 0 56.9 -26.9 0 58.5031 -25.9905 7.6354 57.9967 -26