0 ~Car Base  7 x  4 x  0.667 with Bottom Axle Holes - Quarter
0 Name: s\8052s01.dat
0 Author: Rene Rechthaler [Blechtaler]
0 !LDRAW_ORG Unofficial_Subpart
0 !LICENSE Licensed under CC BY 4.0 : see CAreadme.txt

0 BFC CERTIFY CCW

1 16 0 0 50 1 0 0 0 1 0 0 0 1 s\7885s01.dat
0 // axlehole inside
1 16 .5 10 50 0 -1 0 2 0 0 0 0 -2 2-4ring2.dat
2 24 .5 6 48 .5 6.7951 47.735
2 24 .5 6 48 .5 4.3977 48
2 24 .5 8 46 .5 8 44.3977
2 24 .5 7.735 46.7951 .5 8 46
2 24 .5 12 44.3977 .5 10 44
2 24 .5 12 44.3977 .5 12 46
2 24 .5 8 44.3977 .5 10 44
2 24 .5 15.6023 48 .5 14 48
2 24 .5 13.2049 47.735 .5 14 48
2 24 .5 4 50 .5 4.3977 48
2 24 .5 12.265 46.7951 .5 12 46
5 24 20 16 50 15 16 50 20 15.6023 48 20 16 51
5 24 .5 16 50 2.5 16 50 .5 15.6023 48 0 16 51
1 16 1.5 15.80115 49 1 0 0 0 1 -.19885 0 0 -1 rect3.dat
1 16 17.5 15.80115 49 2.5 0 0 0 1 -.19885 0 0 -1 rect3.dat
1 16 8.75 15.80115 48 0 0 6.25 .19885 0 0 0 -1 0 rect2p.dat
0 BFC INVERTNEXT
1 16 8.75 17.5 50 0 0 6.25 -1.5 0 0 0 -2 0 box3u7a.dat
3 16 2.5 16 48 2.5 16 50 2.5 15.6023 48
3 16 15 16 50 15 16 48 15 15.6023 48

0 // connector to outside
1 16 20 10 50 0 -1 0 -6 0 0 0 0 -6 7-16ndis.dat
4 16 20 19.239 46.173 20 20 50 20 16 50 20 15.6023 48
4 16 20 16 44 20 19.239 46.173 20 15.6023 48 20 15.5432 47.7039
4 16 20 16 42.2132 20 17.071 42.929 20 19.239 46.173 20 16 44
3 16 20 16 42.2132 20 16 44 20 10 44
4 16 20 16 42.2132 20 10 44 20 8 30 20 16 30
4 16 20 0 30 20 8 30 20 10 44 20 4 44
4 16 20 0 30 20 4 44 20 4 50 20 0 50
4 16 20 0 70 20 0 50 20 8 60 20 8 70

0 // outside (inlined cylo)
1 16 18 19.6195 48.0865 0 0 2 .3805 -1 0 1.9135 0 0 rect2p.dat
5 24 20 19.239 46.173 16 19.239 46.173 20 20 50 20 17.071 42.929
5 24 20 20 50 16 20 50 20 19.239 46.173 20 20 51
4 16 16 19 45.8154 16 19.239 46.173 20 19.239 46.173 20 17.071 42.929
2 24 20 17.071 42.929 20 19.239 46.173
2 24 16 19 45.8154 16 19.239 46.173
3 16 20 16 42.2132 16 16 42.2132 20 17.071 42.929
2 24 20 17.071 42.929 20 16 42.2132
4 16 16 20 50 16 19.239 46.173 16 19 45.8154 16 19 50
4 16 16 19 50 16 19 45.8154 15 19 48 15 19 50
3 16 15 19 48 16 19 45.8154 2.5 19 48
2 24 16 19 50 16 19 45.8154

0 // bottom / inside
1 16 20 12 22 0 0 1.5 0 3 0 -4 0 0 box3u5p.dat
1 16 20 12 18 0 0 1.5 0 3 0 -1.5 0 0 boxjcyl4.dat
1 16 20 12 2 0 0 1.5 0 3 0 1.5 0 0 boxjcyl4.dat
3 16 40 16 30 36 16 26 20 16 30
3 16 20 16 30 36 16 26 16 16 30
1 16 18 16 36.1066 2 0 0 0 -1 0 0 0 6.1066 rect3.dat
4 16 20 8 60 16 8 60 16 8 66 20 8 70
2 24 20 8 60 20 8 70
2 24 16 8 60 16 8 66
4 16 16 8 60 16 4 59 16 4 66 16 8 66
4 16 16 4 34 16 4 41 16 14.1846 41 16 12 34
4 16 16 16 30 16 12 30 16 12 34 16 14.1846 41
3 16 16 16 30 16 14.1846 41 16 16 42.2132
2 24 16 14.1846 41 16 16 42.2132