0 ~Panel  3 x  3 x  1.667 Dome Quarter without Patternable Surface - Half
0 Name: s\8135s02.dat
0 Author: Philippe Hurbain [Philo]
0 !LDRAW_ORG Unofficial_Subpart
0 !LICENSE Licensed under CC BY 4.0 : see CAreadme.txt

0 BFC CERTIFY CCW

4 16 49.656 34.78 10 49.142 34.78 2.214 49.484 40 2.17 50 40 10
4 16 49.142 34.78 2.214 47.622 34.78 -5.438 47.954 40 -5.528 49.484 40 2.17
4 16 47.622 34.78 -5.438 45.116 34.78 -12.83 45.434 40 -12.962 47.954 40 -5.528
4 16 -10 0 10 9.318 0 4.824 9.828 0 7.39 10 0 10
4 16 -10 0 10 7.32 0 0 8.478 0 2.346 9.318 0 4.824
4 16 -10 0 10 4.142 0 -4.142 5.868 0 -2.176 7.32 0 0
2 24 10 4 10 14.698 4.31 10
2 24 14.698 4.31 10 19.317 5.228 10
2 24 19.317 5.228 10 23.777 6.74 10
2 24 23.777 6.74 10 28 8.824 10
2 24 28 8.824 10 31.917 11.438 10
2 24 31.917 11.438 10 35.456 14.544 10
2 24 35.456 14.544 10 38.562 18.083 10
2 24 38.562 18.083 10 41.176 22 10
2 24 41.176 22 10 43.26 26.223 10
2 24 43.26 26.223 10 45.2 32 10
2 24 10 0 10 15.22 .344 10
2 24 15.22 .344 10 20.352 1.364 10
2 24 20.352 1.364 10 25.308 3.044 10
2 24 25.308 3.044 10 30 5.36 10
2 24 30 5.36 10 34.352 8.264 10
2 24 34.352 8.264 10 38.284 11.716 10
2 24 38.284 11.716 10 41.736 15.648 10
2 24 41.736 15.648 10 44.64 20 10
2 24 44.64 20 10 46.956 24.692 10
2 24 46.956 24.692 10 48.636 29.648 10
2 24 48.636 29.648 10 49.656 34.78 10
2 24 49.656 34.78 10 50 40 10
4 16 14.698 4.31 10 10 4 10 10 0 10 15.22 .344 10
4 16 19.317 5.228 10 14.698 4.31 10 15.22 .344 10 20.352 1.364 10
4 16 23.777 6.74 10 19.317 5.228 10 20.352 1.364 10 25.308 3.044 10
4 16 28 8.824 10 23.777 6.74 10 25.308 3.044 10 30 5.36 10
4 16 31.917 11.438 10 28 8.824 10 30 5.36 10 34.352 8.264 10
4 16 35.456 14.544 10 31.917 11.438 10 34.352 8.264 10 38.284 11.716 10
4 16 38.562 18.083 10 35.456 14.544 10 38.284 11.716 10 41.736 15.648 10
4 16 41.176 22 10 38.562 18.083 10 41.736 15.648 10 44.64 20 10
4 16 43.26 26.223 10 41.176 22 10 44.64 20 10 46.956 24.692 10
4 16 45.2 32 10 43.26 26.223 10 46.956 24.692 10 48.636 29.648 10
2 24 10 0 10 -10 0 10
2 24 10 8 10 -10 8 10
2 24 10 4 10 10 8 10
4 16 -10 0 10 10 0 10 10 4 10 -10 8 10
3 16 -10 8 10 10 4 10 10 8 10
4 16 43.26 26.223 10 41.4452 26.223 -3.7847 39.4322 22 -3.2453 41.176 22 10
4 16 41.176 22 10 39.4322 22 -3.2453 36.9073 18.083 -2.5688 38.562 18.083 10
4 16 38.562 18.083 10 36.9073 18.083 -2.5688 33.9071 14.544 -1.7649 35.456 14.544 10
4 16 31.917 11.438 10 35.456 14.544 10 33.9071 14.544 -1.7649 30.4887 11.438 -.8489
4 16 28 8.824 10 31.917 11.438 10 30.4887 11.438 -.8489 26.7052 8.824 .1649
4 16 23.777 6.74 10 28 8.824 10 26.7052 8.824 .1649 22.6261 6.74 1.2579
4 16 19.317 5.228 10 23.777 6.74 10 22.6261 6.74 1.2579 18.318 5.228 2.4122
4 16 14.698 4.31 10 19.317 5.228 10 18.318 5.228 2.4122 13.8564 4.31 3.6077
4 16 13.8564 4.31 3.6077 10 4.0466 4.641 10 4 10 14.698 4.31 10
4 16 41.4452 26.223 -3.7847 43.3191 32 -4.2868 37.8046 32 -17.6 36.1245 26.223 -16.63
4 16 41.4452 26.223 -3.7847 36.1245 26.223 -16.63 34.3197 22 -15.588 39.4322 22 -3.2453
4 16 39.4322 22 -3.2453 34.3197 22 -15.588 32.0559 18.083 -14.281 36.9073 18.083 -2.5688
4 16 36.9073 18.083 -2.5688 32.0559 18.083 -14.281 29.3661 14.544 -12.728 33.9071 14.544 -1.7649
4 16 30.4887 11.438 -.8489 33.9071 14.544 -1.7649 29.3661 14.544 -12.728 26.3012 11.438 -10.9585
4 16 26.7052 8.824 .1649 30.4887 11.438 -.8489 26.3012 11.438 -10.9585 22.909 8.824 -9
4 16 22.6261 6.74 1.2579 26.7052 8.824 .1649 22.909 8.824 -9 19.2517 6.74 -6.8885
4 16 18.318 5.228 2.4122 22.6261 6.74 1.2579 19.2517 6.74 -6.8885 15.3893 5.228 -4.6585
4 16 13.8564 4.31 3.6077 18.318 5.228 2.4122 15.3893 5.228 -4.6585 11.3891 4.31 -2.349
4 16 11.3891 4.31 -2.349 10 4.2042 -1.547 10 4.0466 4.641 13.8564 4.31 3.6077
4 16 36.1245 26.223 -16.63 37.8046 32 -17.6 29.0323 32 -29.0323 27.6605 26.223 -27.6605
4 16 36.1245 26.223 -16.63 27.6605 26.223 -27.6605 26.1869 22 -26.1869 34.3197 22 -15.588
4 16 34.3197 22 -15.588 26.1869 22 -26.1869 24.3385 18.083 -24.3385 32.0559 18.083 -14.281
4 16 32.0559 18.083 -14.281 24.3385 18.083 -24.3385 22.1422 14.544 -22.1422 29.3661 14.544 -12.728
4 16 26.3012 11.438 -10.9585 29.3661 14.544 -12.728 22.1422 14.544 -22.1422 19.6398 11.438 -19.6398
4 16 22.909 8.824 -9 26.3012 11.438 -10.9585 19.6398 11.438 -19.6398 16.8701 8.824 -16.8701
4 16 19.2517 6.74 -6.8885 22.909 8.824 -9 16.8701 8.824 -16.8701 13.8839 6.74 -13.8839
4 16 15.3893 5.228 -4.6585 19.2517 6.74 -6.8885 13.8839 6.74 -13.8839 10 4.8779 -10
4 16 11.3891 4.31 -2.349 15.3893 5.228 -4.6585 10 4.8779 -10 10 4.2652 -4.1593
3 16 10 4.2652 -4.1593 10 4.2042 -1.547 11.3891 4.31 -2.349
2 24 10 4.0466 4.641 10 4 10
2 24 10 4.0466 4.641 10 4.2042 -1.547
2 24 10 4.2652 -4.1593 10 4.8779 -10
2 24 10 4.2042 -1.547 10 4.2652 -4.1593
4 16 10 4.2652 -4.1593 10 4.8779 -10 10 8 -10 10 4.2042 -1.547
3 16 10 4 10 10 4.0466 4.641 10 8 10
4 16 10 4.0466 4.641 10 4.2042 -1.547 10 8 -10 10 8 10
2 24 10 8 -10 10 8 10
2 24 45.2 32 10 43.3191 32 -4.2868
2 24 43.3191 32 -4.2868 37.8046 32 -17.6
2 24 37.8046 32 -17.6 29.0323 32 -29.0323
2 24 45.2 32 10 30 32 10
4 16 43.3191 32 -4.2868 41.4452 26.223 -3.7847 43.26 26.223 10 45.2 32 10
4 16 18.284 32 -18.284 29.0323 32 -29.0323 37.8046 32 -17.6 21.736 32 -14.352
4 16 26.956 32 -5.308 24.64 32 -10 37.8046 32 -17.6 43.3191 32 -4.2868
4 16 29.656 32 4.78 28.636 32 -.352 43.3191 32 -4.2868 45.2 32 10
3 16 37.8046 32 -17.6 24.64 32 -10 21.736 32 -14.352
3 16 28.636 32 -.352 26.956 32 -5.308 43.3191 32 -4.2868
3 16 30 32 10 29.656 32 4.78 45.2 32 10
1 16 30 36 -10 1 0 0 0 -1 0 0 0 1 3-16stud4.dat
1 16 30 36 -10 1 0 0 0 -1 0 0 0 -1 5-16stud4.dat
2 24 18.284 36 -18.284 21.736 36 -14.352
2 24 24.64 32 -10 26.956 32 -5.308
2 24 26.956 32 -5.308 28.636 32 -.352
2 24 28.636 32 -.352 29.656 32 4.78
2 24 29.656 32 4.78 30 32 10
2 24 21.736 32 -14.352 24.64 32 -10
2 24 30 32 10 30 40 10
4 16 24.64 32 -10 26.956 32 -5.308 26.956 40 -5.308 24.64 40 -10
4 16 26.956 32 -5.308 28.636 32 -.352 28.636 40 -.352 26.956 40 -5.308
4 16 28.636 32 -.352 29.656 32 4.78 29.656 40 4.78 28.636 40 -.352
4 16 29.656 32 4.78 30 32 10 30 40 10 29.656 40 4.78
5 24 28.636 32 -.352 28.636 40 -.352 29.656 32 4.78 26.956 32 -5.308
5 24 29.656 32 4.78 29.656 40 4.78 30 32 10 28.636 32 -.352
5 24 24.64 32 -10 24.64 40 -10 26.956 32 -5.308 21.736 32 -14.352
5 24 26.956 32 -5.308 26.956 40 -5.308 28.636 32 -.352 24.64 32 -10
4 16 18.284 36 -18.284 18.284 32 -18.284 21.736 32 -14.352 21.736 36 -14.352
2 24 18.284 32 -18.284 21.736 32 -14.352
4 16 22.3709 36 -13.4005 21.736 36 -14.352 21.736 32 -14.352 24.64 32 -10
4 16 24.64 32 -10 24.64 40 -10 23.2839 40 -12.0322 22.3709 36 -13.4005
4 16 22.6474 39.543 -12.9862 22.3709 38.417 -13.4005 22.3709 36 -13.4005 23.2839 40 -12.0322
2 24 21.736 36 -14.352 22.3709 36 -13.4005
2 24 30 40 10 50 40 10
4 16 45.2 32 10 48.636 29.648 10 49.656 34.78 10 50 40 10
4 16 30 40 10 30 32 10 45.2 32 10 50 40 10
2 24 23.2839 40 -12.0322 24.64 40 -10
2 24 24.64 40 -10 26.956 40 -5.308
2 24 26.956 40 -5.308 28.636 40 -.352
2 24 28.636 40 -.352 29.656 40 4.78
2 24 29.656 40 4.78 30 40 10
2 24 29.291 40 -9.659 26.3082 40 -14.8465
2 24 31.6233 40 -4.2309 29.291 40 -9.659
2 24 33.762 40 6 32.208 40 -2.3
2 24 33.762 36 6 32.208 36 -2.3
2 24 33.762 36 6 33.762 40 6
2 24 32.208 36 -2.3 32.208 40 -2.3
2 24 32.208 36 -2.3 33.0616 36 -2.6088
2 24 32.208 40 -2.3 33.0616 40 -2.6088
4 16 32.208 40 -2.3 32.208 36 -2.3 33.0616 36 -2.6088 33.0616 40 -2.6088
5 24 33.0616 40 -2.6088 33.0616 36 -2.6088 32.208 36 -2.3 35.6568 36 -4.3432
4 16 33.762 36 6 32.208 36 -2.3 32.208 40 -2.3 33.762 40 6
2 24 29.291 36 -9.659 26.3082 36 -14.8465
2 24 31.6233 36 -4.2309 29.291 36 -9.659
2 24 31.6233 36 -4.2309 32.2962 36 -4.4566
2 24 31.6233 40 -4.2309 32.2962 40 -4.4566
2 24 31.6233 36 -4.2309 31.6233 40 -4.2309
2 24 26.3082 36 -14.8465 27.7038 36 -15.5434
2 24 26.3082 40 -14.8465 27.7038 40 -15.5434
2 24 26.3082 36 -14.8465 26.3082 40 -14.8465
4 16 26.3082 40 -14.8465 26.3082 36 -14.8465 27.7038 36 -15.5434 27.7038 40 -15.5434
4 16 29.291 36 -9.659 26.3082 36 -14.8465 26.3082 40 -14.8465 29.291 40 -9.659
4 16 31.6233 36 -4.2309 29.291 36 -9.659 29.291 40 -9.659 31.6233 40 -4.2309
4 16 32.2962 36 -4.4566 31.6233 36 -4.2309 31.6233 40 -4.2309 32.2962 40 -4.4566
4 16 32.2962 40 -4.4566 31.6233 40 -4.2309 32.208 40 -2.3 33.0616 40 -2.6088
4 16 26.3082 40 -14.8465 25.6625 39.543 -15.7663 22.6474 39.543 -12.9862 23.2839 40 -12.0322
2 24 22.6474 39.543 -12.9862 23.2839 40 -12.0322
2 24 22.6474 39.543 -12.9862 22.3709 38.417 -13.4005
2 24 22.3709 38.417 -13.4005 22.3709 36 -13.4005
4 16 25.386 38.417 -16.1807 25.386 36 -16.1807 22.3709 36 -13.4005 22.3709 38.417 -13.4005
4 16 25.6625 39.543 -15.7663 25.386 38.417 -16.1807 22.3709 38.417 -13.4005 22.6474 39.543 -12.9862
4 16 25.386 38.417 -16.1807 26.9384 40 -17.3912 26.9384 36 -17.3912 25.386 36 -16.1807
3 16 25.386 38.417 -16.1807 25.6625 39.543 -15.7663 26.9384 40 -17.3912
3 16 26.9384 40 -17.3912 25.6625 39.543 -15.7663 26.3082 40 -14.8465
3 16 26.3082 40 -14.8465 27.7038 40 -15.5434 26.9384 40 -17.3912
4 16 29.291 40 -9.659 26.3082 40 -14.8465 23.2839 40 -12.0322 24.64 40 -10
4 16 31.6233 40 -4.2309 29.291 40 -9.659 24.64 40 -10 26.956 40 -5.308
4 16 32.208 40 -2.3 31.6233 40 -4.2309 26.956 40 -5.308 28.636 40 -.352
4 16 33.762 40 6 32.208 40 -2.3 28.636 40 -.352 29.656 40 4.78
3 16 29.656 40 4.78 30 40 10 33.762 40 6
2 24 26.9384 36 -17.3912 25.386 36 -16.1807
2 24 25.386 36 -16.1807 22.3709 36 -13.4005
1 16 30 36 -30 0 0 1 0 -1 0 1 0 0 1-8stud4.dat
1 16 30 36 -30 0 0 -1 0 -1 0 1 0 0 1-8stud4.dat
2 24 30.295 40 -30.295 34.2426 40 -25.7574
2 24 30.295 36 -30.295 34.2426 36 -25.7574
2 24 34.2426 40 -25.7574 34.2426 36 -25.7574
4 16 30.295 36 -30.295 34.2426 36 -25.7574 34.2426 40 -25.7574 30.295 40 -30.295
2 24 45.0711 40 -13.6973 44.5061 39.4684 -14.7628
2 24 44.2578 38.3869 -15.1049 44.5061 39.4684 -14.7628
2 24 44.1228 36 -15.0256 44.2578 38.3869 -15.1049
2 24 37.5807 39.5524 -26.51 37.8081 38.3812 -26.0305
2 24 37.8081 38.3812 -26.0305 37.6776 36 -25.9449
2 24 36.8046 40 -27.4386 37.5807 39.5524 -26.51
2 24 32.426 40 -32.426 36.8046 40 -27.4386
4 16 37.5807 39.5524 -26.51 37.332 34.78 -26.318 32.182 34.78 -32.182 32.426 40 -32.426
3 16 32.426 40 -32.426 36.8046 40 -27.4386 37.5807 39.5524 -26.51
2 24 41.7316 36 -19.8682 37.6776 36 -25.9449
4 16 37.6776 36 -25.9449 37.332 34.78 -26.318 37.5807 39.5524 -26.51 37.8081 38.3812 -26.0305
4 16 41.662 34.78 -19.828 37.332 34.78 -26.318 37.6776 36 -25.9449 41.7316 36 -19.8682
2 24 41.7316 36 -19.8682 44.1228 36 -15.0256
4 16 41.662 34.78 -19.828 41.7316 36 -19.8682 44.1228 36 -15.0256 45.116 34.78 -12.83
4 16 45.434 40 -12.962 45.116 34.78 -12.83 44.1228 36 -15.0256 45.0711 40 -13.6973
4 16 44.1228 36 -15.0256 44.2578 38.3869 -15.1049 44.5061 39.4684 -14.7628 45.0711 40 -13.6973
2 24 45.0711 40 -13.6973 45.434 40 -12.962
2 24 45.434 40 -12.962 47.954 40 -5.528
2 24 47.954 40 -5.528 49.484 40 2.17
2 24 49.484 40 2.17 50 40 10
2 24 37.6776 36 -25.9449 35.6568 36 -24.3432
4 16 37.6776 36 -25.9449 37.8081 38.3812 -26.0305 35.6568 40 -24.3432 35.6568 36 -24.3432
3 16 36.8046 40 -27.4386 34.2426 40 -25.7574 35.6568 40 -24.3432
3 16 36.8046 40 -27.4386 35.6568 40 -24.3432 37.5807 39.5524 -26.51
3 16 37.5807 39.5524 -26.51 35.6568 40 -24.3432 37.8081 38.3812 -26.0305
4 16 32.426 40 -32.426 30.295 40 -30.295 34.2426 40 -25.7574 36.8046 40 -27.4386
2 24 45.8025 40 -1.4908 46.9 40 6
2 24 44.125 40 -7.922 45.8025 40 -1.4908
2 24 42.4708 40 -12.4133 41.9058 39.4684 -13.4788
2 24 41.7105 38.3869 -13.8472 41.9058 39.4684 -13.4788
2 24 41.7105 36 -13.8472 41.7105 38.3869 -13.8472
2 24 42.4708 40 -12.4133 44.125 40 -7.922
2 24 46.9 40 6 33.762 40 6
2 24 46.9 36 6 33.762 36 6
2 24 46.9 36 6 46.9 40 6
4 16 46.9 40 6 46.9 36 6 33.762 36 6 33.762 40 6
4 16 50 40 10 46.9 40 6 33.762 40 6 30 40 10
2 24 45.8025 36 -1.4908 46.9 36 6
2 24 44.125 36 -7.922 45.8025 36 -1.4908
2 24 42.4708 36 -12.4133 44.125 36 -7.922
4 16 45.8025 40 -1.4908 45.8025 36 -1.4908 46.9 36 6 46.9 40 6
4 16 44.125 36 -7.922 45.8025 36 -1.4908 45.8025 40 -1.4908 44.125 40 -7.922
4 16 42.4708 36 -12.4133 44.125 36 -7.922 44.125 40 -7.922 42.4708 40 -12.4133
4 16 42.4708 36 -12.4133 42.4708 40 -12.4133 41.7105 38.3869 -13.8472 41.7105 36 -13.8472
3 16 41.9058 39.4684 -13.4788 41.7105 38.3869 -13.8472 42.4708 40 -12.4133
2 24 41.7105 36 -13.8472 42.4708 36 -12.4133
4 16 44.1228 36 -15.0256 41.7105 36 -13.8472 41.7105 38.3869 -13.8472 44.2578 38.3869 -15.1049
4 16 44.2578 38.3869 -15.1049 41.7105 38.3869 -13.8472 41.9058 39.4684 -13.4788 44.5061 39.4684 -14.7628
4 16 44.5061 39.4684 -14.7628 41.9058 39.4684 -13.4788 42.4708 40 -12.4133 45.0711 40 -13.6973
4 16 45.434 40 -12.962 45.0711 40 -13.6973 42.4708 40 -12.4133 44.125 40 -7.922
4 16 45.434 40 -12.962 44.125 40 -7.922 45.8025 40 -1.4908 47.954 40 -5.528
4 16 47.954 40 -5.528 45.8025 40 -1.4908 46.9 40 6 49.484 40 2.17
3 16 49.484 40 2.17 46.9 40 6 50 40 10
2 24 41.7105 36 -13.8472 44.1228 36 -15.0256
4 16 32.208 36 -2.3 33.762 36 6 46.9 36 6 45.8025 36 -1.4908
4 16 32.208 36 -2.3 45.8025 36 -1.4908 44.125 36 -7.922 31.6233 36 -4.2309
4 16 29.291 36 -9.659 31.6233 36 -4.2309 44.125 36 -7.922 42.4708 36 -12.4133
4 16 29.291 36 -9.659 42.4708 36 -12.4133 41.7105 36 -13.8472 26.3082 36 -14.8465
4 16 26.3082 36 -14.8465 41.7105 36 -13.8472 44.1228 36 -15.0256 41.7316 36 -19.8682
4 16 25.386 36 -16.1807 26.3082 36 -14.8465 41.7316 36 -19.8682 37.6776 36 -25.9449
4 16 25.386 36 -16.1807 37.6776 36 -25.9449 34.2426 36 -25.7574 21.736 36 -14.352
4 16 21.736 36 -14.352 34.2426 36 -25.7574 30.295 36 -30.295 18.284 36 -18.284
3 16 21.736 36 -14.352 22.3709 36 -13.4005 25.386 36 -16.1807
5 24 11.3891 4.31 -2.349 10 4.2652 -4.1593 15.3893 5.228 -4.6585 10 4.2042 -1.547
5 24 26.9384 40 -17.3912 25.386 38.417 -16.1807 26.9384 36 -17.3912 25.6625 39.543 -15.7663
5 24 39.324 24.692 -18.478 42.622 24.692 -11.798 40.778 29.648 -19.318 40.482 20 -10.91
5 24 36.9073 18.083 -2.5688 38.562 18.083 10 33.9071 14.544 -1.7649 41.176 22 10
5 24 46.636 29.648 -5.174 48.132 29.648 2.348 47.622 34.78 -5.438 46.466 24.692 2.568
5 24 37.868 11.716 3.698 38.284 11.716 10 34.352 8.264 10 41.292 15.648 3.248
5 24 29.656 5.36 4.78 28.636 5.36 -.352 32.84 8.264 -1.478 25.004 3.044 5.392
5 24 34.61 11.716 -8.478 36.638 11.716 -2.496 37.798 15.648 -9.8 32.84 8.264 -1.478
5 24 34.61 11.716 -8.478 31.814 11.716 -14.142 30.976 8.264 -6.974 34.804 15.648 -15.868
5 24 21.362 8.264 -21.362 25.188 8.264 -17.002 24.142 11.716 -24.142 21.736 5.36 -14.352
5 24 32.0559 18.083 -14.281 29.3661 14.544 -12.728 33.9071 14.544 -1.7649 24.3385 18.083 -24.3385
5 24 19.2517 6.74 -6.8885 15.3893 5.228 -4.6585 18.318 5.228 2.4122 13.8839 6.74 -13.8839
5 24 15.004 .344 6.708 20.09 1.364 6.04 20.352 1.364 10 14.36 .344 3.474
5 24 45.014 24.692 -4.74 46.636 29.648 -5.174 48.132 29.648 2.348 42.622 24.692 -11.798
5 24 10 4.8779 -10 15.3893 5.228 -4.6585 10 4.2652 -4.1593 19.2517 6.74 -6.8885
5 24 14.36 .344 3.474 15.004 .344 6.708 19.316 1.364 2.144 9.828 0 7.39
5 24 34.804 15.648 -15.868 37.798 15.648 -9.8 37.318 20 -17.32 34.61 11.716 -8.478
5 24 29.656 5.36 4.78 30 5.36 10 33.97 8.264 4.212 25.308 3.044 10
5 24 19.316 1.364 2.144 24.104 3.044 .862 25.004 3.044 5.392 18.042 1.364 -1.616
5 24 36.638 11.716 -2.496 39.972 15.648 -3.39 41.292 15.648 3.248 34.61 11.716 -8.478
5 24 14.36 .344 3.474 19.316 1.364 2.144 20.09 1.364 6.04 13.3 .344 .348
5 24 25.188 8.264 -17.002 28.308 11.716 -19.396 31.814 11.716 -14.142 21.362 8.264 -21.362
5 24 25.004 3.044 5.392 29.656 5.36 4.78 30 5.36 10 24.104 3.044 .862
5 24 36.522 29.648 -25.698 37.332 34.78 -26.318 31.462 29.648 -31.462 41.662 34.78 -19.828
5 24 5.868 0 -2.176 10.01 .344 -5.354 11.84 .344 -2.61 4.142 0 -4.142
5 24 28.636 5.36 -.352 32.84 8.264 -1.478 33.97 8.264 4.212 26.956 5.36 -5.308
5 24 39.972 15.648 -3.39 42.776 20 -4.14 44.17 20 2.87 37.798 15.648 -9.8
5 24 29.656 5.36 4.78 33.97 8.264 4.212 34.352 8.264 10 28.636 5.36 -.352
5 24 20.09 1.364 6.04 20.352 1.364 10 25.004 3.044 5.392 15.22 .344 10
5 24 44.17 20 2.87 46.466 24.692 2.568 42.776 20 -4.14 46.956 24.692 10
5 24 33.97 8.264 4.212 37.868 11.716 3.698 38.284 11.716 10 32.84 8.264 -1.478
5 24 23.2839 40 -12.0322 26.3082 40 -14.8465 25.6625 39.543 -15.7663 24.64 40 -10
5 24 24.104 3.044 .862 28.636 5.36 -.352 29.656 5.36 4.78 22.622 3.044 -3.512
5 24 37.868 11.716 3.698 41.292 15.648 3.248 36.638 11.716 -2.496 41.736 15.648 10
5 24 15.004 .344 6.708 15.22 .344 10 20.09 1.364 6.04 10 0 10
5 24 45.014 24.692 -4.74 42.622 24.692 -11.798 44.174 29.648 -12.44 42.776 20 -4.14
5 24 32.182 34.78 -32.182 37.332 34.78 -26.318 32.426 40 -32.426 36.522 29.648 -25.698
5 24 8.478 0 2.346 13.3 .344 .348 7.32 0 0 14.36 .344 3.474
5 24 36.1245 26.223 -16.63 41.4452 26.223 -3.7847 34.3197 22 -15.588 43.3191 32 -4.2868
5 24 29.3661 14.544 -12.728 26.3012 11.438 -10.9585 30.4887 11.438 -.8489 22.1422 14.544 -22.1422
5 24 36.638 11.716 -2.496 37.868 11.716 3.698 39.972 15.648 -3.39 33.97 8.264 4.212
5 24 24.104 3.044 .862 25.004 3.044 5.392 28.636 5.36 -.352 20.09 1.364 6.04
5 24 25.386 38.417 -16.1807 25.386 36 -16.1807 26.9384 40 -17.3912 22.3709 36 -13.4005
5 24 40.482 20 -10.91 42.776 20 -4.14 42.622 24.692 -11.798 39.972 15.648 -3.39
5 24 45.116 34.78 -12.83 47.622 34.78 -5.438 45.434 40 -12.962 46.636 29.648 -5.174
5 24 34.3197 22 -15.588 32.0559 18.083 -14.281 36.9073 18.083 -2.5688 26.1869 22 -26.1869
5 24 41.7105 38.3869 -13.8472 44.2578 38.3869 -15.1049 41.9058 39.4684 -13.4788 44.1228 36 -15.0256
5 24 21.736 36 -14.352 21.736 32 -14.352 24.64 32 -10 18.284 36 -18.284
5 24 28 8.824 10 26.7052 8.824 .1649 31.917 11.438 10 22.6261 6.74 1.2579
5 24 32.84 8.264 -1.478 36.638 11.716 -2.496 37.868 11.716 3.698 30.976 8.264 -6.974
5 24 26.956 5.36 -5.308 30.976 8.264 -6.974 32.84 8.264 -1.478 24.64 5.36 -10
5 24 35.6568 40 -24.3432 37.8081 38.3812 -26.0305 37.5807 39.5524 -26.51 35.6568 36 -24.3432
5 24 28.308 11.716 -19.396 31.048 15.648 -21.496 34.804 15.648 -15.868 24.142 11.716 -24.142
5 24 13.8564 4.31 3.6077 14.698 4.31 10 10 4.0466 4.641 19.317 5.228 10
5 24 25.386 38.417 -16.1807 25.6625 39.543 -15.7663 26.9384 40 -17.3912 22.3709 38.417 -13.4005
5 24 19.316 1.364 2.144 20.09 1.364 6.04 24.104 3.044 .862 15.004 .344 6.708
5 24 18.318 5.228 2.4122 13.8564 4.31 3.6077 15.3893 5.228 -4.6585 14.698 4.31 10
5 24 18.318 5.228 2.4122 19.317 5.228 10 13.8564 4.31 3.6077 23.777 6.74 10
5 24 39.972 15.648 -3.39 41.292 15.648 3.248 42.776 20 -4.14 37.868 11.716 3.698
5 24 20.576 3.044 -7.654 18.014 3.044 -11.496 21.736 5.36 -14.352 16.284 1.364 -5.176
5 24 49.142 34.78 2.214 49.484 40 2.17 47.622 34.78 -5.438 50 40 10
5 24 39.324 24.692 -18.478 40.778 29.648 -19.318 44.174 29.648 -12.44 35.188 24.692 -24.674
5 24 10.01 .344 -5.354 14.082 1.364 -8.478 16.284 1.364 -5.176 7.834 .344 -7.834
5 24 33.352 20 -23.264 37.318 20 -17.32 35.188 24.692 -24.674 34.804 15.648 -15.868
5 24 44.125 40 -7.922 44.125 36 -7.922 42.4708 40 -12.4133 45.8025 36 -1.4908
5 24 35.6568 40 -24.3432 36.8046 40 -27.4386 37.5807 39.5524 -26.51 34.2426 40 -25.7574
5 24 36.9073 18.083 -2.5688 33.9071 14.544 -1.7649 35.456 14.544 10 32.0559 18.083 -14.281
5 24 22.909 8.824 -9 19.2517 6.74 -6.8885 22.6261 6.74 1.2579 16.8701 8.824 -16.8701
5 24 46.466 24.692 2.568 48.132 29.648 2.348 45.014 24.692 -4.74 48.636 29.648 10
5 24 14.36 .344 3.474 13.3 .344 .348 9.318 0 4.824 18.042 1.364 -1.616
5 24 10.01 .344 -5.354 11.84 .344 -2.61 14.082 1.364 -8.478 7.32 0 0
5 24 16.8701 8.824 -16.8701 22.909 8.824 -9 13.8839 6.74 -13.8839 26.3012 11.438 -10.9585
5 24 35.188 24.692 -24.674 39.324 24.692 -18.478 36.522 29.648 -25.698 37.318 20 -17.32
5 24 30.4887 11.438 -.8489 26.7052 8.824 .1649 28 8.824 10 26.3012 11.438 -10.9585
5 24 32.84 8.264 -1.478 33.97 8.264 4.212 36.638 11.716 -2.496 29.656 5.36 4.78
5 24 16.284 1.364 -5.176 18.042 1.364 -1.616 20.576 3.044 -7.654 13.3 .344 .348
5 24 28.408 8.264 -12.176 30.976 8.264 -6.974 26.956 5.36 -5.308 31.814 11.716 -14.142
5 24 32.0559 18.083 -14.281 36.9073 18.083 -2.5688 29.3661 14.544 -12.728 39.4322 22 -3.2453
5 24 41.9058 39.4684 -13.4788 44.5061 39.4684 -14.7628 42.4708 40 -12.4133 44.2578 38.3869 -15.1049
5 24 45.434 40 -12.962 45.116 34.78 -12.83 47.954 40 -5.528 44.1228 36 -15.0256
5 24 41.736 15.648 10 41.292 15.648 3.248 38.284 11.716 10 44.17 20 2.87
5 24 11.3891 4.31 -2.349 13.8564 4.31 3.6077 10 4.2042 -1.547 18.318 5.228 2.4122
5 24 44.174 29.648 -12.44 46.636 29.648 -5.174 45.116 34.78 -12.83 45.014 24.692 -4.74
5 24 25.188 8.264 -17.002 28.408 8.264 -12.176 28.308 11.716 -19.396 24.64 5.36 -10
5 24 44.174 29.648 -12.44 45.116 34.78 -12.83 47.622 34.78 -5.438 40.778 29.648 -19.318
5 24 9.318 0 4.824 14.36 .344 3.474 15.004 .344 6.708 8.478 0 2.346
5 24 31.048 15.648 -21.496 34.804 15.648 -15.868 33.352 20 -23.264 31.814 11.716 -14.142
5 24 42.622 24.692 -11.798 44.174 29.648 -12.44 46.636 29.648 -5.174 39.324 24.692 -18.478
5 24 8.478 0 2.346 7.32 0 0 9.318 0 4.824 11.84 .344 -2.61
5 24 7.32 0 0 11.84 .344 -2.61 13.3 .344 .348 5.868 0 -2.176
5 24 18.014 3.044 -11.496 21.736 5.36 -14.352 24.64 5.36 -10 14.966 3.044 -14.966
5 24 13.3 .344 .348 18.042 1.364 -1.616 11.84 .344 -2.61 19.316 1.364 2.144
5 24 47.622 34.78 -5.438 49.142 34.78 2.214 48.132 29.648 2.348 47.954 40 -5.528
5 24 40.778 29.648 -19.318 41.662 34.78 -19.828 45.116 34.78 -12.83 36.522 29.648 -25.698
5 24 35.188 24.692 -24.674 36.522 29.648 -25.698 40.778 29.648 -19.318 30.274 24.692 -30.274
5 24 44.17 20 2.87 44.64 20 10 46.466 24.692 2.568 41.736 15.648 10
5 24 42.776 20 -4.14 44.17 20 2.87 45.014 24.692 -4.74 41.292 15.648 3.248
5 24 24.142 11.716 -24.142 28.308 11.716 -19.396 26.582 15.648 -26.582 25.188 8.264 -17.002
5 24 37.8046 32 -17.6 36.1245 26.223 -16.63 29.0323 32 -29.0323 41.4452 26.223 -3.7847
5 24 36.522 29.648 -25.698 40.778 29.648 -19.318 39.324 24.692 -18.478 37.332 34.78 -26.318
5 24 41.4452 26.223 -3.7847 39.4322 22 -3.2453 41.176 22 10 36.1245 26.223 -16.63
5 24 13.8839 6.74 -13.8839 19.2517 6.74 -6.8885 10 4.8779 -10 22.909 8.824 -9
5 24 24.64 5.36 -10 28.408 8.264 -12.176 30.976 8.264 -6.974 21.736 5.36 -14.352
5 24 26.7052 8.824 .1649 22.6261 6.74 1.2579 22.909 8.824 -9 23.777 6.74 10
5 24 25.6625 39.543 -15.7663 26.9384 40 -17.3912 26.3082 40 -14.8465 25.386 38.417 -16.1807
5 24 45.116 34.78 -12.83 41.662 34.78 -19.828 44.174 29.648 -12.44 41.7316 36 -19.8682
5 24 46.466 24.692 2.568 46.956 24.692 10 48.132 29.648 2.348 44.64 20 10
5 24 25.004 3.044 5.392 25.308 3.044 10 29.656 5.36 4.78 20.352 1.364 10
5 24 31.814 11.716 -14.142 34.804 15.648 -15.868 28.308 11.716 -19.396 37.798 15.648 -9.8
5 24 42.4708 40 -12.4133 42.4708 36 -12.4133 44.125 36 -7.922 41.7105 38.3869 -13.8472
5 24 29.291 40 -9.659 29.291 36 -9.659 31.6233 40 -4.2309 26.3082 36 -14.8465
5 24 34.804 15.648 -15.868 37.318 20 -17.32 31.048 15.648 -21.496 40.482 20 -10.91
5 24 33.9071 14.544 -1.7649 35.456 14.544 10 30.4887 11.438 -.8489 38.562 18.083 10
5 24 10 0 10 9.828 0 7.39 -10 0 10 15.004 .344 6.708
5 24 11.462 1.364 -11.462 14.082 1.364 -8.478 14.966 3.044 -14.966 10.01 .344 -5.354
5 24 40.778 29.648 -19.318 44.174 29.648 -12.44 41.662 34.78 -19.828 42.622 24.692 -11.798
5 24 20.576 3.044 -7.654 22.622 3.044 -3.512 24.64 5.36 -10 18.042 1.364 -1.616
5 24 21.736 5.36 -14.352 25.188 8.264 -17.002 28.408 8.264 -12.176 18.284 5.36 -18.284
5 24 31.048 15.648 -21.496 33.352 20 -23.264 37.318 20 -17.32 26.582 15.648 -26.582
5 24 42.4708 40 -12.4133 45.0711 40 -13.6973 44.125 40 -7.922 44.5061 39.4684 -14.7628
5 24 18.042 1.364 -1.616 22.622 3.044 -3.512 16.284 1.364 -5.176 24.104 3.044 .862
5 24 22.6474 39.543 -12.9862 25.6625 39.543 -15.7663 23.2839 40 -12.0322 25.386 38.417 -16.1807
5 24 22.909 8.824 -9 26.7052 8.824 .1649 19.2517 6.74 -6.8885 30.4887 11.438 -.8489
5 24 39.4322 22 -3.2453 36.9073 18.083 -2.5688 38.562 18.083 10 34.3197 22 -15.588
5 24 11.84 .344 -2.61 13.3 .344 .348 16.284 1.364 -5.176 8.478 0 2.346
5 24 40.482 20 -10.91 42.622 24.692 -11.798 45.014 24.692 -4.74 37.318 20 -17.32
5 24 22.1422 14.544 -22.1422 29.3661 14.544 -12.728 19.6398 11.438 -19.6398 32.0559 18.083 -14.281
5 24 24.3385 18.083 -24.3385 32.0559 18.083 -14.281 22.1422 14.544 -22.1422 34.3197 22 -15.588
5 24 5.868 0 -2.176 4.142 0 -4.142 7.834 .344 -7.834 7.32 0 0
5 24 19.6398 11.438 -19.6398 26.3012 11.438 -10.9585 16.8701 8.824 -16.8701 29.3661 14.544 -12.728
5 24 9.318 0 4.824 8.478 0 2.346 -10 0 10 13.3 .344 .348
5 24 14.082 1.364 -8.478 16.284 1.364 -5.176 18.014 3.044 -11.496 11.84 .344 -2.61
5 24 10 4.2042 -1.547 11.3891 4.31 -2.349 10 4.0466 4.641 10 4.2652 -4.1593
5 24 18.284 5.36 -18.284 21.736 5.36 -14.352 21.362 8.264 -21.362 18.014 3.044 -11.496
5 24 28.408 8.264 -12.176 31.814 11.716 -14.142 25.188 8.264 -17.002 34.61 11.716 -8.478
5 24 13.8564 4.31 3.6077 10 4.0466 4.641 11.3891 4.31 -2.349 10 4 10
5 24 30.4887 11.438 -.8489 31.917 11.438 10 26.7052 8.824 .1649 35.456 14.544 10
5 24 26.3012 11.438 -10.9585 22.909 8.824 -9 26.7052 8.824 .1649 19.6398 11.438 -19.6398
5 24 33.97 8.264 4.212 34.352 8.264 10 37.868 11.716 3.698 30 5.36 10
5 24 34.3197 22 -15.588 26.1869 22 -26.1869 36.1245 26.223 -16.63 24.3385 18.083 -24.3385
5 24 18.042 1.364 -1.616 19.316 1.364 2.144 22.622 3.044 -3.512 14.36 .344 3.474
5 24 36.1245 26.223 -16.63 34.3197 22 -15.588 39.4322 22 -3.2453 27.6605 26.223 -27.6605
5 24 11.84 .344 -2.61 16.284 1.364 -5.176 18.042 1.364 -1.616 10.01 .344 -5.354
5 24 34.3197 22 -15.588 39.4322 22 -3.2453 32.0559 18.083 -14.281 41.4452 26.223 -3.7847
5 24 9.828 0 7.39 9.318 0 4.824 10 0 10 14.36 .344 3.474
5 24 19.2517 6.74 -6.8885 22.6261 6.74 1.2579 15.3893 5.228 -4.6585 26.7052 8.824 .1649
5 24 46.636 29.648 -5.174 47.622 34.78 -5.438 49.142 34.78 2.214 44.174 29.648 -12.44
5 24 9.828 0 7.39 15.004 .344 6.708 15.22 .344 10 9.318 0 4.824
5 24 41.292 15.648 3.248 44.17 20 2.87 39.972 15.648 -3.39 44.64 20 10
5 24 27.6605 26.223 -27.6605 36.1245 26.223 -16.63 37.8046 32 -17.6 26.1869 22 -26.1869
5 24 15.3893 5.228 -4.6585 11.3891 4.31 -2.349 13.8564 4.31 3.6077 10 4.8779 -10
5 24 24.64 5.36 -10 26.956 5.36 -5.308 28.408 8.264 -12.176 22.622 3.044 -3.512
5 24 49.142 34.78 2.214 49.656 34.78 10 49.484 40 2.17 48.636 29.648 10
5 24 26.3082 40 -14.8465 26.9384 40 -17.3912 27.7038 40 -15.5434 25.6625 39.543 -15.7663
5 24 15.3893 5.228 -4.6585 18.318 5.228 2.4122 11.3891 4.31 -2.349 22.6261 6.74 1.2579
5 24 37.798 15.648 -9.8 39.972 15.648 -3.39 40.482 20 -10.91 36.638 11.716 -2.496
5 24 16.284 1.364 -5.176 20.576 3.044 -7.654 22.622 3.044 -3.512 14.082 1.364 -8.478
5 24 20.09 1.364 6.04 25.004 3.044 5.392 25.308 3.044 10 19.316 1.364 2.144
5 24 26.3012 11.438 -10.9585 30.4887 11.438 -.8489 22.909 8.824 -9 33.9071 14.544 -1.7649
5 24 14.082 1.364 -8.478 18.014 3.044 -11.496 20.576 3.044 -7.654 11.462 1.364 -11.462
5 24 33.9071 14.544 -1.7649 29.3661 14.544 -12.728 26.3012 11.438 -10.9585 36.9073 18.083 -2.5688
5 24 45.014 24.692 -4.74 46.466 24.692 2.568 46.636 29.648 -5.174 44.17 20 2.87
5 24 41.662 34.78 -19.828 37.332 34.78 -26.318 40.778 29.648 -19.318 37.6776 36 -25.9449
5 24 20.576 3.044 -7.654 24.64 5.36 -10 26.956 5.36 -5.308 18.014 3.044 -11.496
5 24 22.3709 38.417 -13.4005 25.386 38.417 -16.1807 22.6474 39.543 -12.9862 25.386 36 -16.1807
5 24 45.8025 40 -1.4908 45.8025 36 -1.4908 46.9 36 6 44.125 40 -7.922
5 24 42.776 20 -4.14 45.014 24.692 -4.74 46.466 24.692 2.568 40.482 20 -10.91
5 24 37.318 20 -17.32 40.482 20 -10.91 39.324 24.692 -18.478 37.798 15.648 -9.8
5 24 22.622 3.044 -3.512 26.956 5.36 -5.308 20.576 3.044 -7.654 28.636 5.36 -.352
5 24 41.4452 26.223 -3.7847 43.3191 32 -4.2868 43.26 26.223 10 37.8046 32 -17.6
5 24 34.61 11.716 -8.478 37.798 15.648 -9.8 39.972 15.648 -3.39 31.814 11.716 -14.142
5 24 39.4322 22 -3.2453 41.176 22 10 36.9073 18.083 -2.5688 43.26 26.223 10
5 24 37.332 34.78 -26.318 37.5807 39.5524 -26.51 37.8081 38.3812 -26.0305 32.182 34.78 -32.182
5 24 37.798 15.648 -9.8 40.482 20 -10.91 42.776 20 -4.14 34.804 15.648 -15.868
5 24 37.318 20 -17.32 39.324 24.692 -18.478 33.352 20 -23.264 42.622 24.692 -11.798
5 24 31.462 29.648 -31.462 36.522 29.648 -25.698 32.182 34.78 -32.182 35.188 24.692 -24.674
5 24 33.9071 14.544 -1.7649 30.4887 11.438 -.8489 31.917 11.438 10 29.3661 14.544 -12.728
5 24 26.582 15.648 -26.582 31.048 15.648 -21.496 28.636 20 -28.636 28.308 11.716 -19.396
5 24 43.26 26.223 10 41.4452 26.223 -3.7847 39.4322 22 -3.2453 45.2 32 10
5 24 21.736 5.36 -14.352 24.64 5.36 -10 25.188 8.264 -17.002 20.576 3.044 -7.654
5 24 30.976 8.264 -6.974 32.84 8.264 -1.478 34.61 11.716 -8.478 28.636 5.36 -.352
5 24 33.352 20 -23.264 28.636 20 -28.636 30.274 24.692 -30.274 31.048 15.648 -21.496
5 24 25.6625 39.543 -15.7663 26.3082 40 -14.8465 22.6474 39.543 -12.9862 26.9384 40 -17.3912
5 24 35.6568 40 -24.3432 37.5807 39.5524 -26.51 37.8081 38.3812 -26.0305 36.8046 40 -27.4386
5 24 47.622 34.78 -5.438 47.954 40 -5.528 45.116 34.78 -12.83 49.484 40 2.17
5 24 26.956 5.36 -5.308 28.636 5.36 -.352 30.976 8.264 -6.974 24.104 3.044 .862
5 24 22.622 3.044 -3.512 24.104 3.044 .862 26.956 5.36 -5.308 19.316 1.364 2.144
5 24 30.274 24.692 -30.274 35.188 24.692 -24.674 31.462 29.648 -31.462 33.352 20 -23.264
5 24 30.976 8.264 -6.974 34.61 11.716 -8.478 36.638 11.716 -2.496 28.408 8.264 -12.176
5 24 28.308 11.716 -19.396 31.814 11.716 -14.142 31.048 15.648 -21.496 28.408 8.264 -12.176
5 24 41.662 34.78 -19.828 41.7316 36 -19.8682 44.1228 36 -15.0256 37.332 34.78 -26.318
5 24 48.132 29.648 2.348 48.636 29.648 10 49.142 34.78 2.214 46.956 24.692 10
5 24 14.966 3.044 -14.966 18.014 3.044 -11.496 18.284 5.36 -18.284 14.082 1.364 -8.478
5 24 22.6261 6.74 1.2579 18.318 5.228 2.4122 19.2517 6.74 -6.8885 19.317 5.228 10
5 24 7.834 .344 -7.834 10.01 .344 -5.354 11.462 1.364 -11.462 5.868 0 -2.176
5 24 48.132 29.648 2.348 49.142 34.78 2.214 49.656 34.78 10 46.636 29.648 -5.174
5 24 22.6261 6.74 1.2579 23.777 6.74 10 28 8.824 10 18.318 5.228 2.4122
5 24 33.352 20 -23.264 35.188 24.692 -24.674 39.324 24.692 -18.478 28.636 20 -28.636
5 24 7.32 0 0 5.868 0 -2.176 -10 0 10 10.01 .344 -5.354
4 16 10 8 -10 6 8 -6 6 8 6 10 8 10
4 16 6 8 6 -6 8 6 -10 8 10 10 8 10