0 ~Technic Dome  4 x  4 x  2 with Pin Hole Dark Pink / Dark Azure / Black Marking Soccer Ball Quarter Pattern
0 Name: s\8181p01s01.dat
0 Author: Philippe Hurbain [Philo]
0 !LDRAW_ORG Unofficial_Subpart
0 !LICENSE Licensed under CC BY 4.0 : see CAreadme.txt

0 BFC CERTIFY CCW

4 0 28.3882 -27.4608 5.6468 31.0577 -24.3505 6.1778 29.3185 -24.3505 12.1441 26.7806 -27.4829 11.0928
4 0 31.1355 -21.4071 12.8967 31.1234 -20 15.0424 30 -20 17.3205 29.3185 -24.3505 12.1441
3 0 30 -20 17.3205 26.3295 -24.3505 17.5928 29.3185 -24.3505 12.1441
4 0 31.0577 -24.3505 6.1778 31.1725 -24.1426 6.311 31.1476 -22.4294 10.7406 29.3185 -24.3505 12.1441
3 0 30 -20 17.3205 31.1234 -20 15.0424 31.107 -17.408 17.9596
3 0 30.6528 -10.3528 23.5207 31.263 -10.3528 22.6074 31.181 -7.0055 23.926
3 0 31.0577 -24.3505 6.1778 31.1736 -24.1971 6.1194 31.1725 -24.1426 6.311
3 0 6.1778 -24.3505 31.0577 6.1102 -24.1729 31.1919 4.8054 -24.3505 31.208
4 0 5.6248 -27.5899 28.2774 11.0646 -27.5671 26.7124 12.1441 -24.3505 29.3185 6.1778 -24.3505 31.0577
3 0 15.6803 -28.2843 23.4672 13.6603 -30.6505 21.516 13.4994 -31.7341 20.2033
3 0 14.1421 -34.641 14.1421 13.793 -33.0619 17.4346 13.8269 -34.641 14.3527
3 0 14.1421 -34.641 14.1421 13.8269 -34.641 14.3527 13.8327 -34.8568 13.8327
3 0 17.2184 -31.7341 17.2184 13.4994 -31.7341 20.2033 13.7691 -31.938 19.5979
4 0 10.7504 -22.4428 31.1348 6.3304 -24.1124 31.1892 6.1778 -24.3505 31.0577 12.1441 -24.3505 29.3185
3 0 12.6356 -32.1636 19.9483 13.5566 -31.993 19.6636 13.4994 -31.7341 20.2033
3 0 12.7081 -37.4821 5.2639 11.2697 -37.8153 5.6835 11.2549 -38.016 4.6619
4 0 11.2068 -38.2572 1.3319 13.349 -37.3239 4.3851 12.7081 -37.4821 5.2639 11.2549 -38.016 4.6619
4 0 4.8924 -34.641 19.0269 7.1022 -34.641 18.5873 7.4143 -34.4022 18.9175 6.4839 -33.4737 20.6274
4 0 3.6638 -35.3709 17.7912 5.1363 -35.8591 16.5083 7.1022 -34.641 18.5873 4.8924 -34.641 19.0269
3 0 17.881 -34.9594 7.4066 18.2916 -34.8222 6.7414 18.3043 -34.7335 7.5819
3 0 18.2799 -34.2705 9.0239 14.1421 -34.641 14.1421 18.3016 -34.641 7.917
3 0 17.4277 -26.4548 24.1098 15.6803 -28.2843 23.4672 17.6879 -28.2843 21.8558
3 0 17.1229 -24.3505 26.5873 16.5393 -20.6566 29.8971 12.1441 -24.3505 29.3185
3 0 18.1074 -31.7341 16.1107 18.0022 -30.762 18.0022 17.2184 -31.7341 17.2184
3 0 17.7305 -18.3372 30.7101 18.3667 -16.9571 31.1018 17.9577 -17.4159 31.1036
3 0 12.8926 -21.4232 31.1255 10.7504 -22.4428 31.1348 12.1441 -24.3505 29.3185
3 0 6.3304 -24.1124 31.1892 6.1102 -24.1729 31.1919 6.1778 -24.3505 31.0577
3 0 30.384 -10.3528 23.8272 29.8358 -13.3864 22.8938 30.6528 -10.3528 23.5207
4 0 30.7825 -5.221 24.9177 30.384 -10.3528 23.8272 30.6528 -10.3528 23.5207 31.181 -7.0055 23.926
4 0 28.3882 -27.4608 5.6468 28.9496 -27.52565 0 31.2376 -24.91665 0 31.1796 -24.3505 5.0649
3 0 31.1476 -22.4294 10.7406 31.1355 -21.4071 12.8967 29.3185 -24.3505 12.1441
3 0 31.1796 -24.3505 5.0649 31.1736 -24.1971 6.1194 31.0577 -24.3505 6.1778
3 0 31.086 -5.221 24.5715 30.74165 -2.9868 25.18585 30.7825 -5.221 24.9177
3 0 14.1421 -34.641 14.1421 13.8327 -34.8568 13.8327 13.8428 -35.1103 12.9101
4 0 14.1421 -34.641 14.1421 13.8428 -35.1103 12.9101 17.417 -34.985 8.0094 18.3016 -34.641 7.917
4 0 18.3043 -34.7335 7.5819 18.3016 -34.641 7.917 17.417 -34.985 8.0094 17.881 -34.9594 7.4066
3 0 31.263 -10.3528 22.6074 30.6528 -10.3528 23.5207 29.8358 -13.3864 22.8938
4 0 31.263 -10.3528 22.6074 29.8358 -13.3864 22.8938 29.4636 -15.3073 22.2797 31.3063 -15.3073 19.5219
4 0 17.2184 -31.7341 17.2184 14.1421 -34.641 14.1421 18.1876 -32.7008 13.7131 18.1074 -31.7341 16.1107
4 0 25.1733 -25.9396 16.8202 24.8055 -27.4975 14.6669 26.7806 -27.4829 11.0928 29.3185 -24.3505 12.1441
3 0 29.3185 -24.3505 12.1441 26.3295 -24.3505 17.5928 25.1733 -25.9396 16.8202
3 0 15.6803 -28.2843 23.4672 13.3363 -28.2843 24.7531 13.3745 -28.5631 24.3716
3 0 15.6803 -28.2843 23.4672 13.3745 -28.5631 24.3716 13.6603 -30.6505 21.516
4 0 9.6222 -31.0382 23.23 9.3185 -31.7341 22.4969 13.4994 -31.7341 20.2033 13.6603 -30.6505 21.516
3 0 9.3185 -31.7341 22.4969 8.1645 -33.7491 19.7108 9.3497 -32.6273 20.9642
4 0 13.4994 -31.7341 20.2033 9.3185 -31.7341 22.4969 9.3497 -32.6273 20.9642 12.6356 -32.1636 19.9483
3 0 13.4994 -31.7341 20.2033 13.5566 -31.993 19.6636 13.7691 -31.938 19.5979
4 0 14.1421 -34.641 14.1421 17.2184 -31.7341 17.2184 13.7691 -31.938 19.5979 13.793 -33.0619 17.4346
4 0 18.0022 -30.762 18.0022 17.6879 -28.2843 21.8558 15.6803 -28.2843 23.4672 13.4994 -31.7341 20.2033
3 0 13.4994 -31.7341 20.2033 17.2184 -31.7341 17.2184 18.0022 -30.762 18.0022
3 0 8.1645 -33.7491 19.7108 9.3185 -31.7341 22.4969 8.562 -31.7341 22.7174
4 0 7.4143 -34.4022 18.9175 8.1645 -33.7491 19.7108 8.562 -31.7341 22.7174 6.4839 -33.4737 20.6274
4 0 8.562 -31.7341 22.7174 9.3185 -31.7341 22.4969 9.6222 -31.0382 23.23 9.2351 -30.9946 23.3943
4 0 17.2335 -25.0896 25.7917 17.1229 -24.3505 26.5873 12.1441 -24.3505 29.3185 13.2631 -27.5579 25.5155
3 0 12.1441 -24.3505 29.3185 11.0646 -27.5671 26.7124 13.2631 -27.5579 25.5155
3 0 13.2631 -27.5579 25.5155 13.3176 -28.2843 24.7633 13.3363 -28.2843 24.7531
4 0 13.3363 -28.2843 24.7531 15.6803 -28.2843 23.4672 17.2335 -25.0896 25.7917 13.2631 -27.5579 25.5155
3 0 12.7081 -37.4821 5.2639 11.2917 -37.5162 7.2062 11.2697 -37.8153 5.6835
3 0 18.2799 -34.2705 9.0239 18.1876 -32.7008 13.7131 14.1421 -34.641 14.1421
3 0 17.4277 -26.4548 24.1098 17.2335 -25.0896 25.7917 15.6803 -28.2843 23.4672
4 0 16.9285 -20 30.1933 17.7305 -18.3372 30.7101 17.9577 -17.4159 31.1036 15.0571 -20 31.1162
3 0 0 -24.91665 31.2376 0 -27.52565 28.9496 4.8054 -24.3505 31.208
4 0 6.1778 -24.3505 31.0577 4.8054 -24.3505 31.208 0 -27.52565 28.9496 5.6248 -27.5899 28.2774
3 0 16.9285 -20 30.1933 15.0571 -20 31.1162 16.5393 -20.6566 29.8971
4 0 12.1441 -24.3505 29.3185 16.5393 -20.6566 29.8971 15.0571 -20 31.1162 12.8926 -21.4232 31.1255
4 0 28.0192 -20 20.285 26.6588 -23.1083 18.5908 26.3295 -24.3505 17.5928 30 -20 17.3205
3 0 31.3063 -15.3073 19.5219 29.4636 -15.3073 22.2797 31.107 -17.408 17.9596
4 0 30 -20 17.3205 31.107 -17.408 17.9596 29.4636 -15.3073 22.2797 28.0192 -20 20.285
3 0 31.086 -5.221 24.5715 30.7825 -5.221 24.9177 31.181 -7.0055 23.926
3 0 31.0577 -24.3505 6.1778 28.3882 -27.4608 5.6468 31.1796 -24.3505 5.0649
3 5 17.5928 -24.3505 26.3295 21.0881 -20 27.4826 17.3205 -20 30
4 5 17.4277 -26.4548 24.1098 18.8147 -24.3505 25.3488 17.5928 -24.3505 26.3295 17.2335 -25.0896 25.7917
3 5 17.3205 -20 30 17.7305 -18.3372 30.7101 16.9285 -20 30.1933
4 5 23.5207 -10.3528 30.6528 24.1421 -5.221 31.4626 23.7706 -5.221 31.7108 21.8953 -6.9279 32.5565
4 5 11.2697 -37.8153 5.6835 11.2917 -37.5162 7.2062 10.1965 -37.5426 8.7079 9.5089 -38.5364 4.5686
3 5 8.562 -31.7341 22.7174 7.8938 -31.0683 23.6983 7.2775 -31.7341 23.0919
4 5 7.2775 -31.7341 23.0919 5.8871 -32.8783 21.724 6.4839 -33.4737 20.6274 8.562 -31.7341 22.7174
3 5 13.6603 -30.6505 21.516 13.3395 -28.5766 24.3734 10.1639 -29.7969 24.5378
3 5 17.1229 -24.3505 26.5873 17.2335 -25.0896 25.7917 17.5928 -24.3505 26.3295
3 5 24.1578 -4.8282 31.483 23.7706 -5.221 31.7108 24.1421 -5.221 31.4626
3 5 16.9285 -20 30.1933 16.5393 -20.6566 29.8971 17.3205 -20 30
4 5 17.1229 -24.3505 26.5873 17.5928 -24.3505 26.3295 17.3205 -20 30 16.5393 -20.6566 29.8971
4 5 23.5207 -10.3528 30.6528 20.9395 -10.3528 32.3775 19.1273 -15.3073 31.57 22.4969 -15.3073 29.3185
4 5 21.0881 -20 27.4826 22.4969 -15.3073 29.3185 19.1273 -15.3073 31.57 18.3667 -16.9571 31.1018
4 5 17.3205 -20 30 21.0881 -20 27.4826 18.3667 -16.9571 31.1018 17.7305 -18.3372 30.7101
4 5 21.0881 -20 27.4826 17.5928 -24.3505 26.3295 18.8147 -24.3505 25.3488 21.1145 -20.0851 27.384
3 5 20.9395 -10.3528 32.3775 23.5207 -10.3528 30.6528 21.8953 -6.9279 32.5565
3 5 13.6603 -30.6505 21.516 13.3745 -28.5631 24.3716 13.3395 -28.5766 24.3734
4 5 4.8924 -34.641 19.0269 3.4394 -34.641 19.3159 1.4271 -35.9753 17.0105 3.6638 -35.3709 17.7912
4 5 5.1363 -35.8591 16.5083 3.6638 -35.3709 17.7912 1.4271 -35.9753 17.0105 3.827 -36.6703 15.1237
4 5 6.4839 -33.4737 20.6274 5.8871 -32.8783 21.724 3.4394 -34.641 19.3159 4.8924 -34.641 19.0269
4 5 21.0881 -20 27.4826 21.1574 -20 27.4218 22.9184 -15.3073 28.9489 22.4969 -15.3073 29.3185
4 5 22.4969 -15.3073 29.3185 22.9184 -15.3073 28.9489 24.2168 -10.3528 30.0423 23.5207 -10.3528 30.6528
4 5 23.5207 -10.3528 30.6528 24.2168 -10.3528 30.0423 25.0307 -5.221 30.6834 24.1421 -5.221 31.4626
4 5 25.1024 -3.7332 30.7499 24.1578 -4.8282 31.483 24.1421 -5.221 31.4626 25.0307 -5.221 30.6834
4 16 9.5647 -38.637 3.9618 7.3912 -39.105 3.0615 8 -39.105 0 10.3528 -38.637 0
4 16 5.6568 -39.105 5.6568 7.3912 -39.105 3.0615 9.5647 -38.637 3.9618 7.3205 -38.637 7.3205
4 16 39.3185 -5.221 5.1764 39.6578 -5.221 0 40 0 0 39.6578 0 5.221
4 16 38.637 -10.3528 0 39.6578 -5.221 0 39.3185 -5.221 5.1764 38.3065 -10.3528 5.0431
4 16 36.639 -15.3073 4.8236 36.9552 -15.3073 0 38.637 -10.3528 0 38.3065 -10.3528 5.0431
4 16 31.1736 -24.1971 6.1194 31.1796 -24.3505 5.0649 31.7341 -24.3505 0 34.3447 -20 4.5216
3 16 31.7341 -24.3505 0 34.641 -20 0 34.3447 -20 4.5216
4 16 38.3065 -5.221 10.2642 39.3185 -5.221 5.1764 39.6578 0 5.221 38.637 0 10.3528
4 16 35.696 -15.3073 9.5647 36.639 -15.3073 4.8236 38.3065 -10.3528 5.0431 37.3205 -10.3528 10
4 16 36.639 -15.3073 4.8236 35.696 -15.3073 9.5647 33.4607 -20 8.9658 34.3447 -20 4.5216
4 16 36.639 -5.221 15.1764 38.3065 -5.221 10.2642 38.637 0 10.3528 36.9552 0 15.3073
4 16 37.3205 -10.3528 10 38.3065 -5.221 10.2642 36.639 -5.221 15.1764 35.696 -10.3528 14.7858
4 16 11.2549 -38.016 4.6619 9.5647 -38.637 3.9618 10.3528 -38.637 0 11.2068 -38.2572 1.3319
4 16 34.3447 -5.221 19.8289 36.639 -5.221 15.1764 36.9552 0 15.3073 34.641 0 20
4 16 35.696 -10.3528 14.7858 36.639 -5.221 15.1764 34.3447 -5.221 19.8289 33.4607 -10.3528 19.3185
3 16 18.4776 -34.641 7.6537 21.5936 -32.3874 8.9444 18.8819 -33.96 9.0232
3 16 18.4776 -34.641 7.6537 20 -34.641 0 23.8314 -31.7341 4.7404
3 16 20 -34.641 0 24.3505 -31.7341 0 23.8314 -31.7341 4.7404
3 0 26.3295 -24.3505 17.5928 26.0902 -24.3505 17.8909 25.1733 -25.9396 16.8202
4 16 38.3065 -10.3528 5.0431 39.3185 -5.221 5.1764 38.3065 -5.221 10.2642 37.3205 -10.3528 10
4 16 3.9618 -38.637 9.5647 0 -38.637 10.3528 0 -39.105 8 3.0615 -39.105 7.3912
4 16 3.9618 -38.637 9.5647 3.0615 -39.105 7.3912 5.6568 -39.105 5.6568 7.3205 -38.637 7.3205
4 16 0 0 40 0 -5.221 39.6578 5.1764 -5.221 39.3185 5.221 0 39.6578
4 16 0 -10.3528 38.637 5.0431 -10.3528 38.3065 5.1764 -5.221 39.3185 0 -5.221 39.6578
4 16 0 -10.3528 38.637 0 -15.3073 36.9552 4.8236 -15.3073 36.639 5.0431 -10.3528 38.3065
3 16 0 -20 34.641 0 -24.3505 31.7341 4.5216 -20 34.3447
4 16 5.221 0 39.6578 5.1764 -5.221 39.3185 10.2642 -5.221 38.3065 10.3528 0 38.637
4 16 5.0431 -10.3528 38.3065 4.8236 -15.3073 36.639 9.5647 -15.3073 35.696 10 -10.3528 37.3205
4 16 8.9658 -20 33.4607 9.5647 -15.3073 35.696 4.8236 -15.3073 36.639 4.5216 -20 34.3447
4 16 10.3528 0 38.637 10.2642 -5.221 38.3065 15.1764 -5.221 36.639 15.3073 0 36.9552
4 16 10.2642 -5.221 38.3065 10 -10.3528 37.3205 14.7858 -10.3528 35.696 15.1764 -5.221 36.639
3 16 1.9743 -37.5493 13.1643 3.3673 -36.9552 14.6375 0 -36.9552 15.3073
4 16 15.3073 0 36.9552 15.1764 -5.221 36.639 19.8289 -5.221 34.3447 20 0 34.641
4 16 14.7858 -10.3528 35.696 19.3185 -10.3528 33.4607 19.8289 -5.221 34.3447 15.1764 -5.221 36.639
3 16 13.2565 -20 32.0041 12.8926 -21.4232 31.1255 15.0571 -20 31.1162
3 16 20 0 34.641 19.8289 -5.221 34.3447 23.7706 -5.221 31.7108
3 16 0 -31.7341 24.3505 0 -34.641 20 4.7404 -31.7341 23.8314
3 16 1.4271 -35.9753 17.0105 0 -34.641 20 0 -36.9552 15.3073
3 16 7.3205 -38.637 7.3205 9.5647 -38.637 3.9618 9.5089 -38.5364 4.5686
3 16 9.6222 -31.0382 23.23 13.6603 -30.6505 21.516 10.1639 -29.7969 24.5378
3 16 5.8871 -32.8783 21.724 7.2775 -31.7341 23.0919 4.7404 -31.7341 23.8314
3 16 18.3016 -34.641 7.917 18.3043 -34.7335 7.5819 18.4776 -34.641 7.6537
3 16 17.881 -34.9594 7.4066 17.417 -34.985 8.0094 16.756 -35.5599 6.9406
3 16 21.1145 -20.0851 27.384 21.1574 -20 27.4218 21.0881 -20 27.4826
4 16 5.5062 -28.2843 27.6814 10.8239 -28.2843 26.1313 11.0646 -27.5671 26.7124 5.6248 -27.5899 28.2774
4 16 13.3176 -28.2843 24.7633 10.8239 -28.2843 26.1313 10.1639 -29.7969 24.5378 13.3395 -28.5766 24.3734
4 16 11.0646 -27.5671 26.7124 10.8239 -28.2843 26.1313 13.3176 -28.2843 24.7633 13.2631 -27.5579 25.5155
4 16 6.1102 -24.1729 31.1919 4.5216 -20 34.3447 0 -24.3505 31.7341 4.8054 -24.3505 31.208
3 16 0 -24.91665 31.2376 4.8054 -24.3505 31.208 0 -24.3505 31.7341
3 16 6.3304 -24.1124 31.1892 10.7504 -22.4428 31.1348 8.9658 -20 33.4607
4 16 19.1273 -15.3073 31.57 18.4776 -15.3073 32.0041 17.9577 -17.4159 31.1036 18.3667 -16.9571 31.1018
3 16 24.6198 -28.2843 13.5793 23.7447 -30.5497 9.8353 26.1313 -28.2843 10.8239
3 0 26.6588 -23.1083 18.5908 26.0902 -24.3505 17.8909 26.3295 -24.3505 17.5928
3 16 31.1234 -20 15.0424 31.1355 -21.4071 12.8967 32.0041 -20 13.2565
3 16 31.1476 -22.4294 10.7406 31.1725 -24.1426 6.311 33.4607 -20 8.9658
4 16 31.107 -17.408 17.9596 31.1234 -20 15.0424 32.0041 -20 13.2565 34.1421 -15.3073 14.1421
3 16 31.1796 -24.3505 5.0649 31.2376 -24.91665 0 31.7341 -24.3505 0
3 16 31.3063 -15.3073 19.5219 31.107 -17.408 17.9596 32.0041 -15.3073 18.4776
4 16 31.263 -10.3528 22.6074 33.4607 -10.3528 19.3185 34.3447 -5.221 19.8289 31.181 -7.0055 23.926
4 16 32.0041 -15.3073 18.4776 33.4607 -10.3528 19.3185 31.263 -10.3528 22.6074 31.3063 -15.3073 19.5219
3 16 31.086 -5.221 24.5715 31.181 -7.0055 23.926 31.4626 -5.221 24.1421
4 16 20 -34.641 0 18.4776 -34.641 7.6537 18.3043 -34.7335 7.5819 18.2916 -34.8222 6.7414
4 16 18.2916 -34.8222 6.7414 14.6152 -36.9552 3.4792 15.3073 -36.9552 0 20 -34.641 0
4 16 17.881 -34.9594 7.4066 16.756 -35.5599 6.9406 14.6152 -36.9552 3.4792 18.2916 -34.8222 6.7414
3 16 15.3073 -36.9552 0 14.6152 -36.9552 3.4792 14.3373 -37.0799 3.0298
3 16 10.3528 -38.637 0 15.3073 -36.9552 0 11.2068 -38.2572 1.3319
4 16 13.349 -37.3239 4.3851 11.2068 -38.2572 1.3319 15.3073 -36.9552 0 14.3373 -37.0799 3.0298
4 16 31.7341 0 24.3505 31.4626 -5.221 24.1421 34.3447 -5.221 19.8289 34.641 0 20
4 16 31.7341 0 24.3505 28.2843 0 28.2843 28.2427 -.8969 28.2427 30.7358 -.9475 25.3948
4 16 18.4776 -34.641 7.6537 23.8314 -31.7341 4.7404 22.6217 -31.7341 8.8904 21.5936 -32.3874 8.9444
4 16 28.2843 -28.2843 0 27.6814 -28.2843 5.5062 23.8314 -31.7341 4.7404 24.3505 -31.7341 0
4 16 27.6814 -28.2843 5.5062 28.2843 -28.2843 0 28.9496 -27.52565 0 28.3882 -27.4608 5.6468
4 16 33.4607 -20 8.9658 32.0041 -20 13.2565 31.1355 -21.4071 12.8967 31.1476 -22.4294 10.7406
4 16 32.0041 -15.3073 18.4776 34.1421 -15.3073 14.1421 35.696 -10.3528 14.7858 33.4607 -10.3528 19.3185
4 16 32.0041 -20 13.2565 33.4607 -20 8.9658 35.696 -15.3073 9.5647 34.1421 -15.3073 14.1421
4 16 34.3447 -20 4.5216 34.641 -20 0 36.9552 -15.3073 0 36.639 -15.3073 4.8236
4 16 35.696 -15.3073 9.5647 37.3205 -10.3528 10 35.696 -10.3528 14.7858 34.1421 -15.3073 14.1421
4 16 0 -36.9552 15.3073 0 -38.637 10.3528 3.9618 -38.637 9.5647 1.9743 -37.5493 13.1643
3 16 3.9618 -38.637 9.5647 4.8445 -37.8541 11.6956 1.9743 -37.5493 13.1643
4 16 24.1578 -4.8282 31.483 24.3505 0 31.7341 20 0 34.641 23.7706 -5.221 31.7108
4 16 24.3505 0 31.7341 25.4725 -.8344 30.6775 28.2427 -.8969 28.2427 28.2843 0 28.2843
4 16 25.4725 -.8344 30.6775 24.3505 0 31.7341 24.1578 -4.8282 31.483 25.1024 -3.7332 30.7499
4 16 0 -34.641 20 3.4394 -34.641 19.3159 5.8871 -32.8783 21.724 4.7404 -31.7341 23.8314
4 16 0 -28.2843 28.2843 0 -31.7341 24.3505 4.7404 -31.7341 23.8314 5.5062 -28.2843 27.6814
4 16 5.5062 -28.2843 27.6814 5.6248 -27.5899 28.2774 0 -27.52565 28.9496 0 -28.2843 28.2843
4 16 12.8926 -21.4232 31.1255 13.2565 -20 32.0041 8.9658 -20 33.4607 10.7504 -22.4428 31.1348
4 16 8.9658 -20 33.4607 4.5216 -20 34.3447 6.1102 -24.1729 31.1919 6.3304 -24.1124 31.1892
4 16 18.4776 -15.3073 32.0041 19.3185 -10.3528 33.4607 14.7858 -10.3528 35.696 14.1421 -15.3073 34.1421
4 16 13.2565 -20 32.0041 14.1421 -15.3073 34.1421 9.5647 -15.3073 35.696 8.9658 -20 33.4607
4 16 4.5216 -20 34.3447 4.8236 -15.3073 36.639 0 -15.3073 36.9552 0 -20 34.641
4 16 14.7858 -10.3528 35.696 10 -10.3528 37.3205 9.5647 -15.3073 35.696 14.1421 -15.3073 34.1421
4 16 5.0431 -10.3528 38.3065 10 -10.3528 37.3205 10.2642 -5.221 38.3065 5.1764 -5.221 39.3185
4 16 9.3766 -37.65 9.3766 4.8445 -37.8541 11.6956 3.9618 -38.637 9.5647 7.3205 -38.637 7.3205
4 16 0 -36.9552 15.3073 3.3673 -36.9552 14.6375 3.827 -36.6703 15.1237 1.4271 -35.9753 17.0105
3 16 1.4271 -35.9753 17.0105 3.4394 -34.641 19.3159 0 -34.641 20
4 16 9.5647 -38.637 3.9618 11.2549 -38.016 4.6619 11.2697 -37.8153 5.6835 9.5089 -38.5364 4.5686
3 16 9.5089 -38.5364 4.5686 10.1965 -37.5426 8.7079 7.3205 -38.637 7.3205
4 16 9.9068 -37.5496 9.1052 9.3766 -37.65 9.3766 7.3205 -38.637 7.3205 10.1965 -37.5426 8.7079
4 16 13.3745 -28.5631 24.3716 13.3363 -28.2843 24.7531 13.3176 -28.2843 24.7633 13.3395 -28.5766 24.3734
3 16 4.7404 -31.7341 23.8314 7.2775 -31.7341 23.0919 7.8938 -31.0683 23.6983
3 16 9.2351 -30.9946 23.3943 9.6222 -31.0382 23.23 10.1639 -29.7969 24.5378
3 16 10.1639 -29.7969 24.5378 10.8239 -28.2843 26.1313 5.5062 -28.2843 27.6814
4 16 10.1639 -29.7969 24.5378 5.5062 -28.2843 27.6814 4.7404 -31.7341 23.8314 7.8938 -31.0683 23.6983
4 16 8.562 -31.7341 22.7174 9.2351 -30.9946 23.3943 10.1639 -29.7969 24.5378 7.8938 -31.0683 23.6983
4 16 19.8289 -5.221 34.3447 19.3185 -10.3528 33.4607 20.9395 -10.3528 32.3775 21.8953 -6.9279 32.5565
3 16 21.8953 -6.9279 32.5565 23.7706 -5.221 31.7108 19.8289 -5.221 34.3447
4 16 18.4776 -15.3073 32.0041 19.1273 -15.3073 31.57 20.9395 -10.3528 32.3775 19.3185 -10.3528 33.4607
3 16 13.2565 -20 32.0041 15.0571 -20 31.1162 14.1421 -15.3073 34.1421
4 16 18.4776 -15.3073 32.0041 14.1421 -15.3073 34.1421 15.0571 -20 31.1162 17.9577 -17.4159 31.1036
4 16 18.4776 -34.641 7.6537 18.8819 -33.96 9.0232 18.2799 -34.2705 9.0239 18.3016 -34.641 7.917
3 16 26.1313 -28.2843 10.8239 23.7447 -30.5497 9.8353 23.4384 -31.0679 8.7872
3 16 23.4384 -31.0679 8.7872 22.6217 -31.7341 8.8904 23.8314 -31.7341 4.7404
4 16 26.1313 -28.2843 10.8239 23.4384 -31.0679 8.7872 23.8314 -31.7341 4.7404 27.6814 -28.2843 5.5062
4 16 31.086 -5.221 24.5715 31.4626 -5.221 24.1421 31.7341 0 24.3505 30.74165 -2.9868 25.18585
3 16 31.7341 0 24.3505 30.7358 -.9475 25.3948 30.74165 -2.9868 25.18585
4 16 26.1313 -28.2843 10.8239 26.7806 -27.4829 11.0928 24.8055 -27.4975 14.6669 24.6198 -28.2843 13.5793
4 16 27.6814 -28.2843 5.5062 28.3882 -27.4608 5.6468 26.7806 -27.4829 11.0928 26.1313 -28.2843 10.8239
4 16 33.4607 -20 8.9658 31.1725 -24.1426 6.311 31.1736 -24.1971 6.1194 34.3447 -20 4.5216
3 16 32.0041 -15.3073 18.4776 31.107 -17.408 17.9596 34.1421 -15.3073 14.1421
3 16 31.4626 -5.221 24.1421 31.181 -7.0055 23.926 34.3447 -5.221 19.8289
4 321 28.0192 -20 20.285 29.4636 -15.3073 22.2797 29.3185 -15.3073 22.4969 27.4826 -20 21.0881
3 321 27.4826 -20 21.0881 26.6588 -23.1083 18.5908 28.0192 -20 20.285
4 321 27.3205 -10.3528 27.3205 26.1313 -15.3073 26.1313 29.3185 -15.3073 22.4969 29.8358 -13.3864 22.8938
4 321 26.0902 -24.3505 17.8909 26.6588 -23.1083 18.5908 27.4826 -20 21.0881 22.4394 -24.3505 22.4394
3 321 27.4826 -20 21.0881 24.4949 -20 24.4949 22.4394 -24.3505 22.4394
4 321 14.1421 -36.9552 5.8579 10.8239 -36.9552 10.8239 10.1965 -37.5426 8.7079 11.2917 -37.5162 7.2062
4 321 20 -28.2843 20 18.0022 -30.762 18.0022 18.1074 -31.7341 16.1107 23.4672 -28.2843 15.6803
4 321 22.6217 -31.7341 8.8904 23.4384 -31.0679 8.7872 23.7447 -30.5497 9.8353 22.4969 -31.7341 9.3185
4 321 27.4826 -20 21.0881 29.3185 -15.3073 22.4969 26.1313 -15.3073 26.1313 24.4949 -20 24.4949
3 321 3.827 -36.6703 15.1237 3.3673 -36.9552 14.6375 5.8579 -36.9552 14.1421
4 321 22.9184 -15.3073 28.9489 26.1313 -15.3073 26.1313 27.3205 -10.3528 27.3205 24.2168 -10.3528 30.0423
4 321 21.1574 -20 27.4218 21.1145 -20.0851 27.384 22.4394 -24.3505 22.4394 24.4949 -20 24.4949
4 321 4.8445 -37.8541 11.6956 9.3766 -37.65 9.3766 10.8239 -36.9552 10.8239 5.8579 -36.9552 14.1421
4 321 26.1313 -15.3073 26.1313 22.9184 -15.3073 28.9489 21.1574 -20 27.4218 24.4949 -20 24.4949
4 321 28.0423 -5.221 28.0423 25.0307 -5.221 30.6834 24.2168 -10.3528 30.0423 27.3205 -10.3528 27.3205
3 321 13.793 -33.0619 17.4346 13.7691 -31.938 19.5979 13.5566 -31.993 19.6636
3 321 8.1645 -33.7491 19.7108 7.4143 -34.4022 18.9175 7.6537 -34.641 18.4776
4 321 1.9743 -37.5493 13.1643 4.8445 -37.8541 11.6956 5.8579 -36.9552 14.1421 3.3673 -36.9552 14.6375
4 321 13.8269 -34.641 14.3527 13.793 -33.0619 17.4346 12.6356 -32.1636 19.9483 7.6537 -34.641 18.4776
4 321 7.6537 -34.641 18.4776 5.8579 -36.9552 14.1421 10.8239 -36.9552 10.8239 13.8269 -34.641 14.3527
4 321 12.7081 -37.4821 5.2639 13.349 -37.3239 4.3851 14.6152 -36.9552 3.4792 14.1421 -36.9552 5.8579
3 321 7.4143 -34.4022 18.9175 7.1022 -34.641 18.5873 7.6537 -34.641 18.4776
4 321 16.756 -35.5599 6.9406 13.8428 -35.1103 12.9101 10.8239 -36.9552 10.8239 14.1421 -36.9552 5.8579
3 321 14.6152 -36.9552 3.4792 16.756 -35.5599 6.9406 14.1421 -36.9552 5.8579
3 321 17.6879 -28.2843 21.8558 18.0022 -30.762 18.0022 20 -28.2843 20
3 321 18.1074 -31.7341 16.1107 18.1876 -32.7008 13.7131 20.2033 -31.7341 13.4994
3 321 21.1145 -20.0851 27.384 18.8147 -24.3505 25.3488 22.4394 -24.3505 22.4394
4 321 17.4277 -26.4548 24.1098 17.6879 -28.2843 21.8558 20 -28.2843 20 22.4394 -24.3505 22.4394
3 321 24.8055 -27.4975 14.6669 23.4672 -28.2843 15.6803 24.6198 -28.2843 13.5793
4 321 22.4969 -31.7341 9.3185 20.2033 -31.7341 13.4994 18.8819 -33.96 9.0232 21.5936 -32.3874 8.9444
3 321 21.5936 -32.3874 8.9444 22.6217 -31.7341 8.8904 22.4969 -31.7341 9.3185
4 321 25.0307 -5.221 30.6834 28.0423 -5.221 28.0423 28.2427 -.8969 28.2427 25.1024 -3.7332 30.7499
4 321 26.0902 -24.3505 17.8909 22.4394 -24.3505 22.4394 20 -28.2843 20 25.1733 -25.9396 16.8202
4 321 30.7358 -.9475 25.3948 28.2427 -.8969 28.2427 28.0423 -5.221 28.0423 30.74165 -2.9868 25.18585
3 321 29.4636 -15.3073 22.2797 29.8358 -13.3864 22.8938 29.3185 -15.3073 22.4969
4 321 23.7447 -30.5497 9.8353 24.6198 -28.2843 13.5793 23.4672 -28.2843 15.6803 20.2033 -31.7341 13.4994
3 321 20.2033 -31.7341 13.4994 22.4969 -31.7341 9.3185 23.7447 -30.5497 9.8353
4 321 20.2033 -31.7341 13.4994 18.1876 -32.7008 13.7131 18.2799 -34.2705 9.0239 18.8819 -33.96 9.0232
3 321 30.384 -10.3528 23.8272 27.3205 -10.3528 27.3205 29.8358 -13.3864 22.8938
3 321 12.7081 -37.4821 5.2639 14.1421 -36.9552 5.8579 11.2917 -37.5162 7.2062
3 321 10.8239 -36.9552 10.8239 9.3766 -37.65 9.3766 9.9068 -37.5496 9.1052
3 321 9.9068 -37.5496 9.1052 10.1965 -37.5426 8.7079 10.8239 -36.9552 10.8239
3 321 20.2033 -31.7341 13.4994 23.4672 -28.2843 15.6803 18.1074 -31.7341 16.1107
4 321 28.0423 -5.221 28.0423 27.3205 -10.3528 27.3205 30.384 -10.3528 23.8272 30.7825 -5.221 24.9177
4 321 5.8579 -36.9552 14.1421 7.6537 -34.641 18.4776 7.1022 -34.641 18.5873 5.1363 -35.8591 16.5083
3 321 5.1363 -35.8591 16.5083 3.827 -36.6703 15.1237 5.8579 -36.9552 14.1421
3 321 13.793 -33.0619 17.4346 13.5566 -31.993 19.6636 12.6356 -32.1636 19.9483
3 321 10.8239 -36.9552 10.8239 13.8327 -34.8568 13.8327 13.8269 -34.641 14.3527
3 321 13.349 -37.3239 4.3851 14.3373 -37.0799 3.0298 14.6152 -36.9552 3.4792
3 321 16.756 -35.5599 6.9406 17.417 -34.985 8.0094 13.8428 -35.1103 12.9101
3 321 13.8428 -35.1103 12.9101 13.8327 -34.8568 13.8327 10.8239 -36.9552 10.8239
4 321 7.6537 -34.641 18.4776 12.6356 -32.1636 19.9483 9.3497 -32.6273 20.9642 8.1645 -33.7491 19.7108
3 321 22.4394 -24.3505 22.4394 18.8147 -24.3505 25.3488 17.4277 -26.4548 24.1098
3 321 24.8055 -27.4975 14.6669 25.1733 -25.9396 16.8202 23.4672 -28.2843 15.6803
3 321 28.2427 -.8969 28.2427 25.4725 -.8344 30.6775 25.1024 -3.7332 30.7499
3 321 23.4672 -28.2843 15.6803 25.1733 -25.9396 16.8202 20 -28.2843 20
3 321 28.0423 -5.221 28.0423 30.7825 -5.221 24.9177 30.74165 -2.9868 25.18585