0 ~Minifig Helment Mining with Forward Facing Stud - Top Front Half
0 Name: s\98289s03.dat
0 Author: Gerald Lasser [GeraldLasser]
0 !LDRAW_ORG Unofficial_Subpart
0 !LICENSE Licensed under CC BY 4.0 : see CAreadme.txt

0 BFC CERTIFY CCW

0 // Front
1 16 0 -6.5 -16 0 0 -7.5 7.5 0 0 0 1 0 3-16edge.dat
1 16 0 -6.5 -16 0 0 -7.5 7.5 0 0 0 1 0 3-16chrd.dat
1 16 0 -6.5 -16 0 0 -7.5 7.5 0 0 0 3 0 3-16cyli.dat

1 16 0 -6.5 -13 0 0 -7.5 7.5 0 0 0 5 0 3-16cyls.dat
1 16 0 -7.9 -13 0 0 -1.6 -1.445 0 0 0 -1 0 3-16edge.dat
1 16 0 -7.9 -13 0 0 -1.6 -1.445 0 0 0 6.3247 0 3-16cyli.dat
4 16 -7.5 -6.5 -13 -7.1195 -4.5865 -13 -6.9293 -3.6298 -16 -7.5 -6.5 -16
3 16 -6.9293 -3.6298 -13 -6.9293 -3.6298 -16 -7.1195 -4.5865 -13
3 16 -6.9293 -3.6298 -10.1451 -6.9293 -3.6298 -13 -7.1195 -4.5865 -13
2 24 -7.5 -6.5 -13 -7.1195 -4.5865 -13
2 24 -7.5 -6.5 -16 -6.9293 -3.6298 -16
5 24 -7.5 -6.5 -16 -7.5 -6.5 -13 -7.1195 -4.5865 -13 -6.9293 -9.3703 -13
5 24 -6.9293 -3.6298 -16 -6.9293 -3.6298 -13 -7.1195 -4.5865 -13 -5.3033 -1.1968 -16

2 24 -1.1312 .7751 -14.8693 -1.4949 .7027 -14.2692
2 24 -.6128 .8781 -15.2337 -1.1312 .7751 -14.8693
2 24 -.6128 .8781 -15.2337 -.463 .9079 -15.2723
2 24 0 1 -15.3757 -.463 .9079 -15.2723
2 24 -1.1312 -8.9219 -6.6753 -1.4782 -8.453 -6.7473
2 24 -.6123 -9.235 -6.7487 -1.1312 -8.9219 -6.6753
2 24 -.6123 -9.235 -6.7487 0 -9.345 -6.7731

3 16 -2.1098 -10 -3.574 -2.0314 -9.9442 -3.6312 -1.2375 -10 -2.9876
4 16 -3.3873 -9.2939 -4.9871 -2.9484 -9.043 -4.9189 -1.7691 -9.586 -3.7576 -2.0314 -9.9442 -3.6312
4 16 -3.8387 -9.5844 -4.7053 -3.3873 -9.2939 -4.9871 -2.0314 -9.9442 -3.6312 -2.1098 -10 -3.574
3 16 -2.1098 -10 -3.574 -2.9699 -10 -3.8365 -3.8387 -9.5844 -4.7053
4 16 -4.3016 -9.6855 -4.3016 -3.8387 -9.5844 -4.7053 -2.9699 -10 -3.8365 -3.6456 -10 -3.6456
3 16 -4.6707 -8.398 -6.2704 -4.1967 -8.1636 -6.1967 -3.3873 -9.2939 -4.9871
3 16 -2.9484 -9.043 -4.9189 -3.3873 -9.2939 -4.9871 -4.1967 -8.1636 -6.1967
4 16 -5.1476 -8.6697 -6.0142 -4.6707 -8.398 -6.2704 -3.3873 -9.2939 -4.9871 -3.8387 -9.5844 -4.7053
4 16 -5.6197 -8.7651 -5.6197 -5.1476 -8.6697 -6.0142 -3.8387 -9.5844 -4.7053 -4.3016 -9.6855 -4.3016
3 16 -5.86 -7.2753 -7.4598 -5.3522 -7.059 -7.3825 -4.6707 -8.398 -6.2704
3 16 -4.1967 -8.1636 -6.1967 -4.6707 -8.398 -6.2704 -5.3522 -7.059 -7.3825
4 16 -6.3614 -7.5238 -7.2281 -5.86 -7.2753 -7.4598 -4.6707 -8.398 -6.2704 -5.1476 -8.6697 -6.0142
4 16 -6.8428 -7.6105 -6.8428 -6.3614 -7.5238 -7.2281 -5.1476 -8.6697 -6.0142 -5.6197 -8.7651 -5.6197
3 16 -5.3522 -7.059 -7.3825 -5.86 -7.2753 -7.4598 -6.3985 -5.748 -8.4538
3 16 -6.9359 -5.9401 -8.5357 -6.3985 -5.748 -8.4538 -5.86 -7.2753 -7.4598
4 16 -7.4588 -6.1612 -8.3255 -6.9359 -5.9401 -8.5357 -5.86 -7.2753 -7.4598 -6.3614 -7.5238 -7.2281
4 16 -7.9473 -6.2392 -7.9473 -7.4588 -6.1612 -8.3255 -6.3614 -7.5238 -7.2281 -6.8428 -7.6105 -6.8428
3 16 -7.88 -4.4185 -9.4798 -7.3027 -4.2532 -9.39 -6.9359 -5.9401 -8.5357
3 16 -6.3985 -5.748 -8.4538 -6.9359 -5.9401 -8.5357 -7.3027 -4.2532 -9.39
4 16 -8.4224 -4.6093 -9.289 -7.88 -4.4185 -9.4798 -6.9359 -5.9401 -8.5357 -7.4588 -6.1612 -8.3255
4 16 -8.917 -4.6772 -8.917 -8.4224 -4.6093 -9.289 -7.4588 -6.1612 -8.3255 -7.9473 -6.2392 -7.9473
4 16 -8.674 -2.7365 -10.2737 -8.0671 -2.6 -10.1664 -7.3027 -4.2532 -9.39 -7.88 -4.4185 -9.4798
4 16 -9.2326 -2.8926 -10.0992 -8.674 -2.7365 -10.2737 -7.88 -4.4185 -9.4798 -8.4224 -4.6093 -9.289
4 16 -9.7334 -2.9475 -9.7334 -9.2326 -2.8926 -10.0992 -8.4224 -4.6093 -9.289 -8.917 -4.6772 -8.917
4 16 -9.3075 -.9216 -10.9072 -8.6758 -.8168 -10.7844 -8.0671 -2.6 -10.1664 -8.674 -2.7365 -10.2737
4 16 -9.8794 -1.0415 -10.746 -9.3075 -.9216 -10.9072 -8.674 -2.7365 -10.2737 -9.2326 -2.8926 -10.0992
4 16 -10.3842 -1.0835 -10.3842 -9.8794 -1.0415 -10.746 -9.2326 -2.8926 -10.0992 -9.7334 -2.9475 -9.7334
4 16 -9.7673 .9959 -11.367 -9.1181 1.066 -11.2336 -8.6758 -.8168 -10.7844 -9.3075 -.9216 -10.9072
4 16 -10.3474 .915 -11.214 -9.7673 .9959 -11.367 -9.3075 -.9216 -10.9072 -9.8794 -1.0415 -10.746
4 16 -10.8563 .8861 -10.8563 -10.3474 .915 -11.214 -9.8794 -1.0415 -10.746 -10.3842 -1.0835 -10.3842
4 16 -10.0462 2.9813 -11.646 -9.3865 3.016 -11.5063 -9.1181 1.066 -11.2336 -9.7673 .9959 -11.367
4 16 -10.6324 2.9394 -11.4991 -10.0462 2.9813 -11.646 -9.7673 .9959 -11.367 -10.3474 .915 -11.214
4 16 -11.1424 2.925 -11.1424 -10.6324 2.9394 -11.4991 -10.3474 .915 -11.214 -10.8563 .8861 -10.8563
4 16 -1.3788 -9.7384 -3.3286 -1.2375 -10 -2.9876 -2.0314 -9.9442 -3.6312 -1.7691 -9.586 -3.7576
2 24 -6.3985 -5.748 -8.4538 -5.3522 -7.059 -7.3825
2 24 -5.3522 -7.059 -7.3825 -4.1967 -8.1636 -6.1967
2 24 -9.4068 3.5 -11.527 -9.3865 3.016 -11.5063
2 24 -1.7691 -9.586 -3.7576 -2.9484 -9.043 -4.9189
2 24 -8.0671 -2.6 -10.1664 -7.3027 -4.2532 -9.39
2 24 -8.0671 -2.6 -10.1664 -8.6758 -.8168 -10.7844
2 24 -6.3985 -5.748 -8.4538 -7.3027 -4.2532 -9.39
2 24 -2.9484 -9.043 -4.9189 -4.1967 -8.1636 -6.1967
2 24 -8.6758 -.8168 -10.7844 -9.1181 1.066 -11.2336
2 24 -9.3865 3.016 -11.5063 -9.1181 1.066 -11.2336
2 24 -1.3788 -9.7384 -3.3286 -1.7691 -9.586 -3.7576
2 24 -1.3788 -9.7384 -3.3286 -1.2375 -10 -2.9876
5 24 -7.3027 -4.2532 -9.39 -6.9359 -5.9401 -8.5357 -6.3985 -5.748 -8.4538 -7.88 -4.4185 -9.4798
5 24 -9.3075 -.9216 -10.9072 -9.7673 .9959 -11.367 -8.6758 -.8168 -10.7844 -10.3474 .915 -11.214
5 24 -6.9359 -5.9401 -8.5357 -7.4588 -6.1612 -8.3255 -6.3614 -7.5238 -7.2281 -7.88 -4.4185 -9.4798
5 24 -9.7673 .9959 -11.367 -10.0462 2.9813 -11.646 -9.1181 1.066 -11.2336 -10.6324 2.9394 -11.4991
5 24 -6.9359 -5.9401 -8.5357 -6.3985 -5.748 -8.4538 -5.86 -7.2753 -7.4598 -7.3027 -4.2532 -9.39
5 24 -7.88 -4.4185 -9.4798 -8.674 -2.7365 -10.2737 -9.2326 -2.8926 -10.0992 -7.3027 -4.2532 -9.39
5 24 -10.3474 .915 -11.214 -10.6324 2.9394 -11.4991 -9.7673 .9959 -11.367 -11.1424 2.925 -11.1424
5 24 -9.2326 -2.8926 -10.0992 -9.8794 -1.0415 -10.746 -8.674 -2.7365 -10.2737 -10.3842 -1.0835 -10.3842
5 24 -7.3027 -4.2532 -9.39 -7.88 -4.4185 -9.4798 -8.0671 -2.6 -10.1664 -6.9359 -5.9401 -8.5357
5 24 -7.4588 -6.1612 -8.3255 -7.9473 -6.2392 -7.9473 -6.8428 -7.6105 -6.8428 -8.4224 -4.6093 -9.289
5 24 -8.674 -2.7365 -10.2737 -8.0671 -2.6 -10.1664 -8.6758 -.8168 -10.7844 -7.88 -4.4185 -9.4798
5 24 -10.3474 .915 -11.214 -9.8794 -1.0415 -10.746 -10.8563 .8861 -10.8563 -9.3075 -.9216 -10.9072
5 24 -9.2326 -2.8926 -10.0992 -9.7334 -2.9475 -9.7334 -8.917 -4.6772 -8.917 -9.8794 -1.0415 -10.746
5 24 -9.1181 1.066 -11.2336 -9.7673 .9959 -11.367 -9.3075 -.9216 -10.9072 -9.3865 3.016 -11.5063
5 24 -8.917 -4.6772 -8.917 -8.4224 -4.6093 -9.289 -9.2326 -2.8926 -10.0992 -7.9473 -6.2392 -7.9473
5 24 -10.3474 .915 -11.214 -9.7673 .9959 -11.367 -10.0462 2.9813 -11.646 -9.8794 -1.0415 -10.746
5 24 -7.4588 -6.1612 -8.3255 -8.4224 -4.6093 -9.289 -6.9359 -5.9401 -8.5357 -8.917 -4.6772 -8.917
5 24 -7.88 -4.4185 -9.4798 -6.9359 -5.9401 -8.5357 -7.3027 -4.2532 -9.39 -8.4224 -4.6093 -9.289
5 24 -9.3075 -.9216 -10.9072 -8.6758 -.8168 -10.7844 -9.1181 1.066 -11.2336 -8.674 -2.7365 -10.2737
5 24 -9.2326 -2.8926 -10.0992 -8.674 -2.7365 -10.2737 -9.3075 -.9216 -10.9072 -8.4224 -4.6093 -9.289
5 24 -8.4224 -4.6093 -9.289 -9.2326 -2.8926 -10.0992 -9.7334 -2.9475 -9.7334 -7.88 -4.4185 -9.4798
5 24 -10.8563 .8861 -10.8563 -10.3474 .915 -11.214 -10.3842 -1.0835 -10.3842 -10.6324 2.9394 -11.4991
5 24 -9.8794 -1.0415 -10.746 -9.3075 -.9216 -10.9072 -9.2326 -2.8926 -10.0992 -9.7673 .9959 -11.367
5 24 -7.88 -4.4185 -9.4798 -8.4224 -4.6093 -9.289 -8.674 -2.7365 -10.2737 -7.4588 -6.1612 -8.3255
5 24 -9.3075 -.9216 -10.9072 -8.674 -2.7365 -10.2737 -9.8794 -1.0415 -10.746 -8.0671 -2.6 -10.1664
5 24 -10.3842 -1.0835 -10.3842 -9.8794 -1.0415 -10.746 -9.7334 -2.9475 -9.7334 -10.3474 .915 -11.214
5 24 -10.3842 -1.0835 -10.3842 -9.7334 -2.9475 -9.7334 -10.0992 -2.8926 -9.2326 -9.2326 -2.8926 -10.0992
5 24 -11.1424 2.925 -11.1424 -10.8563 .8861 -10.8563 -11.214 .915 -10.3474 -10.3474 .915 -11.214
5 24 -10.8563 .8861 -10.8563 -10.3842 -1.0835 -10.3842 -10.746 -1.0415 -9.8794 -9.8794 -1.0415 -10.746
5 24 -8.917 -4.6772 -8.917 -7.9473 -6.2392 -7.9473 -7.4588 -6.1612 -8.3255 -8.3255 -6.1612 -7.4588
5 24 -9.7334 -2.9475 -9.7334 -8.917 -4.6772 -8.917 -8.4224 -4.6093 -9.289 -9.289 -4.6093 -8.4224
5 24 -2.9699 -10 -3.8365 -3.6456 -10 -3.6456 -4.3016 -9.6855 -4.3016 -1.2375 -10 -2.9876
5 24 -2.9699 -10 -3.8365 -2.1098 -10 -3.574 -3.8387 -9.5844 -4.7053 -1.2375 -10 -2.9876
5 24 -1.2375 -10 -2.9876 -2.1098 -10 -3.574 -2.0314 -9.9442 -3.6312 -2.9699 -10 -3.8365
5 24 -6.8428 -7.6105 -6.8428 -6.3614 -7.5238 -7.2281 -5.6197 -8.7651 -5.6197 -7.4588 -6.1612 -8.3255
5 24 -5.1476 -8.6697 -6.0142 -4.6707 -8.398 -6.2704 -5.86 -7.2753 -7.4598 -3.8387 -9.5844 -4.7053
5 24 -1.7691 -9.586 -3.7576 -2.0314 -9.9442 -3.6312 -1.2375 -10 -2.9876 -2.9484 -9.043 -4.9189
5 24 -5.86 -7.2753 -7.4598 -5.3522 -7.059 -7.3825 -4.6707 -8.398 -6.2704 -6.3985 -5.748 -8.4538
5 24 -4.1967 -8.1636 -6.1967 -3.3873 -9.2939 -4.9871 -4.6707 -8.398 -6.2704 -2.9484 -9.043 -4.9189
5 24 -5.1476 -8.6697 -6.0142 -6.3614 -7.5238 -7.2281 -4.6707 -8.398 -6.2704 -6.8428 -7.6105 -6.8428
5 24 -6.3614 -7.5238 -7.2281 -5.86 -7.2753 -7.4598 -6.9359 -5.9401 -8.5357 -5.1476 -8.6697 -6.0142
5 24 -5.86 -7.2753 -7.4598 -4.6707 -8.398 -6.2704 -5.3522 -7.059 -7.3825 -6.3614 -7.5238 -7.2281
5 24 -5.6197 -8.7651 -5.6197 -5.1476 -8.6697 -6.0142 -4.3016 -9.6855 -4.3016 -6.3614 -7.5238 -7.2281
5 24 -2.0314 -9.9442 -3.6312 -3.3873 -9.2939 -4.9871 -1.7691 -9.586 -3.7576 -3.8387 -9.5844 -4.7053
5 24 -4.6707 -8.398 -6.2704 -3.3873 -9.2939 -4.9871 -5.1476 -8.6697 -6.0142 -4.1967 -8.1636 -6.1967
5 24 -5.3522 -7.059 -7.3825 -4.6707 -8.398 -6.2704 -4.1967 -8.1636 -6.1967 -5.86 -7.2753 -7.4598
5 24 -2.0314 -9.9442 -3.6312 -2.1098 -10 -3.574 -1.2375 -10 -2.9876 -3.3873 -9.2939 -4.9871
5 24 -1.2375 -10 -2.9876 -2.0314 -9.9442 -3.6312 -1.3788 -9.7384 -3.3286 -2.1098 -10 -3.574
5 24 -3.8387 -9.5844 -4.7053 -5.1476 -8.6697 -6.0142 -5.6197 -8.7651 -5.6197 -3.3873 -9.2939 -4.9871
5 24 -3.8387 -9.5844 -4.7053 -2.9699 -10 -3.8365 -4.3016 -9.6855 -4.3016 -2.1098 -10 -3.574
5 24 -4.3016 -9.6855 -4.3016 -3.8387 -9.5844 -4.7053 -5.1476 -8.6697 -6.0142 -3.6456 -10 -3.6456
5 24 -3.8387 -9.5844 -4.7053 -3.3873 -9.2939 -4.9871 -2.1098 -10 -3.574 -4.6707 -8.398 -6.2704
5 24 -3.3873 -9.2939 -4.9871 -2.9484 -9.043 -4.9189 -4.1967 -8.1636 -6.1967 -2.0314 -9.9442 -3.6312
5 24 -4.6707 -8.398 -6.2704 -4.1967 -8.1636 -6.1967 -5.3522 -7.059 -7.3825 -3.3873 -9.2939 -4.9871
5 24 -5.6197 -8.7651 -5.6197 -4.3016 -9.6855 -4.3016 -3.8387 -9.5844 -4.7053 -4.7053 -9.5844 -3.8387
5 24 -4.3016 -9.6855 -4.3016 -3.6456 -10 -3.6456 -2.9699 -10 -3.8365 -3.8365 -10 -2.9699
5 24 -6.8428 -7.6105 -6.8428 -5.6197 -8.7651 -5.6197 -6.0142 -8.6697 -5.1476 -5.1476 -8.6697 -6.0142
5 24 -3.8387 -9.5844 -4.7053 -2.1098 -10 -3.574 -2.9699 -10 -3.8365 -3.3873 -9.2939 -4.9871

3 16 -1.4782 -8.453 -6.7473 -1.3934 -9.043 -5.563 -1.9411 -8.1636 -7.2444
3 16 -1.4795 -8.1636 -7.3363 -1.4782 -8.453 -6.7473 -1.9411 -8.1636 -7.2444
4 16 -1.4972 -4.2532 -11.8022 -1.5533 -4.2532 -11.7985 -1.5582 -4.1963 -11.8357 -1.4974 -4.1974 -11.8389
4 16 -1.8912 1.066 -14.3649 -3.75 1.066 -13.9952 -3.8491 3.016 -14.3649 -1.9411 3.016 -14.7444
3 16 -2.8703 .4293 -13.9532 -3.6497 -.0916 -13.6206 -3.75 1.066 -13.9952
4 16 -3.75 1.066 -13.9952 -1.8912 1.066 -14.3649 -1.872 .6277 -14.2194 -2.8703 .4293 -13.9532
4 16 -1.5533 -4.2532 -11.7985 -3.08 -4.2532 -11.4948 -3.1041 -4.1122 -11.5846 -1.5582 -4.1963 -11.8357
4 16 -3.08 -4.2532 -11.4948 -1.5533 -4.2532 -11.7985 -1.4904 -5.748 -10.4948 -2.7452 -5.748 -10.2452
4 16 -1.4795 -8.1636 -7.3363 -1.9411 -8.1636 -7.2444 -2.3634 -7.059 -8.8203 -1.4845 -7.059 -8.9951
4 16 -5.6911 3.016 -13.7396 -3.8491 3.016 -14.3649 -3.75 1.066 -13.9952 -5.5447 1.066 -13.386
4 16 -3.6497 -.0916 -13.6206 -4.7283 -.8125 -13 -5.5447 1.066 -13.386 -3.75 1.066 -13.9952
3 16 -4.7283 -.8125 -13 -5.3033 -.8168 -12.8033 -5.5447 1.066 -13.386
4 16 -2.7452 -5.748 -10.2452 -4.059 -5.748 -9.7992 -4.554 -4.2532 -10.9944 -3.08 -4.2532 -11.4948
4 16 -1.9411 -8.1636 -7.2444 -2.8701 -8.1636 -6.9291 -3.4944 -7.059 -8.4363 -2.3634 -7.059 -8.8203
4 16 -5.5447 1.066 -13.386 -7.2444 1.066 -12.5477 -7.4358 3.016 -12.8792 -5.6911 3.016 -13.7396
4 16 -7.2444 1.066 -12.5477 -5.5447 1.066 -13.386 -5.3033 -.8168 -12.8033 -6.9291 -.8168 -12.0015
4 16 -6.9291 -.8168 -12.0015 -5.3033 -1.1968 -12.5976 -6.2411 -2.6 -11.3753 -6.4952 -2.6 -11.25
4 16 -6.9291 -.8168 -12.0015 -5.3033 -.8168 -12.8033 -5.2404 -1.1547 -12.6514 -5.3033 -1.1968 -12.5976
4 16 -5.9502 -4.2532 -10.306 -4.554 -4.2532 -10.9944 -4.059 -5.748 -9.7992 -5.3033 -5.748 -9.1856
4 16 -3.4944 -7.059 -8.4363 -4.5657 -7.059 -7.908 -5.3033 -5.748 -9.1856 -4.059 -5.748 -9.7992
4 16 -9.0711 3.5 -11.8217 -7.45 3.5 -12.9034 -7.4358 3.016 -12.8792 -9.0533 3.016 -11.7985
4 16 -7.2444 1.066 -12.5477 -8.8203 1.066 -11.4948 -9.0533 3.016 -11.7985 -7.4358 3.016 -12.8792
3 16 -6.9293 -3.6298 -10.1451 -7.2444 -4.2532 -9.4411 -7.908 -2.6 -10.306
4 16 -7.908 -2.6 -10.306 -6.4952 -2.6 -11.25 -6.4112 -2.8547 -11.1046 -6.9293 -3.6298 -10.1451
4 16 -5.9502 -4.2532 -10.306 -7.2444 -4.2532 -9.4411 -6.9293 -3.6298 -10.1451 -6.1078 -3.7752 -10.579
4 16 -5.3033 -5.748 -9.1856 -6.3985 -5.748 -8.4538 -7.2444 -4.2532 -9.4411 -5.9502 -4.2532 -10.306
3 16 -2.9484 -9.043 -4.9189 -4.1967 -8.1636 -6.1967 -3.75 -8.1636 -6.4952
4 16 -9.0533 3.016 -11.7985 -9.3865 3.016 -11.5063 -9.4068 3.5 -11.527 -9.0711 3.5 -11.8217
4 16 -8.8203 1.066 -11.4948 -9.1181 1.066 -11.2336 -9.3865 3.016 -11.5063 -9.0533 3.016 -11.7985
4 16 -9.1181 1.066 -11.2336 -8.8203 1.066 -11.4948 -8.4363 -.8168 -10.9944 -8.6758 -.8168 -10.7844
4 16 -7.908 -2.6 -10.306 -8.0671 -2.6 -10.1664 -8.6758 -.8168 -10.7844 -8.4363 -.8168 -10.9944
4 16 -8.0671 -2.6 -10.1664 -7.908 -2.6 -10.306 -7.2444 -4.2532 -9.4411 -7.3027 -4.2532 -9.39
4 16 -8.4363 -.8168 -10.9944 -8.8203 1.066 -11.4948 -7.2444 1.066 -12.5477 -6.9291 -.8168 -12.0015
4 16 -6.9291 -.8168 -12.0015 -6.4952 -2.6 -11.25 -7.908 -2.6 -10.306 -8.4363 -.8168 -10.9944
4 16 -7.4358 3.016 -12.8792 -7.45 3.5 -12.9034 -5.7022 3.5 -13.7661 -5.6911 3.016 -13.7396
4 16 -5.9502 -4.2532 -10.306 -6.1078 -3.7752 -10.579 -4.625 -3.9718 -11.1658 -4.554 -4.2532 -10.9944
3 16 -6.4112 -2.8547 -11.1046 -6.4952 -2.6 -11.25 -6.2411 -2.6 -11.3753
4 16 -5.3033 -5.748 -9.1856 -4.5657 -7.059 -7.908 -5.3522 -7.059 -7.3825 -6.3985 -5.748 -8.4538
4 16 -3.8561 3.5 -14.3919 -3.8491 3.016 -14.3649 -5.6911 3.016 -13.7396 -5.7022 3.5 -13.7661
4 16 -4.5657 -7.059 -7.908 -3.75 -8.1636 -6.4952 -4.1967 -8.1636 -6.1967 -5.3522 -7.059 -7.3825
3 16 -5.2404 -1.1547 -12.6514 -5.3033 -.8168 -12.8033 -4.7283 -.8125 -13
4 16 -4.554 -4.2532 -10.9944 -4.625 -3.9718 -11.1658 -3.1041 -4.1122 -11.5846 -3.08 -4.2532 -11.4948
4 16 -3.75 -8.1636 -6.4952 -4.5657 -7.059 -7.908 -3.4944 -7.059 -8.4363 -2.8701 -8.1636 -6.9291
4 16 -3.4944 -7.059 -8.4363 -4.059 -5.748 -9.7992 -2.7452 -5.748 -10.2452 -2.3634 -7.059 -8.8203
4 16 -2.9484 -9.043 -4.9189 -3.75 -8.1636 -6.4952 -2.8701 -8.1636 -6.9291 -2.1967 -9.043 -5.3033
4 16 -3.8491 3.016 -14.3649 -3.8561 3.5 -14.3919 -1.9445 3.5 -14.7719 -1.9411 3.016 -14.7444
4 16 -1.9411 -8.1636 -7.2444 -1.3934 -9.043 -5.563 -2.1967 -9.043 -5.3033 -2.8701 -8.1636 -6.9291
4 16 -1.4904 -5.748 -10.4948 -1.4845 -7.059 -8.9951 -2.3634 -7.059 -8.8203 -2.7452 -5.748 -10.2452
4 16 -1.9411 3.016 -14.7444 -1.9445 3.5 -14.7719 -1.4991 3.5 -14.8012 -1.4989 3.016 -14.7734
4 16 -1.4989 3.016 -14.7734 -1.4958 1.066 -14.3908 -1.8912 1.066 -14.3649 -1.9411 3.016 -14.7444
4 16 -1.4958 1.066 -14.3908 -1.4949 .7027 -14.2692 -1.872 .6277 -14.2194 -1.8912 1.066 -14.3649
3 16 -1.4972 -4.2532 -11.8022 -1.4904 -5.748 -10.4948 -1.5533 -4.2532 -11.7985
3 16 -1.7691 -9.586 -3.7576 -1.4061 -9.586 -3.908 -1.3788 -9.7384 -3.3286
3 16 -1.3934 -9.043 -5.563 -1.4061 -9.586 -3.908 -2.1967 -9.043 -5.3033
3 16 -2.1967 -9.043 -5.3033 -1.4061 -9.586 -3.908 -1.7691 -9.586 -3.7576
3 16 -7.3027 -4.2532 -9.39 -7.2444 -4.2532 -9.4411 -6.3985 -5.748 -8.4538
3 16 -1.7691 -9.586 -3.7576 -2.9484 -9.043 -4.9189 -2.1967 -9.043 -5.3033

2 24 -1.4904 -5.748 -10.4948 -1.4972 -4.2532 -11.8022
5 24 -1.4972 -4.2532 -11.8022 -1.5533 -4.2532 -11.7985 -1.4904 -5.748 -10.4948 -1.4974 -4.1974 -11.8389
5 24 -1.4958 1.066 -14.3908 -1.8912 1.066 -14.3649 -1.4989 3.016 -14.7734 -1.872 .6277 -14.2194
5 24 -5.3033 -.8168 -12.8033 -6.9291 -.8168 -12.0015 -5.5447 1.066 -13.386 -6.4952 -2.6 -11.25
5 24 -9.0533 3.016 -11.7985 -9.0711 3.5 -11.8217 -7.4358 3.016 -12.8792 -9.4068 3.5 -11.527
5 24 -3.75 1.066 -13.9952 -3.6497 -.0916 -13.6206 -1.872 .6277 -14.2194 -5.5447 1.066 -13.386
5 24 -7.2444 1.066 -12.5477 -8.8203 1.066 -11.4948 -8.4363 -.8168 -10.9944 -7.4358 3.016 -12.8792
5 24 -7.45 3.5 -12.9034 -7.4358 3.016 -12.8792 -5.6911 3.016 -13.7396 -9.0711 3.5 -11.8217
5 24 -1.8912 1.066 -14.3649 -1.872 .6277 -14.2194 -1.4949 .7027 -14.2692 -3.75 1.066 -13.9952
5 24 -6.1078 -3.7752 -10.579 -5.9502 -4.2532 -10.306 -7.908 -2.6 -10.306 -6.2411 -2.6 -11.3753
5 24 -6.4952 -2.6 -11.25 -6.4112 -2.8547 -11.1046 -4.554 -4.2532 -10.9944 -7.908 -2.6 -10.306
5 24 -6.9291 -.8168 -12.0015 -8.4363 -.8168 -10.9944 -7.908 -2.6 -10.306 -7.2444 1.066 -12.5477
5 24 -6.2411 -2.6 -11.3753 -6.4952 -2.6 -11.25 -5.9502 -4.2532 -10.306 -5.3033 -.8168 -12.8033
5 24 -7.4358 3.016 -12.8792 -9.0533 3.016 -11.7985 -7.45 3.5 -12.9034 -8.8203 1.066 -11.4948
5 24 -3.8491 3.016 -14.3649 -1.9411 3.016 -14.7444 -1.9445 3.5 -14.7719 -3.75 1.066 -13.9952
5 24 -3.8561 3.5 -14.3919 -3.8491 3.016 -14.3649 -5.7022 3.5 -13.7661 -1.9411 3.016 -14.7444
5 24 -7.2444 1.066 -12.5477 -7.4358 3.016 -12.8792 -5.5447 1.066 -13.386 -9.0533 3.016 -11.7985
5 24 -7.908 -2.6 -10.306 -8.0671 -2.6 -10.1664 -7.3027 -4.2532 -9.39 -8.4363 -.8168 -10.9944
5 24 -5.3033 -.8168 -12.8033 -5.2404 -1.1547 -12.6514 -6.9291 -.8168 -12.0015 -3.1041 -4.1122 -11.5846
5 24 -5.9502 -4.2532 -10.306 -4.554 -4.2532 -10.9944 -5.3033 -5.748 -9.1856 -4.625 -3.9718 -11.1658
5 24 -1.9411 3.016 -14.7444 -1.9445 3.5 -14.7719 -3.8561 3.5 -14.3919 -1.4989 3.016 -14.7734
5 24 -1.8912 1.066 -14.3649 -3.75 1.066 -13.9952 -1.9411 3.016 -14.7444 -3.6497 -.0916 -13.6206
5 24 -5.9502 -4.2532 -10.306 -7.2444 -4.2532 -9.4411 -6.3985 -5.748 -8.4538 -6.4952 -2.6 -11.25
5 24 -4.7283 -.8125 -13 -5.3033 -.8168 -12.8033 -4.625 -3.9718 -11.1658 -3.75 1.066 -13.9952
5 24 -5.6911 3.016 -13.7396 -5.7022 3.5 -13.7661 -3.8491 3.016 -14.3649 -7.45 3.5 -12.9034
5 24 -7.908 -2.6 -10.306 -8.4363 -.8168 -10.9944 -6.4952 -2.6 -11.25 -8.6758 -.8168 -10.7844
5 24 -1.9411 3.016 -14.7444 -1.8912 1.066 -14.3649 -3.8491 3.016 -14.3649 -1.4958 1.066 -14.3908
5 24 -1.5533 -4.2532 -11.7985 -3.08 -4.2532 -11.4948 -2.7452 -5.748 -10.2452 -1.5582 -4.1963 -11.8357
5 24 -1.4989 3.016 -14.7734 -1.9411 3.016 -14.7444 -1.8912 1.066 -14.3649 -1.4991 3.5 -14.8012
5 24 -5.6911 3.016 -13.7396 -5.5447 1.066 -13.386 -3.75 1.066 -13.9952 -7.4358 3.016 -12.8792
5 24 -5.3033 -.8168 -12.8033 -5.5447 1.066 -13.386 -7.2444 1.066 -12.5477 -3.6497 -.0916 -13.6206
5 24 -8.8203 1.066 -11.4948 -8.4363 -.8168 -10.9944 -6.9291 -.8168 -12.0015 -9.1181 1.066 -11.2336
5 24 -6.4952 -2.6 -11.25 -6.9291 -.8168 -12.0015 -4.625 -3.9718 -11.1658 -8.4363 -.8168 -10.9944
5 24 -4.554 -4.2532 -10.9944 -3.08 -4.2532 -11.4948 -3.1041 -4.1122 -11.5846 -4.059 -5.748 -9.7992
5 24 -8.4363 -.8168 -10.9944 -8.6758 -.8168 -10.7844 -8.0671 -2.6 -10.1664 -8.8203 1.066 -11.4948
5 24 -6.9291 -.8168 -12.0015 -7.2444 1.066 -12.5477 -5.3033 -.8168 -12.8033 -8.8203 1.066 -11.4948
5 24 -5.5447 1.066 -13.386 -3.75 1.066 -13.9952 -3.8491 3.016 -14.3649 -5.3033 -.8168 -12.8033
5 24 -4.625 -3.9718 -11.1658 -4.554 -4.2532 -10.9944 -6.4952 -2.6 -11.25 -3.08 -4.2532 -11.4948
5 24 -7.4358 3.016 -12.8792 -5.6911 3.016 -13.7396 -7.2444 1.066 -12.5477 -5.7022 3.5 -13.7661
5 24 -7.2444 -4.2532 -9.4411 -7.908 -2.6 -10.306 -5.9502 -4.2532 -10.306 -8.0671 -2.6 -10.1664
5 24 -1.5533 -4.2532 -11.7985 -1.5582 -4.1963 -11.8357 -3.1041 -4.1122 -11.5846 -1.4972 -4.2532 -11.8022
5 24 -9.3865 3.016 -11.5063 -9.0533 3.016 -11.7985 -9.0711 3.5 -11.8217 -9.1181 1.066 -11.2336
5 24 -1.4972 -4.2532 -11.8022 -1.1312 -5.9401 -10.9401 -1.1312 -4.4185 -12.2753 -1.4904 -5.748 -10.4948
5 24 -8.8203 1.066 -11.4948 -9.1181 1.066 -11.2336 -9.0533 3.016 -11.7985 -8.6758 -.8168 -10.7844
5 24 -3.75 1.066 -13.9952 -3.8491 3.016 -14.3649 -1.8912 1.066 -14.3649 -5.6911 3.016 -13.7396
5 24 -8.8203 1.066 -11.4948 -9.0533 3.016 -11.7985 -7.2444 1.066 -12.5477 -9.3865 3.016 -11.5063
5 24 -7.908 -2.6 -10.306 -6.4952 -2.6 -11.25 -6.9291 -.8168 -12.0015 -7.2444 -4.2532 -9.4411
5 24 -5.6911 3.016 -13.7396 -3.8491 3.016 -14.3649 -3.8561 3.5 -14.3919 -5.5447 1.066 -13.386
5 24 -1.4904 -5.748 -10.4948 -2.7452 -5.748 -10.2452 -1.5533 -4.2532 -11.7985 -2.3634 -7.059 -8.8203
5 24 -2.7452 -5.748 -10.2452 -4.059 -5.748 -9.7992 -3.4944 -7.059 -8.4363 -3.08 -4.2532 -11.4948
5 24 -4.059 -5.748 -9.7992 -3.4944 -7.059 -8.4363 -5.3033 -5.748 -9.1856 -2.3634 -7.059 -8.8203
5 24 -4.059 -5.748 -9.7992 -5.3033 -5.748 -9.1856 -4.5657 -7.059 -7.908 -4.554 -4.2532 -10.9944
5 24 -5.3033 -5.748 -9.1856 -6.3985 -5.748 -8.4538 -5.3522 -7.059 -7.3825 -5.9502 -4.2532 -10.306
5 24 -4.5657 -7.059 -7.908 -5.3033 -5.748 -9.1856 -6.3985 -5.748 -8.4538 -3.4944 -7.059 -8.4363
5 24 -4.059 -5.748 -9.7992 -4.554 -4.2532 -10.9944 -5.9502 -4.2532 -10.306 -2.7452 -5.748 -10.2452
5 24 -7.2444 -4.2532 -9.4411 -7.3027 -4.2532 -9.39 -6.3985 -5.748 -8.4538 -7.908 -2.6 -10.306
5 24 -6.3985 -5.748 -8.4538 -7.2444 -4.2532 -9.4411 -7.3027 -4.2532 -9.39 -5.3033 -5.748 -9.1856
5 24 -2.3634 -7.059 -8.8203 -2.7452 -5.748 -10.2452 -4.059 -5.748 -9.7992 -1.4845 -7.059 -8.9951
5 24 -4.5657 -7.059 -7.908 -5.3522 -7.059 -7.3825 -5.3033 -5.748 -9.1856 -4.1967 -8.1636 -6.1967
5 24 -3.08 -4.2532 -11.4948 -2.7452 -5.748 -10.2452 -1.4904 -5.748 -10.4948 -4.554 -4.2532 -10.9944
5 24 -3.4944 -7.059 -8.4363 -2.3634 -7.059 -8.8203 -2.8701 -8.1636 -6.9291 -2.7452 -5.748 -10.2452
5 24 -3.4944 -7.059 -8.4363 -4.5657 -7.059 -7.908 -4.059 -5.748 -9.7992 -3.75 -8.1636 -6.4952
5 24 -5.3033 -5.748 -9.1856 -5.9502 -4.2532 -10.306 -4.059 -5.748 -9.7992 -7.2444 -4.2532 -9.4411
5 24 -2.1967 -9.043 -5.3033 -2.9484 -9.043 -4.9189 -1.7691 -9.586 -3.7576 -2.8701 -8.1636 -6.9291
5 24 -1.4795 -8.1636 -7.3363 -1.9411 -8.1636 -7.2444 -1.3934 -9.043 -5.563 -1.4845 -7.059 -8.9951
5 24 -1.9411 -8.1636 -7.2444 -1.3934 -9.043 -5.563 -1.4795 -8.1636 -7.3363 -2.8701 -8.1636 -6.9291
5 24 -2.1967 -9.043 -5.3033 -2.8701 -8.1636 -6.9291 -3.75 -8.1636 -6.4952 -1.3934 -9.043 -5.563
5 24 -1.7691 -9.586 -3.7576 -2.1967 -9.043 -5.3033 -1.4061 -9.586 -3.908 -2.9484 -9.043 -4.9189
5 24 -2.8701 -8.1636 -6.9291 -3.75 -8.1636 -6.4952 -3.4944 -7.059 -8.4363 -2.9484 -9.043 -4.9189
5 24 -2.3634 -7.059 -8.8203 -1.4845 -7.059 -8.9951 -1.4904 -5.748 -10.4948 -1.9411 -8.1636 -7.2444
5 24 -1.9411 -8.1636 -7.2444 -2.8701 -8.1636 -6.9291 -2.3634 -7.059 -8.8203 -2.1967 -9.043 -5.3033
5 24 -2.9484 -9.043 -4.9189 -3.75 -8.1636 -6.4952 -4.1967 -8.1636 -6.1967 -2.1967 -9.043 -5.3033
5 24 -3.75 -8.1636 -6.4952 -4.5657 -7.059 -7.908 -2.8701 -8.1636 -6.9291 -5.3522 -7.059 -7.3825
5 24 -1.4061 -9.586 -3.908 -1.7691 -9.586 -3.7576 -1.3788 -9.7384 -3.3286 -2.1967 -9.043 -5.3033
5 24 -2.3634 -7.059 -8.8203 -1.9411 -8.1636 -7.2444 -3.4944 -7.059 -8.4363 -1.4795 -8.1636 -7.3363
5 24 -1.3934 -9.043 -5.563 -2.1967 -9.043 -5.3033 -1.4061 -9.586 -3.908 -1.9411 -8.1636 -7.2444
5 24 -2.1967 -9.043 -5.3033 -1.4061 -9.586 -3.908 -1.7691 -9.586 -3.7576 -1.3934 -9.043 -5.563
5 24 -3.75 -8.1636 -6.4952 -4.1967 -8.1636 -6.1967 -4.5657 -7.059 -7.908 -2.9484 -9.043 -4.9189
5 24 -2.8701 -8.1636 -6.9291 -3.4944 -7.059 -8.4363 -4.5657 -7.059 -7.908 -1.9411 -8.1636 -7.2444
5 24 -1.5533 -4.2532 -11.7985 -1.4904 -5.748 -10.4948 -1.4972 -4.2532 -11.8022 -3.08 -4.2532 -11.4948
5 24 -3.08 -4.2532 -11.4948 -3.1041 -4.1122 -11.5846 -4.625 -3.9718 -11.1658 -1.5533 -4.2532 -11.7985
5 24 -5.5447 1.066 -13.386 -7.2444 1.066 -12.5477 -6.9291 -.8168 -12.0015 -5.6911 3.016 -13.7396

3 16 -1.3934 -9.043 -5.563 -1.4782 -8.453 -6.7473 -1.1312 -9.2939 -5.9216
3 16 -1.1312 -8.9219 -6.6753 -1.1312 -9.2939 -5.9216 -1.4782 -8.453 -6.7473
3 16 -1.1312 -9.9442 -4.0041 -1.0354 -10 -4.019 -1.2375 -10 -2.9876
4 16 -1.4061 -9.586 -3.908 -1.3934 -9.043 -5.563 -1.1312 -9.2939 -5.9216 -1.1312 -9.9442 -4.0041
4 16 -.6128 -9.5844 -6.0415 -1.0354 -10 -4.019 -1.1312 -9.9442 -4.0041 -1.1312 -9.2939 -5.9216
3 16 -.6128 -10 -4.8128 -1.0354 -10 -4.019 -.6128 -9.5844 -6.0415
4 16 -.6128 -10 -4.8128 -.6128 -9.5844 -6.0415 0 -9.6855 -6.0835 0 -10 -5.1557
4 16 -1.1312 -9.2939 -5.9216 -1.1312 -8.9219 -6.6753 -.6123 -9.235 -6.7487 -.6128 -9.5844 -6.0415
4 16 -.6128 -9.5844 -6.0415 -.6123 -9.235 -6.7487 0 -9.345 -6.7731 0 -9.6855 -6.0835
4 16 -1.3788 -9.7384 -3.3286 -1.4061 -9.586 -3.908 -1.1312 -9.9442 -4.0041 -1.2375 -10 -2.9876
2 24 -1.4904 -5.748 -10.4948 -1.4845 -7.059 -8.9951
2 24 -1.4845 -7.059 -8.9951 -1.4795 -8.1636 -7.3363
2 24 -1.4782 -8.453 -6.7473 -1.4795 -8.1636 -7.3363
2 24 -1.3934 -9.043 -5.563 -1.4782 -8.453 -6.7473
2 24 -1.4061 -9.586 -3.908 -1.3934 -9.043 -5.563
2 24 -1.4061 -9.586 -3.908 -1.3788 -9.7384 -3.3286
2 24 -1.4972 -4.2532 -11.8022 -1.4974 -4.1974 -11.8389
2 24 -4.625 -3.9718 -11.1658 -3.1041 -4.1122 -11.5846
2 24 -1.5582 -4.1963 -11.8357 -3.1041 -4.1122 -11.5846
2 24 -1.5582 -4.1963 -11.8357 -1.4974 -4.1974 -11.8389
2 24 -1.872 .6277 -14.2194 -1.4949 .7027 -14.2692
2 24 -4.7283 -.8125 -13 -3.6497 -.0916 -13.6206
2 24 -5.2404 -1.1547 -12.6514 -4.7283 -.8125 -13
2 24 -2.8703 .4293 -13.9532 -1.872 .6277 -14.2194
2 24 -2.8703 .4293 -13.9532 -3.6497 -.0916 -13.6206
2 24 -6.4112 -2.8547 -11.1046 -6.2411 -2.6 -11.3753
2 24 -5.3033 -1.1968 -12.5976 -6.2411 -2.6 -11.3753
2 24 -6.9293 -3.6298 -10.1451 -6.4112 -2.8547 -11.1046
2 24 -5.3033 -1.1968 -12.5976 -5.2404 -1.1547 -12.6514
5 24 -3.6497 -.0916 -13.6206 -4.7283 -.8125 -13 -4.625 -3.9718 -11.1658 -3.75 1.066 -13.9952
2 24 -6.1078 -3.7752 -10.579 -4.625 -3.9718 -11.1658
2 24 -6.1078 -3.7752 -10.579 -6.9293 -3.6298 -10.1451
5 24 -.6128 -10 -4.8128 -1.0354 -10 -4.019 -.6128 -9.5844 -6.0415 -1.2375 -10 -2.9876
5 24 0 -10 -5.1557 -.6128 -10 -4.8128 -.6128 -9.5844 -6.0415 -1.2375 -10 -2.9876
5 24 -1.2375 -10 -2.9876 -1.0354 -10 -4.019 -1.1312 -9.9442 -4.0041 -.6128 -10 -4.8128
5 24 -1.3934 -9.043 -5.563 -1.1312 -9.2939 -5.9216 -1.4061 -9.586 -3.908 -1.4795 -8.1636 -7.3363
5 24 -1.1312 -9.2939 -5.9216 -1.1312 -9.9442 -4.0041 -1.0354 -10 -4.019 -1.3934 -9.043 -5.563
5 24 -.6123 -9.235 -6.7487 -.6128 -9.5844 -6.0415 -1.1312 -8.9219 -6.6753 0 -9.6855 -6.0835
5 24 -.6128 -9.5844 -6.0415 0 -9.6855 -6.0835 -.6128 -10 -4.8128 0 -9.345 -6.7731
5 24 -.6128 -9.5844 -6.0415 -1.0354 -10 -4.019 -1.1312 -9.2939 -5.9216 -.6128 -10 -4.8128
5 24 -1.0354 -10 -4.019 -1.1312 -9.9442 -4.0041 -1.2375 -10 -2.9876 -.6128 -9.5844 -6.0415
5 24 -1.1312 -9.2939 -5.9216 -.6128 -9.5844 -6.0415 -1.1312 -9.9442 -4.0041 -.6123 -9.235 -6.7487
5 24 -1.1312 -9.9442 -4.0041 -1.2375 -10 -2.9876 -1.0354 -10 -4.019 -1.4061 -9.586 -3.908
5 24 -1.1312 -9.9442 -4.0041 -1.4061 -9.586 -3.908 -1.1312 -9.2939 -5.9216 -1.3788 -9.7384 -3.3286
5 24 -.6128 -10 -4.8128 -.6128 -9.5844 -6.0415 -1.0354 -10 -4.019 0 -10 -5.1557
5 24 -1.1312 -9.2939 -5.9216 -1.1312 -8.9219 -6.6753 -1.4795 -8.1636 -7.3363 -.6128 -9.5844 -6.0415
5 24 0 -9.6855 -6.0835 0 -9.345 -6.7731 -.6123 -9.235 -6.7487 .6128 -8.6697 -7.8926
5 24 0 -10 -5.1557 0 -9.6855 -6.0835 .6128 -9.5844 -6.0415 -.6128 -9.5844 -6.0415
5 24 -1.1312 -9.2939 -5.9216 -1.4782 -8.453 -6.7473 -1.3934 -9.043 -5.563 -1.1312 -8.9219 -6.6753

4 16 -1.4949 .7027 -14.2692 -1.4958 1.066 -14.3908 -1.1312 .9959 -14.9442 -1.1312 .7751 -14.8693
4 16 -1.1312 .7751 -14.8693 -1.1312 .9959 -14.9442 -.6128 .915 -15.2462 -.6128 .8781 -15.2337
3 16 -.6128 .8781 -15.2337 -.6128 .915 -15.2462 -.463 .9079 -15.2723
4 16 -1.4958 1.066 -14.3908 -1.4989 3.016 -14.7734 -1.1312 2.9813 -15.3387 -1.1312 .9959 -14.9442
4 16 -1.1312 .9959 -14.9442 -1.1312 2.9813 -15.3387 -.6128 2.9394 -15.6494 -.6128 .915 -15.2462
3 16 -.463 .9079 -15.2723 -.6128 .915 -15.2462 -.6128 2.9394 -15.6494
4 16 -.6128 2.9394 -15.6494 0 2.925 -15.7577 0 1 -15.3757 -.463 .9079 -15.2723

2 24 -1.4991 3.5 -14.8012 -1.4989 3.016 -14.7734
2 24 -1.4949 .7027 -14.2692 -1.4958 1.066 -14.3908
2 24 -1.4958 1.066 -14.3908 -1.4989 3.016 -14.7734
5 24 0 -9.345 -6.7731 -.6123 -9.235 -6.7487 -.6128 -9.5844 -6.0415 0 -7.6105 -9.6772
5 24 -1.1312 2.9813 -15.3387 -1.1312 .9959 -14.9442 -1.4989 3.016 -14.7734 -.6128 .915 -15.2462
5 24 -.6128 .8781 -15.2337 -1.1312 .7751 -14.8693 -1.1312 -2.7365 -13.398 -.6128 .915 -15.2462
5 24 -6.3614 -7.5238 -7.2281 -7.4588 -6.1612 -8.3255 -5.86 -7.2753 -7.4598 -7.9473 -6.2392 -7.9473
5 24 -1.1312 .9959 -14.9442 -.6128 .915 -15.2462 -.6128 2.9394 -15.6494 -1.1312 .7751 -14.8693
5 24 -1.1312 .9959 -14.9442 -1.1312 .7751 -14.8693 -1.4958 1.066 -14.3908 -.6128 .8781 -15.2337
5 24 -1.1312 .9959 -14.9442 -1.4958 1.066 -14.3908 -1.4949 .7027 -14.2692 -1.1312 2.9813 -15.3387
5 24 -6.9359 -5.9401 -8.5357 -5.86 -7.2753 -7.4598 -7.4588 -6.1612 -8.3255 -6.3985 -5.748 -8.4538
5 24 -5.86 -7.2753 -7.4598 -6.3985 -5.748 -8.4538 -6.9359 -5.9401 -8.5357 -5.3522 -7.059 -7.3825
5 24 -.6128 2.9394 -15.6494 -.6128 .915 -15.2462 -1.1312 2.9813 -15.3387 0 1 -15.3757
5 24 -.6128 .8781 -15.2337 -.6128 .915 -15.2462 -1.1312 .9959 -14.9442 -.463 .9079 -15.2723
5 24 -.463 .9079 -15.2723 0 1 -15.3757 0 2.925 -15.7577 -.6128 .8781 -15.2337
5 24 -.6128 .915 -15.2462 -.463 .9079 -15.2723 0 2.925 -15.7577 -.6128 .8781 -15.2337
5 24 -.6123 -9.235 -6.7487 -1.1312 -8.9219 -6.6753 -.6128 -7.5238 -9.6093 -1.1312 -9.2939 -5.9216
5 24 -7.9473 -6.2392 -7.9473 -6.8428 -7.6105 -6.8428 -7.2281 -7.5238 -6.3614 -6.3614 -7.5238 -7.2281
5 24 0 1 -15.3757 0 2.925 -15.7577 .6128 2.9394 -15.6494 -.6128 2.9394 -15.6494
5 24 -.6128 2.9394 -15.6494 -.463 .9079 -15.2723 -.6128 .915 -15.2462 0 2.925 -15.7577

2 24 -7.1195 -4.5865 -13 -6.9293 -3.6298 -10.1451
2 24 -1.4782 -8.453 -13 -1.4782 -8.453 -6.6753
4 16 -1.4782 -8.453 -6.6753 -1.4974 -4.1974 -11.8389 -1.4957 -4.5865 -13 -1.4782 -8.453 -13
2 24 -1.4974 -4.1974 -11.8389 -1.4957 -4.5865 -13
2 24 -1.4957 -4.5865 -13 -1.47824 -8.4530015 -13
2 24 -1.4957 -4.5865 -13 -7.1195 -4.5865 -13