0 ~Sticker Back  2.8 x  3.4
0 Name: s\stickerback028x034.dat
0 Author: Evert-Jan Boer [ejboer]
0 !LDRAW_ORG Unofficial_Subpart
0 !LICENSE Licensed under CC BY 4.0 : see CAreadme.txt

0 BFC CERTIFY CCW

1 16 32.75 0 27.125 1 0 0 0 -1 0 0 0 1 1-4chrd.dat
1 16 32.75 0 -27.125 0 0 1 0 -1 0 -1 0 0 1-4chrd.dat
1 16 -32.75 0 -27.125 -1 0 0 0 -1 0 0 0 -1 1-4chrd.dat
1 16 -32.75 0 27.125 0 0 -1 0 -1 0 1 0 0 1-4chrd.dat
4 16 32.75 0 -28.125 -32.75 0 -28.125 -33.75 0 -27.125 33.75 0 -27.125
4 16 33.75 0 27.125 -33.75 0 27.125 -32.75 0 28.125 32.75 0 28.125
4 16 33.75 0 27.13 33.75 0 -27.13 -33.75 0 -27.13 -33.75 0 27.13

1 16 32.75 -.25 27.125 1 0 0 0 .25 0 0 0 1 1-4cyli.dat
1 16 -32.75 -.25 27.125 0 0 -1 0 .25 0 1 0 0 1-4cyli.dat
1 16 -32.75 -.25 -27.125 -1 0 0 0 .25 0 0 0 -1 1-4cyli.dat
1 16 32.75 -.25 -27.125 0 0 1 0 .25 0 -1 0 0 1-4cyli.dat
4 16 32.75 -.25 -28.125 -32.75 -.25 -28.125 -32.75 0 -28.125 32.75 0 -28.125
4 16 33.75 -.25 27.125 33.75 -.25 -27.125 33.75 0 -27.125 33.75 0 27.125
4 16 -32.75 -.25 28.125 32.75 -.25 28.125 32.75 0 28.125 -32.75 0 28.125
4 16 -33.75 -.25 -27.125 -33.75 -.25 27.125 -33.75 0 27.125 -33.75 0 -27.125