0 ~Sticker Back  0.8 x  1.6 Trapezoidal for Tile  2 x  2 Corner without Corner
0 Name: s\stickerback008x016a.dat
0 Author: Massimo Maso [Sirio]
0 !LDRAW_ORG Unofficial_Subpart
0 !LICENSE Licensed under CC BY 4.0 : see CAreadme.txt

0 BFC CERTIFY CCW

0 // Primitives
1 16 -14.0251 0 6.5 -1.5 0 0 0 -1 0 0 0 1.5 1-4chrd.dat
1 16 14.0251 0 6.5 0 0 1.5 0 -1 0 1.5 0 0 3-8chrd.dat
1 16 -14.0251 0 -6.5 -1.5 0 0 0 -1 0 0 0 -1.5 1-4chrd.dat
1 16 1.0251 0 -6.5 0 0 1.5 0 -1 0 -1.5 0 0 1-8chrd.dat
1 16 -14.0251 0 6.5 -1.5 0 0 0 -.25 0 0 0 1.5 1-4cyli.dat
1 16 14.0251 0 6.5 0 0 1.5 0 -.25 0 1.5 0 0 3-8cyli.dat
1 16 -14.0251 0 -6.5 -1.5 0 0 0 -.25 0 0 0 -1.5 1-4cyli.dat
1 16 1.0251 0 -6.5 0 0 1.5 0 -.25 0 -1.5 0 0 1-8cyli.dat
0 // Bottom faces
4 16 -15.5251 0 6.5 -14.0251 0 8 14.0251 0 8 15.08575 0 5.43935
4 16 -15.5251 0 6.5 15.08575 0 5.43935 2.08575 0 -7.56065 -15.5251 0 -6.5
4 16 -15.5251 0 -6.5 2.08575 0 -7.56065 1.0251 0 -8 -14.0251 0 -8
0 // Lateral faces
4 16 -14.0251 0 8 -14.0251 -.25 8 14.0251 -.25 8 14.0251 0 8
4 16 -15.5251 0 6.5 -15.5251 0 -6.5 -15.5251 -.25 -6.5 -15.5251 -.25 6.5
4 16 15.08575 0 5.43935 15.08575 -.25 5.43935 2.08575 -.25 -7.56065 2.08575 0 -7.56065
4 16 -14.0251 0 -8 1.0251 0 -8 1.0251 -.25 -8 -14.0251 -.25 -8
0 // Conditional lines
5 24 15.08575 -.25 5.43935 15.08575 0 5.43935 15.41095 -.25 5.92595 2.08575 -.25 -7.56065
5 24 2.08575 -.25 -7.56065 2.08575 0 -7.56065 1.59915 -.25 -7.88585 15.08575 -.25 5.43935