0 ~Sail  6 x 12 Triangular with Blue "8", Horizontal Light Grey Stripes - Common Pattern
0 Name: s\u66p02s01.dat
0 Author: Takeshi Takahashi [RainbowDolphin]
0 !LDRAW_ORG Unofficial_Subpart
0 !LICENSE Licensed under CC BY 4.0 : see CAreadme.txt

0 BFC CERTIFY CCW

4 16 66.8 -.125 65 61.1 -.125 85.2 1 -.125 75.8 1 -.125 43
3 16 66.8 -.125 65 1 -.125 43 71.3 -.125 44.1
0 BFC NOCLIP
3 15 89.5308 -.125 28.3044 88 -.125 28 92 -.125 28
3 15 90.8284 -.125 29.1716 89.5308 -.125 28.3044 92 -.125 28
3 15 91.6956 -.125 30.4692 90.8284 -.125 29.1716 92 -.125 28
3 15 92 -.125 32 91.6956 -.125 30.4692 92 -.125 28
3 15 92 -.125 36 91.6956 -.125 33.5308 92 -.125 32
3 15 92 -.125 36 90.8284 -.125 34.8284 91.6956 -.125 33.5308
3 15 92 -.125 36 89.5308 -.125 35.6956 90.8284 -.125 34.8284
3 15 92 -.125 36 88 -.125 36 89.5308 -.125 35.6956
3 15 72.4692 -.125 28.3044 70 -.125 28 74 -.125 28
3 15 71.1716 -.125 29.1716 70 -.125 28 72.4692 -.125 28.3044
3 15 70.3044 -.125 30.4692 70 -.125 28 71.1716 -.125 29.1716
3 15 70 -.125 32 70 -.125 28 70.3044 -.125 30.4692
3 15 70 -.125 36 70 -.125 32 70.3044 -.125 33.5308
3 15 70 -.125 36 70.3044 -.125 33.5308 71.1716 -.125 34.8284
3 15 70 -.125 36 71.1716 -.125 34.8284 72.4692 -.125 35.6956
3 15 74 -.125 36 70 -.125 36 72.4692 -.125 35.6956
3 15 -4 -.125 198 -4 -.125 194 -3.6956 -.125 196.4692
3 15 -3.6956 -.125 196.4692 -4 -.125 194 -2.8284 -.125 195.1716
3 15 -2.8284 -.125 195.1716 -4 -.125 194 -1.5308 -.125 194.3044
3 15 -1.5308 -.125 194.3044 -4 -.125 194 0 -.125 194
3 15 1.5308 -.125 194.3044 0 -.125 194 4 -.125 194
3 15 2.8284 -.125 195.1716 1.5308 -.125 194.3044 4 -.125 194
3 15 3.6956 -.125 196.4692 2.8284 -.125 195.1716 4 -.125 194
3 15 4 -.125 198 3.6956 -.125 196.4692 4 -.125 194
3 15 7 -.125 7 6.4673 -.125 2.6789 7 -.125 0
3 15 7 -.125 7 4.9497 -.125 4.9497 6.4673 -.125 2.6789
3 15 7 -.125 7 2.6789 -.125 6.4673 4.9497 -.125 4.9497
3 15 7 -.125 7 0 -.125 7 2.6789 -.125 6.4673
3 15 7 -.125 -7 2.6789 -.125 -6.4673 0 -.125 -7
3 15 0 -.125 7 1 -.125 20.6 -7 -.125 7
3 15 4.9497 -.125 -4.9497 2.6789 -.125 -6.4673 7 -.125 -7
3 15 6.4673 -.125 -2.6789 4.9497 -.125 -4.9497 7 -.125 -7
3 15 7 -.125 0 6.4673 -.125 -2.6789 7 -.125 -7
3 15 -2.6789 -.125 -6.4673 -1.3923 -.125 -7 0 -.125 -7
3 15 -7 -.125 7 -2.6789 -.125 6.4673 0 -.125 7
3 15 0 -.125 -7 3.58 -.125 -21.14 7 -.125 -7
3 15 -7 -.125 7 -4.9497 -.125 4.9497 -2.6789 -.125 6.4673
3 15 -7 -.125 7 -6.4673 -.125 2.6789 -4.9497 -.125 4.9497
4 15 22.5 -.125 168.8 20.5 -.125 168.8 20.5 -.125 166.8 22.5 -.125 166.8
4 15 22.9 -.125 161.8 20.1 -.125 161.8 20.1 -.125 158.8 22.9 -.125 158.8
4 1 23 -.125 170.3 20 -.125 170.3 20.5 -.125 168.8 22.5 -.125 168.8
4 1 24 -.125 169.3 23 -.125 170.3 22.5 -.125 168.8 22.5 -.125 166.8
4 1 24 -.125 166.3 24 -.125 169.3 22.5 -.125 166.8 23 -.125 165.3
4 1 23 -.125 165.3 22.5 -.125 166.8 20.5 -.125 166.8 20 -.125 165.3
4 1 19 -.125 166.3 20 -.125 165.3 20.5 -.125 166.8 20.5 -.125 168.8
4 1 19 -.125 169.3 19 -.125 166.3 20.5 -.125 168.8 20 -.125 170.3
4 1 23 -.125 163.3 20 -.125 163.3 20.1 -.125 161.8 22.9 -.125 161.8
4 1 24.4 -.125 162.3 23 -.125 163.3 22.9 -.125 161.8 22.9 -.125 158.8
4 1 24.4 -.125 158.3 24.4 -.125 162.3 22.9 -.125 158.8 23 -.125 157.3
4 1 23 -.125 157.3 22.9 -.125 158.8 20.1 -.125 158.8 20 -.125 157.3
4 1 18.6 -.125 158.3 20 -.125 157.3 20.1 -.125 158.8 20.1 -.125 161.8
4 1 18.6 -.125 162.3 18.6 -.125 158.3 20.1 -.125 161.8 20 -.125 163.3
4 15 24.5 -.125 172.8 18.5 -.125 172.8 20 -.125 170.3 23 -.125 170.3
4 15 24.5 -.125 172.8 23 -.125 170.3 24 -.125 169.3 26.9 -.125 170.8
4 15 26.9 -.125 166.8 26.9 -.125 170.8 24 -.125 169.3 24 -.125 166.3
4 15 24.5 -.125 164.3 26.9 -.125 166.8 24 -.125 166.3 23 -.125 165.3
4 15 24.5 -.125 164.3 23 -.125 165.3 23 -.125 163.3 24.4 -.125 162.3
4 15 27.5 -.125 161.8 24.5 -.125 164.3 24.4 -.125 162.3 24.4 -.125 158.3
3 15 27.5 -.125 161.8 24.4 -.125 158.3 27.5 -.125 156.8
4 15 27.5 -.125 156.8 24.4 -.125 158.3 23 -.125 157.3 24.5 -.125 154.8
4 15 24.5 -.125 154.8 23 -.125 157.3 20 -.125 157.3 18.5 -.125 154.8
4 15 15.5 -.125 156.8 18.5 -.125 154.8 20 -.125 157.3 18.6 -.125 158.3
4 15 15.5 -.125 161.8 15.5 -.125 156.8 18.6 -.125 158.3 18.6 -.125 162.3
4 15 18.5 -.125 164.3 15.5 -.125 161.8 18.6 -.125 162.3 20 -.125 163.3
4 15 20 -.125 165.3 18.5 -.125 164.3 20 -.125 163.3 23 -.125 165.3
3 15 23 -.125 165.3 20 -.125 163.3 23 -.125 163.3
4 15 18.5 -.125 164.3 20 -.125 165.3 19 -.125 166.3 16.1 -.125 166.8
4 15 16.1 -.125 166.8 19 -.125 166.3 19 -.125 169.3 16.1 -.125 170.8
4 15 16.1 -.125 170.8 19 -.125 169.3 20 -.125 170.3 18.5 -.125 172.8
4 1 25 -.125 174.3 18 -.125 174.3 18.5 -.125 172.8 24.5 -.125 172.8
4 1 25 -.125 174.3 24.5 -.125 172.8 26.9 -.125 170.8 28.4 -.125 171.3
4 1 28.4 -.125 171.3 26.9 -.125 170.8 26.9 -.125 166.8 28.4 -.125 166.3
4 1 26.4 -.125 164.3 28.4 -.125 166.3 26.9 -.125 166.8 24.5 -.125 164.3
4 1 26.4 -.125 164.3 24.5 -.125 164.3 27.5 -.125 161.8 29 -.125 162.3
4 1 29 -.125 162.3 27.5 -.125 161.8 27.5 -.125 156.8 29 -.125 156.3
4 1 29 -.125 156.3 27.5 -.125 156.8 24.5 -.125 154.8 25 -.125 153.3
4 1 25 -.125 153.3 24.5 -.125 154.8 18.5 -.125 154.8 18 -.125 153.3
4 1 18 -.125 153.3 18.5 -.125 154.8 15.5 -.125 156.8 14 -.125 156.3
4 1 14 -.125 156.3 15.5 -.125 156.8 15.5 -.125 161.8 14 -.125 162.3
4 1 16.6 -.125 164.3 14 -.125 162.3 15.5 -.125 161.8 18.5 -.125 164.3
4 1 16.6 -.125 164.3 18.5 -.125 164.3 16.1 -.125 166.8 14.6 -.125 166.3
4 1 14.6 -.125 166.3 16.1 -.125 166.8 16.1 -.125 170.8 14.6 -.125 171.3
4 1 14.6 -.125 171.3 16.1 -.125 170.8 18.5 -.125 172.8 18 -.125 174.3
4 7 12.8 -.125 183.1 1.6 -.125 176.3 1.7 -.125 171.8 14 -.125 179
4 7 16.3 -.125 138.7 34 -.125 145.8 32.1 -.125 150.2 13.7 -.125 142.7
4 7 16.3 -.125 138.7 13.7 -.125 142.7 1.6 -.125 137.1 1.6 -.125 131.9
4 7 35.3 -.125 98 34.2 -.125 102.9 1.3 -.125 96.6 1.3 -.125 90.8
4 15 -.24 -.125 219.84 -3.31 -.125 219.91 -4 -.125 208 4 -.125 208
4 15 2.66 -.125 218.85 -.24 -.125 219.84 4 -.125 208 5.12 -.125 217.02
4 15 18.13 -.125 203.09 5.12 -.125 217.02 4 -.125 208 4 -.125 198
4 15 30.38 -.125 188.5 18.13 -.125 203.09 4 -.125 198 12.8 -.125 183.1
3 15 4 -.125 198 4 -.125 194 12.8 -.125 183.1
4 15 1.6 -.125 176.3 12.8 -.125 183.1 4 -.125 194 0 -.125 194
4 15 1.6 -.125 176.3 0 -.125 194 -4 -.125 194 -9.6 -.125 180.1
3 15 -4 -.125 198 -9.6 -.125 180.1 -4 -.125 194
3 15 -4 -.125 208 -9.6 -.125 180.1 -4 -.125 198
4 15 1.7 -.125 171.8 1.6 -.125 176.3 -9.6 -.125 180.1 -12.5 -.125 139.3
4 15 1.7 -.125 171.8 -12.5 -.125 139.3 14 -.125 156.3 14 -.125 162.3
4 15 14.6 -.125 166.3 1.7 -.125 171.8 14 -.125 162.3 16.6 -.125 164.3
3 15 1.7 -.125 171.8 14.6 -.125 166.3 14.6 -.125 171.3
4 15 1.7 -.125 171.8 14.6 -.125 171.3 18 -.125 174.3 14 -.125 179
4 15 25 -.125 174.3 28.4 -.125 171.3 41.84 -.125 173.28 32.5293 -.125 185.6456
4 15 41.84 -.125 173.28 28.4 -.125 171.3 28.4 -.125 166.3 52.48 -.125 157.47
4 15 32.1 -.125 150.2 52.48 -.125 157.47 28.4 -.125 166.3 29 -.125 162.3
3 15 28.4 -.125 166.3 26.4 -.125 164.3 29 -.125 162.3
3 15 29 -.125 162.3 29 -.125 156.3 32.1 -.125 150.2
4 15 32.1 -.125 150.2 29 -.125 156.3 25 -.125 153.3 13.7 -.125 142.7
4 15 13.7 -.125 142.7 25 -.125 153.3 18 -.125 153.3 1.6 -.125 137.1
4 15 1.6 -.125 137.1 18 -.125 153.3 14 -.125 156.3 -12.5 -.125 139.3
4 15 1.6 -.125 131.9 1.6 -.125 137.1 -12.5 -.125 139.3 -13.1 -.125 92.2
3 15 1.6 -.125 131.9 -13.1 -.125 92.2 1.3 -.125 96.6
4 15 1.6 -.125 131.9 1.3 -.125 96.6 34.2 -.125 102.9 16.3 -.125 138.7
4 15 34 -.125 145.8 16.3 -.125 138.7 34.2 -.125 102.9 62.27 -.125 141.12
4 15 71.18 -.125 124.28 62.27 -.125 141.12 34.2 -.125 102.9 79.19 -.125 106.99
4 15 1.3 -.125 90.8 1.3 -.125 96.6 -13.1 -.125 92.2 -11.6 -.125 40.6
3 15 1.3 -.125 90.8 -11.6 -.125 40.6 1 -.125 75.8
4 15 35.3 -.125 98 1.3 -.125 90.8 1 -.125 75.8 61.1 -.125 85.2
4 7 79.19 -.125 106.99 34.2 -.125 102.9 35.3 -.125 98 82 -.125 102
4 15 92.41 -.125 71.26 86.27 -.125 89.3 66.8 -.125 65 71.3 -.125 44.1
4 15 97.58 -.125 52.92 92.41 -.125 71.26 71.3 -.125 44.1 88 -.125 36
3 15 97.58 -.125 52.92 88 -.125 36 92 -.125 36
4 15 71.3 -.125 44.1 1 -.125 43 70 -.125 36 74 -.125 36
3 15 71.3 -.125 44.1 74 -.125 36 88 -.125 36
4 15 1 -.125 43 -11.6 -.125 40.6 1 -.125 27 70 -.125 36
3 15 1 -.125 75.8 -11.6 -.125 40.6 1 -.125 43
4 15 1 -.125 20.6 1 -.125 27 -11.6 -.125 40.6 -7 -.125 7
4 15 1 -.125 20.6 0 -.125 7 7 -.125 7 88.45 -.125 14.5
4 15 29.75 -.125 -16.13 42.43 -.125 -12.01 7 -.125 7 7 -.125 0
4 15 16.77 -.125 -19.18 29.75 -.125 -16.13 7 -.125 0 7 -.125 -7
3 15 7 -.125 -7 3.58 -.125 -21.14 16.77 -.125 -19.18
3 15 -3.31 -.125 219.91 -9.6 -.125 180.1 -4 -.125 208
4 7 52.48 -.125 157.47 32.1 -.125 150.2 34 -.125 145.8 54.9384 -.125 153.3643
4 15 101.77 -.125 34.33 92 -.125 36 92 -.125 32 101.98 -.125 31.37
4 15 101.98 -.125 31.37 92 -.125 32 92 -.125 28 101.46 -.125 28.44
3 15 101.46 -.125 28.44 92 -.125 28 100.23 -.125 25.73
3 15 97.58 -.125 52.92 92 -.125 36 101.77 -.125 34.33
3 15 -2.6789 -.125 -6.4673 3.58 -.125 -21.14 -1.3923 -.125 -7
3 15 0 -.125 -7 -1.3923 -.125 -7 3.58 -.125 -21.14
3 15 70 -.125 36 1 -.125 27 70 -.125 32
3 15 70 -.125 32 1 -.125 27 70 -.125 28
4 15 70 -.125 28 1 -.125 27 100.23 -.125 25.73 74 -.125 28
3 15 88 -.125 28 74 -.125 28 100.23 -.125 25.73
3 15 92 -.125 28 88 -.125 28 100.23 -.125 25.73
3 15 1 -.125 20.6 88.45 -.125 14.5 95.3665 -.125 20.706
4 15 77.82 -.125 6.46 88.45 -.125 14.5 7 -.125 7 66.55 -.125 -.67
3 15 7 -.125 7 54.73 -.125 -6.84 66.55 -.125 -.67
3 15 7 -.125 7 42.43 -.125 -12.01 54.73 -.125 -6.84
4 15 82 -.125 102 35.3 -.125 98 61.1 -.125 85.2 86.27 -.125 89.3
3 15 86.27 -.125 89.3 61.1 -.125 85.2 66.8 -.125 65
4 7 30.38 -.125 188.5 12.8 -.125 183.1 14 -.125 179 32.5293 -.125 185.6456
4 15 32.5293 -.125 185.6456 14 -.125 179 18 -.125 174.3 25 -.125 174.3
3 15 54.9384 -.125 153.3643 34 -.125 145.8 62.27 -.125 141.12
2 24 52.48 -.125 157.47 62.27 -.125 141.12
3 7 1 -.125 27 1 -.125 20.6 100.23 -.125 25.73
3 7 100.23 -.125 25.73 1 -.125 20.6 98.38 -.125 23.41
3 7 98.38 -.125 23.41 1 -.125 20.6 95.3665 -.125 20.706
