0 ~Electric Train 12V Transformer Type 1 Bottom Quarter
0 Name: s\u9603s01.dat
0 Author: Rene Rechthaler [Blechtaler]
0 !LDRAW_ORG Unofficial_Subpart
0 !LICENSE Licensed under CC BY 4.0 : see CAreadme.txt

0 BFC CERTIFY CCW


0 BFC INVERTNEXT
1 16 135 -8 125 1 0 0 0 8 0 0 0 1 1-4cylo.dat
0 BFC INVERTNEXT
1 16 70 -8 120 -6 0 0 0 8 0 0 0 6 1-4cylc.dat
0 BFC INVERTNEXT
1 16 50 -8 120 6 0 0 0 8 0 0 0 6 1-4cylo.dat
0 BFC INVERTNEXT
1 16 130 -8 60 6 0 0 0 8 0 0 0 -6 1-4cylc.dat
0 BFC INVERTNEXT
1 16 70 -8 60 -6 0 0 0 8 0 0 0 -6 1-4cylc.dat
0 BFC INVERTNEXT
1 16 50 -8 60 6 0 0 0 8 0 0 0 -6 1-4cylo.dat
0 BFC INVERTNEXT
1 16 130 -8 40 6 0 0 0 8 0 0 0 6 1-4cylo.dat
0 BFC INVERTNEXT
1 16 70 -8 40 -6 0 0 0 8 0 0 0 6 1-4cylo.dat
0 BFC INVERTNEXT
1 16 50 -8 40 6 0 0 0 8 0 0 0 6 1-4cylo.dat
1 16 135 -8 125 1 0 0 0 -1 0 0 0 1 1-4chrd.dat
1 16 50 -8 120 6 0 0 0 -1 0 0 0 6 1-4chrd.dat
1 16 50 -8 60 6 0 0 0 -1 0 0 0 -6 1-4chrd.dat
1 16 130 -8 40 6 0 0 0 -1 0 0 0 6 1-4chrd.dat
1 16 70 -8 40 -6 0 0 0 -1 0 0 0 6 1-4chrd.dat
1 16 50 -8 40 6 0 0 0 -1 0 0 0 6 1-4chrd.dat
1 16 135 0 125 1 0 0 0 -1 0 0 0 1 1-4ndis.dat
1 16 70 0 120 -6 0 0 0 -1 0 0 0 6 1-4ndis.dat
1 16 50 0 120 6 0 0 0 -1 0 0 0 6 1-4ndis.dat
1 16 130 0 60 6 0 0 0 -1 0 0 0 -6 1-4ndis.dat
1 16 70 0 60 -6 0 0 0 -1 0 0 0 -6 1-4ndis.dat
1 16 50 0 60 6 0 0 0 -1 0 0 0 -6 1-4ndis.dat
1 16 130 0 40 6 0 0 0 -1 0 0 0 6 1-4ndis.dat
1 16 70 0 40 -6 0 0 0 -1 0 0 0 6 1-4ndis.dat
1 16 50 0 40 6 0 0 0 -1 0 0 0 6 1-4ndis.dat
1 16 100 -8 50 30 0 0 0 8 0 0 0 4 box3u8p.dat
1 16 60 -8 90 0 0 4 0 8 0 30 0 0 box3u8p.dat
0 BFC INVERTNEXT
1 16 107 -8 114 0 0 -23 0 -16 0 9 0 0 box4t.dat
1 16 130 -14 114 0 1 0 0 0 5 5 0 0 4-4ndis.dat

4 16 136 -8 125 134 -8 125 70 -8 126 135 -8 126
4 16 134 -8 125 130 -8 123 84 -8 123 70 -8 126
4 16 70 -8 126 84 -8 123 84 -8 105 70 -8 120
4 16 70 -8 54 70 -8 60 130 -8 60 130 -8 54
4 16 64 -8 120 70 -8 120 84 -8 105 64 -8 60
4 16 70 -8 60 64 -8 60 84 -8 105 130 -8 105
4 16 70 -8 60 130 -8 105 134 -8 103 130 -8 60
4 16 130 -8 60 134 -8 103 136 -8 103 136 -8 60
4 16 134 -8 103 130 -8 105 130 -8 123 134 -8 125
4 16 130 -8 105 130 -9 109 130 -9 114 130 -8 123
3 16 130 -9 114 130 -9 119 130 -8 123
3 16 130 -9 119 130 -14 119 130 -8 123
4 16 130 -14 119 130 -19 119 130 -24 123 130 -8 123
4 16 130 -24 123 130 -19 119 130 -19 114 130 -24 105
3 16 130 -24 105 130 -19 114 130 -19 109
3 16 130 -24 105 130 -19 109 130 -14 109
4 16 130 -8 105 130 -24 105 130 -14 109 130 -9 109

4 16 136 -8 40 64 -8 40 70 -8 46 130 -8 46
4 16 50 -8 54 50 -8 126 56 -8 120 56 -8 60

4 16 136 0 46 130 0 46 130 0 54 136 0 54
4 16 70 0 54 70 0 46 64 0 46 64 0 54
4 16 64 0 54 64 0 46 56 0 46 56 0 54
4 16 56 0 54 56 0 46 50 0 46 50 0 54
4 16 64 0 40 56 0 40 56 0 46 64 0 46
4 16 64 0 54 56 0 54 56 0 60 64 0 60
4 16 64 0 126 64 0 120 56 0 120 56 0 126

1 16 136 -4 81.5 0 1 0 0 0 4 21.5 0 0 rect2p.dat
3 16 136 0 60 136 0 103 140 0 103
3 16 136 0 60 140 0 103 136 0 54
3 16 136 0 54 140 0 103 136 0 46
3 16 136 0 46 140 0 103 136 0 40

1 16 102.5 -4 126 32.5 0 0 0 0 -4 0 1 0 rect2p.dat
4 16 140 0 125 136 0 125 136 0 126 140 0 130
3 16 140 0 130 136 0 126 135 0 126
3 16 140 0 130 135 0 126 70 0 126
3 16 140 0 130 70 0 126 64 0 126
3 16 140 0 130 64 0 126 56 0 126
3 16 140 0 130 56 0 126 50 0 126
