0 ~Electric Plug 220V European - Type 1
0 Name: s\u9605s02.dat
0 Author: Rene Rechthaler [Blechtaler]
0 !LDRAW_ORG Unofficial_Subpart
0 !LICENSE Licensed under CC BY 4.0 : see CAreadme.txt

0 BFC CERTIFY CCW

1 15 22 0 0 5 0 0 0 0 5 0 -25 0 4-4cylo.dat
1 494 22 0 -25 5 0 0 0 0 5 0 -17.5 0 4-4cyli.dat
1 494 22 0 -42.5 5 0 0 0 0 5 0 -5 0 4-8sphe.dat
1 15 -22 0 0 5 0 0 0 0 5 0 -25 0 4-4cylo.dat
1 494 -22 0 -25 5 0 0 0 0 5 0 -17.5 0 4-4cyli.dat
1 494 -22 0 -42.5 5 0 0 0 0 5 0 -5 0 4-8sphe.dat
1 16 0 0 26 30 0 0 0 0 17 0 -26 0 box3u6a.dat

1 16 44 0 6 0 -1 0 0 0 -3 6 0 0 rect.dat
2 24 44 -3 12 30 -17 26
2 24 44 3 12 30 17 26
2 24 30 17 0 44 3 0
2 24 30 -17 0 44 -3 0
4 16 30 -17 0 30 17 0 44 3 0 44 -3 0
4 16 30 -17 0 44 -3 0 44 -3 12 30 -17 26
4 16 44 -3 12 44 3 12 30 17 26 30 -17 26
4 16 44 3 12 44 3 0 30 17 0 30 17 26
1 16 -44 0 6 0 1 0 0 0 -3 6 0 0 rect.dat
2 24 -30 17 0 -44 3 0
2 24 -30 -17 0 -44 -3 0
2 24 -44 -3 12 -30 -17 26
2 24 -44 3 12 -30 17 26
4 16 -44 3 0 -30 17 0 -30 -17 0 -44 -3 0
4 16 -44 -3 12 -44 -3 0 -30 -17 0 -30 -17 26
4 16 -30 17 26 -44 3 12 -44 -3 12 -30 -17 26
4 16 -30 17 0 -44 3 0 -44 3 12 -30 17 26

1 16 0 0 26 30 0 0 0 0 17 0 20 0 box4o8a.dat
2 24 30 -17 46 30 17 46
2 24 -30 -17 46 -30 17 46
2 24 30 -17 26 30 17 26
2 24 -30 -17 26 -30 17 26
2 24 30 -17 46 0 -17 61
2 24 30 17 46 0 17 61
2 24 -30 -17 46 0 -17 61
2 24 -30 17 46 0 17 61

3 16 -30 -17 46 30 -17 46 0 -17 61
3 16 0 -17 61 30 -17 46 0 -15 70
3 16 0 -15 70 30 -17 46 5.7405 -13.8585 70
3 16 5.7405 -13.8585 70 30 -17 46 10.6065 -10.6065 70
3 16 10.6065 -10.6065 70 30 -17 46 13.8585 -5.7405 70
3 16 13.8585 -5.7405 70 30 -17 46 15 0 70
3 16 15 0 70 30 -17 46 30 17 46
3 16 15 0 70 30 17 46 13.8585 5.7405 70
3 16 13.8585 5.7405 70 30 17 46 10.6065 10.6065 70
3 16 10.6065 10.6065 70 30 17 46 5.7405 13.8585 70
3 16 5.7405 13.8585 70 30 17 46 0 15 70
3 16 0 15 70 30 17 46 0 17 61
3 16 30 17 46 -30 17 46 0 17 61
3 16 0 17 61 -30 17 46 0 15 70
3 16 0 15 70 -30 17 46 -5.7405 13.8585 70
3 16 -5.7405 13.8585 70 -30 17 46 -10.6065 10.6065 70
3 16 -10.6065 10.6065 70 -30 17 46 -13.8585 5.7405 70
3 16 -13.8585 5.7405 70 -30 17 46 -15 0 70
3 16 -30 17 46 -30 -17 46 -15 0 70
3 16 -15 0 70 -30 -17 46 -13.8585 -5.7405 70
3 16 -13.8585 -5.7405 70 -30 -17 46 -10.6065 -10.6065 70
3 16 -10.6065 -10.6065 70 -30 -17 46 -5.7405 -13.8585 70
3 16 -5.7405 -13.8585 70 -30 -17 46 0 -15 70
3 16 0 -15 70 -30 -17 46 0 -17 61

1 16 0 0 70 15 0 0 0 0 15 0 1 0 4-4edge.dat
1 16 0 0 70 5 0 0 0 0 5 0 65 0 4-4con2.dat
1 16 0 0 135 10 0 0 0 0 10 0 1 0 4-4edge.dat
1 16 0 0 135 10 0 0 0 0 10 0 -1 0 4-4disc.dat

0 // Condlines
5 24 30 -17 46 30 17 46 15 0 70 30 17 26
5 24 0 -15 70 30 -17 46 0 -17 61 5.7405 -13.8585 70
5 24 30 -17 46 5.7405 -13.8585 70 10.6065 -10.6065 70 0 -15 70
5 24 30 -17 46 10.6065 -10.6065 70 5.7405 -13.8585 70 13.8585 -5.7405 70
5 24 -30 -17 46 -5.7405 -13.8585 70 0 -15 70 -10.6065 -10.6065 70
5 24 0 -15 70 0 -17 61 30 -17 46 -30 -17 46
5 24 0 17 61 0 15 70 30 17 46 -30 17 46
5 24 30 -17 46 13.8585 -5.7405 70 15 0 70 10.6065 -10.6065 70
5 24 -30 -17 46 0 -15 70 0 -17 61 -5.7405 -13.8585 70
5 24 30 -17 46 15 0 70 30 17 46 13.8585 -5.7405 70
5 24 -30 -17 46 -15 0 70 -30 17 46 -13.8585 -5.7405 70
5 24 30 17 46 15 0 70 13.8585 5.7405 70 30 -17 46
5 24 30 17 46 13.8585 5.7405 70 15 0 70 10.6065 10.6065 70
5 24 -30 -17 26 -30 17 26 -30 17 46 -44 3 12
5 24 -30 17 46 -10.6065 10.6065 70 -13.8585 5.7405 70 -5.7405 13.8585 70
5 24 -30 17 46 -30 -17 46 -30 -17 26 -15 0 70
5 24 30 17 46 10.6065 10.6065 70 5.7405 13.8585 70 13.8585 5.7405 70
5 24 0 15 70 -30 17 46 0 17 61 -5.7405 13.8585 70
5 24 -30 17 46 -13.8585 5.7405 70 -10.6065 10.6065 70 -15 0 70
5 24 30 17 46 5.7405 13.8585 70 10.6065 10.6065 70 0 15 70
5 24 -30 17 46 -5.7405 13.8585 70 0 15 70 -10.6065 10.6065 70
5 24 -30 -17 46 -13.8585 -5.7405 70 -10.6065 -10.6065 70 -15 0 70
5 24 -30 17 46 -15 0 70 -13.8585 5.7405 70 -30 -17 46
5 24 30 17 26 30 -17 26 30 -17 46 44 -3 12
5 24 30 17 46 0 15 70 5.7405 13.8585 70 0 17 61
5 24 -30 -17 46 -10.6065 -10.6065 70 -5.7405 -13.8585 70 -13.8585 -5.7405 70