0 ~Minifig Cape Cloth, Round Lobes (Formed) - Bottom and Sides
0 Name: s\u9661c01s01.dat
0 Author: Chris Böhnke [KnightOfTarenta]
0 !LDRAW_ORG Unofficial_Subpart
0 !LICENSE Licensed under CC BY 4.0 : see CAreadme.txt

0 BFC CERTIFY CCW

0 // Neck Hole
0 BFC INVERTNEXT
1 16 0 0 0 6 0 0 0 -.3 0 0 0 6 4-4cylo.dat

0 // Bottom Surface
1 16 0 0 0 6 0 0 0 -1 0 0 0 6 4-4ndis.dat
4 16 42.033 20.665 -51.969 42.499 22.732 -54.199 -42.499 22.732 -54.199 -42.033 20.665 -51.969
4 16 37.914 11.723 -42.337 42.033 20.665 -51.969 -42.033 20.665 -51.969 -37.914 11.723 -42.337
4 16 25 -.004 -12.452 32.113 3.987 -28.13 -32.113 3.987 -28.13 -25 -.004 -12.452
4 16 -37.914 11.723 -42.337 -32.113 3.987 -28.13 32.113 3.987 -28.13 37.914 11.723 -42.337
4 16 -16.25 27.953 -57.566 -42.499 22.732 -54.199 42.499 22.732 -54.199 16.25 27.953 -57.566
4 16 -31.25 32.262 -60.348 -35.585 31.532 -59.877 -39.25 29.455 -58.536 -26.233 31.27 -59.707
4 16 -26.233 31.27 -59.707 -39.25 29.455 -58.536 -41.68 26.352 -56.533 -20.152 28.724 -58.064
4 16 -20.152 28.724 -58.064 -41.68 26.352 -56.533 -42.499 22.732 -54.199 -16.25 27.953 -57.566
4 16 7 33.414 -61.092 3.913 35.578 -62.489 -3.913 35.578 -62.489 -7 33.414 -61.092
3 16 3.913 35.578 -62.489 0 36.354 -62.99 -3.913 35.578 -62.489
4 16 20.152 28.724 -58.064 16.25 27.953 -57.566 42.499 22.732 -54.199 41.68 26.352 -56.533
4 16 26.233 31.27 -59.707 20.152 28.724 -58.064 41.68 26.352 -56.533 39.25 29.455 -58.536
4 16 31.25 32.262 -60.348 26.233 31.27 -59.707 39.25 29.455 -58.536 35.585 31.532 -59.877
4 16 -12.337 28.729 -58.067 -16.25 27.953 -57.566 16.25 27.953 -57.566 12.337 28.729 -58.067
4 16 12.337 28.729 -58.067 9.25 30.893 -59.464 -9.25 30.893 -59.464 -12.337 28.729 -58.067
4 16 9.25 30.893 -59.464 7 33.414 -61.092 -7 33.414 -61.092 -9.25 30.893 -59.464
4 16 13.108 0 5.627 17.678 0 0 6 0 -6 6 0 0
4 16 25 -.004 -12.452 6 0 -6 17.678 0 0 21.572 0 -6.114
4 16 6 0 0 6 0 6 9.347 0 9.005 13.108 0 5.627
4 16 4.959 0 11.516 0 0 6 -4.959 0 11.516 0 0 12.5
4 16 -6 0 0 -13.108 0 5.627 -9.347 0 9.005 -6 0 6
4 16 -6 0 6 -9.347 0 9.005 -4.959 0 11.516 0 0 6
4 16 -17.678 0 0 -13.108 0 5.627 -6 0 0 -6 0 -6
3 16 -6 0 -6 0 0 -6 -25 -.004 -12.452
4 16 -17.678 0 0 -6 0 -6 -25 -.004 -12.452 -21.572 0 -6.114
4 16 4.959 0 11.516 9.347 0 9.005 6 0 6 0 0 6
3 16 0 0 -6 6 0 -6 25 -.004 -12.452
3 16 25 -.004 -12.452 -25 -.004 -12.452 0 0 -6

0 // Sides
4 16 -4.959 -.3 11.516 0 -.3 12.5 0 0 12.5 -4.959 0 11.516
4 16 35.585 31.369 -60.129 31.25 32.099 -60.6 31.25 32.262 -60.348 35.585 31.532 -59.877
4 16 -17.678 -.3 0 -13.108 -.3 5.627 -13.108 0 5.627 -17.678 0 0
4 16 -3.913 35.415 -62.741 -7 33.251 -61.344 -7 33.414 -61.092 -3.913 35.578 -62.489
4 16 17.678 -.3 0 21.572 -.3 -6.114 21.572 0 -6.114 17.678 0 0
4 16 7 33.251 -61.344 3.913 35.415 -62.741 3.913 35.578 -62.489 7 33.414 -61.092
3 16 -42.033 20.665 -51.969 -42.033 20.445 -52.173 -37.914 11.484 -42.518
3 16 -37.914 11.723 -42.337 -42.033 20.665 -51.969 -37.914 11.484 -42.518
4 16 20.152 28.561 -58.316 16.25 27.79 -57.818 16.25 27.953 -57.566 20.152 28.724 -58.064
4 16 12.337 28.566 -58.319 9.25 30.73 -59.716 9.25 30.893 -59.464 12.337 28.729 -58.067
4 16 -9.347 -.3 9.005 -4.959 -.3 11.516 -4.959 0 11.516 -9.347 0 9.005
4 16 26.233 31.107 -59.959 20.152 28.561 -58.316 20.152 28.724 -58.064 26.233 31.27 -59.707
3 16 -25 -.004 -12.452 -25 -.3 -12.5 -21.572 -.3 -6.114
3 16 -21.572 0 -6.114 -25 -.004 -12.452 -21.572 -.3 -6.114
3 16 42.499 22.732 -54.199 42.499 22.539 -54.429 41.68 26.189 -56.785
3 16 41.68 26.352 -56.533 42.499 22.732 -54.199 41.68 26.189 -56.785
4 16 9.25 30.73 -59.716 7 33.251 -61.344 7 33.414 -61.092 9.25 30.893 -59.464
4 16 0 36.191 -63.242 -3.913 35.415 -62.741 -3.913 35.578 -62.489 0 36.354 -62.99
4 16 41.68 26.189 -56.785 39.25 29.292 -58.788 39.25 29.455 -58.536 41.68 26.352 -56.533
4 16 31.25 32.099 -60.6 26.233 31.107 -59.959 26.233 31.27 -59.707 31.25 32.262 -60.348
4 16 4.959 -.3 11.516 9.347 -.3 9.005 9.347 0 9.005 4.959 0 11.516
4 16 -26.233 31.107 -59.959 -31.25 32.099 -60.6 -31.25 32.262 -60.348 -26.233 31.27 -59.707
4 16 16.25 27.79 -57.818 12.337 28.566 -58.319 12.337 28.729 -58.067 16.25 27.953 -57.566
4 16 -35.585 31.369 -60.129 -39.25 29.292 -58.788 -39.25 29.455 -58.536 -35.585 31.532 -59.877
3 16 -37.914 11.723 -42.337 -37.914 11.484 -42.518 -32.113 3.711 -28.248
3 16 -32.113 3.987 -28.13 -37.914 11.723 -42.337 -32.113 3.711 -28.248
4 16 -12.337 28.566 -58.319 -16.25 27.79 -57.818 -16.25 27.953 -57.566 -12.337 28.729 -58.067
3 16 -42.499 22.732 -54.199 -42.499 22.539 -54.429 -42.033 20.445 -52.173
3 16 -42.033 20.665 -51.969 -42.499 22.732 -54.199 -42.033 20.445 -52.173
4 16 -20.152 28.561 -58.316 -26.233 31.107 -59.959 -26.233 31.27 -59.707 -20.152 28.724 -58.064
4 16 -9.25 30.73 -59.716 -12.337 28.566 -58.319 -12.337 28.729 -58.067 -9.25 30.893 -59.464
3 16 42.033 20.665 -51.969 42.033 20.445 -52.173 42.499 22.539 -54.429
3 16 42.499 22.732 -54.199 42.033 20.665 -51.969 42.499 22.539 -54.429
4 16 -13.108 -.3 5.627 -9.347 -.3 9.005 -9.347 0 9.005 -13.108 0 5.627
4 16 3.913 35.415 -62.741 0 36.191 -63.242 0 36.354 -62.99 3.913 35.578 -62.489
4 16 -21.572 -.3 -6.114 -17.678 -.3 0 -17.678 0 0 -21.572 0 -6.114
3 16 37.914 11.723 -42.337 37.914 11.484 -42.518 42.033 20.445 -52.173
3 16 42.033 20.665 -51.969 37.914 11.723 -42.337 42.033 20.445 -52.173
4 16 -39.25 29.292 -58.788 -41.68 26.189 -56.785 -41.68 26.352 -56.533 -39.25 29.455 -58.536
4 16 39.25 29.292 -58.788 35.585 31.369 -60.129 35.585 31.532 -59.877 39.25 29.455 -58.536
4 16 13.108 -.3 5.627 17.678 -.3 0 17.678 0 0 13.108 0 5.627
3 16 -32.113 3.987 -28.13 -32.113 3.711 -28.248 -25 -.3 -12.5
3 16 -25 -.004 -12.452 -32.113 3.987 -28.13 -25 -.3 -12.5
3 16 32.113 3.987 -28.13 32.113 3.711 -28.248 37.914 11.484 -42.518
3 16 37.914 11.723 -42.337 32.113 3.987 -28.13 37.914 11.484 -42.518
3 16 -41.68 26.352 -56.533 -41.68 26.189 -56.785 -42.499 22.539 -54.429
3 16 -42.499 22.732 -54.199 -41.68 26.352 -56.533 -42.499 22.539 -54.429
4 16 9.347 -.3 9.005 13.108 -.3 5.627 13.108 0 5.627 9.347 0 9.005
3 16 25 -.004 -12.452 25 -.3 -12.5 32.113 3.711 -28.248
3 16 32.113 3.987 -28.13 25 -.004 -12.452 32.113 3.711 -28.248
4 16 -16.25 27.79 -57.818 -20.152 28.561 -58.316 -20.152 28.724 -58.064 -16.25 27.953 -57.566
3 16 21.572 0 -6.114 21.572 -.3 -6.114 25 -.3 -12.5
3 16 25 -.004 -12.452 21.572 0 -6.114 25 -.3 -12.5
4 16 -31.25 32.099 -60.6 -35.585 31.369 -60.129 -35.585 31.532 -59.877 -31.25 32.262 -60.348
4 16 0 -.3 12.5 4.959 -.3 11.516 4.959 0 11.516 0 0 12.5
4 16 -7 33.251 -61.344 -9.25 30.73 -59.716 -9.25 30.893 -59.464 -7 33.414 -61.092

0 // Edge Lines
2 24 -20.152 28.724 -58.064 -16.25 27.953 -57.566
2 24 -35.585 31.532 -59.877 -31.25 32.262 -60.348
2 24 -37.914 11.484 -42.518 -32.113 3.711 -28.248
2 24 -41.68 26.189 -56.785 -42.499 22.539 -54.429
2 24 32.113 3.711 -28.248 37.914 11.484 -42.518
2 24 -32.113 3.711 -28.248 -25 -.3 -12.5
2 24 31.25 32.262 -60.348 35.585 31.532 -59.877
2 24 -42.499 22.539 -54.429 -42.033 20.445 -52.173
2 24 -39.25 29.292 -58.788 -35.585 31.369 -60.129
2 24 -25 -.004 -12.452 -32.113 3.987 -28.13
2 24 21.572 -.3 -6.114 17.678 -.3 0
2 24 0 -.3 12.5 -4.959 -.3 11.516
2 24 -20.152 28.561 -58.316 -16.25 27.79 -57.818
2 24 42.499 22.539 -54.429 41.68 26.189 -56.785
2 24 9.25 30.73 -59.716 12.337 28.566 -58.319
2 24 -9.25 30.73 -59.716 -7 33.251 -61.344
2 24 -37.914 11.723 -42.337 -42.033 20.665 -51.969
2 24 12.337 28.729 -58.067 16.25 27.953 -57.566
2 24 -12.337 28.729 -58.067 -9.25 30.893 -59.464
2 24 21.572 0 -6.114 17.678 0 0
2 24 4.959 0 11.516 0 0 12.5
2 24 -16.25 27.953 -57.566 -12.337 28.729 -58.067
2 24 16.25 27.79 -57.818 20.152 28.561 -58.316
2 24 -42.499 22.732 -54.199 -41.68 26.352 -56.533
2 24 0 36.354 -62.99 -3.913 35.578 -62.489
2 24 -7 33.414 -61.092 -3.913 35.578 -62.489
2 24 -32.113 3.987 -28.13 -37.914 11.723 -42.337
2 24 42.033 20.445 -52.173 42.499 22.539 -54.429
2 24 3.913 35.578 -62.489 7 33.414 -61.092
2 24 9.25 30.893 -59.464 12.337 28.729 -58.067
2 24 21.572 -.3 -6.114 25 -.3 -12.5
2 24 20.152 28.561 -58.316 26.233 31.107 -59.959
2 24 39.25 29.455 -58.536 41.68 26.352 -56.533
2 24 16.25 27.953 -57.566 20.152 28.724 -58.064
2 24 7 33.251 -61.344 9.25 30.73 -59.716
2 24 26.233 31.27 -59.707 31.25 32.262 -60.348
2 24 42.033 20.665 -51.969 37.914 11.723 -42.337
2 24 3.913 35.415 -62.741 7 33.251 -61.344
2 24 -35.585 31.369 -60.129 -31.25 32.099 -60.6
2 24 35.585 31.532 -59.877 39.25 29.455 -58.536
2 24 31.25 32.099 -60.6 35.585 31.369 -60.129
2 24 -26.233 31.107 -59.959 -20.152 28.561 -58.316
2 24 37.914 11.484 -42.518 42.033 20.445 -52.173
2 24 32.113 3.987 -28.13 25 -.004 -12.452
2 24 41.68 26.352 -56.533 42.499 22.732 -54.199
2 24 17.678 -.3 0 13.108 -.3 5.627
2 24 -21.572 0 -6.114 -25 -.004 -12.452
2 24 -9.25 30.893 -59.464 -7 33.414 -61.092
2 24 13.108 0 5.627 9.347 0 9.005
2 24 25 -.3 -12.5 32.113 3.711 -28.248
2 24 0 36.191 -63.242 3.913 35.415 -62.741
2 24 7 33.414 -61.092 9.25 30.893 -59.464
2 24 9.347 -.3 9.005 4.959 -.3 11.516
2 24 -42.033 20.445 -52.173 -37.914 11.484 -42.518
2 24 -4.959 0 11.516 -9.347 0 9.005
2 24 -7 33.251 -61.344 -3.913 35.415 -62.741
2 24 35.585 31.369 -60.129 39.25 29.292 -58.788
2 24 -9.347 -.3 9.005 -13.108 -.3 5.627
2 24 -16.25 27.79 -57.818 -12.337 28.566 -58.319
2 24 39.25 29.292 -58.788 41.68 26.189 -56.785
2 24 4.959 -.3 11.516 0 -.3 12.5
2 24 -39.25 29.455 -58.536 -35.585 31.532 -59.877
2 24 13.108 -.3 5.627 9.347 -.3 9.005
2 24 -21.572 0 -6.114 -17.678 0 0
2 24 -41.68 26.189 -56.785 -39.25 29.292 -58.788
2 24 4.959 0 11.516 9.347 0 9.005
2 24 -31.25 32.099 -60.6 -26.233 31.107 -59.959
2 24 -3.913 35.415 -62.741 0 36.191 -63.242
2 24 -17.678 0 0 -13.108 0 5.627
2 24 -4.959 -.3 11.516 -9.347 -.3 9.005
2 24 20.152 28.724 -58.064 26.233 31.27 -59.707
2 24 -41.68 26.352 -56.533 -39.25 29.455 -58.536
2 24 12.337 28.566 -58.319 16.25 27.79 -57.818
2 24 -25 -.3 -12.5 -21.572 -.3 -6.114
2 24 -42.033 20.665 -51.969 -42.499 22.732 -54.199
2 24 -31.25 32.262 -60.348 -26.233 31.27 -59.707
2 24 26.233 31.107 -59.959 31.25 32.099 -60.6
2 24 3.913 35.578 -62.489 0 36.354 -62.99
2 24 25 -.004 -12.452 21.572 0 -6.114
2 24 17.678 0 0 13.108 0 5.627
2 24 0 0 12.5 -4.959 0 11.516
2 24 37.914 11.723 -42.337 32.113 3.987 -28.13
2 24 -12.337 28.566 -58.319 -9.25 30.73 -59.716
2 24 -17.678 -.3 0 -21.572 -.3 -6.114
2 24 -13.108 -.3 5.627 -17.678 -.3 0
2 24 -9.347 0 9.005 -13.108 0 5.627
2 24 -26.233 31.27 -59.707 -20.152 28.724 -58.064
2 24 42.499 22.732 -54.199 42.033 20.665 -51.969

0 // Conditional Lines
5 24 42.033 20.445 -52.173 42.033 20.665 -51.969 42.499 22.539 -54.429 37.914 11.723 -42.337
5 24 37.914 11.484 -42.518 32.113 3.987 -28.13 37.914 11.723 -42.337 32.113 3.711 -28.248
5 24 4.959 -.3 11.516 4.959 0 11.516 0 0 12.5 9.347 -.3 9.005
5 24 -31.25 32.262 -60.348 -31.25 32.099 -60.6 -26.233 31.27 -59.707 -35.585 31.369 -60.129
5 24 -32.113 3.711 -28.248 32.113 3.711 -28.248 25 -.3 -12.5 -37.914 11.484 -42.518
5 24 -3.913 35.578 -62.489 -3.913 35.415 -62.741 -7 33.251 -61.344 0 36.354 -62.99
5 24 35.585 31.369 -60.129 35.585 31.532 -59.877 31.25 32.099 -60.6 39.25 29.455 -58.536
5 24 -7 33.414 -61.092 -7 33.251 -61.344 -3.913 35.578 -62.489 -9.25 30.73 -59.716
5 24 -4.959 0 11.516 -4.959 -.3 11.516 0 -.3 12.5 -9.347 0 9.005
5 24 41.68 26.189 -56.785 42.499 22.732 -54.199 42.499 22.539 -54.429 41.68 26.352 -56.533
5 24 -21.572 -.3 -6.114 -25 -.004 -12.452 -25 -.3 -12.5 -21.572 0 -6.114
5 24 13.108 0 5.627 13.108 -.3 5.627 17.678 -.3 0 9.347 0 9.005
5 24 -13.108 0 5.627 -13.108 -.3 5.627 -17.678 0 0 -9.347 -.3 9.005
5 24 42.499 22.732 -54.199 42.499 22.539 -54.429 42.033 20.665 -51.969 41.68 26.189 -56.785
5 24 -17.678 -.3 0 -17.678 0 0 -13.108 -.3 5.627 -21.572 0 -6.114
5 24 0 0 12.5 0 -.3 12.5 4.959 -.3 11.516 -4.959 0 11.516
5 24 20.152 28.724 -58.064 20.152 28.561 -58.316 16.25 27.79 -57.818 26.233 31.27 -59.707
5 24 -42.033 20.665 -51.969 -42.033 20.445 -52.173 -42.499 22.732 -54.199 -37.914 11.484 -42.518
5 24 -21.572 -.3 -6.114 -21.572 0 -6.114 -25 -.004 -12.452 -17.678 -.3 0
5 24 -32.113 3.711 -28.248 -37.914 11.723 -42.337 -32.113 3.987 -28.13 -37.914 11.484 -42.518
5 24 -42.033 20.445 -52.173 -42.499 22.732 -54.199 -42.499 22.539 -54.429 -42.033 20.665 -51.969
5 24 25 -.004 -12.452 25 -.3 -12.5 32.113 3.711 -28.248 21.572 0 -6.114
5 24 -25 -.3 -12.5 -25 -.004 -12.452 -21.572 -.3 -6.114 -32.113 3.987 -28.13
5 24 -9.25 30.73 -59.716 -9.25 30.893 -59.464 -7 33.414 -61.092 -12.337 28.566 -58.319
5 24 42.033 20.445 -52.173 37.914 11.723 -42.337 42.033 20.665 -51.969 37.914 11.484 -42.518
5 24 -35.585 31.369 -60.129 -35.585 31.532 -59.877 -31.25 32.262 -60.348 -39.25 29.292 -58.788
5 24 -42.499 22.539 -54.429 -41.68 26.352 -56.533 -42.499 22.732 -54.199 -41.68 26.189 -56.785
5 24 21.572 0 -6.114 21.572 -.3 -6.114 25 -.3 -12.5 17.678 0 0
5 24 39.25 29.455 -58.536 39.25 29.292 -58.788 35.585 31.369 -60.129 41.68 26.352 -56.533
5 24 -16.25 27.953 -57.566 -16.25 27.79 -57.818 -12.337 28.729 -58.067 -20.152 28.561 -58.316
5 24 16.25 27.79 -57.818 16.25 27.953 -57.566 12.337 28.566 -58.319 20.152 28.724 -58.064
5 24 17.678 -.3 0 17.678 0 0 21.572 -.3 -6.114 13.108 0 5.627
5 24 -39.25 29.455 -58.536 -39.25 29.292 -58.788 -35.585 31.532 -59.877 -41.68 26.189 -56.785
5 24 3.913 35.578 -62.489 3.913 35.415 -62.741 7 33.414 -61.092 0 36.191 -63.242
5 24 32.113 3.711 -28.248 25 -.004 -12.452 32.113 3.987 -28.13 25 -.3 -12.5
5 24 37.914 11.484 -42.518 -37.914 11.484 -42.518 32.113 3.711 -28.248 -42.033 20.445 -52.173
5 24 25 -.3 -12.5 21.572 0 -6.114 21.572 -.3 -6.114 25 -.004 -12.452
5 24 -25 -.3 -12.5 -32.113 3.987 -28.13 -32.113 3.711 -28.248 -25 -.004 -12.452
5 24 0 36.191 -63.242 0 36.354 -62.99 3.913 35.578 -62.489 -3.913 35.415 -62.741
5 24 9.25 30.73 -59.716 9.25 30.893 -59.464 12.337 28.729 -58.067 7 33.251 -61.344
5 24 9.347 0 9.005 9.347 -.3 9.005 4.959 0 11.516 13.108 -.3 5.627
5 24 -41.68 26.352 -56.533 -41.68 26.189 -56.785 -39.25 29.455 -58.536 -42.499 22.539 -54.429
5 24 -42.499 22.539 -54.429 42.499 22.539 -54.429 42.033 20.445 -52.173 -16.25 27.79 -57.818
5 24 31.25 32.099 -60.6 31.25 32.262 -60.348 26.233 31.107 -59.959 35.585 31.532 -59.877
5 24 -37.914 11.723 -42.337 37.914 11.723 -42.337 42.033 20.665 -51.969 -32.113 3.987 -28.13
5 24 7 33.414 -61.092 7 33.251 -61.344 3.913 35.415 -62.741 9.25 30.893 -59.464
5 24 12.337 28.729 -58.067 12.337 28.566 -58.319 16.25 27.953 -57.566 9.25 30.73 -59.716
5 24 26.233 31.27 -59.707 26.233 31.107 -59.959 20.152 28.561 -58.316 31.25 32.262 -60.348
5 24 -9.347 -.3 9.005 -9.347 0 9.005 -13.108 0 5.627 -4.959 -.3 11.516
5 24 -12.337 28.729 -58.067 -12.337 28.566 -58.319 -16.25 27.79 -57.818 -9.25 30.893 -59.464
5 24 32.113 3.987 -28.13 -32.113 3.987 -28.13 -25 -.004 -12.452 37.914 11.723 -42.337
5 24 42.499 22.539 -54.429 42.033 20.665 -51.969 42.499 22.732 -54.199 42.033 20.445 -52.173
5 24 -37.914 11.484 -42.518 -42.033 20.665 -51.969 -42.033 20.445 -52.173 -37.914 11.723 -42.337
5 24 -25 -.3 -12.5 25 -.3 -12.5 -32.113 3.711 -28.248 0 -.3 -6
5 24 32.113 3.987 -28.13 32.113 3.711 -28.248 25 -.004 -12.452 37.914 11.484 -42.518
5 24 42.499 22.732 -54.199 -42.499 22.732 -54.199 -42.033 20.665 -51.969 16.25 27.953 -57.566
5 24 -26.233 31.27 -59.707 -26.233 31.107 -59.959 -31.25 32.099 -60.6 -20.152 28.724 -58.064
5 24 -37.914 11.484 -42.518 -37.914 11.723 -42.337 -42.033 20.665 -51.969 -32.113 3.711 -28.248
5 24 -42.499 22.539 -54.429 -42.499 22.732 -54.199 -41.68 26.352 -56.533 -42.033 20.445 -52.173
5 24 25 -.004 -12.452 -25 -.004 -12.452 0 0 -6 32.113 3.987 -28.13
5 24 -20.152 28.561 -58.316 -20.152 28.724 -58.064 -16.25 27.953 -57.566 -26.233 31.107 -59.959
5 24 37.914 11.723 -42.337 37.914 11.484 -42.518 42.033 20.445 -52.173 32.113 3.987 -28.13
5 24 -32.113 3.987 -28.13 -32.113 3.711 -28.248 -25 -.3 -12.5 -37.914 11.723 -42.337
5 24 41.68 26.189 -56.785 41.68 26.352 -56.533 39.25 29.292 -58.788 42.499 22.732 -54.199
